/*--------------------------------*- C++ -*----------------------------------*\
  =========                 |
  \\      /  F ield         | OpenFOAM: The Open Source CFD Toolbox
   \\    /   O peration     | Website:  https://openfoam.org
    \\  /    A nd           | Version:  8
     \\/     M anipulation  |
\*---------------------------------------------------------------------------*/
FoamFile
{
    version     2.0;
    format      ascii;
    class       volScalarField;
    location    "0.338";
    object      T;
}
// * * * * * * * * * * * * * * * * * * * * * * * * * * * * * * * * * * * * * //

dimensions      [0 0 0 1 0 0 0];

internalField   nonuniform List<scalar> 
10000
(
49.9999
4.65499
-4.65436
-1.18823
1.18529
0.464554
-0.456015
-0.240389
0.221534
0.155767
-0.121107
-0.120189
0.0647676
0.102473
-0.0240537
-0.0882488
-0.00986647
0.0694846
0.0370151
-0.0426175
-0.0527524
0.00942465
0.0515076
0.0222721
-0.0316475
-0.0406781
7.1844e-05
0.0364005
0.0273933
-0.0111185
-0.0336218
-0.0184234
0.0140439
0.029179
0.0145995
-0.0120641
-0.0249169
-0.0145327
0.00696901
0.0202738
0.0160163
0.000140177
-0.0138008
-0.0162178
-0.00740599
0.0048946
0.0123259
0.011347
0.00418646
-0.003949
-0.00859314
-0.00822347
-0.00420628
0.000738631
0.00425002
0.00529147
0.00417058
0.00195161
-0.000242402
-0.00168897
-0.00218702
-0.00192781
-0.00127166
-0.000557092
2.54733e-07
0.00032237
0.000431403
0.000397292
0.000295144
0.000181581
8.82342e-05
2.57837e-05
-8.10875e-06
-2.13702e-05
-2.25075e-05
-1.81544e-05
-1.2468e-05
-7.51215e-06
-3.96358e-06
-1.76391e-06
-5.74186e-07
-2.80351e-08
1.62274e-07
1.85078e-07
1.46561e-07
9.77301e-08
5.7949e-08
3.11346e-08
1.51812e-08
6.61827e-09
2.46186e-09
6.6544e-10
7.96881e-12
-1.62249e-10
-1.57471e-10
-1.09697e-10
-6.54418e-11
-3.48438e-11
-1.79137e-11
-6.45316e-12
95.3451
49.9997
10.4972
-4.65231
-2.83745
1.17818
1.16029
-0.439205
-0.617313
0.189526
0.3974
-0.0687383
-0.288936
-0.0107134
0.217749
0.072093
-0.152157
-0.116394
0.0798067
0.135136
-0.00276358
-0.118873
-0.0640657
0.0666442
0.098462
0.00575597
-0.0837398
-0.0657023
0.0253604
0.0787483
0.0414333
-0.0356062
-0.0682404
-0.0296985
0.033396
0.0585485
0.0279957
-0.0236734
-0.049448
-0.0318338
0.00873336
0.037648
0.0353937
0.00864959
-0.0201953
-0.0318792
-0.0221954
-0.00102038
0.0172057
0.023097
0.0162422
0.00294557
-0.00895843
-0.0144496
-0.0128505
-0.00675573
0.000184591
0.00516408
0.00706097
0.00626308
0.00395566
0.00138401
-0.000604954
-0.00168453
-0.00193496
-0.0016415
-0.00111577
-0.000591032
-0.000191476
5.04764e-05
0.000158026
0.000175823
0.000147189
0.000103596
6.2995e-05
3.2684e-05
1.34299e-05
2.98425e-06
-1.62472e-06
-2.94446e-06
-2.73455e-06
-2.02009e-06
-1.29742e-06
-7.45725e-07
-3.85635e-07
-1.76921e-07
-6.85519e-08
-1.87711e-08
5.05808e-10
5.77478e-09
5.63585e-09
4.03039e-09
2.4715e-09
1.36378e-09
6.89455e-10
3.20858e-10
1.36085e-10
5.17838e-11
1.61401e-11
2.49924e-12
104.655
89.5029
49.9993
12.1462
-4.64808
-3.5332
1.16546
1.53803
-0.412279
-0.86132
0.142633
0.570801
0.00201094
-0.411466
-0.104538
0.290924
0.180525
-0.171799
-0.22171
0.0460209
0.212773
0.0714782
-0.145916
-0.149336
0.0353616
0.155774
0.0762171
-0.0838833
-0.131366
-0.0279715
0.0948811
0.10516
0.00686165
-0.0879461
-0.0879923
-0.0058477
0.0726355
0.0788226
0.0176307
-0.0508144
-0.0710214
-0.0348672
0.0220696
0.0559575
0.0475598
0.00978986
-0.0282879
-0.0437356
-0.0321631
-0.00550886
0.0190225
0.0296905
0.0247292
0.0102671
-0.00501781
-0.0146784
-0.0165957
-0.0123993
-0.00548795
0.000939087
0.0050079
0.00633467
0.00556536
0.00373521
0.0017671
0.000229069
-0.000681379
-0.00102664
-0.000989202
-0.000762618
-0.000492811
-0.00026273
-0.000102795
-1.05503e-05
3.11252e-05
4.1714e-05
3.69134e-05
2.6925e-05
1.71416e-05
9.66724e-06
4.77707e-06
1.96491e-06
5.50166e-07
-4.63035e-08
-2.24776e-07
-2.23559e-07
-1.65952e-07
-1.05756e-07
-6.04433e-08
-3.14556e-08
-1.49066e-08
-6.33334e-09
-2.3027e-09
-6.11935e-10
-1.10232e-11
1.38935e-10
1.33821e-10
9.03036e-11
5.61128e-11
2.32859e-11
101.188
104.653
87.8538
49.9987
12.8422
-4.64094
-3.91207
1.1458
1.78518
-0.373612
-1.04102
0.0796055
0.703535
0.0909291
-0.498397
-0.213692
0.325635
0.294428
-0.149951
-0.315643
-0.025095
0.259455
0.16645
-0.128939
-0.227357
-0.0355209
0.17747
0.159818
-0.0380412
-0.17271
-0.106561
0.0646948
0.151873
0.0791127
-0.0621159
-0.130141
-0.0730233
0.0416295
0.108001
0.0784243
-0.00933607
-0.079113
-0.0822277
-0.0273405
0.0382904
0.0697984
0.0536289
0.00855191
-0.0338155
-0.0508004
-0.0390137
-0.0108458
0.0164606
0.0308108
0.0294406
0.0172148
0.00198099
-0.00975562
-0.0149965
-0.0141442
-0.00957524
-0.00401693
0.000543767
0.00322564
0.00407336
0.0036417
0.00259852
0.00147467
0.000574702
-4.09039e-07
-0.000281077
-0.000354973
-0.000314545
-0.000230597
-0.000145838
-7.95033e-05
-3.5641e-05
-1.07364e-05
1.06128e-06
5.1431e-06
5.40924e-06
4.23204e-06
2.82584e-06
1.6793e-06
8.99014e-07
4.30842e-07
1.79071e-07
5.82611e-08
8.1119e-09
-8.13714e-09
-1.03591e-08
-8.07193e-09
-5.19328e-09
-2.96764e-09
-1.5468e-09
-7.42485e-10
-3.26788e-10
-1.30642e-10
-4.52323e-11
-9.37433e-12
98.8141
102.837
104.65
87.1577
49.998
13.2219
-4.63019
-4.16206
1.11794
1.97132
-0.32181
-1.18517
-0.000292471
0.807242
0.19691
-0.553538
-0.333976
0.323208
0.406018
-0.0899475
-0.388299
-0.124547
0.267481
0.266651
-0.0686594
-0.280589
-0.132604
0.153859
0.233971
0.0458911
-0.171781
-0.185895
-0.00859691
0.158416
0.155022
0.00726772
-0.13083
-0.139009
-0.028703
0.092097
0.125823
0.0599627
-0.0411362
-0.0999247
-0.0834421
-0.0156892
0.0514591
0.077779
0.0562443
0.00856492
-0.0346706
-0.0529339
-0.0434953
-0.0175029
0.00958917
0.0264559
0.029515
0.0218025
0.0094146
-0.0019807
-0.00910911
-0.0113476
-0.00988462
-0.00657645
-0.00306078
-0.000335098
0.00126319
0.00185539
0.00177163
0.00135776
0.000872527
0.000461734
0.00017777
1.49956e-05
-5.77858e-05
-7.55575e-05
-6.63101e-05
-4.81341e-05
-3.05296e-05
-1.71551e-05
-8.43952e-06
-3.44573e-06
-9.44087e-07
1.03614e-07
4.11639e-07
4.03633e-07
2.97915e-07
1.89206e-07
1.07865e-07
5.60115e-08
2.64844e-08
1.1222e-08
4.06293e-09
1.06836e-09
8.94132e-12
-2.52143e-10
-2.40069e-10
-1.61305e-10
-9.99051e-11
-4.13506e-11
99.5358
98.8201
103.533
104.645
86.7779
49.997
13.4736
-4.61513
-4.35345
1.08072
2.12625
-0.255729
-1.30656
-0.0972657
0.886434
0.317972
-0.5777
-0.460167
0.284575
0.507003
0.0033938
-0.430901
-0.241176
0.232849
0.355988
0.0284031
-0.295154
-0.237727
0.0838764
0.277467
0.150635
-0.120864
-0.239937
-0.108262
0.113437
0.20512
0.101246
-0.0795089
-0.172284
-0.113516
0.0274869
0.130064
0.124589
0.0326124
-0.0684748
-0.110888
-0.0787205
-0.00546502
0.0586738
0.0804196
0.0575757
0.0116165
-0.030193
-0.0500456
-0.04517
-0.0243195
-0.000139956
0.017485
0.0244665
0.0219979
0.0141263
0.00518605
-0.00182603
-0.00571088
-0.00669859
-0.00575602
-0.00396317
-0.00214086
-0.000734952
0.0001293
0.000524371
0.000601742
0.000511502
0.000364279
0.000224209
0.000118221
5.00675e-05
1.25446e-05
-4.41918e-06
-9.6335e-06
-9.26865e-06
-6.96916e-06
-4.53315e-06
-2.63555e-06
-1.38003e-06
-6.43631e-07
-2.56411e-07
-7.55891e-08
-3.61721e-09
1.75375e-08
1.85284e-08
1.36395e-08
8.50752e-09
4.75507e-09
2.43173e-09
1.14526e-09
4.92835e-10
1.91275e-10
6.22623e-11
1.10056e-11
100.457
98.8396
98.8313
103.913
104.636
86.5258
49.9959
13.6681
-4.59512
-4.51683
1.03306
2.26385
-0.174481
-1.41072
-0.210974
0.942215
0.451298
-0.570546
-0.586236
0.21129
0.589102
0.123412
-0.436579
-0.362166
0.155864
0.419299
0.150466
-0.262715
-0.330538
-0.0245883
0.274417
0.252872
-0.0244485
-0.247512
-0.208144
0.0210958
0.205772
0.18962
0.015058
-0.151161
-0.17825
-0.0668603
0.0788635
0.149854
0.110352
0.00563312
-0.0866928
-0.113537
-0.0724642
-4.11945e-05
0.0590957
0.0785113
0.0584286
0.0177168
-0.0208158
-0.0420964
-0.0428563
-0.0289937
-0.00996171
0.00620442
0.0153675
0.0172752
0.0141001
0.00871381
0.00345775
-0.000364426
-0.00242316
-0.00301588
-0.00268763
-0.00195902
-0.00119526
-0.000586049
-0.000185646
3.02045e-05
0.000116135
0.000126898
0.00010374
7.1946e-05
4.39009e-05
2.36766e-05
1.10236e-05
4.06386e-06
7.54228e-07
-5.11572e-07
-7.88279e-07
-6.75923e-07
-4.69062e-07
-2.86045e-07
-1.57733e-07
-7.92926e-08
-3.61187e-08
-1.45279e-08
-4.78051e-09
-9.17951e-10
3.15279e-10
5.2339e-10
4.18085e-10
2.62331e-10
1.55219e-10
6.24213e-11
100.24
100.442
98.461
98.8491
104.164
104.623
86.331
49.9946
13.8363
-4.56952
-4.66693
0.973984
2.39076
-0.0774519
-1.49962
-0.34053
0.974034
0.593309
-0.531579
-0.705605
0.106077
0.644587
0.261598
-0.401053
-0.473867
0.0413589
0.443943
0.281674
-0.181781
-0.391489
-0.155716
0.217411
0.327812
0.101263
-0.197757
-0.279203
-0.0992874
0.14693
0.240405
0.126647
-0.0728817
-0.192145
-0.155921
-0.0154227
0.115842
0.15359
0.0912355
-0.0147485
-0.0948829
-0.110604
-0.067628
-0.000633213
0.052954
0.0723342
0.0581323
0.0253058
-0.00812628
-0.0297137
-0.0356565
-0.0291429
-0.0165351
-0.00384575
0.00521621
0.00954793
0.00991173
0.00788662
0.00502267
0.00239462
0.000514267
-0.000543559
-0.000947205
-0.000941027
-0.000742173
-0.000498783
-0.000289255
-0.000140654
-5.0568e-05
-4.40968e-06
1.4e-05
1.75762e-05
1.48017e-05
1.03745e-05
6.41254e-06
3.56055e-06
1.77312e-06
7.73167e-07
2.73248e-07
5.48574e-08
-2.24319e-08
-3.80809e-08
-3.19563e-08
-2.144e-08
-1.264e-08
-6.76867e-09
-3.33149e-09
-1.50828e-09
-6.18676e-10
-2.24702e-10
-6.27172e-11
-5.98582e-12
99.7773
100.618
100.416
98.2127
98.875
104.356
104.606
86.1623
49.9931
13.9934
-4.5377
-4.81132
0.902599
2.51002
0.0356982
-1.5733
-0.484505
0.980621
0.739753
-0.460724
-0.811442
-0.0268984
0.666815
0.407864
-0.323149
-0.562828
-0.101505
0.421259
0.403834
-0.0582061
-0.404864
-0.288072
0.10934
0.354241
0.231328
-0.093436
-0.297051
-0.217704
0.0362608
0.230313
0.219451
0.0437188
-0.141019
-0.202213
-0.119144
0.0284235
0.136155
0.146964
0.0738668
-0.0257286
-0.0940622
-0.104206
-0.0651497
-0.00669774
0.0410942
0.0617226
0.055015
0.0316504
0.005026
-0.0149414
-0.0242244
-0.0238615
-0.0175785
-0.00943449
-0.00236289
0.00226382
0.00435813
0.00455691
0.00369893
0.00249247
0.00138518
0.000574684
8.48605e-05
-0.000149385
-0.000218053
-0.000199955
-0.000149459
-9.70301e-05
-5.56281e-05
-2.78659e-05
-1.15714e-05
-3.22611e-06
3.49218e-07
1.43441e-06
1.4261e-06
1.0654e-06
6.84139e-07
3.93946e-07
2.06378e-07
9.82857e-08
4.18275e-08
1.5113e-08
3.86971e-09
-1.09419e-10
-1.07018e-09
-9.87326e-10
-6.72682e-10
-3.89324e-10
-2.15874e-10
-8.26758e-11
99.8443
99.8077
100.864
100.379
98.0249
98.91
104.521
104.583
86.0046
49.9914
14.1476
-4.49907
-4.95402
0.818112
2.62272
0.165023
-1.63078
-0.640947
0.960517
0.885827
-0.358684
-0.896975
-0.181954
0.65072
0.551006
-0.205117
-0.616912
-0.259869
0.347727
0.49854
0.095216
-0.361422
-0.397932
-0.0364899
0.319116
0.337038
0.0487117
-0.248733
-0.301095
-0.101674
0.153129
0.259717
0.163213
-0.03446
-0.181347
-0.190333
-0.0810353
0.0584366
0.142092
0.135668
0.0619991
-0.0270592
-0.0857102
-0.0951139
-0.0640744
-0.0162435
0.0251189
0.0467972
0.0474337
0.0337529
0.0150179
-0.00129004
-0.0113627
-0.0148385
-0.0134665
-0.00964241
-0.00539066
-0.00193454
0.000281403
0.00134306
0.00158317
0.00136844
0.000985911
0.000610672
0.000321316
0.000132898
2.85431e-05
-1.83319e-05
-3.1954e-05
-2.97216e-05
-2.20925e-05
-1.42851e-05
-8.25833e-06
-4.28539e-06
-1.96326e-06
-7.50298e-07
-1.92131e-07
2.22016e-08
7.78869e-08
7.25366e-08
5.12287e-08
3.12892e-08
1.72411e-08
8.70646e-09
4.03709e-09
1.703e-09
6.30631e-10
1.91596e-10
2.50551e-11
-1.43736e-11
100.123
99.6009
99.8531
101.045
100.329
97.8678
98.9553
104.673
104.554
85.8496
49.9896
14.3035
-4.45302
-5.09712
0.719827
2.7288
0.310285
-1.67054
-0.807405
0.912414
1.02631
-0.227156
-0.955821
-0.351962
0.593253
0.679327
-0.0526912
-0.626419
-0.418211
0.225656
0.549442
0.260096
-0.260249
-0.463161
-0.19809
0.220858
0.391991
0.200842
-0.13708
-0.322327
-0.231261
0.0232993
0.227538
0.244974
0.0956257
-0.0933781
-0.19632
-0.167852
-0.0503759
0.0733688
0.137429
0.123452
0.0565304
-0.0200984
-0.0711661
-0.0829259
-0.0621004
-0.0261002
0.00776338
0.0289674
0.0351693
0.0298913
0.0189629
0.00762001
-0.000943156
-0.00569291
-0.0071102
-0.00635742
-0.0046254
-0.00278594
-0.00130962
-0.000340947
0.000172465
0.000363424
0.000368574
0.000292197
0.000198482
0.000118557
6.20221e-05
2.72883e-05
8.65461e-06
1.86263e-07
-2.70568e-06
-2.99626e-06
-2.34992e-06
-1.55967e-06
-9.22484e-07
-4.95007e-07
-2.41288e-07
-1.05251e-07
-3.92222e-08
-1.06558e-08
-1.73342e-10
2.56149e-09
2.50411e-09
1.75294e-09
1.05152e-09
5.63206e-10
2.92424e-10
1.06661e-10
100.121
100.071
99.4251
99.9149
101.192
100.265
97.7276
99.012
104.819
104.519
85.6929
49.9876
14.4637
-4.39899
-5.24163
0.607147
2.82754
0.470958
-1.69078
-0.980961
0.835383
1.15571
-0.0689544
-0.982317
-0.528543
0.493714
0.781363
0.125098
-0.585079
-0.559697
0.0633238
0.544446
0.414613
-0.109518
-0.467096
-0.348181
0.0706223
0.378102
0.329656
0.0185874
-0.268242
-0.315355
-0.126694
0.124922
0.257359
0.205168
0.0349461
-0.128719
-0.193314
-0.144004
-0.0311479
0.0747992
0.125377
0.111585
0.0560531
-0.00731203
-0.0518642
-0.066945
-0.056573
-0.0325609
-0.00718539
0.0114103
0.0203981
0.021036
0.0165393
0.0102245
0.00445532
0.00037918
-0.00183427
-0.0025725
-0.00240127
-0.00182407
-0.0011822
-0.000651843
-0.000287719
-7.55958e-05
2.58783e-05
5.97238e-05
5.92413e-05
4.56908e-05
3.0376e-05
1.79813e-05
9.53665e-06
4.46506e-06
1.7495e-06
4.68264e-07
-3.86565e-08
-1.78125e-07
-1.71262e-07
-1.23405e-07
-7.66491e-08
-4.29018e-08
-2.20039e-08
-1.03753e-08
-4.4593e-09
-1.70292e-09
-5.32683e-10
-1.04562e-10
3.57758e-11
4.07641e-11
99.9336
100.292
100.001
99.2894
99.994
101.317
100.185
97.5974
99.081
104.964
104.476
85.5316
49.9854
14.63
-4.3364
-5.38788
0.479576
2.91779
0.64622
-1.68964
-1.15828
0.729035
1.26847
0.111947
-0.971835
-0.702369
0.353982
0.846654
0.316389
-0.49085
-0.667775
-0.125525
0.477536
0.536286
0.0740411
-0.401812
-0.458775
-0.108832
0.290296
0.403762
0.185851
-0.144573
-0.326046
-0.254842
-0.0228316
0.189862
0.253608
0.158651
-0.00906501
-0.142728
-0.17999
-0.124133
-0.0235887
0.0654004
0.107862
0.0992714
0.0575287
0.00783287
-0.0300445
-0.0474587
-0.0459542
-0.0327779
-0.0160984
-0.00189439
0.00705819
0.0106703
0.010373
0.00800206
0.00508237
0.00254997
0.000784995
-0.000211317
-0.000623034
-0.000675374
-0.000555875
-0.00038823
-0.000237327
-0.000126738
-5.68546e-05
-1.84141e-05
-5.0362e-07
5.81136e-06
6.55608e-06
5.2153e-06
3.50518e-06
2.097e-06
1.13703e-06
5.59414e-07
2.45932e-07
9.21169e-08
2.49385e-08
1.03979e-10
-6.38454e-09
-6.19604e-09
-4.3364e-09
-2.59611e-09
-1.39926e-09
-6.88261e-10
-3.24046e-10
-1.06822e-10
99.8964
100.009
100.418
99.9126
99.1821
100.091
101.425
100.089
97.4744
99.1631
105.111
104.426
85.364
49.983
14.8033
-4.26469
-5.53579
0.336722
2.99813
0.834958
-1.66531
-1.33564
0.59364
1.35907
0.310436
-0.921079
-0.863543
0.178599
0.866532
0.507198
-0.346405
-0.727845
-0.322797
0.350024
0.605044
0.26698
-0.270207
-0.506258
-0.286639
0.138802
0.401212
0.326164
0.0238587
-0.253656
-0.321848
-0.17346
0.0587109
0.219546
0.231127
0.118053
-0.0337734
-0.140221
-0.161749
-0.109731
-0.025449
0.0481836
0.085898
0.0846777
0.0571662
0.0210939
-0.00923493
-0.0267575
-0.0312204
-0.0264776
-0.0175163
-0.00840536
-0.00146897
0.00260366
0.00419215
0.00412771
0.00324546
0.00215991
0.00121737
0.000547386
0.000145725
-5.17117e-05
-0.000119905
-0.000120311
-9.38138e-05
-6.29734e-05
-3.75684e-05
-2.00228e-05
-9.37134e-06
-3.62359e-06
-9.02994e-07
1.66018e-07
4.46154e-07
4.12568e-07
2.93796e-07
1.81479e-07
1.01106e-07
5.15063e-08
2.39895e-08
1.00684e-08
3.64742e-09
9.94819e-10
5.14265e-11
-1.77624e-10
-1.98086e-10
-1.0625e-10
100.025
99.778
100.103
100.508
99.8058
99.0989
100.205
101.518
99.9765
97.3573
99.2592
105.259
104.367
85.1891
49.9805
14.9845
-4.18331
-5.68499
0.178297
3.06696
1.03577
-1.61615
-1.50904
0.430207
1.42231
0.520337
-0.828336
-1.00206
-0.0252863
0.834841
0.682351
-0.159268
-0.728886
-0.50773
0.170992
0.606218
0.442128
-0.0864904
-0.476108
-0.429232
-0.0516437
0.3155
0.403989
0.198101
-0.111203
-0.303593
-0.280325
-0.096657
0.11034
0.22272
0.202402
0.089455
-0.0409125
-0.125907
-0.141088
-0.099312
-0.0328798
0.0265943
0.060667
0.0664321
0.0517941
0.0284645
0.00639812
-0.0088127
-0.0159084
-0.0164826
-0.0132328
-0.0086635
-0.00445994
-0.00140955
0.000372936
0.00113935
0.00125495
0.00104568
0.000737093
0.000453022
0.00024168
0.000106747
3.21662e-05
-2.40482e-06
-1.41563e-05
-1.49193e-05
-1.16346e-05
-7.7484e-06
-4.60446e-06
-2.47599e-06
-1.20129e-06
-5.13805e-07
-1.80372e-07
-3.82341e-08
1.12783e-08
2.15033e-08
1.81889e-08
1.21824e-08
7.16885e-09
3.84557e-09
1.90928e-09
8.78329e-10
3.86577e-10
1.2048e-10
100.09
99.9282
99.7015
100.214
100.567
99.6828
99.0388
100.336
101.597
99.8472
97.2462
99.3698
105.409
104.3
85.0062
49.9778
15.174
-4.09171
-5.83491
0.00412181
3.12256
1.24696
-1.54074
-1.67421
0.240544
1.45344
0.734549
-0.693684
-1.1083
-0.248144
0.748564
0.82658
0.058464
-0.664862
-0.659007
-0.043162
0.533053
0.5724
0.125166
-0.366377
-0.506756
-0.245781
0.158503
0.396004
0.334348
0.0673878
-0.199932
-0.307571
-0.225797
-0.0385764
0.133795
0.209211
0.175017
0.0736651
-0.0342841
-0.103408
-0.118253
-0.0896359
-0.0410831
0.00486503
0.0346696
0.0451743
0.0405732
0.0280069
0.0140214
0.00278237
-0.0041295
-0.00700602
-0.00705453
-0.00562417
-0.00376993
-0.00211953
-0.000928458
-0.000209135
0.000142607
0.000258283
0.000249382
0.000191656
0.000127482
7.5297e-05
3.94938e-05
1.79104e-05
6.40256e-06
1.08885e-06
-8.73809e-07
-1.26621e-06
-1.06406e-06
-7.29965e-07
-4.42308e-07
-2.43554e-07
-1.23058e-07
-5.69297e-08
-2.37365e-08
-8.53708e-09
-2.29991e-09
-1.21799e-10
4.27018e-10
4.08515e-10
2.96893e-10
1.3257e-10
100.009
100.157
99.8173
99.6636
100.337
100.595
99.5464
99.0027
100.482
101.659
99.7013
97.142
99.4956
105.562
104.223
84.8148
49.9748
15.372
-3.98934
-5.98484
-0.185871
3.16318
1.46658
-1.43799
-1.82673
0.0272846
1.44836
0.945226
-0.519131
-1.17355
-0.478434
0.608287
0.925726
0.290815
-0.535764
-0.757104
-0.27013
0.388361
0.634937
0.33375
-0.189215
-0.499352
-0.404468
-0.0406266
0.298066
0.395383
0.235401
-0.0366784
-0.24292
-0.284447
-0.175311
-0.00363499
0.1349
0.186449
0.151627
0.0679554
-0.0185826
-0.0756358
-0.0926978
-0.0772567
-0.0452918
-0.012286
0.0119181
0.0240915
0.0258786
0.02118
0.0139737
0.00711295
0.00203681
-0.000954297
-0.00222339
-0.00236896
-0.00194913
-0.00136039
-0.000824333
-0.000427962
-0.000177101
-4.09028e-05
1.96018e-05
3.74079e-05
3.5223e-05
2.62936e-05
1.7078e-05
9.95489e-06
5.24922e-06
2.48219e-06
1.01729e-06
3.24086e-07
4.06114e-08
-4.9088e-08
-5.98611e-08
-4.59163e-08
-2.92022e-08
-1.64975e-08
-8.48115e-09
-3.99533e-09
-1.70528e-09
-6.48347e-10
-1.94956e-10
-2.37127e-11
99.9281
100.119
100.179
99.6996
99.6636
100.468
100.591
99.4
98.9919
100.642
101.705
99.5391
97.0457
99.6371
105.716
104.136
84.6145
49.9717
15.5787
-3.87567
-6.13396
-0.391637
3.18702
1.69238
-1.30714
-1.96208
-0.206103
1.40381
1.14401
-0.308692
-1.19056
-0.703139
0.418466
0.967953
0.519026
-0.348148
-0.786668
-0.48395
0.185013
0.614991
0.505968
0.0300487
-0.402026
-0.492796
-0.240747
0.127923
0.361277
0.345974
0.14052
-0.103484
-0.250824
-0.25041
-0.13734
0.00994395
0.120005
0.158559
0.131196
0.0675264
0.000889657
-0.0458482
-0.0648666
-0.0603912
-0.04246
-0.0212121
-0.00358656
0.00745478
0.0120578
0.0120203
0.00950976
0.00628593
0.00342335
0.00136944
0.000148836
-0.000422268
-0.000579068
-0.000522166
-0.000387837
-0.000251479
-0.000144598
-7.30421e-05
-3.09356e-05
-9.20748e-06
2.62186e-07
3.28684e-06
3.43707e-06
2.62087e-06
1.70501e-06
9.92121e-07
5.24821e-07
2.52422e-07
1.08582e-07
3.97266e-08
1.035e-08
-2.39671e-10
-2.89413e-09
-2.73292e-09
-1.91152e-09
-1.13642e-09
-6.57721e-10
-2.65006e-10
99.9623
99.9159
100.228
100.159
99.5829
99.7009
100.6
100.554
99.2478
99.0082
100.813
101.73
99.3614
96.9588
99.7945
105.872
104.038
84.4052
49.9683
15.7944
-3.75015
-6.28133
-0.613013
3.19231
1.92187
-1.14788
-2.07576
-0.45533
1.31754
1.32228
-0.0683748
-1.15401
-0.908425
0.187451
0.944903
0.722999
-0.11507
-0.738635
-0.657941
-0.0549129
0.508947
0.61164
0.256351
-0.227008
-0.48806
-0.397378
-0.077463
0.236246
0.365911
0.279214
0.0681089
-0.134851
-0.236109
-0.215534
-0.113384
0.00707205
0.0945807
0.1272
0.110823
0.0668409
0.0184366
-0.0183731
-0.0374046
-0.0403468
-0.0329139
-0.0213347
-0.0102493
-0.00207525
0.00264435
0.0044967
0.00448863
0.00357104
0.00242136
0.00141419
0.000688921
0.000243291
1.24264e-05
-8.01204e-05
-9.74004e-05
-8.18943e-05
-5.76868e-05
-3.59096e-05
-2.00864e-05
-1.0065e-05
-4.39877e-06
-1.53757e-06
-2.77788e-07
1.68376e-07
2.54455e-07
2.11921e-07
1.43513e-07
8.60819e-08
4.72166e-08
2.40069e-08
1.13633e-08
4.99605e-09
2.01506e-09
7.31241e-10
2.19591e-10
3.55218e-11
100.045
99.8599
99.9495
100.327
100.098
99.4758
99.7744
100.726
100.484
99.0949
99.0533
100.993
101.735
99.1691
96.8829
99.9682
106.028
103.929
84.1867
49.9647
16.019
-3.61223
-6.42598
-0.849718
3.1773
2.15233
-0.960309
-2.16337
-0.71533
1.18847
1.4715
0.193911
-1.06096
-1.08041
-0.072744
0.852682
0.882991
0.144638
-0.611859
-0.768014
-0.302357
0.325927
0.6291
0.450491
-0.00283582
-0.385816
-0.47299
-0.269842
0.0493524
0.286575
0.336488
0.216802
0.0238314
-0.138156
-0.208499
-0.183731
-0.100317
-0.00594622
0.0634769
0.093369
0.0879091
0.0613338
0.0290643
0.00211384
-0.0145903
-0.0211097
-0.0202673
-0.0155705
-0.00989681
-0.0049998
-0.00158454
0.000354665
0.00117016
0.00129094
0.0010749
0.000759567
0.000471082
0.000256804
0.00011935
4.22081e-05
5.08318e-06
-8.98283e-06
-1.16292e-05
-9.72636e-06
-6.75842e-06
-4.16632e-06
-2.33434e-06
-1.19722e-06
-5.59297e-07
-2.33031e-07
-8.16548e-08
-1.93838e-08
1.875e-09
6.50641e-09
5.62492e-09
3.67067e-09
2.05804e-09
1.02798e-09
4.76369e-10
1.48399e-10
100.055
100.004
99.7774
100.023
100.406
100.002
99.3872
99.8818
100.839
100.381
98.9464
99.1282
101.177
101.715
98.9637
96.8199
100.158
106.184
103.809
83.9588
49.9609
16.2527
-3.46137
-6.56684
-1.10135
3.14029
2.38078
-0.745042
-2.2207
-0.98032
1.01682
1.58349
0.468547
-0.911243
-1.20602
-0.346955
0.692592
0.981456
0.40775
-0.413998
-0.79599
-0.524717
0.087572
0.549685
0.576079
0.230013
-0.202435
-0.446599
-0.401335
-0.151812
0.128168
0.293479
0.293602
0.169276
0.00530598
-0.121697
-0.173809
-0.154447
-0.0925345
-0.0221852
0.0318262
0.0592802
0.0622495
0.0494023
0.0304663
0.0127627
7.66013e-05
-0.00684022
-0.00907018
-0.00835744
-0.00631587
-0.0040696
-0.00221323
-0.000937454
-0.000196449
0.000152447
0.000260568
0.000246713
0.000187561
0.000124168
7.35025e-05
3.90526e-05
1.83212e-05
7.18011e-06
1.90288e-06
-1.90612e-07
-7.64129e-07
-7.2911e-07
-5.23348e-07
-3.23228e-07
-1.79031e-07
-9.00605e-08
-4.09572e-08
-1.63972e-08
-5.31262e-09
-9.35739e-10
4.69142e-10
6.62177e-10
5.77789e-10
2.93688e-10
99.9894
100.125
99.9272
99.7262
100.127
100.453
99.8771
99.3254
100.019
100.933
100.247
98.8081
99.2339
101.363
101.671
98.7466
96.7716
100.365
106.34
103.676
83.7215
49.9568
16.4955
-3.297
-6.70279
-1.36736
3.07968
2.60407
-0.503209
-2.24385
-1.24388
0.804218
1.6508
0.744479
-0.707729
-1.27386
-0.617644
0.471525
1.00486
0.648625
-0.161482
-0.732512
-0.690159
-0.174181
0.380438
0.606666
0.426417
0.0268124
-0.320206
-0.437076
-0.313374
-0.0646343
0.162936
0.273183
0.249797
0.13831
0.00612803
-0.0928599
-0.135031
-0.125145
-0.0840125
-0.034943
0.00521455
0.0290011
0.0367917
0.0333057
0.024274
0.0143161
0.00615204
0.000759535
-0.00203926
-0.00295474
-0.00277589
-0.00213038
-0.00141469
-0.000822624
-0.000410697
-0.000162115
-3.29429e-05
2.15814e-05
3.5972e-05
3.25505e-05
2.36774e-05
1.50554e-05
8.60416e-06
4.44383e-06
2.04808e-06
8.05614e-07
2.31604e-07
5.24821e-09
-6.0376e-08
-6.26237e-08
-4.64618e-08
-2.95723e-08
-1.70715e-08
-9.15438e-09
-4.62401e-09
-2.19481e-09
-1.03379e-09
-3.56533e-10
99.9454
100.067
100.156
99.8266
99.7152
100.25
100.463
99.7315
99.2977
100.181
100.999
100.084
98.6859
99.3702
101.546
101.599
98.5198
96.7399
100.588
106.493
103.53
83.4747
49.9524
16.7474
-3.11859
-6.83265
-1.6471
2.99395
2.81882
-0.236487
-2.22931
-1.49908
0.553784
1.66707
1.00959
-0.456435
-1.27511
-0.865932
0.201944
0.945358
0.841642
0.121548
-0.57912
-0.772272
-0.421199
0.144334
0.531707
0.545648
0.254224
-0.120092
-0.365499
-0.390352
-0.235175
-0.013469
0.163965
0.238018
0.209831
0.119906
0.0182209
-0.058305
-0.0945226
-0.0940572
-0.0706433
-0.0394846
-0.0117998
0.00691731
0.0160077
0.0176461
0.0149116
0.0105119
0.0062398
0.00295979
0.000859382
-0.000245673
-0.000668268
-0.000703856
-0.000568899
-0.000393751
-0.000241265
-0.000131485
-6.24583e-05
-2.40478e-05
-5.38626e-06
2.07504e-06
3.99153e-06
3.62616e-06
2.61963e-06
1.66218e-06
9.60058e-07
5.12503e-07
2.54202e-07
1.16944e-07
4.94148e-08
1.87287e-08
6.00533e-09
1.33015e-09
-7.65898e-11
-3.18332e-10
-2.62289e-10
-1.10894e-10
99.9768
99.928
100.158
100.14
99.719
99.7492
100.38
100.429
99.5757
99.31
100.36
101.032
99.8965
98.5857
99.5364
101.722
101.499
98.2854
96.7266
100.827
106.643
103.371
83.2183
49.9478
17.0086
-2.92554
-6.95517
-1.93976
2.8817
3.02151
0.0528774
-2.17411
-1.73858
0.270154
1.62736
1.25117
-0.166528
-1.20431
-1.07283
-0.0985867
0.802053
0.963914
0.405327
-0.349116
-0.754454
-0.614718
-0.122337
0.360021
0.5604
0.429711
0.107962
-0.203094
-0.360467
-0.332196
-0.178132
0.00612018
0.14213
0.195259
0.173095
0.10731
0.0330704
-0.0247338
-0.0558999
-0.0622884
-0.0521835
-0.0349844
-0.0179148
-0.00492078
0.00291588
0.00631108
0.00671197
0.00555512
0.00390471
0.00237931
0.00123594
0.000503526
0.000102078
-7.68673e-05
-0.000128241
-0.000119016
-8.91294e-05
-5.84847e-05
-3.46104e-05
-1.86311e-05
-9.07524e-06
-3.90588e-06
-1.3859e-06
-3.05026e-07
7.4413e-08
1.54365e-07
1.30497e-07
8.58623e-08
4.8825e-08
2.47161e-08
1.11176e-08
4.30397e-09
1.24218e-09
1.11972e-10
-2.72994e-10
-2.21933e-10
100.034
99.8949
99.9601
100.243
100.077
99.6213
99.8288
100.502
100.349
99.4213
99.3661
100.548
101.027
99.6884
98.513
99.7311
101.886
101.37
98.046
96.7337
101.083
106.789
103.197
82.9522
49.9428
17.2789
-2.71729
-7.06908
-2.24439
2.74169
3.20849
0.362052
-2.07589
-1.95482
-0.0405137
1.52849
1.45641
0.149863
-1.06005
-1.22062
-0.408353
0.581835
0.998009
0.657469
-0.0669596
-0.633327
-0.721633
-0.375283
0.119756
0.463819
0.512429
0.309011
0.00833919
-0.232146
-0.32674
-0.277074
-0.142743
0.00293872
0.106791
0.148755
0.136907
0.093817
0.0431511
0.00146872
-0.0240509
-0.0337765
-0.0321846
-0.0247091
-0.0157746
-0.00806863
-0.00267148
0.000425022
0.00176163
0.00199967
0.00169441
0.00121794
0.000771349
0.000433353
0.000212093
8.45281e-05
2.04286e-05
-6.16992e-06
-1.34853e-05
-1.25365e-05
-9.10464e-06
-5.73246e-06
-3.23372e-06
-1.64588e-06
-7.46225e-07
-2.87441e-07
-7.92516e-08
1.07251e-09
2.34221e-08
2.34264e-08
1.72075e-08
1.09348e-08
6.36627e-09
3.41555e-09
1.84544e-09
7.19232e-10
100.044
99.995
99.8319
100.036
100.302
99.9737
99.55
99.9498
100.601
100.226
99.2808
99.4673
100.735
100.98
99.4665
98.4732
99.9517
102.034
101.211
97.8041
96.7629
101.353
106.93
103.009
82.6764
49.9375
17.5586
-2.49324
-7.17301
-2.5599
2.57283
3.37598
0.687613
-1.93303
-2.14017
-0.370586
1.36936
1.61303
0.478017
-0.845519
-1.2943
-0.7029
0.29951
0.934406
0.84664
0.233942
-0.42054
-0.720556
-0.569624
-0.145603
0.272705
0.481321
0.432707
0.212028
-0.0435293
-0.222696
-0.279358
-0.229462
-0.122996
-0.012709
0.0661889
0.101686
0.0998746
0.0756005
0.0441122
0.0162278
-0.00291522
-0.0127663
-0.0153881
-0.0136536
-0.0100895
-0.00639274
-0.00342127
-0.00141604
-0.000269252
0.000260716
0.000417656
0.000388592
0.000292408
0.000191879
0.000112426
5.88219e-05
2.6814e-05
9.79805e-06
1.89626e-06
-1.09211e-06
-1.76448e-06
-1.53809e-06
-1.08886e-06
-6.84185e-07
-3.94793e-07
-2.126e-07
-1.07723e-07
-5.15517e-08
-2.33221e-08
-9.95755e-09
-3.99978e-09
-1.49953e-09
-5.32062e-10
-1.43013e-10
99.9994
100.091
99.9189
99.8063
100.141
100.321
99.8418
99.5194
100.103
100.663
100.065
99.1667
99.6125
100.911
100.888
99.238
98.4709
100.195
102.16
101.022
97.5629
96.8161
101.639
107.064
102.806
82.3907
49.9318
17.8475
-2.25279
-7.26556
-2.88505
2.3742
3.52013
1.02554
-1.74474
-2.28713
-0.71106
1.15116
1.70992
0.801167
-0.568732
-1.28301
-0.956846
-0.0228119
0.773384
0.946555
0.514945
-0.142461
-0.606575
-0.668255
-0.384871
0.025625
0.341777
0.44712
0.351919
0.148185
-0.0566021
-0.188911
-0.226292
-0.187454
-0.110126
-0.030534
0.0282597
0.0585252
0.0638969
0.0533866
0.036352
0.0196584
0.00692087
-0.000933519
-0.00460489
-0.00543073
-0.0047233
-0.00345651
-0.0022072
-0.00123102
-0.00057878
-0.000199829
-1.21079e-05
6.03276e-05
7.32392e-05
6.14145e-05
4.34361e-05
2.74462e-05
1.58489e-05
8.43286e-06
4.13002e-06
1.84108e-06
7.25374e-07
2.33142e-07
4.30949e-08
-1.5165e-08
-2.3672e-08
-1.77514e-08
-1.0392e-08
-5.15198e-09
-2.12872e-09
-6.91862e-10
-5.11758e-11
1.06482e-10
99.96
100.071
100.093
99.8268
99.8297
100.257
100.289
99.6978
99.5397
100.275
100.679
99.874
99.0905
99.7975
101.065
100.75
99.0111
98.5099
100.457
102.261
100.803
97.3254
96.8948
101.939
107.19
102.587
82.0951
49.9258
18.1459
-1.9953
-7.34526
-3.2184
2.14511
3.63707
1.37124
-1.51115
-2.38856
-1.05172
0.877631
1.73778
1.10123
-0.24257
-1.18132
-1.14601
-0.357125
0.526025
0.939824
0.7371
0.162508
-0.393675
-0.649675
-0.549322
-0.224303
0.126146
0.348681
0.38949
0.284528
0.114308
-0.0433851
-0.141923
-0.171194
-0.147149
-0.0961342
-0.0421024
-8.70329e-05
0.0245406
0.0333977
0.0314702
0.0241686
0.0156628
0.00838534
0.00326659
0.000262816
-0.0011279
-0.00150079
-0.00135117
-0.00101211
-0.00066756
-0.00039491
-0.000209313
-9.7199e-05
-3.68182e-05
-8.34733e-06
2.67891e-06
5.36842e-06
4.7696e-06
3.32302e-06
2.00564e-06
1.08006e-06
5.19642e-07
2.17576e-07
7.22389e-08
1.13446e-08
-8.97418e-09
-1.23305e-08
-9.99642e-09
-6.75787e-09
-4.01963e-09
-2.39274e-09
-1.00352e-09
99.9701
99.9711
100.144
100.044
99.7433
99.9046
100.361
100.203
99.5615
99.6158
100.45
100.64
99.666
99.0624
100.015
101.185
100.568
98.7945
98.5932
100.732
102.33
100.555
97.0952
97.0008
102.252
107.307
102.351
81.7893
49.9193
18.4537
-1.72014
-7.41058
-3.5584
1.88509
3.72291
1.71951
-1.23346
-2.43789
-1.38133
0.555144
1.68976
1.35972
0.11556
-0.990256
-1.24969
-0.671721
0.214122
0.82114
0.866724
0.448901
-0.114046
-0.513615
-0.603426
-0.420905
-0.112841
0.164807
0.316392
0.325209
0.232403
0.100571
-0.0169141
-0.0909949
-0.117104
-0.106704
-0.0770089
-0.043302
-0.0153005
0.00309845
0.0122025
0.0144479
0.012726
0.00941472
0.00604116
0.00334572
0.00151917
0.000454128
-6.50696e-05
-0.000250911
-0.000265078
-0.000210656
-0.000143153
-8.64727e-05
-4.6848e-05
-2.24794e-05
-9.09372e-06
-2.57935e-06
1.14092e-07
9.26471e-07
9.48024e-07
7.20406e-07
4.74172e-07
2.84246e-07
1.58736e-07
8.35678e-08
4.17565e-08
1.9876e-08
9.04101e-09
3.91e-09
1.67433e-09
5.36184e-10
100.013
99.9124
100.03
100.192
99.9516
99.6923
100.023
100.432
100.069
99.4532
99.7463
100.609
100.542
99.4558
99.0898
100.256
101.263
100.347
98.5975
98.7225
101.015
102.365
100.28
96.8757
97.1354
102.578
107.414
102.098
81.4734
49.9124
18.771
-1.42665
-7.45991
-3.90327
1.59392
3.77382
2.06463
-0.913963
-2.42939
-1.68794
0.192765
1.56218
1.55874
0.484385
-0.717959
-1.25296
-0.934063
-0.131186
0.599295
0.880949
0.670958
0.186048
-0.28301
-0.533854
-0.518435
-0.314835
-0.0524394
0.15827
0.262345
0.260984
0.190203
0.0949696
0.010595
-0.0447616
-0.0686099
-0.0681659
-0.053971
-0.0353992
-0.0186105
-0.00641878
0.0008228
0.00409184
0.00477676
0.0041224
0.0030048
0.00192147
0.0010827
0.000523923
0.000197656
3.2929e-05
-3.43428e-05
-5.06747e-05
-4.49997e-05
-3.28873e-05
-2.13508e-05
-1.26843e-05
-6.9872e-06
-3.58596e-06
-1.71248e-06
-7.549e-07
-3.01396e-07
-1.04246e-07
-2.73738e-08
-1.97736e-09
3.86531e-09
3.6111e-09
2.17288e-09
1.04675e-09
3.81809e-10
5.38668e-11
100.038
99.9543
99.8929
100.118
100.193
99.8341
99.6922
100.17
100.451
99.8996
99.3916
99.9232
100.733
100.388
99.2599
99.1769
100.508
101.29
100.09
98.4296
98.898
101.299
102.361
99.979
96.6709
97.3001
102.915
107.509
101.827
81.1471
49.9049
19.098
-1.11412
-7.4916
-4.25106
1.27167
3.78607
2.40036
-0.556148
-2.3584
-1.95918
-0.197824
1.35496
1.68221
0.839819
-0.37988
-1.14877
-1.11416
-0.472131
0.297539
0.772356
0.790385
0.453652
-0.00128686
-0.354362
-0.493903
-0.428103
-0.240873
-0.0325245
0.123765
0.198234
0.198224
0.151098
0.0873029
0.0296067
-0.0104652
-0.0310492
-0.0361146
-0.0316774
-0.0232218
-0.0145263
-0.00754544
-0.00284521
-0.000183088
0.00100656
0.00130404
0.00116027
0.000864733
0.000571076
0.000341031
0.000184815
8.99055e-05
3.78859e-05
1.23814e-05
1.56693e-06
-1.99497e-06
-2.46637e-06
-1.91427e-06
-1.22253e-06
-6.84777e-07
-3.41679e-07
-1.49905e-07
-5.44645e-08
-1.27038e-08
2.46254e-09
6.00379e-09
5.42226e-09
3.71859e-09
2.46385e-09
1.10682e-09
100.021
100.041
99.8817
99.9255
100.209
100.138
99.7171
99.7529
100.32
100.407
99.7144
99.3914
100.132
100.806
100.185
99.0952
99.3242
100.757
101.26
99.8076
98.2996
99.1188
101.577
102.314
99.6554
96.4847
97.4959
103.263
107.59
101.537
80.8102
49.8969
19.4346
-0.781833
-7.50389
-4.59962
0.918717
3.75607
2.71999
-0.164761
-2.2216
-2.18268
-0.602513
1.07216
1.717
1.15633
0.00164038
-0.939501
-1.18814
-0.76822
-0.0480887
0.55175
0.783772
0.638781
0.275243
-0.104568
-0.354541
-0.424792
-0.347284
-0.194285
-0.0374004
0.0769257
0.132955
0.138261
0.111665
0.0727785
0.0359613
0.00864173
-0.00751577
-0.0143279
-0.0149352
-0.012349
-0.00876871
-0.00546545
-0.002968
-0.00133829
-0.000413997
2.79735e-05
0.000185395
0.000200228
0.000159342
0.000107984
6.50398e-05
3.52056e-05
1.69593e-05
6.96971e-06
2.10351e-06
7.03563e-08
-5.70304e-07
-6.21835e-07
-4.81846e-07
-3.20088e-07
-1.92974e-07
-1.08244e-07
-5.72228e-08
-2.87089e-08
-1.37391e-08
-6.23723e-09
-2.81121e-09
-9.34547e-10
99.9837
100.078
99.9932
99.8268
100.008
100.273
100.03
99.6288
99.8727
100.448
100.297
99.5376
99.4606
100.354
100.814
99.9445
98.9781
99.528
100.987
101.167
99.5083
98.2163
99.3822
101.84
102.221
99.3122
96.3211
97.7238
103.619
107.656
101.228
80.4626
49.8883
19.7812
-0.42905
-7.49493
-4.94658
0.535805
3.68046
3.01636
0.254134
-2.01729
-2.34648
-1.00505
0.722287
1.65415
1.40864
0.398374
-0.637928
-1.14163
-0.981027
-0.39242
0.248412
0.648295
0.704631
0.488695
0.157799
-0.137667
-0.310124
-0.344689
-0.277421
-0.163373
-0.0508338
0.0313803
0.0747167
0.0847714
0.0734565
0.0528116
0.0316604
0.0147885
0.00365751
-0.00231885
-0.00459356
-0.00468485
-0.00377883
-0.00262901
-0.0016189
-0.000881093
-0.000410553
-0.000146056
-1.76379e-05
3.20336e-05
4.2183e-05
3.61195e-05
2.58661e-05
1.65727e-05
9.76249e-06
5.35365e-06
2.74671e-06
1.31789e-06
5.87817e-07
2.40195e-07
8.70249e-08
2.56382e-08
4.1544e-09
-1.69191e-09
-2.27434e-09
-1.56059e-09
-8.81277e-10
-3.10409e-10
99.9664
100.034
100.102
99.91
99.817
100.123
100.285
99.8867
99.5944
100.038
100.527
100.129
99.395
99.5995
100.566
100.75
99.6842
98.9225
99.7802
101.185
101.011
99.204
98.1871
99.6839
102.082
102.081
98.9533
96.1842
97.9846
103.982
107.705
100.899
80.104
49.879
20.1377
-0.0549819
-7.46283
-5.28935
0.124042
3.55618
3.28204
0.693153
-1.74565
-2.43959
-1.38754
0.318392
1.49009
1.57368
0.777953
-0.267315
-0.972689
-1.07957
-0.686825
-0.092666
0.404512
0.636614
0.592856
0.370172
0.0978063
-0.122371
-0.241997
-0.262304
-0.214149
-0.136171
-0.0596567
-0.0023703
0.030633
0.0427019
0.0408037
0.0319733
0.0214663
0.012314
0.00569975
0.00162651
-0.000461996
-0.00124996
-0.00132094
-0.00108041
-0.000765009
-0.000487089
-0.000282825
-0.000149928
-7.17271e-05
-2.99253e-05
-9.82673e-06
-1.41956e-06
1.34297e-06
1.74102e-06
1.36323e-06
8.75113e-07
4.94218e-07
2.5069e-07
1.13807e-07
4.4768e-08
1.36246e-08
1.51443e-09
-2.17315e-09
-2.43463e-09
-2.02035e-09
-1.01363e-09
99.9832
99.9607
100.102
100.073
99.8206
99.867
100.24
100.231
99.7349
99.6304
100.224
100.537
99.9202
99.3104
99.7994
100.743
100.611
99.4247
98.9391
100.068
101.333
100.795
98.9079
98.2182
100.018
102.293
101.891
98.5833
96.0784
98.2789
104.35
107.735
100.549
79.7341
49.8689
20.5044
0.34121
-7.40555
-5.6251
-0.315064
3.38047
3.50931
1.14361
-1.40894
-2.45247
-1.73106
-0.122072
1.22745
1.63272
1.10632
0.139799
-0.693557
-1.04548
-0.886454
-0.417062
0.0946158
0.447592
0.565471
0.481843
0.28794
0.0787031
-0.0810949
-0.16628
-0.183217
-0.154728
-0.106297
-0.0575901
-0.019598
0.00433663
0.0157901
0.0184779
0.0162675
0.0121531
0.00798666
0.00464158
0.00233613
0.000942862
0.000211359
-0.000104783
-0.000194696
-0.000181599
-0.00013483
-8.72872e-05
-5.07614e-05
-2.66832e-05
-1.25235e-05
-5.02042e-06
-1.4724e-06
-3.42817e-08
4.00393e-07
4.25116e-07
3.23261e-07
2.11183e-07
1.25319e-07
6.92104e-08
3.60079e-08
1.77867e-08
8.30087e-09
3.8431e-09
1.30152e-09
100.014
99.9311
100.006
100.153
99.9926
99.7594
99.9737
100.326
100.111
99.6085
99.7407
100.401
100.467
99.6965
99.302
100.043
100.862
100.403
99.1884
99.0337
100.376
101.42
100.522
98.6337
98.3141
100.376
102.465
101.652
98.2073
96.0077
98.607
104.721
107.746
100.177
79.3526
49.858
20.8813
0.760391
-7.32095
-5.95071
-0.779517
3.15106
3.69028
1.59546
-1.01178
-2.37762
-2.01632
-0.577562
0.875822
1.57335
1.35055
0.543772
-0.330893
-0.876923
-0.957578
-0.669529
-0.224006
0.177057
0.415114
0.468306
0.383052
0.232018
0.0799349
-0.0336493
-0.0959489
-0.113274
-0.100854
-0.0746047
-0.0465302
-0.0234218
-0.00764026
0.00128465
0.0051102
0.00579536
0.00493287
0.00357629
0.00229422
0.00131271
0.000659951
0.000275269
7.56873e-05
-1.17215e-05
-3.93346e-05
-3.97539e-05
-3.07734e-05
-2.07303e-05
-1.26919e-05
-7.19731e-06
-3.81222e-06
-1.88999e-06
-8.74017e-07
-3.72988e-07
-1.43325e-07
-4.66614e-08
-1.03645e-08
9.10882e-10
3.05161e-09
2.44901e-09
1.59393e-09
6.54189e-10
100.03
99.9669
99.9133
100.086
100.156
99.8808
99.7557
100.116
100.351
99.9447
99.5392
99.9144
100.535
100.318
99.4893
99.3797
100.306
100.905
100.14
98.9984
99.2067
100.685
101.433
100.203
98.3961
98.477
100.751
102.59
101.363
97.8311
95.9764
98.9688
105.094
107.733
99.7819
78.9593
49.8461
21.2687
1.20345
-7.20682
-6.26281
-1.26679
2.86622
3.81709
2.03741
-0.561386
-2.21028
-2.22464
-1.02306
0.452285
1.39167
1.48224
0.90116
0.0753544
-0.5914
-0.884711
-0.804044
-0.488735
-0.11511
0.181631
0.33964
0.363174
0.295092
0.187704
0.0829387
0.00446386
-0.0410447
-0.0581088
-0.0560817
-0.0444305
-0.0302734
-0.0177697
-0.00859936
-0.00283921
0.00021213
0.00145449
0.00167203
0.00142052
0.00103257
0.000672662
0.000399791
0.000217698
0.000107843
4.74435e-05
1.7332e-05
4.02606e-06
-8.55199e-07
-2.00152e-06
-1.77468e-06
-1.22379e-06
-7.34613e-07
-3.98051e-07
-1.96829e-07
-8.83918e-08
-3.51232e-08
-1.14536e-08
-2.09969e-09
7.46666e-10
1.43347e-09
8.88729e-10
100.017
100.029
99.9052
99.9496
100.167
100.096
99.7731
99.8233
100.259
100.297
99.7626
99.5505
100.126
100.597
100.105
99.3308
99.5426
100.558
100.858
99.8413
98.8758
99.452
100.973
101.365
99.8499
98.209
98.7068
101.129
102.66
101.027
97.461
95.9886
99.364
105.465
107.697
99.3629
78.5537
49.8333
21.6669
1.67139
-7.06078
-6.55774
-1.77387
2.52486
3.88207
2.45714
-0.0675969
-1.94899
-2.33916
-1.43138
-0.0189777
1.09384
1.48141
1.16977
0.475909
-0.225526
-0.676015
-0.794786
-0.645998
-0.362313
-0.0726748
0.139752
0.246498
0.26051
0.214989
0.145031
0.07687
0.0246547
-0.00776015
-0.0229677
-0.0262465
-0.0229348
-0.017111
-0.0112759
-0.00660008
-0.00336872
-0.0014022
-0.000356009
0.00010841
0.000251902
0.000245691
0.000187348
0.000124226
7.42009e-05
4.0377e-05
1.99447e-05
8.74782e-06
3.1898e-06
7.4084e-07
-1.59082e-07
-3.74503e-07
-3.37226e-07
-2.38287e-07
-1.48328e-07
-8.47571e-08
-4.53027e-08
-2.29088e-08
-1.09157e-08
-5.16985e-09
-1.78629e-09
99.9915
100.06
99.9786
99.8685
100.035
100.209
99.9821
99.7087
99.9555
100.363
100.166
99.6047
99.651
100.341
100.568
99.8545
99.2496
99.7778
100.768
100.718
99.5335
98.8378
99.7571
101.219
101.213
99.4782
98.0858
99.0009
101.501
102.669
100.646
97.1042
96.0483
99.792
105.832
107.634
98.919
78.1354
49.8192
22.0759
2.16528
-6.88026
-6.83145
-2.29713
2.12654
3.87772
2.84124
0.457033
-1.59602
-2.34566
-1.77427
-0.507468
0.696728
1.33925
1.31361
0.817932
0.169062
-0.363611
-0.642745
-0.664337
-0.508914
-0.281884
-0.0696121
0.0797449
0.154801
0.168532
0.143944
0.10329
0.0625174
0.0301201
0.00859537
-0.00321514
-0.0080058
-0.00858104
-0.00714737
-0.00513012
-0.00327963
-0.00188072
-0.000954934
-0.000408977
-0.00012366
3.7704e-06
4.6577e-05
5.0307e-05
3.99264e-05
2.72788e-05
1.68697e-05
9.64632e-06
5.1488e-06
2.57229e-06
1.19928e-06
5.16498e-07
2.00665e-07
6.63214e-08
1.51869e-08
-1.02829e-09
-4.29485e-09
-3.54164e-09
-2.37363e-09
-1.00443e-09
99.975
100.039
100.063
99.9032
99.8865
100.14
100.186
99.8445
99.7178
100.124
100.393
99.9779
99.51
99.831
100.517
100.442
99.6024
99.2653
100.061
100.907
100.492
99.2461
98.8956
100.103
101.401
100.979
99.1064
98.0382
99.3535
101.852
102.61
100.225
96.768
96.1591
100.252
106.191
107.542
98.449
77.7039
49.8037
22.4961
2.68612
-6.66262
-7.07951
-2.83209
1.67189
3.79711
3.1754
0.996864
-1.15825
-2.23399
-2.02396
-0.977099
0.228756
1.06132
1.30812
1.05125
0.530981
-0.00149942
-0.378648
-0.543066
-0.524007
-0.393592
-0.227012
-0.0787485
0.0243319
0.078399
0.0933552
0.0839086
0.0635357
0.0417006
0.0235165
0.0107107
0.00295885
-0.00096375
-0.00242168
-0.00253657
-0.00207302
-0.00147258
-0.000943654
-0.000553317
-0.000297447
-0.000145205
-6.2542e-05
-2.18874e-05
-4.25931e-06
1.97023e-06
3.23114e-06
2.7238e-06
1.84859e-06
1.10607e-06
6.02162e-07
3.01472e-07
1.38519e-07
5.74165e-08
2.05081e-08
5.29313e-09
1.35488e-10
-1.40711e-09
-1.0235e-09
99.9799
99.9892
100.089
100.011
99.8427
99.9662
100.222
100.09
99.7272
99.8106
100.286
100.331
99.7712
99.5077
100.063
100.618
100.231
99.3891
99.3855
100.359
100.95
100.197
99.0099
99.053
100.466
101.5
100.669
98.7549
98.0754
99.7558
102.17
102.479
99.7692
96.4606
96.3247
100.742
106.541
107.418
97.9515
77.2587
49.7867
22.9276
3.2351
-6.40511
-7.29725
-3.3737
1.16257
3.63434
3.4451
1.53371
-0.647659
-1.99988
-2.15602
-1.38909
-0.271135
0.669897
1.14685
1.13833
0.79987
0.342585
-0.0606978
-0.317879
-0.414911
-0.388329
-0.293265
-0.179638
-0.0805472
-0.0108827
0.0282071
0.0431476
0.0426981
0.0346781
0.0245825
0.0154955
0.00864858
0.00413454
0.00150903
0.000188046
-0.000344484
-0.000463228
-0.000403093
-0.000291881
-0.000187802
-0.000109993
-5.90536e-05
-2.8909e-05
-1.26187e-05
-4.60811e-06
-1.09761e-06
1.9248e-07
5.07139e-07
4.62059e-07
3.27954e-07
2.04751e-07
1.17342e-07
6.29359e-08
3.19694e-08
1.53147e-08
7.31434e-09
2.55207e-09
99.9997
99.9523
100.045
100.1
99.9234
99.8357
100.085
100.242
99.9438
99.6735
99.972
100.395
100.179
99.5935
99.6091
100.304
100.615
99.9635
99.2529
99.6021
100.633
100.884
99.8591
98.8533
99.3045
100.819
101.502
100.297
98.445
98.2035
100.196
102.439
102.272
99.2854
96.1903
96.5482
101.26
106.877
107.261
97.4252
76.799
49.768
23.3709
3.81358
-6.10454
-7.47946
-3.91616
0.601148
3.38418
3.63556
2.04711
-0.0809286
-1.64525
-2.15102
-1.70495
-0.756848
0.202319
0.843518
1.06163
0.929044
0.603149
0.241345
-0.0489265
-0.222667
-0.28451
-0.266141
-0.205662
-0.134491
-0.0722487
-0.0273316
-0.000236979
0.0126736
0.0162367
0.0147525
0.0112868
0.0076444
0.00465804
0.00254751
0.00122055
0.000474135
0.00010453
-4.75073e-05
-8.87562e-05
-8.24046e-05
-6.14133e-05
-4.04337e-05
-2.43648e-05
-1.36522e-05
-7.16161e-06
-3.5206e-06
-1.61448e-06
-6.82059e-07
-2.57995e-07
-8.1178e-08
-1.57715e-08
3.83922e-09
6.98645e-09
5.3224e-09
3.44836e-09
1.43731e-09
100.018
99.9542
99.9721
100.106
100.052
99.8393
99.9001
100.201
100.179
99.7902
99.7113
100.163
100.413
99.9678
99.4908
99.8027
100.507
100.5
99.6813
99.223
99.8918
100.843
100.706
99.5132
98.7997
99.6352
101.129
101.398
99.8801
98.1982
98.4248
100.66
102.645
101.987
98.7826
95.9657
96.8323
101.805
107.195
107.067
96.8686
76.3241
49.7472
23.826
4.42279
-5.75764
-7.62022
-4.45235
-0.00805657
3.04286
3.73189
2.51374
0.519252
-1.18003
-1.99668
-1.8887
-1.17677
-0.289383
0.433937
0.828671
0.893902
0.728485
0.459933
0.193902
-0.00767673
-0.125431
-0.169189
-0.162241
-0.129119
-0.0888321
-0.0528491
-0.0260546
-0.00890569
0.00040329
0.00434819
0.00516532
0.00448974
0.00333312
0.00221813
0.00134841
0.000752716
0.000383778
0.000175119
6.76564e-05
1.81633e-05
-1.19594e-06
-6.56523e-06
-6.40757e-06
-4.67825e-06
-2.95188e-06
-1.68454e-06
-8.84627e-07
-4.29191e-07
-1.91045e-07
-7.61717e-08
-2.55409e-08
-5.47229e-09
8.51789e-10
2.51226e-09
1.63271e-09
100.021
99.9882
99.927
100.037
100.13
99.9557
99.8049
100.022
100.263
100.042
99.6821
99.8414
100.33
100.324
99.7437
99.4959
100.055
100.624
100.284
99.4333
99.3141
100.217
100.955
100.43
99.1986
98.8638
100.021
101.369
101.185
99.4429
98.0348
98.7371
101.129
102.776
101.626
98.2708
95.7962
97.1793
102.372
107.492
106.833
96.2802
75.8334
49.7241
24.2934
5.06405
-5.36114
-7.71354
-4.97436
-0.658978
2.60896
3.72077
2.9091
1.12464
-0.623975
-1.69238
-1.91327
-1.4805
-0.742936
-0.0236696
0.478677
0.705261
0.69919
0.550627
0.350738
0.165569
0.0290523
-0.0515389
-0.0852035
-0.0873121
-0.0727975
-0.0528148
-0.034038
-0.0194322
-0.00952806
-0.00360529
-0.000531746
0.000762043
0.00108813
0.000975727
0.000724362
0.000477435
0.000286747
0.000158322
8.01622e-05
3.66302e-05
1.44497e-05
4.25797e-06
2.07788e-07
-1.00853e-06
-1.09282e-06
-8.32646e-07
-5.43546e-07
-3.22326e-07
-1.78057e-07
-9.27785e-08
-4.59694e-08
-2.1546e-08
-1.00445e-08
-3.42649e-09
100.01
100.026
99.9362
99.9503
100.112
100.089
99.852
99.8487
100.16
100.237
99.8706
99.6631
100.034
100.421
100.14
99.5639
99.618
100.314
100.625
99.9997
99.2671
99.5214
100.531
100.943
100.083
98.9549
99.0491
100.43
101.511
100.871
99.0126
97.9723
99.1333
101.583
102.818
101.192
97.7617
95.6905
97.591
102.959
107.762
106.555
95.6578
75.3257
49.6983
24.7735
5.73915
-4.91113
-7.75264
-5.47339
-1.3443
2.08264
3.59017
3.20821
1.70306
-0.00515788
-1.24937
-1.76411
-1.62628
-1.09636
-0.459944
0.0739922
0.406843
0.534342
0.508043
0.396858
0.260752
0.13901
0.0497251
-0.00473111
-0.0307239
-0.037562
-0.0338671
-0.0259703
-0.0176985
-0.0108705
-0.00599675
-0.00289714
-0.00113188
-0.000246073
0.000123766
0.000226248
0.000211417
0.00015921
0.000106083
6.47564e-05
3.67873e-05
1.95822e-05
9.77866e-06
4.56177e-06
1.96489e-06
7.6093e-07
2.4767e-07
5.23832e-08
-8.89868e-09
-2.01711e-08
-1.64883e-08
-1.03267e-08
-6.03553e-09
-2.38827e-09
99.9937
100.043
99.9855
99.9059
100.023
100.15
99.9892
99.7929
99.9657
100.257
100.121
99.723
99.7508
100.235
100.4
99.9051
99.4795
99.8382
100.522
100.497
99.6974
99.2198
99.8198
100.785
100.8
99.7041
98.8174
99.3461
100.824
101.532
100.47
98.6196
98.024
99.6008
102.002
102.761
100.69
97.2685
95.6578
98.068
103.56
108
106.231
94.9996
74.7999
49.6692
25.2663
6.44962
-4.4034
-7.72968
-5.93865
-2.05394
1.46697
3.32994
3.38525
2.21721
0.638115
-0.69331
-1.44254
-1.58561
-1.294
-0.801814
-0.308354
0.0665043
0.283091
0.358311
0.336152
0.264008
0.179106
0.104112
0.0486811
0.0135753
-0.00505416
-0.0124424
-0.0133294
-0.0111915
-0.00818058
-0.00540023
-0.00326564
-0.00181343
-0.000916944
-0.000411304
-0.000152158
-3.41828e-05
1.05276e-05
2.14518e-05
1.93152e-05
1.3782e-05
8.64894e-06
4.95059e-06
2.62267e-06
1.29071e-06
5.86966e-07
2.42286e-07
8.65969e-08
2.31088e-08
6.40884e-10
-4.71669e-09
-5.21381e-09
-2.85808e-09
99.9831
100.031
100.038
99.9248
99.9312
100.11
100.117
99.8715
99.8161
100.116
100.266
99.9463
99.6555
99.9273
100.381
100.263
99.6785
99.521
100.111
100.627
100.26
99.4357
99.31
100.165
100.932
100.535
99.3411
98.8119
99.7315
101.163
101.422
100.006
98.2953
98.1981
100.122
102.362
102.597
100.13
96.8057
95.7071
98.6104
104.171
108.201
105.857
94.3035
74.2548
49.6364
25.7722
7.197
-3.83391
-7.63671
-6.35828
-2.77518
0.769277
2.93459
3.41719
2.62768
1.25818
-0.0673019
-0.973664
-1.3561
-1.30327
-0.990906
-0.593847
-0.23681
0.0181726
0.160551
0.210743
0.200724
0.160775
0.113075
0.0705207
0.0384402
0.0172764
0.00504101
-0.000959803
-0.00316565
-0.00338641
-0.00277761
-0.00197561
-0.00126967
-0.000749315
-0.000407688
-0.000203207
-9.08162e-05
-3.43277e-05
-8.86234e-06
8.95443e-07
3.52144e-06
3.38546e-06
2.48275e-06
1.59217e-06
9.34845e-07
5.13061e-07
2.65954e-07
1.30897e-07
6.13043e-08
2.71614e-08
1.17654e-08
3.70265e-09
99.9838
100.003
100.061
99.9856
99.8911
100.011
100.159
100.016
99.7934
99.9243
100.237
100.173
99.7746
99.7012
100.141
100.421
100.041
99.5253
99.6877
100.372
100.597
99.954
99.271
99.5313
100.502
100.941
100.178
99.0452
98.9504
100.169
101.405
101.177
99.5125
98.0701
98.4955
100.672
102.639
102.32
99.5226
96.3893
95.8468
99.2173
104.786
108.359
105.427
93.5665
73.6889
49.5991
26.2915
7.98339
-3.19778
-7.46473
-6.71894
-3.49298
0.000260758
2.40275
3.28442
2.89537
1.80173
0.571971
-0.404576
-0.96415
-1.12382
-1.0004
-0.734962
-0.443886
-0.199125
-0.0298805
0.0649226
0.102103
0.102674
0.0849314
0.0616821
0.0402155
0.0235964
0.0122579
0.00534129
0.00159365
-0.000146103
-0.000757072
-0.000817891
-0.000664869
-0.000468475
-0.000299765
-0.000177735
-9.85371e-05
-5.12156e-05
-2.48852e-05
-1.11922e-05
-4.55328e-06
-1.58279e-06
-3.85963e-07
2.20145e-08
1.15608e-07
1.04391e-07
7.08315e-08
4.18844e-08
2.23206e-08
1.16501e-08
4.3022e-09
99.9935
99.9762
100.047
100.046
99.9172
99.9191
100.107
100.132
99.8892
99.8007
100.079
100.273
100.004
99.672
99.8542
100.323
100.332
99.7939
99.4951
99.9443
100.556
100.428
99.6432
99.2444
99.8513
100.768
100.799
99.7755
98.8632
99.2273
100.614
101.519
100.809
99.0271
97.9704
98.9094
101.225
102.811
101.93
98.8844
96.0361
96.0847
99.8866
105.398
108.467
104.938
92.7859
73.1002
49.5563
26.8243
8.81068
-2.48981
-7.20349
-7.00477
-4.1882
-0.82367
1.73955
2.97278
2.98289
2.21055
1.15402
0.194348
-0.467447
-0.791252
-0.839612
-0.715954
-0.519377
-0.321491
-0.16149
-0.0520348
0.0109343
0.0390621
0.0451733
0.0398566
0.0303495
0.0207845
0.0130083
0.00746487
0.00389674
0.00180338
0.000688127
0.000159564
-5.03991e-05
-0.000106183
-9.87007e-05
-7.2762e-05
-4.72469e-05
-2.80486e-05
-1.54684e-05
-7.97197e-06
-3.83566e-06
-1.70796e-06
-6.88422e-07
-2.37498e-07
-5.76523e-08
3.02433e-09
1.71448e-08
1.50937e-08
1.11266e-08
5.21516e-09
100.005
99.9662
100.01
100.074
99.9836
99.8827
100.006
100.162
100.03
99.8001
99.9014
100.214
100.199
99.8206
99.6843
100.068
100.407
100.134
99.5965
99.6053
100.227
100.61
100.152
99.3968
99.3715
100.214
100.91
100.519
99.3871
98.8306
99.618
101.011
101.479
100.341
98.5934
98.0167
99.4238
101.747
102.859
101.43
98.234
95.7642
96.4278
100.615
105.998
108.516
104.384
91.9583
72.4866
49.5068
27.3708
9.68091
-1.7045
-6.84209
-7.19833
-4.83835
-1.68027
0.958595
2.47826
2.86237
2.43188
1.60624
0.740263
0.0523662
-0.375748
-0.560443
-0.567981
-0.475164
-0.345713
-0.22131
-0.122564
-0.0547043
-0.014133
0.00628134
0.0138354
0.0143675
0.0118347
0.00853918
0.00559127
0.00336996
0.00187579
0.000958322
0.000440358
0.000172454
4.76971e-05
-2.17233e-06
-1.67598e-05
-1.70038e-05
-1.28689e-05
-8.46184e-06
-5.07836e-06
-2.84267e-06
-1.50007e-06
-7.49995e-07
-3.55653e-07
-1.59643e-07
-6.72766e-08
-2.63136e-08
-9.30381e-09
-2.15386e-09
100.013
99.9746
99.9735
100.06
100.048
99.9105
99.9162
100.106
100.136
99.8998
99.7993
100.057
100.266
100.037
99.6976
99.8157
100.267
100.358
99.8851
99.5133
99.8326
100.46
100.51
99.8283
99.276
99.6355
100.551
100.893
100.138
99.0759
98.9644
100.08
101.309
101.275
99.8111
98.2554
98.2203
100.013
102.203
102.764
100.83
97.5938
95.592
96.8817
101.396
106.578
108.499
103.759
91.0797
71.8456
49.4491
27.9305
10.596
-0.835942
-6.3683
-7.27935
-5.41599
-2.5396
0.0841143
1.80978
2.51962
2.42526
1.86441
1.15288
0.509471
0.0420182
-0.229988
-0.339729
-0.340511
-0.28369
-0.207824
-0.136328
-0.079929
-0.0408423
-0.0167447
-0.00367301
0.00226764
0.00414358
0.00403535
0.00318169
0.00222097
0.00141948
0.000843214
0.000468402
0.000243324
0.000117459
5.18319e-05
2.01075e-05
6.11811e-06
7.0887e-07
-9.2241e-07
-1.09942e-06
-8.42883e-07
-5.4348e-07
-3.15961e-07
-1.70287e-07
-8.62603e-08
-4.09866e-08
-1.9164e-08
-6.46091e-09
100.013
99.9938
99.955
100.02
100.08
99.9764
99.8805
100.009
100.16
100.032
99.8082
99.8968
100.196
100.203
99.8519
99.6899
100.022
100.378
100.184
99.6653
99.5774
100.116
100.573
100.275
99.5362
99.3171
99.9875
100.789
100.708
99.717
98.899
99.2578
100.554
101.462
100.917
99.2686
98.0542
98.5812
100.644
102.557
102.515
100.144
96.9897
95.5383
97.4507
102.224
107.125
108.406
103.055
90.1455
71.1741
49.3816
28.5034
11.5579
0.121476
-5.76983
-7.22594
-5.88867
-3.36149
-0.842938
0.999466
1.96838
2.17936
1.89041
1.37061
0.826177
0.37743
0.0690781
-0.105024
-0.176249
-0.181869
-0.153889
-0.114747
-0.0774327
-0.0476977
-0.0267204
-0.0133478
-0.00562003
-0.00162257
0.000153743
0.000745156
0.000787118
0.000628153
0.000435602
0.000274881
0.000161016
8.83301e-05
4.54888e-05
2.19216e-05
9.78186e-06
3.94319e-06
1.34935e-06
3.12085e-07
-3.7222e-08
-1.14e-07
-1.00453e-07
-6.8755e-08
-4.0638e-08
-2.37065e-08
-9.70213e-09
100.007
100.013
99.9597
99.9778
100.071
100.042
99.904
99.9236
100.109
100.127
99.9012
99.8092
100.051
100.251
100.047
99.7226
99.8075
100.226
100.352
99.9416
99.5511
99.7759
100.372
100.528
99.9603
99.3521
99.5201
100.353
100.873
100.38
99.33
98.8968
99.6781
100.974
101.434
100.431
98.7703
98.0236
99.0855
101.271
102.773
102.107
99.3937
96.4506
95.6213
98.1367
103.088
107.627
108.225
102.266
89.1498
70.4675
49.3011
29.0883
12.5687
1.17511
-5.03136
-7.01188
-6.21774
-4.0963
-1.76707
0.100772
1.25142
1.71935
1.68829
1.37707
0.969779
0.587727
0.290632
0.0923816
-0.0198
-0.0693795
-0.080103
-0.0708551
-0.0542879
-0.0375567
-0.0238603
-0.0139922
-0.00754288
-0.00367675
-0.00155151
-0.000493567
-3.34471e-05
0.000123395
0.000144957
0.000117937
8.18428e-05
5.14466e-05
3.0044e-05
1.65007e-05
8.57229e-06
4.21929e-06
1.96334e-06
8.57862e-07
3.46719e-07
1.25613e-07
3.71622e-08
6.43788e-09
-3.16276e-09
-3.17442e-09
99.9997
100.023
99.9805
99.9521
100.033
100.078
99.9636
99.8853
100.021
100.153
100.019
99.8167
99.9093
100.186
100.189
99.8657
99.71
100.007
100.345
100.195
99.7165
99.5871
100.05
100.518
100.329
99.6505
99.3305
99.8441
100.649
100.774
99.9658
99.0526
99.0833
100.168
101.273
101.215
99.8665
98.3766
98.185
99.7042
101.847
102.819
101.544
98.6092
96.0085
95.8582
98.9386
103.978
108.07
107.945
101.382
88.0865
69.7208
49.2033
29.6823
13.6284
2.33111
-4.1363
-6.60562
-6.35392
-4.6778
-2.61012
-0.804841
0.443348
1.10375
1.29439
1.18439
0.930217
0.645605
0.396495
0.209785
0.0868639
0.016175
-0.0177455
-0.0290641
-0.028482
-0.0229789
-0.0164898
-0.0108465
-0.00662782
-0.0037808
-0.00201056
-0.000988001
-0.000438967
-0.000166959
-4.50833e-05
1.85247e-06
1.4965e-05
1.49177e-05
1.10947e-05
7.17672e-06
4.24191e-06
2.34084e-06
1.21876e-06
6.01451e-07
2.81614e-07
1.24608e-07
5.16872e-08
2.01201e-08
5.4234e-09
99.9936
100.022
100.005
99.95
99.99
100.077
100.026
99.8992
99.9417
100.114
100.108
99.8947
99.8295
100.06
100.23
100.035
99.7438
99.8244
100.204
100.326
99.9625
99.5932
99.7661
100.309
100.505
100.031
99.4342
99.4854
100.213
100.799
100.503
99.5464
98.9467
99.4392
100.65
101.393
100.817
99.2875
98.1445
98.543
100.393
102.316
102.669
100.839
97.8266
95.6978
96.2652
99.8529
104.876
108.435
107.55
100.392
86.9469
68.9281
49.0847
30.2843
14.7387
3.59594
-3.06965
-5.97865
-6.25049
-5.03875
-3.28589
-1.61777
-0.351189
0.433072
0.797085
0.863537
0.758995
0.584004
0.404023
0.25295
0.14199
0.0690197
0.025985
0.00366739
-0.00586498
-0.00841471
-0.00772323
-0.00592612
-0.00407678
-0.00258607
-0.00153241
-0.00085288
-0.000445915
-0.000217866
-9.81341e-05
-3.95072e-05
-1.30847e-05
-2.4579e-06
1.05061e-06
1.70194e-06
1.41467e-06
9.56585e-07
5.78163e-07
3.23485e-07
1.70788e-07
8.48021e-08
4.22579e-08
1.53281e-08
99.9911
100.013
100.023
99.9667
99.9589
100.048
100.067
99.9472
99.8992
100.041
100.139
99.9957
99.8278
99.9368
100.18
100.158
99.8643
99.7416
100.016
100.314
100.175
99.7457
99.6216
100.028
100.464
100.329
99.7227
99.3794
99.782
100.533
100.759
100.112
99.2126
99.046
99.9106
101.041
101.3
100.282
98.7705
98.1195
99.0809
101.094
102.625
102.309
100.018
97.0898
95.5537
96.8548
100.871
105.765
108.702
107.023
99.2816
85.7195
68.0796
48.9378
30.8901
15.9006
4.97692
-1.81486
-5.10172
-5.86245
-5.11713
-3.71683
-2.24945
-1.03939
-0.203128
0.276047
0.47967
0.504725
0.435338
0.331597
0.229388
0.145611
0.0847661
0.0446851
0.0205828
0.00743731
0.00109698
-0.00141458
-0.00200795
-0.00178987
-0.00133305
-0.000892134
-0.000552451
-0.000321018
-0.000176238
-9.16327e-05
-4.50637e-05
-2.0845e-05
-8.95636e-06
-3.47922e-06
-1.14206e-06
-2.44903e-07
4.26543e-08
9.89021e-08
8.38784e-08
5.45942e-08
3.40294e-08
1.45118e-08
99.9922
100.002
100.029
99.9912
99.9485
100.009
100.076
100.003
99.9001
99.9694
100.117
100.077
99.885
99.8611
100.079
100.202
100.006
99.7635
99.862
100.198
100.285
99.9528
99.6339
99.7939
100.276
100.457
100.046
99.502
99.5089
100.141
100.713
100.529
99.6878
99.0451
99.344
100.414
101.261
100.99
99.6781
98.3949
98.3282
99.7579
101.734
102.723
101.736
99.1201
96.4507
95.6118
97.635
101.979
106.619
108.846
106.345
98.0373
84.3936
67.1657
48.7529
31.4894
17.1029
6.46499
-0.375205
-3.96698
-5.16541
-4.86821
-3.83725
-2.61609
-1.5252
-0.704069
-0.170806
0.121565
0.242877
0.259961
0.224673
0.171322
0.119156
0.0766873
0.0458996
0.025495
0.0130005
0.00592236
0.00224108
0.000522156
-0.000157154
-0.000340405
-0.000320625
-0.000240331
-0.000159558
-9.75356e-05
-5.58885e-05
-3.0291e-05
-1.55934e-05
-7.62987e-06
-3.53921e-06
-1.54555e-06
-6.25994e-07
-2.28086e-07
-6.82974e-08
-1.23637e-08
5.42889e-09
5.73862e-09
99.9955
99.9927
100.025
100.013
99.9568
99.9756
100.059
100.045
99.9324
99.9239
100.062
100.115
99.9655
99.8463
99.9757
100.173
100.114
99.8547
99.785
100.045
100.281
100.129
99.7576
99.675
100.043
100.415
100.287
99.7524
99.445
99.7881
100.457
100.697
100.16
99.3358
99.0937
99.7892
100.848
101.255
100.498
99.0974
98.2318
98.7699
100.509
102.236
102.569
100.967
98.2002
95.9666
95.9065
98.609
103.156
107.408
108.839
105.49
96.6387
82.9522
66.1712
48.5145
32.0645
18.3247
8.0348
1.22132
-2.60129
-4.17995
-4.30129
-3.64175
-2.69685
-1.77429
-1.02593
-0.495141
-0.16276
0.0173031
0.0951073
0.112839
0.100821
0.0780832
0.0549199
0.0358022
0.0218363
0.0124994
0.00670099
0.00333611
0.00151191
0.000594445
0.000173989
5.90096e-06
-4.53699e-05
-4.92728e-05
-3.82412e-05
-2.55852e-05
-1.56141e-05
-8.90663e-06
-4.80763e-06
-2.47179e-06
-1.21416e-06
-5.70203e-07
-2.55494e-07
-1.08418e-07
-4.44044e-08
-1.30637e-08
99.9993
99.9878
100.014
100.025
99.9757
99.9578
100.029
100.064
99.9766
99.9117
100.003
100.111
100.037
99.8799
99.9045
100.1
100.163
99.9663
99.7885
99.916
100.198
100.227
99.922
99.6769
99.8511
100.265
100.39
100.016
99.5529
99.5747
100.13
100.632
100.483
99.7482
99.1509
99.3595
100.289
101.115
101.004
99.8969
98.6407
98.3303
99.4099
101.248
102.523
102.142
100.039
97.3265
95.6984
96.4668
99.7715
104.374
108.097
108.645
104.43
95.0592
81.3674
65.0636
48.1846
32.5709
19.5145
9.62915
2.91451
-1.0634
-2.95787
-3.45598
-3.15403
-2.49819
-1.77706
-1.14628
-0.666053
-0.33849
-0.137239
-0.027436
0.0231824
0.0396158
0.0389076
0.031404
0.0226266
0.0150298
0.00934614
0.00548186
0.00304156
0.00159506
0.000786616
0.000360563
0.000149787
5.30031e-05
1.27699e-05
-1.46323e-06
-4.88919e-06
-4.49797e-06
-3.19243e-06
-1.99482e-06
-1.14786e-06
-6.20544e-07
-3.19176e-07
-1.55323e-07
-7.59667e-08
-2.71631e-08
100.002
99.9874
100.002
100.028
99.9962
99.9562
99.9988
100.06
100.016
99.9266
99.9584
100.078
100.079
99.937
99.8774
100.019
100.156
100.058
99.8475
99.842
100.083
100.24
100.066
99.7635
99.7464
100.082
100.366
100.211
99.7507
99.5231
99.8477
100.42
100.605
100.128
99.4109
99.1922
99.7869
100.727
101.142
100.54
99.2948
98.4039
98.7047
100.176
101.87
102.526
101.445
99.0166
96.5828
95.7103
97.316
101.107
105.595
108.638
108.221
103.124
93.2588
79.5954
63.7919
47.7015
32.9346
20.5853
11.1489
4.59596
0.534065
-1.60944
-2.43342
-2.4605
-2.08825
-1.58245
-1.09617
-0.699684
-0.410603
-0.218358
-0.101198
-0.0362502
-0.00433876
0.00856069
0.0116716
0.0104914
0.00796432
0.00546019
0.00347584
0.00208276
0.00118303
0.000638963
0.000328183
0.000159807
7.32338e-05
3.11082e-05
1.18543e-05
3.71717e-06
6.45237e-07
-2.98193e-07
-4.46746e-07
-3.56137e-07
-2.34023e-07
-1.35556e-07
-7.83148e-08
-3.20312e-08
100.004
99.9904
99.9936
100.022
100.012
99.966
99.9776
100.042
100.04
99.9556
99.9368
100.034
100.09
99.9938
99.8883
99.9563
100.112
100.11
99.9277
99.827
99.9791
100.191
100.155
99.884
99.7311
99.9286
100.261
100.304
99.9558
99.5979
99.6746
100.164
100.555
100.381
99.7416
99.2532
99.4585
100.269
100.987
100.904
99.9484
98.8164
98.4571
99.3226
100.961
102.265
102.197
100.511
97.9888
96.0662
96.0657
98.4681
102.586
106.763
108.97
107.503
101.508
91.1695
77.5615
62.2726
46.9724
33.0534
21.4257
12.4744
6.14035
2.06429
-0.257679
-1.34722
-1.66051
-1.54896
-1.25377
-0.921081
-0.625939
-0.396551
-0.234382
-0.128447
-0.0641724
-0.0280471
-0.00947056
-0.00100218
0.00213093
0.0027455
0.00236445
0.00172835
0.00114514
0.000706844
0.0004121
0.000228615
0.000121137
6.13872e-05
2.9723e-05
1.37017e-05
5.96879e-06
2.4219e-06
8.87786e-07
2.72737e-07
5.02032e-08
-1.32898e-08
-2.69153e-08
-1.63247e-08
100.004
99.9946
99.989
100.014
100.02
99.9807
99.9681
100.02
100.047
99.986
99.9362
99.9964
100.077
100.035
99.9213
99.9223
100.056
100.122
100
99.8554
99.9108
100.114
100.183
99.995
99.7795
99.8352
100.129
100.304
100.112
99.7383
99.6201
99.9443
100.401
100.484
100.036
99.4533
99.3311
99.8788
100.672
100.988
100.441
99.3585
98.5804
98.8224
100.097
101.63
102.334
101.527
99.4191
97.0763
95.8837
96.8201
99.9174
104.155
107.797
108.999
106.395
99.4849
88.6917
75.1602
60.3933
45.8784
32.8018
21.9043
13.4693
7.40779
3.38692
0.960783
-0.325565
-0.869423
-0.979611
-0.872613
-0.684971
-0.492563
-0.330219
-0.208105
-0.123641
-0.0691521
-0.0361697
-0.0174256
-0.00747224
-0.00259664
-0.000457337
0.000320812
0.000489591
0.000428363
0.000309997
0.000201761
0.00012204
6.97117e-05
3.79325e-05
1.97552e-05
9.86934e-06
4.73119e-06
2.17251e-06
9.51957e-07
3.94363e-07
1.52564e-07
5.37113e-08
1.24468e-08
100.003
99.9986
99.9882
100.005
100.021
99.9946
99.9686
100.001
100.042
100.009
99.9494
99.9717
100.052
100.055
99.9602
99.9156
100.007
100.104
100.049
99.9046
99.8828
100.038
100.165
100.072
99.8574
99.8042
100.012
100.244
100.198
99.8871
99.6565
99.8022
100.216
100.463
100.236
99.6974
99.3662
99.6243
100.324
100.868
100.714
99.8626
98.921
98.668
99.4544
100.888
102.035
102.009
100.559
98.297
96.4277
96.1434
98.0075
101.623
105.718
108.574
108.592
104.765
96.9248
85.6969
72.2647
58.0297
44.2982
32.0626
21.9072
14.0222
8.28915
4.39548
1.94371
0.535926
-0.173696
-0.455407
-0.501732
-0.43796
-0.337856
-0.239574
-0.15902
-0.099718
-0.0593373
-0.0335425
-0.0179774
-0.00908182
-0.00427147
-0.00182244
-0.000661828
-0.00016212
2.21598e-05
6.95241e-05
6.5729e-05
4.82658e-05
3.13003e-05
1.87369e-05
1.05669e-05
5.67559e-06
2.92127e-06
1.44562e-06
6.89728e-07
3.14769e-07
1.43949e-07
4.85748e-08
100.002
100.001
99.9901
99.9981
100.018
100.005
99.9752
99.9888
100.03
100.023
99.968
99.9614
100.026
100.057
99.9931
99.9278
99.9732
100.073
100.072
99.955
99.8869
99.9809
100.122
100.109
99.9353
99.8203
99.9328
100.159
100.219
100.007
99.7425
99.7423
100.053
100.368
100.33
99.9147
99.4977
99.5139
100.032
100.643
100.786
100.233
99.3287
98.7691
99.0894
100.232
101.518
102.05
101.283
99.4083
97.323
96.2066
96.9333
99.6165
103.485
107.119
108.911
107.565
102.442
93.6722
82.046
68.7511
55.0722
42.1353
30.7498
21.356
14.0588
8.71178
5.01768
2.61946
1.16772
0.36134
-0.0353772
-0.192282
-0.222539
-0.195655
-0.150475
-0.106105
-0.0700692
-0.0438152
-0.0260986
-0.0148515
-0.00807894
-0.00419458
-0.00206962
-0.000962062
-0.000414252
-0.000159304
-4.95313e-05
-7.38163e-06
5.66673e-06
7.56603e-06
6.03432e-06
4.01927e-06
2.42172e-06
1.36153e-06
7.27909e-07
3.67761e-07
1.88859e-07
7.10057e-08
100.001
100.003
99.9931
99.9945
100.012
100.01
99.9839
99.9832
100.018
100.026
99.9853
99.9622
100.005
100.048
100.015
99.9485
99.9574
100.04
100.073
99.9943
99.9097
99.9489
100.073
100.113
99.9953
99.8613
99.8944
100.078
100.195
100.081
99.8396
99.7463
99.9411
100.249
100.338
100.068
99.6605
99.5163
99.8363
100.4
100.718
100.445
99.6945
99.0086
98.9704
99.7597
100.968
101.811
101.612
100.241
98.2662
96.7097
96.5611
98.2855
101.558
105.324
108.128
108.57
105.7
99.2353
89.5728
77.6182
64.5298
51.4586
39.3511
28.8431
20.2427
13.5773
8.6744
5.24911
2.97868
1.55553
0.717712
0.260638
0.0358928
-0.0570567
-0.0818385
-0.0758909
-0.059424
-0.042143
-0.0278626
-0.0174238
-0.010389
-0.00593308
-0.00325276
-0.00171293
-0.000865515
-0.000418334
-0.000192256
-8.30832e-05
-3.30344e-05
-1.15035e-05
-3.00909e-06
-9.53405e-08
6.36371e-07
6.30022e-07
4.51323e-07
2.7431e-07
1.65203e-07
6.97849e-08
100
100.003
99.9961
99.9933
100.007
100.011
99.9918
99.983
100.007
100.024
99.998
99.9693
99.9916
100.034
100.025
99.9695
99.9556
100.014
100.061
100.018
99.9383
99.9386
100.033
100.097
100.032
99.9082
99.8886
100.018
100.15
100.113
99.9227
99.7874
99.8821
100.139
100.294
100.152
99.8086
99.5856
99.7381
100.195
100.58
100.519
99.9639
99.2847
99.0216
99.4871
100.5
101.448
101.643
100.757
99.0695
97.3848
96.6668
97.5768
100.133
103.634
106.86
108.446
107.277
102.771
94.9807
84.5175
72.3526
59.5786
47.197
35.9751
26.3857
18.6166
12.6262
8.21969
5.12336
3.04461
1.71267
0.900416
0.43151
0.177795
0.0515784
-0.0037533
-0.0226524
-0.0247827
-0.0205518
-0.0149457
-0.0100016
-0.0062951
-0.00377009
-0.00216284
-0.00119324
-0.00063444
-0.000325357
-0.000160857
-7.65297e-05
-3.49081e-05
-1.51652e-05
-6.20059e-06
-2.33071e-06
-7.64871e-07
-1.82575e-07
-1.86412e-09
4.57424e-08
3.16949e-08
99.9997
100.003
99.9984
99.9939
100.003
100.01
99.9975
99.9858
100
100.018
100.005
99.9785
99.9859
100.021
100.026
99.9862
99.9621
99.9973
100.044
100.028
99.9641
99.943
100.005
100.072
100.047
99.9485
99.9027
99.9817
100.102
100.114
99.9806
99.8415
99.8659
100.057
100.228
100.179
99.919
99.6802
99.7157
100.051
100.428
100.499
100.126
99.5309
99.163
99.3809
100.165
101.077
101.495
100.999
99.6535
98.0444
97.0296
97.341
99.2241
102.275
105.525
107.731
107.732
104.756
98.5903
89.5761
78.4784
66.2793
53.9701
42.3884
32.1254
23.5023
16.6001
11.319
7.44716
4.72306
2.88227
1.68756
0.943457
0.499631
0.247081
0.110898
0.042146
0.0104083
-0.00227592
-0.00594304
-0.00585601
-0.00456177
-0.00315751
-0.00202435
-0.00122587
-0.000708655
-0.00039353
-0.000210726
-0.000109047
-5.45899e-05
-2.64377e-05
-1.23741e-05
-5.58398e-06
-2.42015e-06
-9.99339e-07
-3.88766e-07
-1.40732e-07
-3.49312e-08
99.9996
100.002
99.9998
99.9953
100
100.007
100.001
99.9898
99.9967
100.012
100.008
99.9868
99.9856
100.011
100.022
99.9967
99.9718
99.9896
100.028
100.029
99.9829
99.9546
99.9906
100.048
100.047
99.9768
99.9249
99.9664
100.063
100.097
100.013
99.8919
99.8769
100.008
100.162
100.169
99.9865
99.7705
99.7399
99.97
100.296
100.43
100.199
99.7147
99.3289
99.3871
99.965
100.768
101.274
101.046
100.015
98.5843
97.4744
97.4042
98.7452
101.312
104.365
106.817
107.539
105.667
100.801
93.0642
83.0249
71.5323
59.5241
47.8582
37.1994
27.9696
20.3535
14.341
9.78618
6.46776
4.13893
2.56292
1.53387
0.885561
0.491702
0.261292
0.131825
0.0622497
0.0267488
0.00976944
0.00234658
-0.00044982
-0.00119172
-0.00113872
-0.000858269
-0.000575034
-0.000357246
-0.000209917
-0.000117931
-6.37523e-05
-3.32947e-05
-1.68395e-05
-8.25956e-06
-3.93023e-06
-1.8158e-06
-8.0753e-07
-3.61117e-07
-1.20088e-07
99.9996
100.001
100
99.9968
99.9991
100.005
100.002
99.9934
99.9958
100.008
100.008
99.9929
99.9882
100.004
100.016
100.002
99.9811
99.9882
100.017
100.024
99.994
99.9675
99.9859
100.03
100.039
99.9928
99.9469
99.9652
100.036
100.075
100.025
99.9303
99.9
99.985
100.11
100.14
100.018
99.8414
99.7845
99.9371
100.2
100.348
100.209
99.832
99.4784
99.4526
99.8718
100.545
101.051
100.98
100.198
98.9712
97.8908
97.6167
98.5698
100.708
103.475
105.938
107.046
105.907
102.011
95.3183
86.2293
75.4608
63.8745
52.3134
41.4781
31.8587
23.7211
17.1321
12.0087
8.17299
5.40246
3.46882
2.16328
1.30986
0.769513
0.438095
0.241255
0.128143
0.0653549
0.0317744
0.0145434
0.00611872
0.00224073
0.000598049
-1.00956e-05
-0.000177256
-0.000179565
-0.000135408
-8.94218e-05
-5.44617e-05
-3.1307e-05
-1.71961e-05
-9.09149e-06
-4.64513e-06
-2.30578e-06
-1.10029e-06
-5.36756e-07
-1.94617e-07
99.9997
100.001
100.001
99.998
99.9989
100.003
100.002
99.9962
99.9964
100.004
100.006
99.9966
99.9916
100.001
100.011
100.003
99.9883
99.9902
100.009
100.017
99.9989
99.9785
99.9873
100.018
100.028
99.9995
99.9645
99.9716
100.02
100.053
100.024
99.9552
99.9252
99.9804
100.075
100.108
100.026
99.889
99.8316
99.9355
100.14
100.273
100.186
99.8937
99.5932
99.5379
99.8508
100.405
100.864
100.867
100.257
99.2153
98.2252
97.8725
98.5787
100.382
102.859
105.211
106.477
105.784
102.564
96.6685
88.3685
78.2632
67.1325
55.7841
44.9265
35.0904
26.5996
19.5825
14.0108
9.74806
6.59883
4.34804
2.78955
1.74289
1.0605
0.628328
0.362348
0.203247
0.110764
0.0585493
0.0299423
0.0147575
0.00696715
0.00311892
0.00129966
0.000484893
0.000145597
1.9298e-05
-1.83852e-05
-2.31741e-05
-1.82226e-05
-1.20952e-05
-7.30889e-06
-4.1416e-06
-2.24414e-06
-1.15264e-06
-6.07784e-07
-2.35466e-07
99.9998
100
100
99.9989
99.9992
100.002
100.001
99.9979
99.9977
100.002
100.004
99.9982
99.9949
100
100.006
100.002
99.993
99.9936
100.005
100.011
99.9997
99.9864
99.9915
100.011
100.019
100
99.9763
99.9806
100.014
100.037
100.017
99.9683
99.9465
99.9859
100.055
100.08
100.019
99.9159
99.8712
99.9501
100.109
100.215
100.149
99.9161
99.67
99.6182
99.8701
100.332
100.727
100.748
100.243
99.3471
98.4638
98.1087
98.678
100.246
102.474
104.67
105.958
105.504
102.724
97.403
89.7183
80.1741
69.4748
58.3836
47.5994
37.672
28.9628
21.6463
15.7382
11.1392
7.67977
5.16043
3.38127
2.16126
1.34806
0.820691
0.487714
0.282916
0.160167
0.0884609
0.0476338
0.0249831
0.0127446
0.00631012
0.00302295
0.00139457
0.000614836
0.000255697
9.78331e-05
3.25109e-05
7.73417e-06
-3.55262e-07
-2.17761e-06
-1.98681e-06
-1.38474e-06
-8.31852e-07
-4.99748e-07
-2.12072e-07
99.9999
100
100
99.9994
99.9997
100.001
100.001
99.9987
99.999
100.001
100.002
99.9986
99.9973
100.001
100.004
100.001
99.9955
99.9969
100.004
100.006
99.9984
99.9911
99.9961
100.009
100.012
99.9975
99.9829
99.9889
100.013
100.026
100.008
99.9732
99.9617
99.9951
100.046
100.059
100.007
99.9277
99.8996
99.9696
100.098
100.177
100.113
99.9157
99.7145
99.6815
99.905
100.303
100.639
100.648
100.198
99.403
98.6166
98.2964
98.804
100.221
102.261
104.303
105.543
105.196
102.681
97.7483
90.5157
81.4154
71.0879
60.2526
49.5892
39.6519
30.8242
23.312
17.1648
12.3133
8.61144
5.8751
3.91236
2.54432
1.61661
1.00395
0.609569
0.361947
0.210206
0.119413
0.0663494
0.0360519
0.0191503
0.00993902
0.0050359
0.00248809
0.00119668
0.000558921
0.000252586
0.000109836
4.55442e-05
1.77251e-05
6.26922e-06
1.86292e-06
3.24762e-07
-9.86837e-08
-1.84847e-07
-1.11281e-07
100
100
99.9999
99.9996
100
100.001
99.9998
99.999
100
100.001
100
99.9984
99.9989
100.002
100.002
99.9989
99.9965
99.9995
100.004
100.003
99.9965
99.9934
99.9999
100.009
100.007
99.9942
99.986
99.9954
100.014
100.02
100
99.9735
99.9712
100.004
100.044
100.046
99.9949
99.9304
99.9177
99.9879
100.098
100.155
100.084
99.9048
99.7364
99.7261
99.9414
100.3
100.588
100.573
100.144
99.4142
98.7046
98.4312
98.9223
100.253
102.16
104.072
105.241
104.922
102.552
97.8688
90.9524
82.1852
72.158
61.5512
51.0225
41.1218
32.2431
24.6123
18.3033
13.27
9.38589
6.48069
4.37091
2.88118
1.85712
1.17107
0.722725
0.436688
0.258409
0.149792
0.0850732
0.0473447
0.0258191
0.0137967
0.00722291
0.00370359
0.00185916
0.000913078
0.000438325
0.000205408
9.37924e-05
4.16207e-05
1.78779e-05
7.39125e-06
2.90909e-06
1.07449e-06
3.60501e-07
7.92358e-08
100
100
99.9997
99.9997
100.001
100.001
99.9993
99.999
100.001
100.002
99.9996
99.9978
99.9997
100.003
100.002
99.9974
99.9966
100.001
100.005
100.002
99.9945
99.9942
100.003
100.01
100.004
99.991
99.9867
99.9997
100.017
100.017
99.9946
99.9714
99.9763
100.012
100.046
100.038
99.9848
99.9283
99.9276
100.002
100.104
100.144
100.063
99.8907
99.7437
99.7539
99.972
100.309
100.563
100.522
100.097
99.4028
98.7476
98.5188
99.0172
100.304
102.126
103.941
105.038
104.707
102.406
97.8724
91.1653
82.6349
72.836
62.4173
52.0156
42.1722
33.2843
25.5894
19.1774
14.0195
10.0042
6.973
4.75027
3.16468
2.06294
1.31646
0.822799
0.503874
0.302452
0.178009
0.102755
0.0581893
0.0323333
0.0176313
0.00943589
0.00495631
0.002555
0.00129247
0.000641428
0.000312188
0.000148937
6.95967e-05
3.18231e-05
1.42178e-05
6.19905e-06
2.6157e-06
1.10641e-06
3.50508e-07
100
100
99.9996
99.9996
100.001
100.001
99.999
99.9988
100.001
100.002
99.9991
99.9973
100
100.003
100.001
99.9965
99.9963
100.002
100.006
100.001
99.993
99.9941
100.004
100.011
100.003
99.9886
99.9862
100.002
100.02
100.016
99.9909
99.9688
99.9783
100.017
100.048
100.035
99.9778
99.9245
99.9319
100.012
100.11
100.14
100.05
99.8782
99.7433
99.7691
99.9942
100.322
100.554
100.492
100.061
99.3841
98.764
98.571
99.0854
100.355
102.127
103.873
104.91
104.553
102.278
97.8273
91.2526
82.8837
73.2505
62.978
52.6849
42.903
34.0282
26.304
19.8303
14.5903
10.4838
7.36165
5.05482
3.39598
2.23355
1.43887
0.908344
0.562184
0.341258
0.203249
0.118812
0.0681885
0.0384327
0.021278
0.0115741
0.00618643
0.00324967
0.00167771
0.000851301
0.000424543
0.000208061
0.000100186
4.73877e-05
2.2003e-05
1.00394e-05
4.45708e-06
2.02375e-06
6.93513e-07
100
100
99.9995
99.9996
100.001
100.001
99.9988
99.9987
100.001
100.002
99.999
99.9969
100
100.004
100.002
99.9959
99.9959
100.003
100.007
100.001
99.9921
99.9937
100.005
100.012
100.003
99.9871
99.9855
100.003
100.022
100.017
99.9887
99.9667
99.9788
100.02
100.051
100.034
99.9734
99.9209
99.9332
100.018
100.116
100.139
100.042
99.8688
99.74
99.7765
100.009
100.334
100.553
100.475
100.036
99.3654
98.7662
98.5992
99.1307
100.397
102.142
103.845
104.836
104.45
102.177
97.7691
91.2731
83.0089
73.4901
63.3249
53.118
43.392
34.5399
26.8073
20.3002
15.0091
10.842
7.65688
5.28992
3.57733
2.36933
1.53773
0.978436
0.610641
0.373961
0.224815
0.132723
0.0769719
0.0438651
0.0245714
0.0135324
0.00732906
0.00390426
0.00204605
0.00105497
0.00053524
0.000267224
0.000131287
6.34759e-05
3.01874e-05
1.41497e-05
6.46274e-06
3.04443e-06
1.08282e-06
100
100
99.9994
99.9995
100.001
100.001
99.9987
99.9985
100.001
100.002
99.9989
99.9966
100
100.004
100.002
99.9956
99.9955
100.003
100.007
100.001
99.9914
99.9933
100.006
100.013
100.003
99.9862
99.9847
100.004
100.023
100.017
99.9876
99.9649
99.9785
100.022
100.053
100.034
99.9708
99.918
99.9329
100.021
100.12
100.141
100.038
99.8622
99.7359
99.7791
100.018
100.344
100.556
100.467
100.019
99.3502
98.7623
98.6125
99.1587
100.428
102.16
103.836
104.795
104.385
102.106
97.716
91.2649
83.0663
73.624
63.5348
53.3928
43.7132
34.8856
27.1554
20.6318
15.3103
11.1042
7.87644
5.46747
3.71633
2.4749
1.61566
1.03444
0.649875
0.400789
0.242739
0.144434
0.0844612
0.0485569
0.0274525
0.0152677
0.00835481
0.00449962
0.00238552
0.0012452
0.000640055
0.000324026
0.000161572
7.93714e-05
3.83942e-05
1.83361e-05
8.53629e-06
4.11891e-06
1.49955e-06
100
100
99.9994
99.9995
100.001
100.001
99.9987
99.9984
100.001
100.002
99.999
99.9965
100
100.004
100.002
99.9955
99.9952
100.003
100.008
100.001
99.9911
99.9928
100.006
100.013
100.003
99.9857
99.984
100.004
100.024
100.018
99.9872
99.9638
99.9779
100.023
100.055
100.035
99.9697
99.9159
99.932
100.023
100.123
100.142
100.037
99.8581
99.7322
99.7792
100.023
100.351
100.56
100.464
100.01
99.3392
98.7564
98.6171
99.1742
100.449
102.176
103.838
104.776
104.347
102.058
97.6742
91.2462
83.086
73.692
63.6538
53.558
43.9144
35.1087
27.3859
20.8563
15.5182
11.2884
8.03332
5.59632
3.8187
2.55376
1.67467
1.07741
0.680372
0.421907
0.257024
0.153882
0.0905775
0.0524348
0.0298625
0.0167366
0.00923356
0.00501579
0.00268339
0.00141415
0.000734285
0.000375724
0.000189482
9.4206e-05
4.61516e-05
2.23462e-05
1.05478e-05
5.17715e-06
1.9157e-06
100
100
99.9994
99.9994
100.001
100.001
99.9987
99.9984
100.001
100.003
99.999
99.9964
99.9999
100.004
100.002
99.9955
99.9951
100.003
100.008
100.001
99.9911
99.9926
100.006
100.014
100.003
99.9856
99.9836
100.004
100.024
100.018
99.9872
99.9632
99.9774
100.023
100.056
100.035
99.9693
99.9147
99.9312
100.023
100.125
100.144
100.037
99.856
99.7298
99.7785
100.025
100.355
100.563
100.464
100.005
99.3322
98.7514
98.6181
99.1824
100.462
102.188
103.842
104.768
104.325
102.028
97.6445
91.2281
83.0902
73.7264
63.7216
53.6578
44.0404
35.2525
27.538
21.0074
15.6606
11.4167
8.14422
5.68872
3.89311
2.61183
1.71868
1.10986
0.703674
0.438233
0.268195
0.161356
0.0954703
0.0555719
0.0318339
0.0179517
0.00996848
0.0054523
0.0029381
0.00156025
0.000816684
0.000421446
0.000214448
0.000107631
5.3254e-05
2.60625e-05
1.24333e-05
6.18272e-06
2.31608e-06
100
100
99.9994
99.9994
100.001
100.001
99.9987
99.9983
100.001
100.003
99.999
99.9964
99.9999
100.004
100.002
99.9955
99.995
100.003
100.008
100.001
99.991
99.9924
100.006
100.014
100.003
99.9855
99.9834
100.004
100.024
100.019
99.9872
99.9628
99.977
100.023
100.056
100.036
99.9691
99.9139
99.9305
100.023
100.126
100.145
100.037
99.8548
99.728
99.7776
100.026
100.357
100.566
100.464
100.003
99.3276
98.7472
98.6171
99.1863
100.47
102.197
103.847
104.766
104.314
102.01
97.6243
91.2122
83.0859
73.7395
63.7554
53.7126
44.1135
35.3393
27.6324
21.1035
15.7532
11.5016
8.21894
5.75196
3.94479
2.65273
1.75008
1.13331
0.720723
0.450321
0.276564
0.167018
0.099219
0.058002
0.0333777
0.0189135
0.0105565
0.00580526
0.00314625
0.0016809
0.000885458
0.000460013
0.000235732
0.000119199
5.94394e-05
2.93348e-05
1.41108e-05
7.08835e-06
2.6807e-06
100
100
99.9994
99.9994
100.001
100.001
99.9987
99.9983
100.001
100.003
99.9991
99.9963
99.9998
100.005
100.002
99.9955
99.9949
100.003
100.008
100.001
99.991
99.9923
100.006
100.014
100.004
99.9855
99.9832
100.004
100.025
100.019
99.9873
99.9626
99.9767
100.023
100.056
100.036
99.9692
99.9135
99.9299
100.023
100.126
100.146
100.037
99.8543
99.7269
99.7767
100.026
100.359
100.567
100.465
100.002
99.3252
98.7445
98.6158
99.1876
100.474
102.202
103.851
104.766
104.309
102
97.6119
91.2016
83.0815
73.7453
63.7741
53.7448
44.1581
35.3935
27.6927
21.1661
15.8144
11.5586
8.26972
5.79549
3.98081
2.68157
1.77248
1.15021
0.733146
0.459222
0.282789
0.171273
0.102064
0.0598647
0.0345726
0.0196652
0.0110205
0.0060865
0.00331371
0.00177891
0.000941864
0.000491951
0.00025353
0.000128967
6.47134e-05
3.21534e-05
1.55693e-05
7.88464e-06
3.00457e-06
100
100
99.9994
99.9994
100.001
100.001
99.9987
99.9983
100.001
100.003
99.9991
99.9964
99.9998
100.004
100.002
99.9955
99.9949
100.003
100.008
100.001
99.991
99.9923
100.006
100.014
100.004
99.9856
99.9831
100.003
100.025
100.019
99.9875
99.9626
99.9765
100.023
100.057
100.036
99.9693
99.9134
99.9296
100.023
100.127
100.146
100.037
99.8542
99.7264
99.7761
100.026
100.359
100.568
100.466
100.002
99.324
98.7427
98.6145
99.1879
100.476
102.206
103.854
104.767
104.307
101.995
97.6043
91.1937
83.0761
73.7451
63.781
53.7599
44.1811
35.4233
27.7272
21.2029
15.8514
11.5939
8.30178
5.82346
4.00432
2.70067
1.78753
1.16172
0.741713
0.465434
0.287185
0.174312
0.104118
0.0612239
0.0354537
0.0202252
0.0113697
0.00630026
0.00344225
0.00185487
0.000986009
0.000517189
0.000267729
0.000136834
6.90018e-05
3.44677e-05
1.67776e-05
8.55141e-06
3.27838e-06
100
100
99.9994
99.9994
100.001
100.001
99.9987
99.9983
100.001
100.003
99.9991
99.9964
99.9998
100.004
100.002
99.9955
99.9949
100.003
100.008
100.001
99.9911
99.9923
100.006
100.014
100.004
99.9856
99.9832
100.003
100.024
100.019
99.9875
99.9626
99.9765
100.023
100.057
100.036
99.9694
99.9134
99.9295
100.023
100.127
100.146
100.038
99.8542
99.7261
99.7758
100.026
100.359
100.569
100.466
100.002
99.3234
98.7418
98.6138
99.188
100.477
102.208
103.856
104.768
104.306
101.992
97.6001
91.1893
83.0732
73.7453
63.7856
53.7695
44.1959
35.4423
27.7494
21.2269
15.8757
11.6172
8.32317
5.84229
4.0203
2.71377
1.79793
1.16975
0.747738
0.469841
0.29033
0.176505
0.105613
0.0622214
0.0361058
0.0206431
0.0116325
0.0064625
0.00354062
0.0019135
0.00102036
0.000536995
0.000278965
0.000143114
7.24532e-05
3.63466e-05
1.77665e-05
9.10238e-06
3.50662e-06
100
100
99.9994
99.9994
100.001
100.001
99.9987
99.9983
100.001
100.003
99.9991
99.9964
99.9998
100.004
100.002
99.9955
99.9949
100.003
100.008
100.001
99.991
99.9923
100.006
100.014
100.004
99.9856
99.9831
100.003
100.025
100.019
99.9875
99.9626
99.9764
100.023
100.057
100.037
99.9694
99.9133
99.9294
100.023
100.127
100.146
100.038
99.8542
99.7259
99.7755
100.026
100.36
100.569
100.467
100.002
99.323
98.741
98.613
99.1876
100.478
102.209
103.858
104.769
104.307
101.991
97.5976
91.186
83.0699
73.7431
63.7855
53.7722
44.2015
35.4509
27.7603
21.2394
15.8889
11.6303
8.33553
5.85344
4.02995
2.72184
1.80445
1.17486
0.751631
0.472727
0.292416
0.177977
0.106629
0.0629068
0.0365588
0.0209365
0.0118189
0.00657868
0.00361176
0.0019563
0.00104568
0.000551727
0.0002874
0.00014787
7.5091e-05
3.77957e-05
1.85355e-05
9.5351e-06
3.68747e-06
100
100
99.9994
99.9994
100.001
100.001
99.9987
99.9983
100.001
100.003
99.9991
99.9964
99.9997
100.004
100.002
99.9955
99.9949
100.003
100.008
100.001
99.9911
99.9922
100.006
100.014
100.004
99.9856
99.9831
100.003
100.024
100.019
99.9876
99.9626
99.9764
100.023
100.057
100.037
99.9695
99.9134
99.9293
100.023
100.127
100.147
100.038
99.8543
99.7259
99.7754
100.025
100.359
100.569
100.467
100.002
99.3231
98.7409
98.6128
99.1874
100.478
102.209
103.858
104.77
104.307
101.99
97.5966
91.1849
83.0691
73.7431
63.7869
53.7753
44.2065
35.4575
27.7683
21.2482
15.8981
11.6393
8.34401
5.86107
4.03657
2.72737
1.80894
1.17839
0.754332
0.47474
0.293879
0.179015
0.107349
0.0633959
0.036884
0.0211485
0.0119544
0.00666375
0.0036642
0.00198807
0.0010646
0.000562813
0.000293793
0.0001515
7.71185e-05
3.89178e-05
1.91351e-05
9.87521e-06
3.83067e-06
100
100
99.9995
99.9994
100.001
100.001
99.9987
99.9983
100.001
100.003
99.9991
99.9964
99.9997
100.004
100.002
99.9956
99.9949
100.003
100.008
100.001
99.9911
99.9923
100.006
100.014
100.004
99.9856
99.9831
100.003
100.024
100.019
99.9876
99.9627
99.9764
100.023
100.057
100.037
99.9695
99.9134
99.9293
100.023
100.127
100.146
100.038
99.8543
99.7259
99.7754
100.025
100.359
100.57
100.467
100.002
99.323
98.7406
98.6125
99.1872
100.478
102.209
103.859
104.77
104.307
101.99
97.5958
91.1835
83.0674
73.7414
63.7857
53.7748
44.207
35.459
27.7708
21.2515
15.902
11.6435
8.34814
5.86497
4.04007
2.7304
1.81147
1.18043
0.755923
0.475949
0.294773
0.17966
0.107803
0.0637085
0.0370947
0.0212875
0.0120444
0.00672085
0.00369978
0.00200985
0.00107771
0.000570569
0.000298307
0.000154089
7.85772e-05
3.97326e-05
1.9574e-05
1.01267e-05
3.93748e-06
100
100
99.9994
99.9994
100.001
100.001
99.9987
99.9983
100.001
100.003
99.9991
99.9964
99.9998
100.004
100.002
99.9955
99.9949
100.003
100.008
100.001
99.9911
99.9923
100.006
100.014
100.004
99.9856
99.9831
100.003
100.024
100.019
99.9876
99.9626
99.9764
100.023
100.057
100.037
99.9695
99.9134
99.9293
100.023
100.127
100.147
100.038
99.8543
99.7259
99.7753
100.025
100.359
100.57
100.467
100.002
99.323
98.7406
98.6125
99.1872
100.478
102.209
103.859
104.77
104.307
101.99
97.5956
91.1834
83.0675
73.7419
63.7866
53.7764
44.2091
35.4618
27.774
21.255
15.9056
11.647
8.3515
5.86802
4.04275
2.73267
1.81332
1.18191
0.757071
0.476816
0.295412
0.18012
0.108127
0.0639317
0.0372452
0.0213871
0.012109
0.00676199
0.00372551
0.00202566
0.00108727
0.00057625
0.000301631
0.000156004
7.96622e-05
4.03421e-05
1.99041e-05
1.0317e-05
4.01879e-06
100
100
99.9994
99.9994
100.001
100.001
99.9987
99.9983
100.001
100.003
99.9991
99.9964
99.9997
100.004
100.002
99.9955
99.9949
100.003
100.008
100.001
99.9911
99.9922
100.006
100.014
100.004
99.9856
99.9831
100.003
100.024
100.019
99.9876
99.9626
99.9764
100.023
100.057
100.037
99.9696
99.9134
99.9293
100.023
100.127
100.147
100.038
99.8543
99.7258
99.7752
100.025
100.359
100.57
100.467
100.003
99.323
98.7405
98.6122
99.187
100.478
102.21
103.859
104.771
104.307
101.99
97.5954
91.1828
83.0665
73.7406
63.7853
53.7751
44.2082
35.4612
27.7738
21.2553
15.9062
11.6479
8.35249
5.86906
4.04377
2.73361
1.81415
1.1826
0.757638
0.477261
0.295752
0.180372
0.108309
0.0640597
0.0373334
0.0214465
0.0121482
0.00678735
0.00374161
0.0020357
0.00109341
0.000579947
0.000303818
0.000157279
8.03921e-05
4.07565e-05
2.01306e-05
1.0449e-05
4.07574e-06
100
100
99.9995
99.9994
100.001
100.001
99.9987
99.9983
100.001
100.003
99.9991
99.9964
99.9997
100.004
100.002
99.9956
99.9949
100.003
100.008
100.001
99.9911
99.9923
100.006
100.014
100.004
99.9857
99.9831
100.003
100.024
100.019
99.9876
99.9627
99.9764
100.023
100.057
100.037
99.9696
99.9134
99.9293
100.023
100.127
100.146
100.038
99.8544
99.7259
99.7753
100.025
100.359
100.57
100.467
100.003
99.3231
98.7407
98.6124
99.1871
100.478
102.209
103.859
104.771
104.307
101.99
97.5955
91.1831
83.0671
73.7415
63.7863
53.7764
44.2097
35.4628
27.7756
21.257
15.9079
11.6495
8.35397
5.87038
4.04491
2.73457
1.81494
1.18323
0.758122
0.477629
0.296024
0.180569
0.108449
0.0641572
0.0373998
0.0214909
0.0121773
0.0068061
0.00375347
0.00204307
0.00109792
0.00058266
0.000305425
0.000158216
8.09297e-05
4.10624e-05
2.02982e-05
1.0547e-05
4.11817e-06
100
100
99.9994
99.9994
100.001
100.001
99.9987
99.9983
100.001
100.003
99.9991
99.9964
99.9998
100.004
100.002
99.9955
99.9949
100.003
100.008
100.001
99.9911
99.9923
100.006
100.014
100.004
99.9856
99.9831
100.003
100.024
100.019
99.9876
99.9626
99.9764
100.023
100.057
100.037
99.9695
99.9134
99.9293
100.023
100.127
100.147
100.038
99.8543
99.7259
99.7753
100.025
100.359
100.57
100.467
100.002
99.323
98.7405
98.6123
99.187
100.478
102.21
103.859
104.771
104.307
101.99
97.5953
91.1826
83.0662
73.7404
63.7851
53.7751
44.2084
35.4617
27.7747
21.2563
15.9074
11.6492
8.35389
5.87042
4.04502
2.73472
1.81511
1.18339
0.758272
0.477756
0.296127
0.18065
0.10851
0.0642018
0.0374316
0.021513
0.0121923
0.00681604
0.00375993
0.00204719
0.00110049
0.00058424
0.000306378
0.000158782
8.12592e-05
4.12528e-05
2.04039e-05
1.06097e-05
4.14565e-06
100
100
99.9994
99.9994
100.001
100.001
99.9987
99.9983
100.001
100.003
99.9991
99.9964
99.9998
100.004
100.002
99.9955
99.9949
100.003
100.008
100.001
99.9911
99.9923
100.006
100.014
100.004
99.9856
99.9831
100.003
100.024
100.019
99.9876
99.9626
99.9764
100.023
100.057
100.037
99.9695
99.9134
99.9293
100.023
100.127
100.147
100.038
99.8543
99.7259
99.7753
100.025
100.359
100.57
100.467
100.003
99.323
98.7406
98.6123
99.187
100.478
102.209
103.859
104.771
104.307
101.99
97.5955
91.183
83.0669
73.7413
63.7862
53.7764
44.2097
35.463
27.7759
21.2576
15.9085
11.6502
8.35474
5.87114
4.04562
2.73521
1.81549
1.18369
0.758498
0.477925
0.296251
0.180739
0.108573
0.0642452
0.0374611
0.0215327
0.0122052
0.00682443
0.00376526
0.00205052
0.00110254
0.000585481
0.000307119
0.000159217
8.15111e-05
4.13975e-05
2.04839e-05
1.0657e-05
4.16635e-06
100
100
99.9994
99.9994
100.001
100.001
99.9987
99.9983
100.001
100.003
99.9991
99.9964
99.9997
100.004
100.002
99.9956
99.9949
100.003
100.008
100.001
99.9911
99.9923
100.006
100.014
100.004
99.9856
99.9831
100.003
100.024
100.019
99.9876
99.9626
99.9764
100.023
100.057
100.037
99.9696
99.9134
99.9293
100.023
100.127
100.147
100.038
99.8544
99.7259
99.7753
100.025
100.359
100.57
100.467
100.003
99.323
98.7405
98.6122
99.1869
100.478
102.209
103.859
104.771
104.307
101.99
97.5954
91.1826
83.0662
73.7403
63.785
53.7751
44.2084
35.4618
27.7748
21.2566
15.9077
11.6496
8.3543
5.87083
4.04541
2.73508
1.81542
1.18366
0.75849
0.47793
0.296262
0.180752
0.108584
0.0642554
0.0374692
0.0215388
0.0122097
0.00682754
0.00376739
0.00205193
0.00110346
0.000586061
0.000307479
0.000159436
8.1642e-05
4.14749e-05
2.05277e-05
1.06836e-05
4.17823e-06
100
100
99.9995
99.9994
100.001
100.001
99.9987
99.9983
100.001
100.003
99.9991
99.9964
99.9997
100.004
100.002
99.9956
99.9949
100.003
100.008
100.001
99.9911
99.9923
100.006
100.014
100.004
99.9857
99.9831
100.003
100.024
100.019
99.9876
99.9627
99.9764
100.023
100.057
100.037
99.9696
99.9134
99.9293
100.023
100.127
100.146
100.038
99.8544
99.7259
99.7753
100.025
100.359
100.57
100.467
100.003
99.3231
98.7407
98.6124
99.187
100.478
102.209
103.859
104.771
104.307
101.99
97.5955
91.183
83.0669
73.7413
63.7862
53.7764
44.2097
35.4631
27.776
21.2577
15.9087
11.6504
8.35496
5.87136
4.04583
2.7354
1.81566
1.18384
0.758623
0.478025
0.29633
0.180799
0.108617
0.0642772
0.0374838
0.0215484
0.0122159
0.0068315
0.00376988
0.00205348
0.0011044
0.000586634
0.00030782
0.000159637
8.17585e-05
4.1542e-05
2.05649e-05
1.07057e-05
4.18795e-06
100
100
99.9994
99.9994
100.001
100.001
99.9987
99.9983
100.001
100.003
99.9991
99.9964
99.9998
100.004
100.002
99.9955
99.9949
100.003
100.008
100.001
99.9911
99.9923
100.006
100.014
100.004
99.9856
99.9831
100.003
100.024
100.019
99.9876
99.9626
99.9764
100.023
100.057
100.037
99.9695
99.9134
99.9293
100.023
100.127
100.147
100.038
99.8543
99.7259
99.7753
100.025
100.359
100.57
100.467
100.003
99.323
98.7405
98.6122
99.187
100.478
102.21
103.859
104.771
104.307
101.99
97.5953
91.1825
83.0661
73.7403
63.785
53.7751
44.2084
35.4618
27.7749
21.2567
15.9078
11.6497
8.35442
5.87095
4.04553
2.73519
1.81552
1.18375
0.758561
0.477987
0.296307
0.180786
0.10861
0.0642742
0.0374827
0.0215482
0.0122161
0.00683184
0.00377021
0.00205375
0.00110461
0.00058678
0.000307919
0.000159702
8.17991e-05
4.15673e-05
2.05798e-05
1.07151e-05
4.1923e-06
100
100
99.9994
99.9994
100.001
100.001
99.9987
99.9983
100.001
100.003
99.9991
99.9964
99.9997
100.004
100.002
99.9955
99.9949
100.003
100.008
100.001
99.9911
99.9923
100.006
100.014
100.004
99.9856
99.9831
100.003
100.024
100.019
99.9876
99.9626
99.9764
100.023
100.057
100.037
99.9696
99.9134
99.9293
100.023
100.127
100.147
100.038
99.8544
99.7259
99.7753
100.025
100.359
100.57
100.467
100.003
99.3231
98.7406
98.6123
99.187
100.478
102.209
103.859
104.771
104.307
101.99
97.5955
91.183
83.0668
73.7412
63.7861
53.7763
44.2097
35.4631
27.776
21.2577
15.9087
11.6505
8.35501
5.87142
4.04589
2.73546
1.81572
1.18389
0.758662
0.478057
0.296355
0.180818
0.108632
0.0642881
0.0374916
0.0215539
0.0122197
0.00683406
0.00377157
0.00205458
0.00110511
0.000587074
0.000308091
0.000159802
8.18565e-05
4.16e-05
2.05978e-05
1.07257e-05
4.19695e-06
100
100
99.9994
99.9994
100.001
100.001
99.9987
99.9983
100.001
100.003
99.9991
99.9964
99.9997
100.004
100.002
99.9956
99.9949
100.003
100.008
100.001
99.9911
99.9923
100.006
100.014
100.004
99.9856
99.9831
100.003
100.024
100.019
99.9876
99.9626
99.9764
100.023
100.057
100.037
99.9696
99.9134
99.9293
100.023
100.127
100.147
100.038
99.8544
99.7259
99.7753
100.025
100.359
100.57
100.467
100.003
99.323
98.7405
98.6122
99.1869
100.478
102.209
103.859
104.771
104.307
101.99
97.5954
91.1826
83.0662
73.7403
63.785
53.7751
44.2084
35.4618
27.7749
21.2567
15.9079
11.6498
8.35444
5.87098
4.04556
2.73522
1.81555
1.18377
0.758583
0.478005
0.296321
0.180797
0.108619
0.0642805
0.0374872
0.0215514
0.0122183
0.00683334
0.00377121
0.0020544
0.00110503
0.000587045
0.000308083
0.000159802
8.18594e-05
4.16032e-05
2.06002e-05
1.07277e-05
4.19797e-06
100
100
99.9994
99.9994
100.001
100.001
99.9987
99.9983
100.001
100.003
99.9991
99.9964
99.9997
100.004
100.002
99.9955
99.9949
100.003
100.008
100.001
99.9911
99.9923
100.006
100.014
100.004
99.9856
99.9831
100.003
100.024
100.019
99.9876
99.9627
99.9764
100.023
100.057
100.037
99.9696
99.9134
99.9293
100.023
100.127
100.146
100.038
99.8544
99.7259
99.7753
100.025
100.359
100.57
100.467
100.003
99.3231
98.7406
98.6124
99.187
100.478
102.209
103.859
104.771
104.307
101.99
97.5955
91.183
83.0668
73.7412
63.7861
53.7763
44.2097
35.4631
27.776
21.2577
15.9087
11.6505
8.35503
5.87144
4.04591
2.73548
1.81573
1.1839
0.758673
0.478066
0.296363
0.180824
0.108636
0.0642916
0.0374941
0.0215557
0.0122209
0.00683493
0.00377215
0.00205496
0.00110535
0.000587231
0.000308189
0.000159862
8.18928e-05
4.16217e-05
2.06102e-05
1.07334e-05
4.20046e-06
100
100
99.9994
99.9994
100.001
100.001
99.9987
99.9983
100.001
100.003
99.9991
99.9964
99.9998
100.004
100.002
99.9955
99.9949
100.003
100.008
100.001
99.9911
99.9923
100.006
100.014
100.004
99.9856
99.9831
100.003
100.024
100.019
99.9876
99.9626
99.9764
100.023
100.057
100.037
99.9696
99.9134
99.9293
100.023
100.127
100.147
100.038
99.8543
99.7259
99.7753
100.025
100.359
100.57
100.467
100.003
99.323
98.7405
98.6122
99.1869
100.478
102.21
103.859
104.771
104.307
101.99
97.5954
91.1826
83.0662
73.7403
63.785
53.7751
44.2084
35.4618
27.7749
21.2567
15.9079
11.6498
8.35446
5.871
4.04558
2.73523
1.81556
1.18378
0.75859
0.478011
0.296326
0.180801
0.108622
0.0642825
0.0374887
0.0215525
0.0122191
0.00683386
0.00377156
0.00205463
0.00110518
0.000587139
0.000308142
0.000159839
8.18814e-05
4.16165e-05
2.06078e-05
1.07325e-05
4.20011e-06
100
100
99.9994
99.9994
100.001
100.001
99.9987
99.9983
100.001
100.003
99.9991
99.9964
99.9997
100.004
100.002
99.9955
99.9949
100.003
100.008
100.001
99.9911
99.9923
100.006
100.014
100.004
99.9856
99.9831
100.003
100.024
100.019
99.9876
99.9626
99.9764
100.023
100.057
100.037
99.9696
99.9134
99.9293
100.023
100.127
100.147
100.038
99.8544
99.7259
99.7753
100.025
100.359
100.57
100.467
100.003
99.3231
98.7406
98.6123
99.187
100.478
102.209
103.859
104.771
104.307
101.99
97.5955
91.1829
83.0668
73.7411
63.786
53.7762
44.2096
35.4629
27.7759
21.2576
15.9086
11.6504
8.35496
5.87138
4.04587
2.73545
1.81571
1.18389
0.758665
0.478061
0.29636
0.180823
0.108635
0.0642912
0.037494
0.0215558
0.012221
0.00683501
0.00377223
0.00205502
0.0011054
0.000587263
0.000308211
0.000159877
8.1902e-05
4.16275e-05
2.06138e-05
1.07355e-05
4.20163e-06
100
100
99.9994
99.9994
100.001
100.001
99.9987
99.9983
100.001
100.003
99.9991
99.9964
99.9997
100.004
100.002
99.9955
99.9949
100.003
100.008
100.001
99.9911
99.9923
100.006
100.014
100.004
99.9856
99.9831
100.003
100.024
100.019
99.9876
99.9626
99.9764
100.023
100.057
100.037
99.9696
99.9134
99.9293
100.023
100.127
100.147
100.038
99.8544
99.7259
99.7753
100.025
100.359
100.57
100.467
100.003
99.3231
98.7406
98.6123
99.187
100.478
102.209
103.859
104.771
104.307
101.99
97.5956
91.1831
83.0671
73.7415
63.7865
53.7768
44.2102
35.4636
27.7765
21.2582
15.9092
11.6509
8.35534
5.87169
4.04612
2.73564
1.81585
1.18399
0.758739
0.478113
0.296395
0.180846
0.108651
0.0643013
0.0375005
0.0215598
0.0122235
0.00683651
0.00377312
0.00205555
0.0011057
0.000587438
0.00030831
0.000159932
8.19324e-05
4.16442e-05
2.06226e-05
1.07406e-05
4.20368e-06
)
;

boundaryField
{
    left
    {
        type            fixedValue;
        value           uniform 100;
    }
    right
    {
        type            zeroGradient;
    }
    up
    {
        type            zeroGradient;
    }
    down
    {
        type            fixedValue;
        value           uniform 0;
    }
    frontAndBack
    {
        type            empty;
    }
}


// ************************************************************************* //
