/*--------------------------------*- C++ -*----------------------------------*\
  =========                 |
  \\      /  F ield         | OpenFOAM: The Open Source CFD Toolbox
   \\    /   O peration     | Website:  https://openfoam.org
    \\  /    A nd           | Version:  8
     \\/     M anipulation  |
\*---------------------------------------------------------------------------*/
FoamFile
{
    version     2.0;
    format      ascii;
    class       volScalarField;
    location    "0.594";
    object      T;
}
// * * * * * * * * * * * * * * * * * * * * * * * * * * * * * * * * * * * * * //

dimensions      [0 0 0 1 0 0 0];

internalField   nonuniform List<scalar> 
2500
(
49.9999
4.65707
-4.65614
-1.19258
1.18828
0.471578
-0.459084
-0.250451
0.222987
0.16873
-0.118736
-0.134807
0.0563429
0.115842
-0.00839752
-0.0957823
-0.0312765
0.0661241
0.0586527
-0.0257246
-0.0654169
-0.0173539
0.0462328
0.0469884
-0.00708785
-0.047204
-0.0311495
0.0164051
0.0421008
0.0230864
-0.0162817
-0.0364775
-0.0217978
0.0102776
0.0304394
0.0242708
-0.000106751
-0.0213409
-0.0259524
-0.0117867
0.00709326
0.0205105
0.0198921
0.008432
-0.00395895
-0.0163033
-0.01436
-0.0127324
-0.00205439
0.00661885
95.3431
49.9996
10.5053
-4.65315
-2.85156
1.1779
1.18027
-0.434647
-0.641884
0.176852
0.423247
-0.044504
-0.309883
-0.0475046
0.225062
0.117203
-0.137082
-0.158212
0.0389778
0.155941
0.0549723
-0.102454
-0.114498
0.011992
0.110122
0.0728117
-0.0404521
-0.0986455
-0.0489847
0.0445254
0.0854315
0.0425771
-0.0343337
-0.0734503
-0.0475744
0.0139221
0.0580137
0.0547894
0.0139544
-0.0327383
-0.0509428
-0.0398318
-0.00273232
0.0257912
0.0416552
0.0344021
0.00900567
-0.00519413
-0.0317858
-0.0237058
104.657
89.4948
49.999
12.164
-4.64699
-3.56042
1.1594
1.57327
-0.395734
-0.900558
0.10998
0.60606
0.053913
-0.430483
-0.172398
0.279594
0.250648
-0.120829
-0.269436
-0.0388901
0.210108
0.161409
-0.0796659
-0.196633
-0.0712967
0.120678
0.159274
0.0241711
-0.121718
-0.130937
-0.0127858
0.105171
0.116564
0.0256241
-0.0768466
-0.107847
-0.051688
0.0345969
0.0893527
0.0756601
0.0178604
-0.044741
-0.0756295
-0.0561939
-0.0218182
0.03314
0.0482957
0.05458
0.0365643
-0.00478992
101.192
104.655
87.836
49.9982
12.8733
-4.63659
-3.95543
1.13089
1.8373
-0.340195
-1.09376
0.0211456
0.742799
0.174965
-0.505307
-0.312001
0.282677
0.380047
-0.0530301
-0.350112
-0.152584
0.210812
0.269106
-0.001427
-0.238636
-0.179297
0.0702302
0.218096
0.125418
-0.0828304
-0.189451
-0.108662
0.0617664
0.160725
0.115999
-0.0172846
-0.122785
-0.126551
-0.0424745
0.0633293
0.111219
0.0943811
0.0156743
-0.0503391
-0.0899577
-0.0807845
-0.0261047
0.00468936
0.0661491
0.0533708
98.8109
102.851
104.65
87.1266
49.997
13.2697
-4.62096
-4.22428
1.09062
2.04116
-0.266285
-1.24884
-0.0899939
0.843278
0.315638
-0.536844
-0.4583
0.236603
0.492838
0.0578475
-0.38775
-0.283874
0.154583
0.35378
0.118146
-0.223672
-0.281903
-0.0339531
0.22238
0.229688
0.01464
-0.191626
-0.204379
-0.0385314
0.141338
0.190433
0.0862286
-0.0668111
-0.160045
-0.131117
-0.0266758
0.0833018
0.13445
0.0970827
0.0345484
-0.0622169
-0.0865314
-0.096219
-0.0615948
0.0109313
99.5289
98.8195
103.561
104.642
86.7298
49.9957
13.5415
-4.5991
-4.43688
1.037
2.21381
-0.172685
-1.37717
-0.222875
0.910391
0.471537
-0.525335
-0.602017
0.144695
0.576788
0.200312
-0.373652
-0.412411
0.0456338
0.394396
0.257013
-0.146157
-0.348961
-0.170239
0.15912
0.299905
0.146827
-0.12252
-0.256902
-0.164071
0.0509356
0.202979
0.189525
0.0463027
-0.11547
-0.177062
-0.136893
-0.00750515
0.0908346
0.144716
0.118209
0.0297153
-0.0194964
-0.111048
-0.0818865
100.46
98.8194
98.8359
103.957
104.629
86.4576
49.994
13.7593
-4.57009
-4.62344
0.968573
2.36823
-0.0585265
-1.48285
-0.376018
0.943924
0.637024
-0.47074
-0.733126
0.0123042
0.621016
0.360012
-0.304072
-0.517517
-0.104197
0.376103
0.38831
-0.0131204
-0.356279
-0.306827
0.0329148
0.305671
0.275081
0.00940333
-0.234873
-0.266895
-0.088091
0.131135
0.239967
0.168659
0.00635548
-0.145193
-0.195608
-0.123624
-0.0235856
0.111323
0.130314
0.135287
0.0687141
-0.0307026
100.25
100.438
98.4251
98.8618
104.227
104.611
86.2392
49.9921
13.9538
-4.53301
-4.7983
0.884058
2.51014
0.0765851
-1.56648
-0.547041
0.942416
0.805397
-0.373837
-0.841425
-0.152778
0.617008
0.52044
-0.180994
-0.580318
-0.27643
0.292629
0.484433
0.156321
-0.290787
-0.40845
-0.13377
0.231878
0.356714
0.1727
-0.130847
-0.299273
-0.230587
-0.00897832
0.196877
0.244278
0.154576
-0.0342274
-0.152605
-0.203464
-0.136514
-0.0109711
0.0574622
0.167564
0.105072
99.7753
100.643
100.401
98.1591
98.8993
104.441
104.585
86.0439
49.9899
14.1403
-4.48699
-4.96863
0.782332
2.6416
0.23257
-1.62686
-0.732713
0.90418
0.969169
-0.236816
-0.917192
-0.340345
0.55949
0.664079
-0.0123457
-0.585937
-0.447924
0.147688
0.521564
0.333705
-0.153906
-0.444402
-0.304431
0.0834946
0.358728
0.319075
0.0362285
-0.23583
-0.319975
-0.170014
0.0574296
0.233371
0.24896
0.121981
-0.0237438
-0.183509
-0.17473
-0.162745
-0.0453774
0.0687465
99.8312
99.8193
100.904
100.348
97.9526
98.9499
104.63
104.552
85.8564
49.9875
14.3268
-4.43116
-5.138
0.662425
2.76273
0.40888
-1.66189
-0.929015
0.827874
1.12033
-0.0635916
-0.951776
-0.538073
0.447072
0.773737
0.188353
-0.525341
-0.593558
-0.0448348
0.483645
0.485957
0.0372444
-0.395257
-0.436957
-0.112989
0.267614
0.397602
0.224632
-0.0871454
-0.305888
-0.296451
-0.126685
0.120812
0.233575
0.253802
0.118507
-0.0398982
-0.123944
-0.228906
-0.113489
100.121
99.5739
99.8844
101.101
100.276
97.7765
99.0152
104.808
104.51
85.6687
49.9849
14.5177
-4.36467
-5.30806
0.523525
2.87247
0.604484
-1.66909
-1.13119
0.712887
1.25061
0.140039
-0.938171
-0.732016
0.282682
0.833955
0.402872
-0.396786
-0.689237
-0.262062
0.365561
0.5811
0.251445
-0.257521
-0.494635
-0.311898
0.0917734
0.375805
0.373854
0.108627
-0.174948
-0.337622
-0.271622
-0.0725706
0.11751
0.271688
0.20579
0.161643
-0.0220289
-0.125648
100.136
100.048
99.3873
99.9719
101.26
100.185
97.6178
99.0966
104.981
104.459
85.4762
49.9819
14.7158
-4.2867
-5.47931
0.365013
2.96911
0.817828
-1.64595
-1.33381
0.559672
1.35187
0.366338
-0.871638
-0.90731
0.0738417
0.832513
0.609693
-0.206878
-0.714959
-0.474901
0.175786
0.593372
0.449348
-0.0481824
-0.453599
-0.460525
-0.135606
0.251329
0.421354
0.300654
0.0278576
-0.253367
-0.316832
-0.268833
-0.0429121
0.127985
0.214729
0.274415
0.0924031
99.9415
100.315
99.95
99.246
100.083
101.394
100.072
97.4708
99.1953
105.155
104.398
85.2763
49.9787
14.9227
-4.19645
-5.65161
0.186452
3.05054
1.04689
-1.59019
-1.53097
0.369894
1.41647
0.605855
-0.750209
-1.04913
-0.167605
0.761893
0.785979
0.029578
-0.65804
-0.651883
-0.0635835
0.508334
0.591898
0.194581
-0.306387
-0.519153
-0.353567
0.0434732
0.340427
0.424681
0.225903
-0.0441459
-0.256054
-0.349379
-0.197469
-0.107107
0.141563
0.191733
99.8822
100.046
100.44
99.828
99.1402
100.216
101.505
99.9374
97.3333
99.3124
105.33
104.325
85.0673
49.9752
15.1394
-4.09312
-5.82437
-0.0124456
3.11441
1.28921
-1.49988
-1.71639
0.146494
1.43761
0.847721
-0.574984
-1.14359
-0.426148
0.620402
0.909567
0.291073
-0.516143
-0.762382
-0.321128
0.329512
0.644302
0.422785
-0.0715812
-0.467163
-0.49224
-0.209613
0.159801
0.409828
0.363256
0.208393
-0.107294
-0.24463
-0.3081
-0.266891
-0.0242193
100.01
99.7684
100.172
100.52
99.6848
99.0675
100.371
101.595
99.7811
97.2054
99.4488
105.507
104.241
84.8481
49.9715
15.3666
-3.97588
-5.99666
-0.23179
3.15818
1.54183
-1.37351
-1.88347
-0.106236
1.40962
1.0799
-0.350292
-1.17876
-0.683218
0.412581
0.961432
0.550699
-0.298093
-0.7813
-0.560149
0.0806797
0.580342
0.59355
0.197489
-0.294718
-0.513366
-0.432461
-0.0702195
0.231724
0.409595
0.366588
0.116572
-0.0228734
-0.30072
-0.241832
100.099
99.8816
99.7096
100.316
100.556
99.5246
99.0283
100.546
101.663
99.6033
97.088
99.6053
105.686
104.143
84.618
49.9674
15.6046
-3.84396
-6.16734
-0.47147
3.17929
1.80137
-1.21027
-2.02555
-0.382582
1.32841
1.28963
-0.0838478
-1.14577
-0.918125
0.149223
0.928905
0.777301
-0.0218374
-0.697484
-0.738254
-0.204045
0.400135
0.666033
0.435296
-0.0199411
-0.419229
-0.526821
-0.311483
-0.0326489
0.320798
0.352998
0.354708
0.15969
-0.0982739
100.031
100.144
99.7433
99.7033
100.468
100.548
99.3528
99.0245
100.737
101.705
99.4049
96.983
99.7825
105.866
104.032
84.3767
49.963
15.8538
-3.69656
-6.33511
-0.731175
3.17523
2.06398
-1.01001
-2.13605
-0.675458
1.19172
1.46421
0.213173
-1.03946
-1.11017
-0.152067
0.806391
0.940526
0.284991
-0.51524
-0.814717
-0.486915
0.139438
0.598003
0.601334
0.278695
-0.213195
-0.45092
-0.504333
-0.254325
0.0604959
0.226595
0.445805
0.231162
99.9305
100.164
100.129
99.6071
99.7479
100.62
100.496
99.1763
99.0582
100.941
101.719
99.1873
96.8925
99.9808
106.047
103.906
84.1237
49.9583
16.1143
-3.5329
-6.49853
-1.01042
3.14351
2.32549
-0.773358
-2.20871
-0.976595
0.999339
1.59152
0.52652
-0.858782
-1.24078
-0.466892
0.59454
1.0184
0.581365
-0.244971
-0.772848
-0.712416
-0.160009
0.384931
0.664992
0.496987
0.0984576
-0.263576
-0.531366
-0.380804
-0.282898
0.0782058
0.254198
99.9392
99.9568
100.282
100.061
99.4863
99.8409
100.76
100.399
99.0026
99.1315
101.152
101.703
98.9523
96.8191
100.2
106.227
103.765
83.8588
49.9532
16.3864
-3.35218
-6.65606
-1.3085
3.08174
2.58136
-0.501842
-2.23759
-1.27674
0.753658
1.66017
0.840129
-0.608872
-1.2928
-0.768829
0.305876
0.994533
0.823924
0.0901592
-0.620795
-0.814317
-0.469274
0.0928211
0.56825
0.595587
0.427419
-0.0373814
-0.313188
-0.446178
-0.47496
-0.110852
100.028
99.8354
100.037
100.369
99.9456
99.3939
99.9775
100.879
100.26
98.8402
99.2452
101.365
101.653
98.7022
96.7653
100.442
106.405
103.608
83.5819
49.9477
16.67
-3.15357
-6.80602
-1.6245
2.98771
2.8267
-0.197813
-2.21748
-1.56572
0.459489
1.66048
1.13658
-0.301137
-1.2516
-1.03356
-0.0309387
0.852107
0.987857
0.432309
-0.358102
-0.773283
-0.724998
-0.205634
0.284273
0.597525
0.60029
0.237721
0.0329703
-0.410147
-0.372779
100.069
99.9437
99.7755
100.157
100.413
99.7953
99.342
100.15
100.964
100.081
98.6977
99.3996
101.575
101.567
98.4398
96.7339
100.704
106.58
103.434
83.2928
49.9419
16.9653
-2.93624
-6.94663
-1.95732
2.8594
3.05629
0.135583
-2.14429
-1.83222
0.123289
1.58679
1.39514
0.0514953
-1.11407
-1.23044
-0.387409
0.595618
1.05003
0.716154
0.00817801
-0.624211
-0.817361
-0.501267
-0.0800393
0.468386
0.536371
0.546861
0.2675
-0.133207
100.018
100.111
99.8298
99.7715
100.299
100.403
99.6244
99.3404
100.349
101.008
99.8685
98.5838
99.5933
101.775
101.444
98.1685
96.7275
100.987
106.75
103.242
82.9912
49.9355
17.2723
-2.69936
-7.07602
-2.3055
2.69492
3.26479
0.493908
-2.01455
-2.06498
-0.245256
1.43597
1.5952
0.432263
-0.887951
-1.32408
-0.743707
0.267926
0.962971
0.925973
0.393447
-0.365829
-0.70919
-0.762798
-0.357598
0.119665
0.367764
0.679352
0.338089
99.9496
100.122
100.089
99.7122
99.8287
100.439
100.333
99.4499
99.3956
100.562
101.001
99.6294
98.507
99.824
101.958
101.283
97.892
96.749
101.291
106.914
103.031
82.6772
49.9287
17.5912
-2.44205
-7.19225
-2.66736
2.49262
3.44685
0.871423
-1.8254
-2.25425
-0.631411
1.20399
1.72506
0.809106
-0.57295
-1.30686
-1.05199
-0.10132
0.716876
1.04899
0.681599
0.0373672
-0.501631
-0.829593
-0.537012
-0.35448
0.215465
0.419197
99.9494
99.9851
100.213
100.006
99.617
99.944
100.557
100.204
99.2906
99.5103
100.773
100.938
99.3735
98.475
100.088
102.116
101.081
97.6146
96.8009
101.614
107.07
102.8
82.3506
49.9214
17.9219
-2.16356
-7.29319
-3.0412
2.25168
3.59638
1.26259
-1.57736
-2.38805
-1.02184
0.895436
1.7714
1.14987
-0.175485
-1.19105
-1.24034
-0.517657
0.393015
0.992239
0.869983
0.488675
-0.256615
-0.57967
-0.720977
-0.620602
-0.0545504
100.009
99.8788
100.075
100.263
99.8758
99.5679
100.106
100.632
100.024
99.1655
99.6826
100.967
100.816
99.1119
98.4944
100.379
102.243
100.841
97.3407
96.8857
101.956
107.215
102.549
82.0111
49.9135
18.2647
-1.86289
-7.37672
-3.42495
1.97132
3.70721
1.66129
-1.27359
-2.45228
-1.40722
0.529772
1.7066
1.44956
0.249717
-0.946052
-1.30637
-0.915002
0.0396345
0.701301
1.01127
0.75883
0.137363
-0.199403
-0.782288
-0.538187
100.052
99.9208
99.8647
100.195
100.25
99.7217
99.5825
100.296
100.645
99.8053
99.0918
99.9055
101.129
100.635
98.8574
98.5703
100.691
102.332
100.562
97.0753
97.0059
102.316
107.349
102.277
81.6585
49.905
18.6195
-1.53878
-7.44091
-3.81549
1.64965
3.77572
2.05627
-0.912053
-2.44428
-1.7626
0.112161
1.52948
1.68314
0.655334
-0.549748
-1.29182
-1.14999
-0.408069
0.323944
0.980119
0.807331
0.671744
0.0342546
-0.414644
100.034
100.047
99.8232
99.9182
100.312
100.168
99.5726
99.6695
100.488
100.585
99.5681
99.0842
100.167
101.241
100.398
98.6235
98.7059
101.014
102.376
100.247
96.8239
97.1634
102.691
107.468
101.982
81.2928
49.8956
18.9865
-1.19078
-7.4828
-4.21033
1.28742
3.79596
2.43734
-0.495078
-2.36363
-2.05535
-0.363034
1.27753
1.77291
1.07085
-0.10591
-1.11896
-1.21916
-0.89929
0.00950627
0.586969
0.857748
0.952537
0.250436
99.9808
100.111
99.9753
99.754
100.034
100.392
100.021
99.4595
99.8267
100.656
100.45
99.3351
99.1524
100.452
101.291
100.112
98.4243
98.9027
101.341
102.369
99.8986
96.5921
97.3604
103.081
107.571
101.663
80.9139
49.8856
19.3662
-0.818597
-7.49926
-4.6087
0.88926
3.75676
2.80537
-0.0456094
-2.18433
-2.29566
-0.841777
0.928422
1.72051
1.46339
0.296911
-0.694129
-1.26062
-1.15348
-0.390584
0.0366795
0.879014
0.728408
99.952
100.054
100.14
99.8601
99.745
100.189
100.406
99.8303
99.4104
100.041
100.771
100.243
99.1316
99.3003
100.74
101.266
99.7891
98.2734
99.1593
101.659
102.306
99.5204
96.3854
97.5987
103.484
107.656
101.32
80.5203
49.8751
19.7585
-0.418555
-7.49006
-5.00435
0.449745
3.6591
3.14471
0.433227
-1.90106
-2.48188
-1.26589
0.429906
1.61577
1.66289
0.770641
-0.19019
-1.17642
-1.09462
-0.986406
-0.24815
0.437012
99.9739
99.9475
100.15
100.098
99.738
99.8132
100.348
100.337
99.6256
99.4453
100.288
100.81
99.9797
98.983
99.5244
101.009
101.162
99.4431
98.1835
99.4713
101.958
102.183
99.1182
96.2095
97.8787
103.898
107.721
100.951
80.1127
49.8624
20.1621
0.00999839
-7.45135
-5.38851
-0.0351871
3.50907
3.41825
0.965282
-1.56752
-2.51948
-1.69342
-0.101171
1.37646
1.65591
1.31709
0.167872
-0.671587
-1.06462
-1.30276
-0.418787
100.02
99.9004
100.013
100.221
99.987
99.652
99.9561
100.471
100.185
99.4451
99.5727
100.535
100.756
99.6833
98.9124
99.8144
101.234
100.973
99.0922
98.1669
99.8321
102.224
101.996
98.6986
96.0725
98.2019
104.317
107.762
100.556
79.6938
49.8483
20.5806
0.45915
-7.37432
-5.77175
-0.537571
3.27917
3.65165
1.49421
-1.16368
-2.41295
-2.12048
-0.536208
0.858098
1.67059
1.58029
0.587107
0.0148479
-1.10685
-0.955341
100.043
99.9509
99.8749
100.126
100.227
99.8315
99.6395
100.151
100.52
99.9648
99.3268
99.7867
100.746
100.602
99.3826
98.9371
100.154
101.393
100.703
98.7544
98.2328
100.234
102.446
101.742
98.2657
95.9801
98.5721
104.743
107.774
100.129
79.2569
49.837
21.0159
0.942135
-7.26415
-6.15163
-1.06555
2.95744
3.86954
1.96237
-0.593271
-2.30464
-2.34792
-1.0717
0.266796
1.60953
1.48046
1.32259
0.314215
-0.595516
100.026
100.042
99.8614
99.9239
100.242
100.149
99.6755
99.7207
100.356
100.471
99.7113
99.3015
100.064
100.886
100.357
99.1116
99.0641
100.516
101.47
100.363
98.4503
98.383
100.664
102.614
101.426
97.8281
95.9324
98.9841
105.175
107.764
99.6753
78.7983
49.8183
21.4558
1.47311
-7.12089
-6.47667
-1.66773
2.60135
3.93308
2.46726
0.0128837
-2.05234
-2.35075
-1.74584
-0.130936
0.996372
1.48335
1.72505
0.515622
99.987
100.089
99.9709
99.8046
100.043
100.311
99.9939
99.571
99.8928
100.521
100.315
99.4717
99.3899
100.368
100.922
100.042
98.9094
99.2943
100.869
101.442
99.9698
98.208
98.6217
101.1
102.71
101.05
97.4051
95.9429
99.4335
105.593
107.724
99.1961
78.3446
49.7897
21.9117
1.9974
-6.91918
-6.78647
-2.25102
2.19665
3.86313
2.99242
0.462041
-1.47489
-2.4562
-2.03258
-0.617706
0.223869
1.6237
1.24037
99.9625
100.057
100.096
99.8598
99.8248
100.197
100.289
99.7948
99.5622
100.13
100.598
100.067
99.2937
99.5962
100.657
100.833
99.6805
98.8068
99.6234
101.183
101.297
99.5355
98.0471
98.9578
101.535
102.718
100.601
96.9965
96.0295
99.9403
106.006
107.629
98.6659
77.8723
49.7829
22.4157
2.54961
-6.66698
-7.16134
-2.79316
1.60925
3.90574
3.34155
1.11409
-0.891966
-2.55882
-2.00981
-1.62218
0.0303805
1.06286
99.9698
99.982
100.135
100.023
99.763
99.9348
100.331
100.165
99.6072
99.6673
100.38
100.558
99.7676
99.2159
99.8953
100.887
100.625
99.3152
98.8166
100.022
101.436
101.047
99.085
97.9678
99.3703
101.962
102.655
100.097
96.5931
96.162
100.495
106.441
107.52
98.0997
77.3305
49.7538
22.8954
3.23967
-6.37623
-7.36937
-3.4845
0.950079
3.71537
3.51425
2.03867
-0.441752
-1.83798
-2.27684
-2.20313
-0.418573
100.001
99.9253
100.064
100.158
99.893
99.7399
100.107
100.381
99.9606
99.4986
99.8764
100.574
100.392
99.4822
99.2742
100.238
101
100.317
99.011
98.958
100.44
101.575
100.706
98.6783
98.0014
99.8245
102.318
102.505
99.584
96.2579
96.3455
101.046
106.815
107.409
97.5388
76.86
49.6683
23.3553
3.82857
-6.03813
-7.4367
-4.12723
0.540606
3.11337
3.84015
2.2678
0.192716
-1.09499
-2.51296
-1.47533
100.028
99.9304
99.9537
100.161
100.089
99.7604
99.8284
100.289
100.304
99.7229
99.522
100.16
100.651
100.103
99.2684
99.4915
100.584
100.954
99.9138
98.811
99.2592
100.861
101.559
100.248
98.3325
98.1994
100.358
102.586
102.196
99.0081
96.0111
96.6846
101.667
107.126
107.146
96.8726
76.4174
49.6857
24.0145
4.37248
-5.61795
-7.88673
-4.64294
-0.184655
2.8503
4.33282
2.47032
1.47558
-1.41783
-2.04682
100.034
99.9812
99.883
100.057
100.209
99.9379
99.6873
100.014
100.416
100.11
99.5163
99.679
100.456
100.595
99.746
99.1574
99.8271
100.893
100.772
99.4636
98.709
99.6726
101.274
101.435
99.7066
98.0123
98.4933
100.966
102.844
101.811
98.3381
95.7267
97.0712
102.409
107.564
106.882
96.1156
75.6856
49.6486
24.5651
5.37667
-5.02958
-7.93781
-5.31429
-1.49315
2.37079
3.66386
3.52329
2.41945
-0.24128
100.016
100.046
99.8972
99.9114
100.178
100.16
99.773
99.729
100.226
100.417
99.8603
99.4325
99.9327
100.654
100.401
99.4332
99.2059
100.194
101.059
100.482
99.0946
98.7596
100.1
101.549
101.206
99.2267
97.8331
98.827
101.471
102.984
101.448
97.7912
95.5461
97.3642
103.021
107.862
106.808
95.504
75.2173
49.3967
24.8331
6.03387
-4.68004
-7.30547
-5.89186
-1.45567
1.35466
3.09946
3.47477
1.29498
99.9896
100.069
99.9791
99.8498
100.03
100.238
99.9997
99.6751
99.9128
100.389
100.244
99.6139
99.5417
100.257
100.674
100.05
99.2317
99.4808
100.574
100.994
100.03
98.855
99.0706
100.59
101.603
100.732
98.7663
97.9272
99.3963
101.913
102.821
100.824
97.3053
95.6817
97.9983
103.637
107.858
106.29
94.6721
75.0325
49.527
25.8665
6.42205
-4.25546
-8.00505
-6.80205
-1.81181
0.440902
4.81855
3.33955
99.9719
100.057
100.059
99.8668
99.8894
100.193
100.194
99.7801
99.6854
100.184
100.457
99.9479
99.4225
99.8002
100.591
100.548
99.6109
99.1235
99.9003
100.959
100.794
99.4685
98.657
99.526
101.174
101.604
100.104
98.1863
98.0566
100.141
102.547
102.672
100.003
96.5067
95.6729
98.8163
104.673
108.319
105.668
93.5488
73.7985
49.5056
26.5933
8.08025
-2.76716
-7.86324
-6.96654
-4.58059
-0.953585
2.43553
99.9703
100.003
100.113
99.9778
99.7989
100.009
100.291
100.054
99.6316
99.8179
100.398
100.376
99.6737
99.3995
100.095
100.761
100.316
99.2951
99.1837
100.277
101.148
100.528
99.0705
98.626
99.9177
101.54
101.521
99.6492
97.8324
98.1768
100.617
102.956
102.602
99.5751
95.9571
95.6046
99.0203
105.387
108.591
105.929
93.0012
73.254
48.9485
25.9667
8.82947
-2.97781
-5.80392
-6.68443
-3.34003
-0.116289
99.9891
99.961
100.078
100.077
99.8662
99.8634
100.168
100.225
99.8404
99.6638
100.083
100.445
100.086
99.5039
99.6545
100.405
100.635
99.9047
99.1977
99.5736
100.634
100.967
100.015
98.8839
99.0324
100.446
101.55
100.967
99.1353
97.9423
98.8241
101.157
102.812
101.9
98.9238
96.0167
96.3153
99.8445
105.631
107.907
105.069
92.0273
73.8833
49.4315
27.9116
8.98264
-3.16771
-7.0541
-10.0232
-2.92126
100.004
99.9388
100.037
100.131
99.94
99.7885
100.048
100.299
100.018
99.6233
99.8477
100.405
100.354
99.6753
99.4197
100.079
100.726
100.342
99.3692
99.1799
100.155
101.067
100.65
99.2897
98.6387
99.6193
101.236
101.64
100.183
98.2633
97.8876
99.7464
102.201
103.042
100.948
97.6018
95.3202
96.9547
101.472
106.988
108.392
103.48
90.2961
71.4827
49.3963
29.2232
11.567
1.3117
-6.62288
-7.70117
100.027
99.9431
99.9462
100.133
100.101
99.8053
99.8193
100.224
100.298
99.8052
99.5607
100.072
100.563
100.17
99.4137
99.491
100.403
100.836
100.059
99.0665
99.2734
100.545
101.266
100.397
98.8685
98.5355
99.9648
101.675
101.713
99.8045
97.775
97.7403
100.087
102.752
103.418
100.751
97.1294
94.5125
96.8872
101.392
108.19
108.863
104.561
90.0089
70.3583
48.5176
25.8343
12.4051
-0.990274
-2.91604
100.023
99.9883
99.9221
100.036
100.139
99.962
99.7932
100.005
100.273
100.078
99.6864
99.7838
100.29
100.391
99.8476
99.458
99.8743
100.559
100.5
99.6855
99.1975
99.7698
100.751
100.877
99.875
98.8704
99.1033
100.455
101.503
101.019
99.3288
98.0361
98.5605
100.614
102.539
102.424
100.095
97.0544
95.6895
97.8167
101.986
107.307
107.132
103.685
88.925
73.3929
49.4092
30.0924
12.3678
-4.54374
100.021
100.006
99.911
99.9986
100.157
100.022
99.7786
99.9194
100.269
100.186
99.7284
99.6683
100.19
100.484
100.011
99.4347
99.6693
100.463
100.678
99.9159
99.1548
99.4712
100.567
101.073
100.256
98.9844
98.7661
99.9938
101.433
101.487
99.927
98.1482
97.9876
99.7453
102.2
102.955
101.439
97.9828
95.7683
95.915
99.8664
104.875
108.363
107.382
99.3653
86.3535
68.7163
49.2777
35.0453
15.5408
100.005
100.056
99.9319
99.8849
100.115
100.194
99.8702
99.7064
100.091
100.403
100.025
99.5151
99.7665
100.475
100.511
99.7077
99.2367
99.8855
100.816
100.679
99.5327
98.8686
99.6617
101.032
101.268
99.9283
98.4689
98.6102
100.401
102.019
101.716
99.5059
97.463
97.5083
100.037
102.949
103.848
101.674
97.316
94.7369
94.3042
100.181
104.654
111.677
108.389
102.17
86.292
63.7661
48.1495
16.7452
99.9876
100.044
100.009
99.9004
99.9796
100.152
100.057
99.8054
99.8724
100.209
100.232
99.8319
99.649
100.042
100.438
100.181
99.588
99.5425
100.19
100.658
100.244
99.4193
99.2674
100.075
100.91
100.718
99.6105
98.7938
99.2526
100.629
101.543
100.979
99.2964
98.0517
98.3744
100.414
102.222
102.915
100.656
98.3157
95.4389
96.7157
99.3045
104.089
108.408
105.332
104.753
85.0518
81.5107
48.9121
)
;

boundaryField
{
    left
    {
        type            fixedValue;
        value           uniform 100;
    }
    right
    {
        type            zeroGradient;
    }
    up
    {
        type            zeroGradient;
    }
    down
    {
        type            fixedValue;
        value           uniform 0;
    }
    frontAndBack
    {
        type            empty;
    }
}


// ************************************************************************* //
