/*--------------------------------*- C++ -*----------------------------------*\
  =========                 |
  \\      /  F ield         | OpenFOAM: The Open Source CFD Toolbox
   \\    /   O peration     | Website:  https://openfoam.org
    \\  /    A nd           | Version:  8
     \\/     M anipulation  |
\*---------------------------------------------------------------------------*/
FoamFile
{
    version     2.0;
    format      ascii;
    class       volScalarField;
    location    "0.874";
    object      T;
}
// * * * * * * * * * * * * * * * * * * * * * * * * * * * * * * * * * * * * * //

dimensions      [0 0 0 1 0 0 0];

internalField   nonuniform List<scalar> 
10000
(
50
4.64901
-4.64898
-1.17571
1.17554
0.44485
-0.444359
-0.212085
0.210968
0.118683
-0.116566
-0.0748037
0.071259
0.0524871
-0.0469329
-0.040191
0.0322171
0.0330719
-0.0220518
-0.0291302
0.0148272
0.025988
-0.00817275
-0.0240959
0.00292086
0.0214757
0.0023695
-0.0187608
-0.00682923
0.0151905
0.0104166
-0.0106379
-0.0130574
0.00568943
0.0138875
-0.000255768
-0.0130555
-0.00474495
0.0103434
0.00862889
-0.00601953
-0.0107566
0.000879608
0.0105229
0.00414004
-0.00792089
-0.00786448
0.00351284
0.00925064
0.00162792
-0.00789652
-0.00595061
0.00413909
0.00800764
0.000867205
-0.00712313
-0.00521959
0.00355457
0.00714371
0.00136762
-0.00594477
-0.00534491
0.00212119
0.00639072
0.00265154
-0.00419517
-0.00573373
-3.19486e-06
0.00519254
0.00408242
-0.00162186
-0.00552352
-0.00246597
0.00304691
0.00467779
0.00150223
-0.00374709
-0.00434025
4.1504e-05
0.00344395
0.0037739
-0.000163987
-0.00416512
-0.00268666
0.000533943
0.00317016
0.00335297
-0.00107357
-0.00333992
-0.00195049
-0.000215175
0.00312471
0.00295979
-0.0010434
-0.00188345
-0.00221677
-0.00122553
0.00291118
0.00230048
-0.00016851
95.3511
49.9999
10.4737
-4.64892
-2.79599
1.17505
1.10132
-0.443436
-0.541583
0.208915
0.310054
-0.113257
-0.198459
0.0659139
0.139563
-0.0391659
-0.105573
0.0215878
0.0841999
-0.00790443
-0.0702451
-0.00255627
0.0583724
0.0128501
-0.0488897
-0.0207188
0.0382782
0.0278707
-0.0275282
-0.0325869
0.0159202
0.0343305
-0.00362774
-0.0330613
-0.00772205
0.0277689
0.0174911
-0.019201
-0.0239728
0.00824142
0.0258831
0.00355554
-0.0227863
-0.0138071
0.0149625
0.0202872
-0.00406401
-0.021261
-0.00721438
0.0162544
0.0157646
-0.00669986
-0.0187418
-0.00450376
0.0150461
0.013521
-0.00611824
-0.016631
-0.00475576
0.0125279
0.0131096
-0.0033221
-0.0147027
-0.00688307
0.00869719
0.013274
0.00117959
-0.0119063
-0.0095427
0.00329202
0.012143
0.00649943
-0.00706803
-0.0108387
-0.00299549
0.00778667
0.0103827
1.00988e-05
-0.00874472
-0.00757298
0.000140729
0.0092621
0.00705688
-0.00276244
-0.00709508
-0.00651913
0.00146579
0.00896593
0.00427391
-0.00164152
-0.00564147
-0.0070352
0.00197876
0.00684438
0.00322723
0.00154283
-0.00490227
-0.00729366
0.00139986
0.00320242
104.649
89.5264
49.9999
12.0941
-4.64871
-3.4523
1.17423
1.43094
-0.441848
-0.732808
0.205866
0.433865
-0.108449
-0.285615
0.0586605
0.205113
-0.0289573
-0.157223
0.00816567
0.125588
0.00928424
-0.103558
-0.0230239
0.0837862
0.0365188
-0.0666954
-0.0463463
0.0480091
0.0540265
-0.0290026
-0.0573908
0.00959856
0.0553416
0.00957616
-0.0481431
-0.0257619
0.0351375
0.0374345
-0.0179432
-0.0424518
-0.000975567
0.0393666
0.0185324
-0.0285275
-0.0309787
0.0119477
0.0352095
0.00657446
-0.0298283
-0.0221958
0.0161859
0.0301425
0.00164605
-0.0274939
-0.0179861
0.0152557
0.0266752
0.00193066
-0.0238119
-0.017531
0.0109537
0.0244719
0.00577016
-0.0187674
-0.0189239
0.00383342
0.0216626
0.011524
-0.0114444
-0.019385
-0.00529802
0.0156731
0.016655
-0.00166896
-0.0156866
-0.01349
0.0048411
0.0172763
0.00826867
-0.00638542
-0.0151144
-0.00832725
0.00975565
0.01337
0.00470157
-0.00628341
-0.0147562
-0.00441933
0.00918888
0.00933173
0.00629905
-0.00560316
-0.01372
-0.00246519
0.00440042
0.00730715
0.00963483
-0.004525
-0.0105405
-0.002422
101.176
104.649
87.9062
49.9997
12.7505
-4.64838
-3.78174
1.17291
1.62238
-0.439556
-0.856543
0.201573
0.521352
-0.102024
-0.351508
0.0492921
0.257209
-0.0161379
-0.199641
-0.00803784
0.159609
0.0295752
-0.130543
-0.0461995
0.102792
0.0624733
-0.0779641
-0.073168
0.0509104
0.0798812
-0.0235912
-0.08013
-0.00301435
0.072265
0.0278427
-0.0573753
-0.0468018
0.0355056
0.0576123
-0.00950221
-0.0581743
-0.0161781
0.0473701
0.0369731
-0.0270936
-0.0481504
0.00180291
0.0463886
0.0224147
-0.031836
-0.038799
0.00874862
0.0417419
0.0158241
-0.0299923
-0.0335255
0.00814227
0.0369376
0.0156101
-0.0244342
-0.0316741
0.00231288
0.0318055
0.0193278
-0.0155618
-0.0305316
-0.00720409
0.0243243
0.0237775
-0.0033676
-0.0260742
-0.017876
0.0123836
0.0246722
0.00993774
-0.0146041
-0.024296
-0.00365018
0.0179305
0.0182691
0.00284038
-0.0189983
-0.0179064
0.00344128
0.0149345
0.0158889
-0.000161709
-0.0192086
-0.0115234
0.0017809
0.0113023
0.0169568
-0.00153944
-0.0148868
-0.00814386
-0.00497693
0.00895381
0.0173484
-0.000932343
-0.00669451
98.8243
102.796
104.649
87.2499
49.9996
13.0802
-4.64785
-3.97296
1.17105
1.74651
-0.436383
-0.944031
0.195929
0.58781
-0.0937739
-0.404308
0.0376773
0.300362
-0.000601959
-0.235359
-0.0270723
0.187718
0.0527738
-0.151853
-0.0718346
0.11582
0.0900805
-0.082844
-0.100423
0.0472728
0.104428
-0.0118126
-0.0996846
-0.0210669
0.084128
0.0498189
-0.0600682
-0.0691185
0.0287687
0.076124
0.00539904
-0.0693377
-0.0358283
0.048681
0.056681
-0.0183175
-0.0628369
-0.0144267
0.0517677
0.041287
-0.0264248
-0.0541312
-0.00538833
0.0479606
0.0336597
-0.0250762
-0.047872
-0.00561799
0.0414096
0.0324998
-0.0175455
-0.0435727
-0.0121405
0.0322265
0.0344381
-0.0049901
-0.0379906
-0.0219193
0.018967
0.0345463
0.010917
-0.0267065
-0.0303236
0.00155898
0.0272372
0.0247348
-0.00710204
-0.0304674
-0.0157118
0.0102989
0.0265741
0.0159194
-0.0162442
-0.0239619
-0.00915295
0.0101823
0.0261588
0.00902216
-0.0156725
-0.0166459
-0.0118034
0.00888461
0.0244657
0.00526381
-0.00736641
-0.0126318
-0.0176439
0.00698126
0.0187838
0.00470057
99.5554
98.8245
103.453
104.648
86.9205
49.9994
13.2718
-4.64714
-4.09682
1.1685
1.83459
-0.432259
-1.01062
0.188756
0.641445
-0.0835423
-0.448627
0.0237246
0.33714
0.0177905
-0.265934
-0.0488124
0.21061
0.0787556
-0.167915
-0.0994762
0.123008
0.118709
-0.0814809
-0.127276
0.0374407
0.126635
0.00572341
-0.115055
-0.0435156
0.0901296
0.0740248
-0.0558406
-0.0909622
0.0152474
0.0911804
0.0256172
-0.0744862
-0.0580633
0.04267
0.0753404
-0.00273093
-0.0727796
-0.0350749
0.0499628
0.0606148
-0.0136537
-0.065372
-0.0247024
0.0469943
0.052317
-0.0127187
-0.0577777
-0.0243461
0.0382626
0.0493972
-0.00361884
-0.0497146
-0.0301483
0.0243914
0.0476029
0.0112317
-0.0380107
-0.0371074
0.00536006
0.0406537
0.0278763
-0.0193564
-0.0385362
-0.0154034
0.0227883
0.0378801
0.00568869
-0.0280516
-0.028441
-0.00437697
0.029608
0.0279581
-0.00543794
-0.0233231
-0.0247087
0.00024017
0.0299897
0.0179754
-0.00285896
-0.0176015
-0.0264349
0.0023986
0.0232731
0.0126686
0.00773842
-0.0139605
-0.0270735
0.00147159
0.0104546
100.444
98.8991
98.8251
103.782
104.647
86.7293
49.9991
13.3961
-4.64618
-4.18456
1.16518
1.90205
-0.427051
-1.06456
0.179935
0.686891
-0.0711686
-0.487187
0.00735319
0.369071
0.0390859
-0.292217
-0.0731621
0.228692
0.107234
-0.178859
-0.128676
0.124471
0.147624
-0.0740134
-0.15286
0.0218308
0.145532
0.0282362
-0.125339
-0.0691912
0.0897123
0.09889
-0.0446575
-0.110607
-0.00435024
0.101221
0.0496355
-0.0725927
-0.0808182
0.0293361
0.0906815
0.0184944
-0.0761484
-0.0580055
0.0404144
0.0776232
0.00557754
-0.0701539
-0.0469609
0.0380878
0.0685592
0.00611214
-0.0605973
-0.0455184
0.0270724
0.0626389
0.0157578
-0.0475159
-0.0487463
0.0088966
0.0550905
0.0302314
-0.0286491
-0.0495397
-0.0142473
0.0394092
0.0429766
-0.00364028
-0.0397516
-0.0347405
0.0115409
0.0440578
0.0215968
-0.0158711
-0.038336
-0.0218539
0.0243616
0.034301
0.0122746
-0.0155128
-0.0375887
-0.01193
0.0232254
0.0238163
0.0163095
-0.0136901
-0.035117
-0.00672087
0.01107
0.0184151
0.0248689
-0.0110112
-0.0269582
-0.00637805
100.212
100.443
98.5696
98.826
103.974
104.646
86.6054
49.9987
13.4846
-4.64499
-4.25159
1.16097
1.95719
-0.420666
-1.11056
0.169348
0.726879
-0.0564834
-0.521672
-0.0114373
0.396979
0.0633583
-0.314735
-0.0999075
0.242086
0.137904
-0.184723
-0.15891
0.120296
0.176036
-0.0606195
-0.176319
0.000985467
0.160208
0.0548102
-0.129794
-0.0968081
0.0825878
0.122803
-0.0268239
-0.126447
-0.0289346
0.104973
0.0756752
-0.0631448
-0.101951
0.00931318
0.100621
0.0436959
-0.0717729
-0.0807279
0.0233951
0.0896105
0.0296913
-0.0669629
-0.069309
0.0215052
0.0791946
0.0296591
-0.05488
-0.065841
0.00868986
0.0687207
0.0382727
-0.036123
-0.0643733
-0.0120217
0.0536003
0.0488311
-0.0102505
-0.0562116
-0.0356181
0.0289322
0.0522505
0.0185711
-0.0330817
-0.0508657
-0.00511011
0.0394912
0.0377216
0.00364963
-0.0415729
-0.0365904
0.00948524
0.0324637
0.0326403
-0.0025697
-0.0415177
-0.0230393
0.00535645
0.0248919
0.0351177
-0.00539039
-0.0320622
-0.0165282
-0.00939829
0.0204865
0.0361275
-0.00365251
-0.0145994
99.7886
100.542
100.441
98.3785
98.8273
104.098
104.645
86.5177
49.9981
13.5527
-4.64355
-4.30618
1.15577
2.00477
-0.412991
-1.15144
0.156902
0.763059
-0.0393309
-0.553124
-0.0326317
0.421313
0.0906147
-0.33374
-0.12882
0.250813
0.170361
-0.185462
-0.189623
0.110606
0.203124
-0.0415639
-0.196806
-0.024452
0.169869
0.0843852
-0.127865
-0.124991
0.0687317
0.144208
-0.00301788
-0.13704
-0.05711
0.101523
0.101821
-0.0462335
-0.119304
-0.0162558
0.103487
0.0708253
-0.0592871
-0.100505
-0.000167331
0.0943825
0.0564748
-0.0553175
-0.0884467
-0.00173286
0.0817609
0.0553789
-0.0405729
-0.0814921
-0.0152234
0.0652487
0.0609766
-0.0166573
-0.0730974
-0.0353588
0.041356
0.0639878
0.0142284
-0.0543526
-0.0539452
0.00890331
0.0534354
0.0427937
-0.0190906
-0.0580045
-0.0250934
0.0237423
0.0503602
0.0252625
-0.0347332
-0.0440616
-0.0134286
0.0228485
0.0488817
0.0122703
-0.0321818
-0.0306496
-0.0193015
0.0206832
0.0454136
0.00618093
-0.015773
-0.0247854
-0.0308007
0.0172926
0.0348748
0.00713431
99.8817
99.7903
100.734
100.439
98.2548
98.8291
104.187
104.643
86.4507
49.9974
13.6088
-4.64186
-4.35308
1.14948
2.04766
-0.403914
-1.189
0.14254
0.796401
-0.0195284
-0.582231
-0.05614
0.442225
0.120856
-0.349348
-0.159613
0.254821
0.204134
-0.180992
-0.220247
0.0955933
0.22804
-0.0172022
-0.213509
-0.0537367
0.173877
0.115759
-0.119182
-0.152345
0.0484156
0.16165
0.0257218
-0.141131
-0.0872994
0.0904452
0.126058
-0.0225083
-0.130849
-0.0458595
0.0982762
0.0974424
-0.0390238
-0.114669
-0.028803
0.0906461
0.0830273
-0.0355681
-0.101167
-0.0299594
0.0750845
0.0798434
-0.0186625
-0.0888761
-0.0424661
0.0517282
0.0801431
0.00837605
-0.0714261
-0.058102
0.0191359
0.0726689
0.0400232
-0.0418196
-0.0654631
-0.0184431
0.0460405
0.0626556
0.000955836
-0.0524698
-0.0455446
0.000208788
0.0550936
0.0430344
-0.0162461
-0.0424175
-0.0391482
0.00796094
0.0537675
0.0260611
-0.00973272
-0.0333835
-0.0424669
0.0112391
0.0411743
0.0193859
0.00949192
-0.0289335
-0.0440261
0.00803217
0.0191667
100.116
99.6906
99.793
100.858
100.435
98.1673
98.8315
104.255
104.641
86.3961
49.9964
13.6577
-4.63994
-4.39515
1.14201
2.08766
-0.393307
-1.22439
0.126238
0.827457
0.00310758
-0.609439
-0.0818365
0.459701
0.154035
-0.361562
-0.191977
0.254048
0.238675
-0.171219
-0.250204
0.0755346
0.249932
0.0120057
-0.22568
-0.08602
0.171761
0.147622
-0.103583
-0.177508
0.0222358
0.173792
0.0580928
-0.137777
-0.117795
0.0718541
0.146307
0.00697972
-0.134958
-0.0775963
0.0846996
0.120827
-0.0118173
-0.121111
-0.0603689
0.0780213
0.105977
-0.00862734
-0.105108
-0.0606384
0.0592617
0.0990362
0.00931379
-0.0856949
-0.0700839
0.0295601
0.0915086
0.0360577
-0.0576223
-0.0773058
-0.00958956
0.0717346
0.0622202
-0.0181806
-0.0682603
-0.0479205
0.0305646
0.0718916
0.0252965
-0.0344124
-0.0623257
-0.0251581
0.0477382
0.0527041
0.0119316
-0.032607
-0.0595954
-0.0091844
0.0426831
0.0368132
0.0201727
-0.0303272
-0.0548883
-0.00303218
0.0216491
0.0317079
0.0348318
-0.0263211
-0.0421936
-0.0066578
100.075
100.113
99.567
99.7966
100.946
100.431
98.1007
98.8343
104.311
104.637
86.3492
49.9951
13.7024
-4.63778
-4.43418
1.13326
2.1259
-0.381019
-1.25841
0.108025
0.856474
0.0287872
-0.635059
-0.109539
0.473606
0.190065
-0.370313
-0.225583
0.248455
0.273358
-0.156057
-0.278914
0.0507894
0.267984
0.0454756
-0.232646
-0.120357
0.163218
0.178635
-0.0811791
-0.199147
-0.00893536
0.179465
0.092621
-0.126481
-0.146716
0.0462882
0.160627
0.0408291
-0.130631
-0.109103
0.0629876
0.13838
0.0209668
-0.118585
-0.0919438
0.0567383
0.122132
0.0239536
-0.0991922
-0.0901955
0.0351587
0.109267
0.0413103
-0.0716301
-0.0940836
0.0012337
0.0912992
0.0635906
-0.0327469
-0.089674
-0.0397557
0.0585485
0.0772786
0.014035
-0.0619072
-0.0723723
0.00778781
0.0668381
0.0510557
-0.00794951
-0.070064
-0.0463118
0.0262842
0.0529416
0.0435027
-0.0170817
-0.0664242
-0.0262827
0.0163753
0.043026
0.0477698
-0.0205105
-0.0503328
-0.0208058
-0.00756408
0.0394736
0.0501193
-0.0150444
-0.024089
99.9282
100.199
100.108
99.4799
99.8016
101.013
100.425
98.0467
98.8377
104.36
104.633
86.3073
49.9933
13.7448
-4.6354
-4.47136
1.12319
2.16311
-0.366869
-1.29165
0.0879792
0.883486
0.0577338
-0.65931
-0.13903
0.48374
0.228792
-0.375455
-0.260111
0.238067
0.307482
-0.135446
-0.305796
0.0217882
0.281464
0.0824602
-0.23379
-0.155761
0.148151
0.207456
-0.0523942
-0.21594
-0.0440621
0.177826
0.127642
-0.107201
-0.172062
0.0145784
0.167501
0.0771817
-0.117448
-0.137712
0.0337589
0.148094
0.0572091
-0.1066
-0.120116
0.0274568
0.12921
0.0596286
-0.083444
-0.114407
0.00401136
0.10827
0.0743402
-0.0481394
-0.109761
-0.0306116
0.0777069
0.0880487
-0.000607572
-0.0914418
-0.0664908
0.0324067
0.0835006
0.0489532
-0.0464526
-0.0850172
-0.021025
0.0480982
0.0734164
0.0205633
-0.0634821
-0.0593861
-0.00697872
0.0448776
0.0689283
0.00186962
-0.0546429
-0.0417096
-0.0182195
0.04278
0.0627987
-0.00330589
-0.0287258
-0.0389106
-0.0362112
0.0383414
0.0483572
0.00464137
99.948
99.933
100.287
100.101
99.4139
99.8077
101.068
100.417
98.0008
98.8416
104.405
104.628
86.2685
49.9911
13.7861
-4.63279
-4.50748
1.11175
2.19969
-0.35063
-1.32457
0.0662484
0.908359
0.09019
-0.682352
-0.170057
0.489878
0.269987
-0.376781
-0.295268
0.223001
0.340261
-0.109355
-0.330289
-0.0109567
0.28974
0.122052
-0.228552
-0.19125
0.126726
0.232739
-0.0179128
-0.226658
-0.0819813
0.168448
0.161278
-0.0802544
-0.191917
-0.0221341
0.16598
0.113684
-0.0954155
-0.160848
-0.00187009
0.148758
0.0939562
-0.085141
-0.141649
-0.00854053
0.126165
0.0946848
-0.0584674
-0.129395
-0.0324371
0.0957923
0.104117
-0.0175305
-0.112915
-0.0635069
0.0519365
0.105747
0.0335761
-0.0792423
-0.0865306
-0.00396221
0.0802773
0.0786229
-0.0218555
-0.0821774
-0.0529717
0.020303
0.0857266
0.0452597
-0.039966
-0.0634914
-0.0445751
0.0303874
0.0786737
0.0228444
-0.0255911
-0.0534246
-0.0499593
0.0335518
0.0588959
0.0202251
0.00310364
-0.0519388
-0.0533911
0.0249574
0.0291047
100.047
99.8612
99.9399
100.353
100.092
99.361
99.8153
101.116
100.408
97.96
98.8461
104.447
104.622
86.2317
49.9883
13.8274
-4.62994
-4.54313
1.09897
2.23585
-0.332028
-1.35758
0.0430422
0.930836
0.126403
-0.704296
-0.202359
0.491807
0.313331
-0.374025
-0.330787
0.203468
0.370858
-0.077809
-0.351848
-0.0468629
0.292298
0.16322
-0.216493
-0.225838
0.0993473
0.253176
0.0213604
-0.230269
-0.121374
0.151296
0.191534
-0.0462631
-0.204668
-0.0622992
0.155631
0.14766
-0.0648879
-0.176441
-0.0420407
0.139823
0.127723
-0.0545329
-0.154193
-0.0488985
0.112919
0.124675
-0.0250824
-0.132789
-0.0713024
0.0732274
0.125444
0.0179887
-0.101523
-0.0945821
0.0179775
0.112118
0.0651406
-0.0519389
-0.0983358
-0.0440428
0.0668557
0.0958086
0.0113234
-0.0648508
-0.0823482
-0.0101422
0.0813734
0.0629132
-0.00218019
-0.0595867
-0.0754561
0.0105051
0.0674643
0.0445208
0.0125674
-0.057951
-0.0678092
0.013372
0.0367901
0.0458607
0.0338106
-0.0533267
-0.0523423
-0.000707378
100.041
100.039
99.7957
99.9486
100.407
100.081
99.3165
99.8242
101.159
100.397
97.9228
98.8509
104.489
104.615
86.1963
49.9849
13.8691
-4.62678
-4.57876
1.08492
2.27161
-0.310726
-1.39107
0.0186337
0.950568
0.166607
-0.725195
-0.235693
0.489372
0.358385
-0.366851
-0.366446
0.179771
0.398423
-0.0409384
-0.369912
-0.0853242
0.288778
0.204817
-0.197321
-0.258513
0.0666032
0.267585
0.0643099
-0.226012
-0.160737
0.126637
0.21648
-0.00617683
-0.209153
-0.103872
0.136348
0.176507
-0.0267066
-0.183135
-0.083985
0.121027
0.155223
-0.0157257
-0.156592
-0.0898973
0.0896807
0.145564
0.0153603
-0.124272
-0.108016
0.0424435
0.133686
0.0564109
-0.0768417
-0.119608
-0.0190928
0.102895
0.0912824
-0.0124389
-0.100814
-0.0792157
0.0419517
0.0969861
0.0501111
-0.0379143
-0.100925
-0.0380963
0.0571067
0.0730614
0.0411599
-0.0483216
-0.0890692
-0.014643
0.03732
0.0639499
0.0476065
-0.0506033
-0.0656969
-0.0169521
0.00442021
0.0659071
0.0523515
-0.0379722
-0.0337364
99.9672
100.107
100.028
99.7439
99.9595
100.452
100.068
99.2777
99.8346
101.199
100.383
97.8882
98.8562
104.53
104.606
86.1617
49.9807
13.9117
-4.62324
-4.61476
1.06973
2.30683
-0.286323
-1.42542
-0.0066468
0.967143
0.211005
-0.745033
-0.269863
0.482514
0.404576
-0.354854
-0.402073
0.152306
0.422115
0.000995007
-0.383885
-0.125745
0.279015
0.24561
-0.170938
-0.288217
0.0291813
0.275033
0.109583
-0.213429
-0.198371
0.0948974
0.234544
0.0385544
-0.2046
-0.144402
0.108177
0.198217
0.0173961
-0.180044
-0.124312
0.0922061
0.174202
0.0290064
-0.148397
-0.126943
0.0565675
0.155052
0.0599831
-0.104923
-0.136814
0.00480313
0.126738
0.0948473
-0.0428638
-0.132897
-0.0552848
0.0765
0.110584
0.0320907
-0.091829
-0.102093
0.00518131
0.0835773
0.0876011
-0.00720156
-0.100568
-0.061392
0.0160561
0.0759883
0.0776115
-0.0287336
-0.0800776
-0.0440381
-0.00253762
0.075351
0.0683129
-0.0276337
-0.0453145
-0.0517478
-0.02647
0.0709369
0.0529122
-0.00550473
99.9673
99.9774
100.159
100.015
99.7011
99.9726
100.492
100.052
99.2431
99.8464
101.238
100.367
97.8554
98.8617
104.573
104.596
86.1276
49.9758
13.9555
-4.61916
-4.65152
1.05362
2.34125
-0.25836
-1.46103
-0.0324341
0.980133
0.259733
-0.7637
-0.304756
0.471302
0.451188
-0.337566
-0.437539
0.121529
0.441167
0.0475462
-0.393099
-0.167599
0.263084
0.284271
-0.137449
-0.313833
-0.0122224
0.274988
0.155479
-0.192243
-0.232555
0.0566644
0.244717
0.0857672
-0.190314
-0.181519
0.0715585
0.211557
0.0645203
-0.166224
-0.159911
0.0538173
0.1836
0.0756879
-0.129005
-0.155996
0.0143121
0.152922
0.103708
-0.0757584
-0.152645
-0.0384398
0.106019
0.128245
-0.00414845
-0.129089
-0.0885826
0.0361137
0.121081
0.072545
-0.0683678
-0.109582
-0.0402795
0.0603296
0.11369
0.0235297
-0.077439
-0.0798708
-0.0318128
0.0703183
0.0958516
0.000715918
-0.0512581
-0.0732063
-0.0393208
0.0711503
0.0693509
0.0102561
-0.015267
-0.0802416
-0.0455703
0.0537122
0.0373256
100.022
99.9162
99.9906
100.202
99.9994
99.6647
99.9879
100.528
100.034
99.2117
99.8597
101.276
100.349
97.8242
98.8675
104.617
104.583
86.0939
49.9701
14.0006
-4.61434
-4.68945
1.03689
2.37449
-0.226324
-1.49828
-0.0583518
0.989125
0.312832
-0.780969
-0.340365
0.455956
0.497355
-0.314465
-0.472752
0.0879553
0.454897
0.0980889
-0.396826
-0.21045
0.241336
0.31936
-0.097074
-0.33433
-0.0568239
0.267298
0.199963
-0.162217
-0.261874
0.0129916
0.246333
0.1328
-0.165607
-0.213463
0.0279172
0.215556
0.111128
-0.140687
-0.188766
0.00789478
0.182702
0.119493
-0.0975667
-0.174906
-0.0343448
0.139871
0.140195
-0.0370281
-0.153366
-0.0844124
0.0753235
0.149697
0.0363451
-0.106201
-0.117599
-0.0105984
0.118857
0.101779
-0.0290708
-0.103445
-0.0861168
0.031852
0.11882
0.0534162
-0.0352726
-0.0925808
-0.0729175
0.052508
0.0908806
0.0389973
-0.0126512
-0.093346
-0.0623096
0.0457835
0.053456
0.0552197
0.0130453
-0.0896751
-0.0485288
0.0140338
100.029
100.008
99.8747
100.006
100.238
99.9805
99.6332
100.006
100.561
100.012
99.1829
99.8743
101.314
100.328
97.7944
98.8733
104.662
104.569
86.0603
49.9637
14.047
-4.6085
-4.72898
1.01991
2.40609
-0.189673
-1.53756
-0.0840515
0.993771
0.37021
-0.796476
-0.3768
0.436835
0.542112
-0.285034
-0.507608
0.0521013
0.462739
0.151852
-0.394366
-0.25384
0.214257
0.349464
-0.0501895
-0.348857
-0.103582
0.251915
0.24105
-0.123407
-0.285234
-0.0344386
0.238662
0.177197
-0.130363
-0.238936
-0.0202169
0.208934
0.154186
-0.103356
-0.209673
-0.0417881
0.170208
0.156502
-0.0542653
-0.183248
-0.0841541
0.115876
0.164281
0.010671
-0.140291
-0.127282
0.0381602
0.153047
0.0774294
-0.0676211
-0.139124
-0.0546905
0.0991041
0.117445
0.022484
-0.0877075
-0.12055
-0.000128838
0.098957
0.0824272
0.0148879
-0.0954484
-0.0959522
0.0192725
0.0664909
0.0796001
0.0231879
-0.0938305
-0.0677266
0.000341583
0.0296026
0.0930602
0.0310758
-0.0711513
-0.0387592
99.9848
100.071
99.9905
99.8406
100.025
100.269
99.9587
99.6058
100.026
100.592
99.9872
99.1565
99.8903
101.352
100.303
97.7659
98.8792
104.709
104.553
86.0267
49.9567
14.0947
-4.60127
-4.77059
1.0031
2.43551
-0.14787
-1.57916
-0.109266
0.993845
0.431597
-0.809682
-0.414308
0.414425
0.584437
-0.248847
-0.541868
0.0143528
0.464369
0.207838
-0.385043
-0.29722
0.182287
0.373471
0.00240276
-0.356532
-0.151322
0.228803
0.277158
-0.0766238
-0.301395
-0.083737
0.221009
0.217135
-0.0857321
-0.256332
-0.070011
0.190399
0.191765
-0.056104
-0.221068
-0.0909351
0.144546
0.184792
-0.00190024
-0.180674
-0.128788
0.079927
0.174079
0.0641763
-0.116327
-0.159124
-0.00413153
0.136274
0.117428
-0.0210235
-0.14703
-0.0901028
0.0596098
0.121487
0.076555
-0.0647515
-0.133049
-0.0365266
0.0585784
0.10775
0.0591902
-0.0817025
-0.0970778
-0.0282242
0.0329497
0.110328
0.0474995
-0.0673175
-0.0597562
-0.0549999
0.00751175
0.107936
0.0374155
-0.0249644
99.974
100.002
100.105
99.9701
99.8123
100.047
100.296
99.9339
99.582
100.048
100.622
99.9592
99.1325
99.9076
101.391
100.275
97.7388
98.885
104.759
104.535
85.9929
49.9492
14.1433
-4.59224
-4.8148
0.986948
2.4622
-0.100409
-1.62331
-0.133842
0.989281
0.496495
-0.819843
-0.453295
0.389367
0.623249
-0.205584
-0.575134
-0.0250899
0.459807
0.264706
-0.36808
-0.340069
0.145889
0.390618
0.0593318
-0.356211
-0.199072
0.198242
0.307001
-0.0235121
-0.308669
-0.133418
0.193365
0.251074
-0.034102
-0.263319
-0.119354
0.159765
0.22244
-0.00269391
-0.220288
-0.136418
0.105502
0.203765
0.0538764
-0.165419
-0.163435
0.0318453
0.170887
0.116543
-0.0831908
-0.173116
-0.0515348
0.103064
0.151358
0.0254336
-0.134331
-0.115661
0.00446775
0.116513
0.119724
-0.0332965
-0.119629
-0.0772381
0.00934635
0.121596
0.0872677
-0.045902
-0.0809655
-0.0809153
0.00108361
0.116935
0.0590074
-0.0152287
-0.0465465
-0.102402
-0.00810906
0.0890201
0.03723
100.008
99.9414
100.023
100.132
99.9468
99.7892
100.071
100.319
99.906
99.5615
100.072
100.649
99.9278
99.1106
99.9261
101.43
100.244
97.713
98.8908
104.811
104.514
85.9586
49.9415
14.1928
-4.58091
-4.86214
0.971928
2.48559
-0.0468618
-1.67011
-0.157753
0.980182
0.564209
-0.826063
-0.494272
0.362406
0.657447
-0.15505
-0.606896
-0.0661325
0.449336
0.320862
-0.342657
-0.381958
0.105689
0.400339
0.11885
-0.346625
-0.246159
0.161112
0.329251
0.0338755
-0.305237
-0.18254
0.156923
0.277087
0.0217417
-0.257451
-0.167108
0.118872
0.244102
0.052621
-0.204399
-0.176956
0.0558406
0.21229
0.10643
-0.134765
-0.186604
-0.0251011
0.156802
0.158633
-0.0402721
-0.167173
-0.102124
0.0609923
0.170569
0.0670815
-0.0979035
-0.133327
-0.0550186
0.101975
0.140648
0.00943327
-0.0855032
-0.116743
-0.0351928
0.113434
0.0966696
0.0100585
-0.0571855
-0.122336
-0.0232523
0.0903024
0.0626061
0.0491287
-0.0343115
-0.122287
-0.0190959
0.0373025
100.024
99.9872
99.9156
100.046
100.153
99.9207
99.7708
100.098
100.339
99.8753
99.5443
100.099
100.676
99.8929
99.0912
99.9457
101.471
100.208
97.6886
98.8965
104.865
104.492
85.9236
49.9339
14.2426
-4.56681
-4.91313
0.958492
2.50522
0.0130568
-1.71945
-0.18116
0.966851
0.63386
-0.827355
-0.537767
0.334269
0.686066
-0.0972812
-0.636492
-0.108777
0.433406
0.374665
-0.308119
-0.422436
0.0624321
0.402168
0.179153
-0.326769
-0.29197
0.118786
0.3424
0.0936638
-0.289929
-0.230178
0.113829
0.292657
0.0796537
-0.237538
-0.212189
0.0711947
0.253492
0.106913
-0.17231
-0.211954
0.0011067
0.207434
0.151153
-0.0876935
-0.199412
-0.0833776
0.131875
0.183288
0.0134091
-0.145102
-0.14927
0.0169915
0.166373
0.103996
-0.0426345
-0.14387
-0.104335
0.0735349
0.136117
0.0626043
-0.0427304
-0.1433
-0.0664208
0.0765914
0.0930023
0.0736332
-0.034127
-0.1352
-0.0413689
0.0337846
0.0647555
0.103652
-0.0236434
-0.103262
-0.0311775
99.997
100.049
99.9635
99.8962
100.072
100.17
99.8922
99.7569
100.127
100.355
99.8418
99.5305
100.128
100.701
99.8545
99.0741
99.9666
101.513
100.169
97.6657
98.9022
104.922
104.468
85.8877
49.9267
14.2926
-4.54944
-4.96825
0.947013
2.52072
0.0794643
-1.77106
-0.204443
0.949807
0.70439
-0.822658
-0.58428
0.305572
0.70838
-0.0326355
-0.663034
-0.153151
0.412555
0.424612
-0.264199
-0.460785
0.0167636
0.395786
0.238623
-0.296317
-0.335422
0.0725279
0.345117
0.154362
-0.262857
-0.274493
0.0660002
0.295487
0.138311
-0.204629
-0.252059
0.0199143
0.247428
0.159063
-0.126447
-0.239143
-0.0530378
0.18551
0.187089
-0.0277305
-0.202363
-0.133856
0.0934808
0.189149
0.0752716
-0.11348
-0.182336
-0.0268434
0.135753
0.138006
0.0190744
-0.143124
-0.133143
0.0267102
0.112712
0.11774
-0.00300569
-0.143488
-0.0849154
0.0146201
0.0848566
0.125078
-0.0132486
-0.110876
-0.0596635
-0.0357064
0.0677651
0.127643
-0.00867114
-0.0498922
99.9783
100.021
100.067
99.9375
99.8827
100.1
100.181
99.8616
99.7475
100.158
100.367
99.8057
99.5199
100.158
100.724
99.8127
99.0595
99.9886
101.556
100.126
97.6443
98.908
104.981
104.442
85.8506
49.9202
14.3423
-4.52832
-5.02788
0.937744
2.53189
0.152287
-1.8244
-0.228193
0.92975
0.774605
-0.810889
-0.634191
0.276726
0.723989
0.0381037
-0.685295
-0.199566
0.387401
0.469414
-0.211206
-0.495702
-0.0311587
0.381359
0.295611
-0.255656
-0.374562
0.0227425
0.337123
0.21413
-0.225075
-0.312374
0.0139643
0.285071
0.195833
-0.161261
-0.282258
-0.0339536
0.225236
0.207806
-0.0719441
-0.253384
-0.103955
0.145357
0.21502
0.036878
-0.192283
-0.170508
0.0394462
0.180393
0.136441
-0.0761037
-0.191418
-0.073
0.0847292
0.166946
0.0731792
-0.122437
-0.140509
-0.0369604
0.0815617
0.159022
0.0296535
-0.109603
-0.097766
-0.0572555
0.0755432
0.145827
0.0119869
-0.0547194
-0.082428
-0.094713
0.0649887
0.111763
0.0193017
99.9978
99.9611
100.047
100.079
99.9098
99.875
100.13
100.187
99.8293
99.7426
100.191
100.376
99.7674
99.5127
100.191
100.746
99.7675
99.0475
100.012
101.6
100.079
97.6242
98.914
105.042
104.414
85.812
49.9146
14.3913
-4.50306
-5.0923
0.930802
2.53865
0.231232
-1.87873
-0.253175
0.907541
0.843171
-0.790975
-0.687751
0.247974
0.732797
0.113695
-0.701679
-0.248608
0.358859
0.507749
-0.149854
-0.525401
-0.0817398
0.359954
0.347814
-0.205248
-0.407125
-0.0308442
0.319697
0.269722
-0.177283
-0.340662
-0.0426208
0.263366
0.24811
-0.109305
-0.298338
-0.0909761
0.190095
0.249015
-0.0135059
-0.24886
-0.15234
0.0912539
0.233361
0.0967245
-0.163258
-0.19325
-0.0268247
0.162059
0.183553
-0.0312199
-0.173538
-0.122801
0.0263788
0.181396
0.11115
-0.0750369
-0.133605
-0.105208
0.0501647
0.169275
0.0595083
-0.046367
-0.109813
-0.116312
0.0590158
0.126995
0.0486305
0.0148352
-0.103566
-0.122378
0.0436418
0.0614734
100.019
99.9721
99.9511
100.074
100.084
99.8811
99.873
100.161
100.187
99.7958
99.7422
100.226
100.38
99.7272
99.509
100.226
100.765
99.7192
99.0381
100.036
101.644
100.028
97.6057
98.9202
105.106
104.384
85.7717
49.9103
14.4396
-4.47341
-5.16162
0.926174
2.54111
0.315823
-1.93317
-0.280217
0.884111
0.908755
-0.761972
-0.745094
0.219514
0.734848
0.19273
-0.7106
-0.300891
0.328105
0.538145
-0.0808385
-0.548366
-0.135252
0.333127
0.392391
-0.145135
-0.431742
-0.0878729
0.294734
0.316931
-0.119195
-0.358044
-0.102855
0.23328
0.28942
-0.0487572
-0.298887
-0.150311
0.147256
0.275799
0.0472739
-0.223632
-0.198892
0.032036
0.236317
0.146381
-0.112129
-0.206215
-0.0942854
0.13495
0.205684
0.0251314
-0.135727
-0.170299
-0.0259717
0.1689
0.133711
-0.00468066
-0.121336
-0.157443
0.0181385
0.140556
0.0925698
0.0271117
-0.117322
-0.142029
0.0256009
0.0759605
0.0941387
0.0718666
-0.107903
-0.109382
-0.00270969
100.007
100.028
99.9457
99.9479
100.102
100.082
99.852
99.8766
100.192
100.182
99.7617
99.7463
100.263
100.38
99.6855
99.5087
100.263
100.782
99.6681
99.0312
100.063
101.689
99.9729
97.5886
98.9269
105.172
104.353
85.7295
49.9074
14.4868
-4.43927
-5.2358
0.923652
2.53961
0.40542
-1.98678
-0.310149
0.860292
0.970299
-0.723323
-0.806019
0.191268
0.730408
0.273867
-0.710901
-0.356556
0.295905
0.559586
-0.00496158
-0.563684
-0.191177
0.3018
0.427249
-0.0755942
-0.448098
-0.146546
0.263036
0.352745
-0.0507512
-0.365184
-0.163379
0.196025
0.315611
0.0207904
-0.28621
-0.207465
0.0999924
0.282452
0.111312
-0.182025
-0.240301
-0.0242995
0.217011
0.186869
-0.0436915
-0.212216
-0.149119
0.0945822
0.201714
0.0925055
-0.091041
-0.202306
-0.0669663
0.123494
0.14872
0.0720864
-0.106998
-0.176047
-0.0212461
0.0820803
0.129446
0.0857128
-0.109413
-0.129165
-0.0288839
0.0158898
0.13512
0.0961742
-0.0821409
-0.0668238
99.9845
100.033
100.029
99.9195
99.9513
100.129
100.075
99.8234
99.8858
100.224
100.172
99.7277
99.7549
100.301
100.375
99.6428
99.5118
100.302
100.796
99.6144
99.0269
100.09
101.734
99.9141
97.5729
98.9342
105.239
104.321
85.6854
49.9059
14.5331
-4.40066
-5.31466
0.922785
2.53469
0.499204
-2.03844
-0.343919
0.83684
1.02701
-0.674854
-0.869798
0.162538
0.720241
0.355569
-0.701588
-0.41522
0.262141
0.572118
0.0761957
-0.570288
-0.24855
0.265778
0.452021
0.00162317
-0.455465
-0.204518
0.223786
0.37688
0.0258447
-0.362348
-0.21974
0.150107
0.326695
0.0970191
-0.263105
-0.255429
0.0470323
0.268715
0.177921
-0.131499
-0.268304
-0.0762372
0.173263
0.222009
0.0300083
-0.207275
-0.183326
0.035427
0.180581
0.16144
-0.0484388
-0.204867
-0.102283
0.0519469
0.162427
0.1339
-0.0834361
-0.157646
-0.0748303
0.0155161
0.160601
0.114291
-0.0731132
-0.0920966
-0.0983888
-0.0291198
0.152411
0.0884955
-0.0213852
99.9895
99.9837
100.058
100.024
99.8945
99.9611
100.155
100.061
99.796
99.9003
100.255
100.156
99.6943
99.7679
100.339
100.365
99.5998
99.5182
100.343
100.806
99.5585
99.0251
100.12
101.779
99.8516
97.5585
98.9421
105.309
104.287
85.6393
49.9059
14.5784
-4.35763
-5.39788
0.923027
2.52693
0.596287
-2.08691
-0.382511
0.814461
1.0781
-0.616523
-0.935338
0.132235
0.705496
0.435828
-0.681389
-0.476328
0.226231
0.576561
0.159922
-0.566135
-0.306774
0.224619
0.46745
0.0828271
-0.451255
-0.260529
0.176165
0.390764
0.105298
-0.346916
-0.269167
0.0937561
0.325806
0.172915
-0.228679
-0.288609
-0.014939
0.240083
0.240272
-0.076434
-0.273558
-0.128224
0.111351
0.250526
0.0959623
-0.180891
-0.198976
-0.041036
0.152732
0.214098
-0.00564136
-0.171604
-0.140687
-0.0276188
0.169069
0.165373
-0.0370316
-0.113664
-0.138416
-0.0389441
0.165372
0.115088
-0.00202422
-0.0518557
-0.162403
-0.0511208
0.125402
0.066729
100.011
99.9652
99.99
100.081
100.012
99.8718
99.9767
100.179
100.042
99.7708
99.92
100.285
100.134
99.6623
99.7853
100.378
100.35
99.557
99.5278
100.386
100.813
99.5009
99.0255
100.151
101.824
99.7855
97.5456
98.9507
105.38
104.251
85.5914
49.9071
14.623
-4.31038
-5.485
0.923846
2.51682
0.695796
-2.13102
-0.426634
0.793729
1.1228
-0.548449
-1.00144
0.0994114
0.687357
0.512328
-0.648918
-0.539453
0.188028
0.573703
0.242866
-0.54858
-0.366035
0.179169
0.47378
0.163494
-0.431727
-0.315112
0.121926
0.394801
0.181065
-0.314222
-0.312211
0.0291604
0.315265
0.238832
-0.178287
-0.306669
-0.0848663
0.203582
0.285922
-0.0152338
-0.252866
-0.183247
0.0446294
0.262157
0.147295
-0.125205
-0.204577
-0.120306
0.121161
0.232435
0.0462646
-0.110541
-0.180877
-0.0924696
0.151684
0.163706
0.0366595
-0.0633105
-0.189521
-0.0710808
0.123952
0.100737
0.0891196
-0.022278
-0.187624
-0.0561378
0.0471142
100.013
100.004
99.9437
100.003
100.101
99.9947
99.8523
99.9978
100.2
100.017
99.7484
99.9446
100.313
100.107
99.6324
99.8069
100.417
100.329
99.515
99.5404
100.432
100.815
99.4421
99.0282
100.185
101.868
99.716
97.5342
98.9599
105.454
104.214
85.5419
49.9094
14.6671
-4.25931
-5.5755
0.924737
2.50491
0.79688
-2.16997
-0.47666
0.775032
1.16063
-0.471067
-1.06707
0.0635673
0.666738
0.583187
-0.603392
-0.604301
0.148193
0.563713
0.322479
-0.516065
-0.426706
0.131811
0.469885
0.240697
-0.394979
-0.369304
0.0656275
0.386866
0.249314
-0.261995
-0.351274
-0.0365378
0.293549
0.288652
-0.108791
-0.314611
-0.154037
0.162142
0.304859
0.0563434
-0.213836
-0.236056
-0.0142209
0.244322
0.186966
-0.045941
-0.207383
-0.180219
0.0801602
0.212117
0.111455
-0.0438465
-0.208492
-0.127371
0.0976853
0.141968
0.121203
-0.0256724
-0.200144
-0.0833895
0.0395639
0.0879755
0.163614
-0.00882888
-0.152336
-0.0556982
99.9942
100.034
99.9906
99.9263
100.021
100.117
99.972
99.837
100.024
100.218
99.988
99.7296
99.9738
100.339
100.074
99.6053
99.8326
100.456
100.302
99.4746
99.556
100.479
100.812
99.3826
99.033
100.221
101.911
99.6431
97.5243
98.9699
105.529
104.174
85.4911
49.9125
14.7111
-4.20489
-5.66891
0.925126
2.49186
0.89888
-2.20325
-0.532725
0.758316
1.19186
-0.385256
-1.1312
0.0242843
0.644064
0.647822
-0.545348
-0.669909
0.107017
0.54646
0.398073
-0.469448
-0.487647
0.0840301
0.454432
0.314357
-0.343041
-0.421765
0.0106674
0.364057
0.311053
-0.193766
-0.386148
-0.0965748
0.256243
0.324353
-0.0239094
-0.31683
-0.211183
0.111648
0.298236
0.138556
-0.169383
-0.274119
-0.0635854
0.193463
0.224319
0.0382691
-0.205583
-0.207421
0.0201477
0.168709
0.182989
0.00715345
-0.205709
-0.13811
0.0112372
0.12292
0.18883
-0.00572598
-0.160006
-0.0943647
-0.059043
0.0909168
0.190745
-0.0021661
-0.0702563
99.9858
100.008
100.049
99.9721
99.914
100.044
100.128
99.9452
99.8267
100.054
100.23
99.9544
99.7152
100.007
100.361
100.037
99.5815
99.8622
100.495
100.269
99.4363
99.5744
100.529
100.804
99.323
99.0397
100.26
101.952
99.5669
97.5161
98.9805
105.607
104.132
85.439
49.9161
14.7554
-4.14748
-5.76471
0.924175
2.47839
1.00121
-2.23022
-0.594988
0.743008
1.21734
-0.292365
-1.19197
-0.0196547
0.619678
0.706331
-0.476248
-0.733644
0.0627721
0.522731
0.469334
-0.410817
-0.545093
0.0338087
0.428174
0.384576
-0.279847
-0.467072
-0.0448327
0.326326
0.368278
-0.116735
-0.410289
-0.151016
0.200776
0.351959
0.0658033
-0.309058
-0.251173
0.0448162
0.276753
0.222137
-0.124432
-0.284588
-0.114463
0.119148
0.262332
0.10896
-0.184389
-0.207309
-0.0636291
0.123661
0.241825
0.0417174
-0.160252
-0.147169
-0.0890424
0.115724
0.21681
0.0169396
-0.0797266
-0.124515
-0.140706
0.0992729
0.165433
0.0274565
100
99.9715
100.026
100.059
99.9497
99.9076
100.07
100.132
99.9152
99.8219
100.087
100.237
99.9174
99.7057
100.044
100.379
99.9951
99.5615
99.8956
100.532
100.23
99.4007
99.5955
100.581
100.79
99.2636
99.0482
100.302
101.992
99.4875
97.5094
98.9919
105.687
104.088
85.3858
49.9199
14.8003
-4.08712
-5.86244
0.921173
2.46491
1.10314
-2.24976
-0.66374
0.728714
1.23734
-0.193721
-1.24678
-0.0700161
0.594551
0.757581
-0.397035
-0.791986
0.0126249
0.494808
0.533492
-0.340882
-0.594342
-0.0226966
0.394698
0.447326
-0.207156
-0.498311
-0.105976
0.278512
0.417129
-0.0362745
-0.413467
-0.205797
0.131873
0.37138
0.148162
-0.27862
-0.277831
-0.0378991
0.249245
0.288227
-0.070419
-0.262585
-0.175984
0.039532
0.285936
0.1582
-0.125927
-0.195361
-0.157866
0.0845254
0.260152
0.0772114
-0.0735547
-0.16634
-0.173271
0.100835
0.191533
0.0671364
0.0186354
-0.16332
-0.180806
0.0753723
0.0947697
100.013
99.9823
99.9639
100.048
100.061
99.925
99.9077
100.099
100.13
99.8834
99.8233
100.123
100.238
99.8779
99.7015
100.085
100.393
99.9492
99.5459
99.9325
100.567
100.186
99.3682
99.619
100.635
100.77
99.2052
99.0582
100.346
102.03
99.4052
97.5044
99.0035
105.77
104.041
85.3319
49.9236
14.8458
-4.02387
-5.96169
0.916109
2.45122
1.20412
-2.2612
-0.738824
0.715622
1.25123
-0.0902161
-1.29391
-0.127435
0.570038
0.799092
-0.307794
-0.84294
-0.0442542
0.465317
0.585633
-0.258624
-0.633432
-0.0862172
0.358425
0.494915
-0.123557
-0.513036
-0.174101
0.228352
0.447418
0.0472098
-0.391295
-0.264773
0.0621999
0.372924
0.216505
-0.21729
-0.299424
-0.12079
0.214921
0.319208
0.00361271
-0.218325
-0.239581
-0.0264809
0.270839
0.189749
-0.032302
-0.18408
-0.22832
0.0444492
0.220704
0.125761
0.0265533
-0.182552
-0.206543
0.053829
0.119231
0.137914
0.0968591
-0.172198
-0.159455
0.00197065
100.005
100.02
99.9619
99.9634
100.071
100.057
99.8995
99.9146
100.128
100.122
99.851
99.8312
100.16
100.232
99.8371
99.703
100.128
100.4
99.9002
99.535
99.9728
100.6
100.135
99.3396
99.6449
100.691
100.743
99.1484
99.0696
100.394
102.065
99.3203
97.5014
99.0157
105.855
103.991
85.2779
49.9269
14.8919
-3.95832
-6.06219
0.909239
2.43729
1.30396
-2.26511
-0.819424
0.703817
1.25892
0.017395
-1.33348
-0.190889
0.546698
0.829735
-0.208985
-0.887101
-0.105748
0.435162
0.623199
-0.163709
-0.664504
-0.152712
0.320983
0.522914
-0.027526
-0.516023
-0.243591
0.180325
0.451914
0.136919
-0.351591
-0.324075
0.00321791
0.346483
0.27504
-0.133195
-0.321526
-0.182837
0.165765
0.316053
0.0972419
-0.174116
-0.283723
-0.0720431
0.209053
0.218016
0.0668179
-0.178115
-0.246415
-0.00751431
0.142514
0.185355
0.0950645
-0.17678
-0.180491
-0.0262806
0.042693
0.199565
0.115753
-0.132221
-0.0939986
99.9894
100.024
100.019
99.9411
99.9701
100.093
100.046
99.8749
99.9286
100.156
100.106
99.8194
99.8458
100.197
100.219
99.7959
99.7107
100.173
100.402
99.8488
99.5293
100.016
100.629
100.08
99.3151
99.6734
100.748
100.709
99.0936
99.0825
100.445
102.096
99.2329
97.5003
99.0287
105.942
103.938
85.2237
49.9302
14.9394
-3.89106
-6.16383
0.900162
2.42376
1.40289
-2.26234
-0.904798
0.692255
1.26201
0.128177
-1.36595
-0.259317
0.523182
0.851749
-0.102491
-0.925025
-0.169758
0.402208
0.649296
-0.058699
-0.689369
-0.217786
0.278778
0.535537
0.078789
-0.512635
-0.306618
0.129674
0.434772
0.234508
-0.306418
-0.373464
-0.0479887
0.29217
0.334632
-0.0448936
-0.338728
-0.218844
0.0925327
0.30005
0.197316
-0.142484
-0.292425
-0.113944
0.117715
0.258056
0.140647
-0.165938
-0.219723
-0.0849558
0.0687187
0.245548
0.115398
-0.134662
-0.135322
-0.128749
0.00811871
0.232029
0.0893261
-0.0491996
99.9912
99.9914
100.043
100.01
99.922
99.9839
100.113
100.028
99.8527
99.9493
100.182
100.083
99.7899
99.8671
100.233
100.199
99.7555
99.7245
100.22
100.396
99.7958
99.5287
100.063
100.655
100.019
99.2949
99.7045
100.806
100.668
99.0411
99.0968
100.5
102.124
99.1429
97.5008
99.0429
106.032
103.881
85.1688
49.9332
14.9885
-3.82185
-6.26649
0.887703
2.41122
1.50101
-2.25246
-0.994661
0.678789
1.2626
0.240658
-1.38943
-0.333166
0.496951
0.868485
0.00835271
-0.953032
-0.237305
0.363132
0.668967
0.0508374
-0.702939
-0.281669
0.226085
0.540695
0.187573
-0.498229
-0.359636
0.065853
0.40721
0.332454
-0.256343
-0.401457
-0.107625
0.220569
0.395459
0.0356697
-0.330984
-0.243983
-0.00662051
0.287589
0.282136
-0.106254
-0.262515
-0.1774
0.0215133
0.298792
0.182331
-0.115432
-0.178499
-0.190476
0.0190092
0.275872
0.117933
-0.0387585
-0.113214
-0.235032
0.0033732
0.209436
0.078362
100.006
99.9734
100.001
100.06
99.9949
99.9063
100.004
100.13
100.004
99.8343
99.9761
100.204
100.054
99.7636
99.8948
100.267
100.171
99.717
99.7443
100.267
100.383
99.7423
99.5331
100.113
100.676
99.954
99.2791
99.7381
100.866
100.62
98.9913
99.1118
100.558
102.149
99.0509
97.5024
99.0581
106.125
103.822
85.1129
49.9356
15.039
-3.74981
-6.36969
0.87119
2.3994
1.59742
-2.23354
-1.08889
0.662371
1.26073
0.352675
-1.39974
-0.413742
0.467622
0.879641
0.119818
-0.964074
-0.311379
0.318591
0.681634
0.158457
-0.694754
-0.348345
0.163797
0.539358
0.28719
-0.459172
-0.405114
-0.0126571
0.375581
0.41185
-0.188528
-0.403239
-0.183843
0.146741
0.43515
0.109221
-0.279193
-0.273584
-0.112702
0.268571
0.326374
-0.0364585
-0.203157
-0.256903
-0.0586612
0.296337
0.199091
-0.0081235
-0.140626
-0.283909
-0.0189961
0.229619
0.130872
0.0999187
-0.105921
-0.288072
-0.0165967
0.099457
100.011
99.9965
99.9594
100.016
100.071
99.9742
99.8956
100.029
100.141
99.9745
99.8212
100.008
100.222
100.019
99.7419
99.9282
100.298
100.137
99.6815
99.7699
100.314
100.363
99.6897
99.5425
100.166
100.691
99.8859
99.2677
99.774
100.925
100.565
98.9449
99.1273
100.621
102.169
98.9578
97.5053
99.0738
106.22
103.76
85.0567
49.9373
15.0895
-3.67462
-6.47322
0.851935
2.38717
1.69096
-2.20485
-1.18704
0.644851
1.25421
0.462661
-1.39523
-0.500969
0.438708
0.881013
0.229955
-0.955498
-0.392742
0.275185
0.680617
0.260954
-0.66078
-0.42042
0.103187
0.523851
0.370276
-0.388947
-0.449351
-0.0897041
0.33703
0.456474
-0.093623
-0.389472
-0.261196
0.0839255
0.427342
0.182861
-0.193326
-0.307597
-0.188409
0.221204
0.321564
0.0680459
-0.142548
-0.310691
-0.105592
0.222132
0.202742
0.117262
-0.11493
-0.301514
-0.0537346
0.107571
0.152846
0.206048
-0.0932327
-0.231112
-0.0551153
99.9991
100.024
99.9811
99.951
100.037
100.077
99.9495
99.8914
100.058
100.145
99.9415
99.8147
100.045
100.233
99.9793
99.726
99.967
100.325
100.096
99.6505
99.8011
100.36
100.335
99.6391
99.5569
100.221
100.699
99.8156
99.2611
99.8125
100.984
100.503
98.9029
99.1434
100.687
102.184
98.8641
97.5098
99.0905
106.316
103.695
85.0013
49.9387
15.1405
-3.59759
-6.57748
0.831687
2.37423
1.7822
-2.169
-1.28821
0.628204
1.24229
0.571294
-1.3799
-0.592634
0.412985
0.870879
0.340156
-0.933529
-0.478225
0.23791
0.662322
0.361559
-0.610332
-0.495814
0.0542182
0.488003
0.442741
-0.298745
-0.497221
-0.147176
0.284344
0.473493
0.0218213
-0.380918
-0.316086
0.0316147
0.37464
0.26652
-0.111302
-0.336098
-0.215675
0.138035
0.298662
0.178812
-0.114298
-0.309149
-0.12789
0.104785
0.2223
0.197492
-0.109488
-0.237035
-0.0967455
-0.0135806
0.191915
0.214789
-0.0782617
-0.109271
99.9891
100.014
100.03
99.9621
99.9495
100.06
100.075
99.9226
99.8946
100.09
100.142
99.9062
99.8156
100.084
100.236
99.9361
99.7169
100.01
100.345
100.049
99.6248
99.8381
100.404
100.298
99.5916
99.5766
100.278
100.7
99.7438
99.2595
99.8543
101.041
100.434
98.8652
99.1609
100.757
102.192
98.7698
97.5159
99.1097
106.413
103.626
84.9459
49.9403
15.1935
-3.52002
-6.68285
0.809281
2.36193
1.87326
-2.12878
-1.39149
0.609886
1.22805
0.680467
-1.35807
-0.68615
0.386063
0.854119
0.452805
-0.905012
-0.562954
0.200273
0.63239
0.465849
-0.554768
-0.567253
0.00932576
0.434644
0.518314
-0.205324
-0.542094
-0.189381
0.210446
0.488798
0.141967
-0.380588
-0.342446
-0.0333582
0.30735
0.364722
-0.0546846
-0.341932
-0.225573
0.0239504
0.300176
0.270854
-0.10776
-0.261474
-0.174557
-0.00873455
0.276349
0.22136
-0.0913037
-0.151613
-0.186351
-0.0772461
0.247161
0.166938
-0.0240585
99.9958
99.9845
100.032
100.028
99.9416
99.9556
100.083
100.066
99.8955
99.9058
100.121
100.13
99.8702
99.8246
100.126
100.231
99.8905
99.7152
100.058
100.358
99.9972
99.605
99.8806
100.446
100.252
99.5476
99.6012
100.338
100.692
99.6708
99.2623
99.9
101.096
100.357
98.8312
99.1796
100.832
102.195
98.6741
97.5224
99.1323
106.512
103.554
84.8883
49.9421
15.2496
-3.44058
-6.78876
0.781171
2.35134
1.96464
-2.08232
-1.49599
0.584077
1.21478
0.78922
-1.32654
-0.779962
0.348979
0.836758
0.564959
-0.865539
-0.642822
0.148528
0.599421
0.569812
-0.490948
-0.623891
-0.0514907
0.372261
0.595867
-0.11243
-0.561566
-0.239329
0.115032
0.511204
0.250512
-0.356629
-0.350855
-0.133497
0.24624
0.453276
-0.0017072
-0.298485
-0.260922
-0.108181
0.315576
0.326145
-0.0601126
-0.183224
-0.272353
-0.103045
0.310496
0.2171
0.00762443
-0.0798244
-0.313775
-0.110556
0.236646
0.128862
100.008
99.979
99.9875
100.05
100.019
99.9221
99.9693
100.105
100.048
99.8701
99.9249
100.152
100.111
99.8353
99.8417
100.167
100.218
99.8441
99.721
100.108
100.364
99.9414
99.5914
99.9278
100.483
100.2
99.5079
99.63
100.4
100.676
99.5981
99.2684
99.9493
101.15
100.275
98.8007
99.1986
100.911
102.192
98.5779
97.5285
99.1568
106.613
103.48
84.8282
49.9431
15.3063
-3.35657
-6.89383
0.746553
2.34116
2.05302
-2.0246
-1.60077
0.549602
1.2012
0.891728
-1.27687
-0.873634
0.300449
0.818224
0.666101
-0.802771
-0.716625
0.080612
0.565737
0.655326
-0.404567
-0.659661
-0.133385
0.310174
0.648692
-0.0120441
-0.537673
-0.307534
0.0170768
0.513643
0.332337
-0.276012
-0.352512
-0.247005
0.187182
0.480928
0.0766888
-0.200377
-0.315064
-0.217005
0.284909
0.321592
0.0584265
-0.0897063
-0.357925
-0.164138
0.239161
0.187627
0.173346
-0.0149357
-0.364403
-0.129111
0.0860091
100.008
100.004
99.9635
99.998
100.065
100.003
99.9059
99.9899
100.124
100.024
99.8486
99.9513
100.178
100.083
99.8035
99.8666
100.207
100.196
99.799
99.7345
100.16
100.362
99.8837
99.5846
99.9787
100.516
100.141
99.4738
99.6623
100.463
100.651
99.5277
99.2777
100.001
101.2
100.188
98.7751
99.2169
100.995
102.184
98.4831
97.5348
99.1815
106.715
103.405
84.7684
49.943
15.3607
-3.26803
-6.99796
0.71011
2.32928
2.13487
-1.95509
-1.70589
0.513772
1.18316
0.983214
-1.20775
-0.968383
0.252079
0.792907
0.748485
-0.714046
-0.788749
0.0140136
0.527774
0.708224
-0.290863
-0.684824
-0.214661
0.256074
0.652644
0.101601
-0.487032
-0.378881
-0.0509678
0.466876
0.38695
-0.154691
-0.360466
-0.315571
0.122707
0.429845
0.178396
-0.10137
-0.346674
-0.250292
0.184233
0.271386
0.190299
-0.0326367
-0.348965
-0.166417
0.0796987
0.149947
0.282561
0.00739439
-0.264351
-0.106826
99.9963
100.022
99.9933
99.9517
100.015
100.076
99.9813
99.8953
100.016
100.136
99.9937
99.8332
99.984
100.199
100.049
99.7771
99.899
100.242
100.165
99.7571
99.7562
100.212
100.35
99.8257
99.5856
100.033
100.542
100.076
99.4469
99.6987
100.526
100.617
99.4612
99.291
100.057
101.244
100.096
98.7554
99.236
101.08
102.168
98.391
97.5429
99.2076
106.817
103.327
84.7115
49.9432
15.4145
-3.17892
-7.10333
0.676204
2.316
2.21295
-1.88071
-1.8128
0.482904
1.15989
1.06856
-1.12976
-1.06615
0.213472
0.758441
0.820574
-0.613122
-0.865836
-0.0359567
0.481298
0.741534
-0.162317
-0.719012
-0.273579
0.206291
0.622795
0.22938
-0.450147
-0.434671
-0.0841115
0.379102
0.444815
-0.0438319
-0.386608
-0.318641
0.0446649
0.358005
0.290803
-0.0664163
-0.34037
-0.227273
0.0507615
0.255619
0.274403
-0.0512535
-0.262497
-0.156724
-0.0614581
0.180729
0.277677
-0.0324325
-0.112886
99.9904
100.007
100.031
99.9769
99.946
100.036
100.079
99.9552
99.892
100.047
100.14
99.9588
99.8256
100.022
100.212
100.008
99.7577
99.9388
100.273
100.126
99.72
99.7864
100.262
100.327
99.7684
99.595
100.091
100.559
100.005
99.4273
99.7402
100.587
100.571
99.3985
99.309
100.117
101.281
99.9993
98.7411
99.2584
101.169
102.143
98.2997
97.5526
99.2392
106.918
103.243
84.6547
49.9447
15.473
-3.09181
-7.2112
0.640635
2.30395
2.29472
-1.80691
-1.92114
0.449994
1.13542
1.15854
-1.05188
-1.16429
0.174171
0.717979
0.899901
-0.512998
-0.94338
-0.0816175
0.421981
0.784357
-0.0331642
-0.759598
-0.31804
0.13823
0.599132
0.368103
-0.434297
-0.468244
-0.128939
0.280154
0.535823
0.0368186
-0.40649
-0.306368
-0.0726147
0.329564
0.406491
-0.0699581
-0.296396
-0.245894
-0.0903165
0.314878
0.318415
-0.0657195
-0.162046
-0.241804
-0.153446
0.27698
0.236445
-0.00852325
99.9983
99.983
100.023
100.033
99.9572
99.9477
100.06
100.075
99.9269
99.8973
100.08
100.136
99.9211
99.8267
100.065
100.216
99.9619
99.746
99.9851
100.296
100.078
99.6883
99.8248
100.31
100.294
99.7126
99.612
100.152
100.567
99.9298
99.4141
99.787
100.649
100.514
99.3388
99.3304
100.183
101.311
99.8973
98.7293
99.2845
101.262
102.11
98.2065
97.5618
99.2773
107.02
103.156
84.5923
49.9467
15.5377
-3.00268
-7.31865
0.594045
2.29394
2.38101
-1.72803
-2.02605
0.400586
1.11264
1.25269
-0.967292
-1.25255
0.112948
0.675081
0.985358
-0.408781
-0.999765
-0.150404
0.348608
0.838426
0.0922259
-0.768054
-0.372175
0.0344801
0.591101
0.496303
-0.390707
-0.474365
-0.228706
0.183828
0.625161
0.112913
-0.356213
-0.326076
-0.233486
0.319925
0.48179
-0.0159097
-0.192344
-0.341231
-0.232378
0.347974
0.32217
0.0459137
-0.0435822
-0.393406
-0.232452
0.267783
0.184199
100.008
99.9836
99.983
100.04
100.028
99.9368
99.9576
100.084
100.062
99.8988
99.9112
100.114
100.122
99.8828
99.8368
100.109
100.212
99.9133
99.7426
100.036
100.312
100.024
99.6629
99.8695
100.356
100.251
99.66
99.6352
100.217
100.568
99.8519
99.4064
99.8373
100.709
100.449
99.2831
99.3529
100.255
101.337
99.7924
98.7192
99.3112
101.36
102.073
98.1124
97.5689
99.3171
107.126
103.07
84.5243
49.9468
15.6011
-2.90513
-7.42151
0.536214
2.28317
2.46075
-1.63358
-2.12268
0.334432
1.08961
1.33299
-0.861807
-1.32316
0.0290419
0.632295
1.04813
-0.287195
-1.01901
-0.24522
0.274308
0.864464
0.212535
-0.713752
-0.441689
-0.0769187
0.563941
0.575373
-0.278123
-0.454911
-0.348211
0.0960701
0.628889
0.200458
-0.220337
-0.359648
-0.360954
0.2586
0.450358
0.11703
-0.0472479
-0.41222
-0.309749
0.241422
0.246038
0.235694
0.079681
-0.424123
-0.243864
0.0659514
100.006
100.007
99.9684
99.9907
100.057
100.015
99.9188
99.9752
100.105
100.041
99.8738
99.9336
100.144
100.1
99.847
99.8561
100.151
100.197
99.8649
99.7485
100.089
100.319
99.967
99.6458
99.9192
100.396
100.201
99.6135
99.664
100.281
100.558
99.7752
99.4049
99.8896
100.766
100.377
99.2349
99.3755
100.329
101.356
99.6886
98.7133
99.336
101.459
102.032
98.0227
97.5755
99.3538
107.233
102.985
84.4592
49.9449
15.6566
-2.80071
-7.52136
0.480314
2.26942
2.52487
-1.52467
-2.21505
0.271231
1.06395
1.38614
-0.735881
-1.38581
-0.050496
0.593461
1.06725
-0.147389
-1.02084
-0.336705
0.222424
0.832616
0.328697
-0.627135
-0.513731
-0.138378
0.491443
0.599928
-0.12661
-0.4453
-0.406338
0.0324083
0.53022
0.293224
-0.0928739
-0.376682
-0.365236
0.141837
0.345121
0.248397
0.0233575
-0.376044
-0.262413
0.0542612
0.153204
0.332984
0.0886272
-0.2788
-0.145333
99.9956
100.02
99.9984
99.9561
100.005
100.069
99.9947
99.9059
99.9997
100.12
100.013
99.8551
99.9638
100.168
100.069
99.8165
99.8849
100.19
100.172
99.8193
99.7649
100.142
100.314
99.9082
99.6391
99.9734
100.427
100.142
99.5757
99.6996
100.343
100.536
99.7014
99.4119
99.9448
100.816
100.297
99.1964
99.4011
100.404
101.363
99.5866
98.7144
99.3624
101.557
101.98
97.9403
97.5854
99.3913
107.337
102.894
84.4027
49.9442
15.71
-2.69923
-7.62568
0.435429
2.2548
2.58338
-1.41576
-2.31384
0.224304
1.03616
1.42875
-0.606514
-1.46044
-0.107062
0.557169
1.06729
8.2105e-05
-1.04437
-0.403772
0.191532
0.770835
0.456091
-0.570988
-0.581018
-0.145169
0.389456
0.632309
0.00364293
-0.484523
-0.390871
-0.0234238
0.423855
0.40869
-0.0655376
-0.384426
-0.295937
0.00826255
0.312084
0.339198
-0.0393564
-0.286545
-0.203632
-0.0908648
0.203003
0.320335
-0.0240276
-0.122055
99.9916
100.005
100.029
99.9836
99.9495
100.026
100.074
99.9695
99.9008
100.03
100.127
99.9791
99.8446
100.001
100.184
100.029
99.7935
99.9231
100.224
100.135
99.7781
99.7927
100.194
100.296
99.8483
99.6436
100.033
100.448
100.075
99.5469
99.7438
100.404
100.5
99.6298
99.428
100.006
100.857
100.206
99.1659
99.4332
100.484
101.355
99.4831
98.7212
99.3972
101.654
101.916
97.8596
97.5988
99.4393
107.435
102.794
84.3465
49.9469
15.7753
-2.60504
-7.73684
0.389125
2.24206
2.65656
-1.3146
-2.41922
0.175828
1.00528
1.49165
-0.483705
-1.54469
-0.161784
0.508198
1.09328
0.149246
-1.0873
-0.461346
0.136795
0.730887
0.609422
-0.548756
-0.635228
-0.17593
0.279396
0.728207
0.104869
-0.530065
-0.374716
-0.140812
0.385688
0.559106
-0.0798258
-0.360748
-0.306675
-0.156618
0.395932
0.418951
-0.0815083
-0.18911
-0.310463
-0.213847
0.355752
0.308083
-0.0110778
99.9991
99.9842
100.019
100.032
99.9648
99.9505
100.049
100.07
99.9412
99.9046
100.063
100.124
99.941
99.8437
100.044
100.191
99.9831
99.7788
99.9697
100.25
100.089
99.7421
99.8307
100.245
100.266
99.7882
99.6581
100.097
100.46
99.9999
99.5253
99.7956
100.466
100.451
99.5593
99.4503
100.075
100.891
100.107
99.1389
99.4707
100.572
101.338
99.3751
98.7283
99.4412
101.754
101.844
97.7723
97.6113
99.4994
107.534
102.692
84.2768
49.9499
15.8534
-2.50762
-7.84481
0.320379
2.22925
2.74386
-1.20847
-2.51239
0.0963794
0.967534
1.57248
-0.357225
-1.60208
-0.249316
0.433426
1.14318
0.296656
-1.08849
-0.532259
0.0232659
0.714232
0.757684
-0.487543
-0.649077
-0.290625
0.161901
0.829113
0.207387
-0.471903
-0.399558
-0.336395
0.362367
0.660406
-0.00502529
-0.23451
-0.421247
-0.349573
0.427636
0.439569
0.0661445
-0.0274716
-0.501461
-0.346806
0.331647
0.24984
100.008
99.9858
99.9839
100.035
100.027
99.9449
99.9598
100.073
100.058
99.9128
99.9177
100.097
100.112
99.9019
99.8524
100.089
100.188
99.9337
99.7731
100.021
100.268
100.035
99.7129
99.8764
100.293
100.226
99.7309
99.6801
100.164
100.462
99.9213
99.5102
99.8514
100.526
100.392
99.4925
99.4748
100.148
100.922
100.003
99.1149
99.5078
100.665
101.316
99.2662
98.7331
99.4857
101.86
101.773
97.6808
97.6193
99.5587
107.643
102.596
84.1955
49.9487
15.9253
-2.39411
-7.93896
0.232144
2.21275
2.81565
-1.08082
-2.57802
-0.00999315
0.926161
1.62615
-0.214874
-1.6065
-0.36571
0.35297
1.15835
0.429747
-1.00579
-0.613452
-0.103595
0.673048
0.833677
-0.341208
-0.615864
-0.427714
0.0556077
0.81153
0.308761
-0.294197
-0.427773
-0.482031
0.27274
0.599672
0.15675
-0.0412101
-0.485809
-0.437847
0.274036
0.31798
0.293823
0.147453
-0.504952
-0.346694
0.0582783
100.006
100.007
99.9717
99.9913
100.051
100.014
99.9274
99.977
100.094
100.038
99.888
99.9397
100.127
100.09
99.8658
99.8713
100.132
100.174
99.8849
99.7781
100.075
100.276
99.9786
99.6935
99.9272
100.332
100.178
99.6812
99.7093
100.229
100.455
99.8445
99.5041
99.9081
100.58
100.326
99.4356
99.5009
100.221
100.944
99.901
99.0994
99.541
100.757
101.288
99.1657
98.7401
99.5237
101.966
101.701
97.5987
97.6255
99.6064
107.756
102.504
84.1236
49.9441
15.9763
-2.27005
-8.0269
0.155043
2.19475
2.85212
-0.937383
-2.63345
-0.102908
0.89439
1.62456
-0.0616372
-1.59206
-0.470162
0.309275
1.10382
0.54457
-0.891656
-0.69342
-0.155589
0.585757
0.831464
-0.162544
-0.599989
-0.477694
0.00100269
0.668926
0.398416
-0.146008
-0.440968
-0.450255
0.140494
0.445043
0.29382
0.0270473
-0.422437
-0.334606
0.0542739
0.183764
0.376699
0.12486
-0.304771
-0.172653
99.9962
100.018
99.9981
99.9607
100.006
100.061
99.994
99.9159
100.001
100.107
100.01
99.8706
99.9701
100.15
100.059
99.8366
99.9009
100.169
100.148
99.8403
99.7959
100.127
100.269
99.9206
99.6876
99.9829
100.36
100.12
99.6429
99.7482
100.289
100.431
99.7719
99.511
99.9673
100.623
100.251
99.3928
99.5334
100.293
100.949
99.8009
99.0975
99.5763
100.844
101.243
99.0769
98.756
99.5624
102.063
101.617
97.5334
97.637
99.653
107.858
102.4
84.0729
49.9427
16.0236
-2.15613
-8.12928
0.105649
2.18052
2.88101
-0.8009
-2.7139
-0.161397
0.874672
1.60886
0.0921716
-1.62053
-0.543614
0.301684
1.02736
0.672607
-0.835519
-0.777624
-0.133721
0.481004
0.853292
-0.0244814
-0.668067
-0.444322
-0.0305521
0.545508
0.526221
-0.145137
-0.471001
-0.337619
0.00895255
0.419755
0.391764
-0.0977009
-0.332395
-0.239847
-0.0877555
0.282355
0.349568
-0.0692798
-0.146259
99.9924
100.005
100.025
99.9837
99.956
100.025
100.064
99.9692
99.9132
100.031
100.111
99.9757
99.8631
100.008
100.163
100.018
99.8165
99.9415
100.199
100.109
99.8012
99.8277
100.178
100.246
99.8615
99.6963
100.045
100.375
100.052
99.6159
99.7991
100.346
100.39
99.7011
99.5317
100.034
100.653
100.162
99.3605
99.5774
100.368
100.934
99.6969
99.1062
99.6245
100.929
101.177
98.9904
98.7803
99.6178
102.15
101.514
97.4707
97.6563
99.7205
107.945
102.281
84.0224
49.948
16.0986
-2.05879
-8.24897
0.0542162
2.16698
2.94876
-0.677942
-2.81787
-0.221678
0.841614
1.64357
0.249195
-1.6861
-0.614884
0.259814
0.997474
0.846216
-0.830263
-0.859128
-0.158602
0.375977
0.980138
0.0833272
-0.752115
-0.436316
-0.154826
0.529447
0.722639
-0.183291
-0.474637
-0.365965
-0.175464
0.56223
0.508622
-0.166482
-0.249743
-0.404476
-0.228575
0.51674
0.369091
-0.047396
99.9986
99.9867
100.018
100.026
99.9657
99.9593
100.048
100.058
99.9417
99.9203
100.064
100.105
99.9376
99.8663
100.051
100.165
99.9705
99.8061
99.9911
100.221
100.059
99.7682
99.8716
100.226
100.21
99.8019
99.7171
100.112
100.378
99.9751
99.5973
99.8603
100.401
100.334
99.6302
99.5617
100.11
100.676
100.06
99.3321
99.6304
100.452
100.907
99.5851
99.1165
99.6859
101.019
101.099
98.8944
98.8047
99.6914
102.24
101.404
97.39
97.6765
99.81
108.035
102.161
83.9415
49.9532
16.1997
-1.95529
-8.35798
-0.0411364
2.14361
3.04923
-0.547629
-2.89141
-0.331449
0.771014
1.71846
0.411418
-1.69768
-0.712449
0.131676
1.00224
1.02392
-0.765374
-0.892912
-0.30854
0.25546
1.11871
0.209706
-0.690105
-0.494542
-0.396828
0.521748
0.861445
-0.0772763
-0.334563
-0.540341
-0.416658
0.610749
0.557573
0.0465009
-0.0647857
-0.674101
-0.411495
0.474058
0.32671
100.006
99.986
99.9884
100.034
100.019
99.9474
99.9712
100.07
100.043
99.915
99.9371
100.096
100.088
99.8996
99.8799
100.096
100.157
99.9204
99.8058
100.045
100.233
100.003
99.743
99.9229
100.27
100.164
99.746
99.7461
100.181
100.372
99.8951
99.5857
99.9253
100.455
100.269
99.5632
99.5941
100.189
100.694
99.9546
99.3066
99.6822
100.543
100.877
99.4721
99.1239
99.7466
101.117
101.023
98.7936
98.8221
99.7636
102.342
101.301
97.296
97.6886
99.8926
108.148
102.057
83.8371
49.9498
16.2828
-1.82221
-8.43275
-0.169576
2.11104
3.11536
-0.392913
-2.89738
-0.476886
0.688765
1.74505
0.56078
-1.59917
-0.821696
-0.0151658
0.965958
1.11038
-0.583922
-0.863594
-0.482681
0.139425
1.09365
0.341786
-0.469139
-0.546886
-0.569761
0.40754
0.782991
0.144727
-0.10201
-0.624744
-0.521826
0.394073
0.412362
0.351044
0.148932
-0.658713
-0.417219
0.0906857
100.006
100.004
99.9737
99.9975
100.047
100.004
99.9328
99.9906
100.087
100.02
99.8938
99.9623
100.122
100.063
99.8669
99.9036
100.136
100.137
99.8736
99.817
100.098
100.233
99.9454
99.7299
99.9777
100.302
100.112
99.7008
99.7822
100.244
100.355
99.8205
99.5849
99.9886
100.499
100.2
99.5097
99.6278
100.264
100.703
99.8546
99.2927
99.7269
100.628
100.84
99.373
99.1349
99.795
101.213
100.946
98.7099
98.8361
99.8178
102.448
101.204
97.2212
97.6935
99.9469
108.27
101.962
83.756
49.9408
16.3195
-1.67304
-8.49642
-0.269433
2.08759
3.1091
-0.227564
-2.88551
-0.593771
0.654075
1.67837
0.686197
-1.47232
-0.918508
-0.0568107
0.863862
1.09904
-0.375437
-0.857814
-0.524954
0.0865314
0.910205
0.451448
-0.30765
-0.562587
-0.501858
0.238197
0.592486
0.306859
-0.0460386
-0.520734
-0.37463
0.110676
0.257257
0.423546
0.0961349
-0.367756
-0.191675
99.9977
100.016
99.994
99.9657
100.013
100.054
99.9836
99.926
100.016
100.096
99.9908
99.8825
99.9948
100.139
100.028
99.8444
99.938
100.167
100.105
99.8347
99.8428
100.146
100.217
99.8902
99.7338
100.035
100.318
100.051
99.6718
99.829
100.296
100.32
99.7548
99.6012
100.052
100.525
100.122
99.4764
99.6702
100.331
100.69
99.7615
99.2991
99.773
100.701
100.782
99.2938
99.1604
99.8418
101.291
100.853
98.6548
98.8593
99.8684
102.531
101.092
97.1826
97.7043
99.9962
108.369
101.846
83.7211
49.9388
16.35
-1.54648
-8.59785
-0.313088
2.08246
3.09308
-0.0746477
-2.94234
-0.658869
0.668983
1.59705
0.823416
-1.44445
-1.01353
-0.000228674
0.753428
1.13185
-0.248651
-0.966924
-0.456671
0.0673685
0.785013
0.598741
-0.363277
-0.599656
-0.343108
0.0979423
0.602267
0.391292
-0.250869
-0.400948
-0.257862
-0.0201606
0.427639
0.336175
-0.180644
-0.180901
99.9931
100.007
100.02
99.9796
99.9652
100.032
100.051
99.9596
99.9298
100.045
100.092
99.9569
99.8838
100.034
100.142
99.9853
99.8345
99.9831
100.186
100.059
99.8052
99.8844
100.189
100.182
99.8368
99.7564
100.097
100.315
99.9811
99.659
99.8902
100.339
100.263
99.6944
99.6371
100.121
100.531
100.03
99.4591
99.7297
100.397
100.65
99.666
99.3233
99.8366
100.764
100.696
99.2206
99.2025
99.9101
101.349
100.734
98.6073
98.8993
99.9471
102.586
100.955
97.1488
97.7322
100.085
108.434
101.702
83.6864
49.9485
16.4395
-1.45142
-8.73856
-0.360581
2.07092
3.16003
0.0702617
-3.05953
-0.729121
0.643488
1.60456
1.01678
-1.49679
-1.11754
-0.0179755
0.673901
1.31819
-0.172579
-1.10461
-0.455365
-0.0646737
0.839706
0.836328
-0.463442
-0.630375
-0.411179
-0.0791566
0.8552
0.514887
-0.362148
-0.349509
-0.51577
-0.12012
0.783794
0.359957
-0.146375
99.9972
99.9907
100.02
100.017
99.9632
99.9738
100.052
100.039
99.935
99.9446
100.075
100.077
99.9211
99.8976
100.076
100.132
99.937
99.8368
100.036
100.194
100.003
99.7845
99.939
100.226
100.131
99.785
99.7936
100.163
100.297
99.9019
99.657
99.9638
100.378
100.19
99.6345
99.6859
100.2
100.525
99.9238
99.4469
99.8035
100.471
100.592
99.5598
99.3523
99.9197
100.831
100.593
99.134
99.25
100.004
101.407
100.601
98.5358
98.9479
100.058
102.642
100.809
97.0738
97.7695
100.214
108.504
101.56
83.5888
49.9571
16.5805
-1.3454
-8.85211
-0.487383
2.02215
3.29214
0.229369
-3.11271
-0.861269
0.509098
1.67406
1.22761
-1.45983
-1.19205
-0.21803
0.590689
1.52977
-0.0396979
-1.05963
-0.58854
-0.349856
0.906404
1.02628
-0.327335
-0.511581
-0.705893
-0.338401
0.967316
0.6142
-0.0591528
-0.208155
-0.929055
-0.322747
0.745976
0.394301
100.004
99.9857
99.996
100.033
100.005
99.9487
99.9907
100.069
100.018
99.9136
99.9687
100.101
100.051
99.8879
99.9217
100.117
100.112
99.8888
99.8499
100.092
100.192
99.9421
99.773
99.9994
100.257
100.073
99.7387
99.8385
100.228
100.271
99.8223
99.662
100.04
100.414
100.109
99.5787
99.7366
100.283
100.516
99.8146
99.4361
99.8758
100.552
100.533
99.4513
99.3762
100.002
100.909
100.491
99.039
99.288
100.099
101.485
100.474
98.4452
98.9849
100.164
102.731
100.677
96.9665
97.7938
100.325
108.622
101.452
83.4446
49.9506
16.6813
-1.18896
-8.88991
-0.669122
1.95435
3.35777
0.401108
-3.0254
-1.02596
0.347569
1.67124
1.34849
-1.24708
-1.20712
-0.451258
0.483432
1.52558
0.155565
-0.811844
-0.718554
-0.560388
0.77732
0.970119
0.00477172
-0.275527
-0.85925
-0.480211
0.673099
0.514586
0.385054
0.00950987
-0.925777
-0.394081
0.202868
100.006
99.9987
99.9764
100.008
100.041
99.9877
99.94
100.013
100.08
99.9908
99.9004
99.9989
100.119
100.019
99.8637
99.954
100.149
100.082
99.8485
99.8739
100.141
100.177
99.8862
99.7748
100.058
100.273
100.013
99.7066
99.8871
100.282
100.235
99.7543
99.6768
100.109
100.438
100.031
99.5397
99.7842
100.355
100.499
99.719
99.4362
99.9345
100.625
100.473
99.3638
99.3995
100.066
100.985
100.395
98.9682
99.3142
100.167
101.569
100.358
98.3822
99.0018
100.234
102.837
100.559
96.8948
97.7953
100.378
108.767
101.359
83.3481
49.9351
16.688
-1.00784
-8.90781
-0.795189
1.92668
3.28923
0.561282
-2.90874
-1.14964
0.315011
1.54532
1.36355
-1.00405
-1.2344
-0.484126
0.404545
1.31103
0.329759
-0.649416
-0.735362
-0.472148
0.5218
0.77925
0.223825
-0.232542
-0.683821
-0.3412
0.268121
0.37734
0.455895
-0.032482
-0.480319
-0.194326
100
100.013
99.9875
99.9733
100.024
100.042
99.9675
99.9412
100.038
100.078
99.9615
99.9001
100.032
100.123
99.9817
99.8544
99.9935
100.166
100.042
99.8226
99.9109
100.177
100.146
99.84
99.7958
100.112
100.268
99.952
99.6971
99.9424
100.317
100.184
99.7047
99.7102
100.17
100.436
99.9532
99.5287
99.8374
100.408
100.458
99.6428
99.461
99.9881
100.674
100.395
99.311
99.4381
100.118
101.03
100.29
98.943
99.3468
100.223
101.616
100.237
98.3759
99.0189
100.291
102.9
100.429
96.896
97.7964
100.42
108.864
101.231
83.3449
49.9322
16.6825
-0.867631
-9.01025
-0.820639
1.95202
3.20634
0.712281
-2.94011
-1.22476
0.408481
1.41213
1.42844
-0.921833
-1.37443
-0.345607
0.365176
1.19803
0.485502
-0.794591
-0.721363
-0.267709
0.350505
0.844251
0.234294
-0.51195
-0.461102
-0.223676
0.165099
0.608512
0.206242
-0.354497
-0.201216
99.9943
100.01
100.013
99.9744
99.9791
100.04
100.032
99.9476
99.9545
100.062
100.063
99.9322
99.9151
100.068
100.11
99.9408
99.8624
100.04
100.165
99.9908
99.8129
99.9627
100.201
100.095
99.8032
99.8388
100.164
100.238
99.8869
99.7112
100.01
100.331
100.111
99.6696
99.7681
100.229
100.405
99.8667
99.5432
99.9102
100.449
100.383
99.5735
99.5134
100.059
100.696
100.286
99.2756
99.504
100.19
101.035
100.159
98.938
99.4096
100.305
101.609
100.092
98.3871
99.071
100.387
102.895
100.271
96.9083
97.8328
100.531
108.888
101.057
83.3448
49.9483
16.7923
-0.781276
-9.19574
-0.85077
1.95182
3.27592
0.890813
-3.09862
-1.31653
0.411655
1.39083
1.67778
-0.954787
-1.56146
-0.329153
0.247625
1.38258
0.704758
-1.01537
-0.759857
-0.380556
0.25909
1.24963
0.269372
-0.692653
-0.464067
-0.575182
0.244112
1.10407
0.151531
-0.333821
99.9956
99.9964
100.021
100.004
99.9627
99.9942
100.053
100.011
99.9311
99.9793
100.083
100.035
99.9054
99.9439
100.102
100.083
99.8986
99.8857
100.091
100.15
99.9321
99.8167
100.026
100.214
100.029
99.773
99.8989
100.216
100.189
99.8161
99.7411
100.09
100.336
100.02
99.6395
99.8443
100.296
100.355
99.7664
99.5684
100.004
100.491
100.285
99.4939
99.5793
100.156
100.712
100.151
99.226
99.5894
100.294
101.029
100.003
98.9065
99.5014
100.425
101.591
99.9226
98.3499
99.1609
100.533
102.886
100.095
96.839
97.9036
100.711
108.917
100.889
83.2245
49.9621
17.0011
-0.678257
-9.32443
-1.01181
1.85229
3.46323
1.09999
-3.142
-1.45425
0.175332
1.42779
1.97827
-0.868248
-1.57747
-0.582831
-0.0193002
1.61326
0.933075
-0.879941
-0.748048
-0.847268
0.0872463
1.4948
0.439018
-0.31713
-0.519195
-1.18044
0.121461
1.13474
0.372438
100.002
99.9868
100.006
100.028
99.9878
99.9558
100.016
100.061
99.9839
99.9209
100.011
100.098
99.9997
99.8849
99.9815
100.13
100.045
99.8605
99.9191
100.139
100.124
99.8735
99.8305
100.092
100.218
99.9578
99.7501
99.9647
100.264
100.133
99.7473
99.7768
100.172
100.336
99.9239
99.6125
99.9217
100.366
100.302
99.6631
99.5921
100.098
100.541
100.184
99.4075
99.6385
100.257
100.744
100.015
99.1602
99.6657
100.404
101.052
99.8433
98.8455
99.5833
100.55
101.622
99.7503
98.2665
99.2387
100.673
102.953
99.93
96.7014
97.9579
100.858
109.044
100.778
83.0123
49.9515
17.1337
-0.49529
-9.29931
-1.2617
1.71379
3.53864
1.27599
-2.92844
-1.58658
-0.118282
1.37869
2.0408
-0.577148
-1.37217
-0.867682
-0.250534
1.50455
0.983954
-0.398848
-0.615309
-1.13535
-0.107607
1.1471
0.536172
0.310123
-0.399773
-1.25477
-0.123435
0.434742
100.006
99.9927
99.9827
100.02
100.029
99.969
99.9565
100.04
100.06
99.9554
99.9208
100.044
100.101
99.9625
99.8763
100.022
100.146
100.004
99.8351
99.9584
100.176
100.09
99.8264
99.8545
100.149
100.209
99.8941
99.7419
100.026
100.297
100.076
99.6961
99.8153
100.24
100.328
99.8408
99.6004
99.9862
100.423
100.25
99.5815
99.6176
100.169
100.587
100.095
99.3454
99.6826
100.333
100.783
99.8972
99.1182
99.7104
100.489
101.094
99.7056
98.8109
99.6176
100.642
101.689
99.601
98.2207
99.2551
100.76
103.073
99.7882
96.6235
97.9521
100.903
109.235
100.695
82.8863
49.9273
17.0871
-0.273705
-9.23516
-1.41987
1.68316
3.38746
1.37994
-2.66383
-1.6798
-0.145637
1.22792
1.84378
-0.276794
-1.24198
-0.882795
-0.199157
1.10762
0.888085
-0.087715
-0.577629
-0.868266
-0.111289
0.573359
0.508876
0.401654
-0.328018
-0.619672
-0.14336
100.003
100.008
99.9815
99.986
100.034
100.022
99.9525
99.9673
100.06
100.047
99.9314
99.9343
100.073
100.088
99.9289
99.8853
100.06
100.143
99.9615
99.8306
100.003
100.191
100.046
99.8
99.8935
100.188
100.179
99.8437
99.759
100.081
100.302
100.015
99.6752
99.8649
100.283
100.294
99.7769
99.6195
100.042
100.448
100.185
99.5386
99.6618
100.219
100.598
100.007
99.3346
99.7287
100.381
100.784
99.7962
99.1359
99.7421
100.544
101.091
99.5965
98.8474
99.6271
100.705
101.697
99.482
98.2691
99.2399
100.818
103.118
99.6559
96.6798
97.9218
100.921
109.341
100.558
82.938
49.9226
17.0116
-0.116467
-9.33982
-1.41399
1.7802
3.20975
1.49477
-2.6666
-1.78716
0.0847685
1.10035
1.76474
-0.153248
-1.46961
-0.708199
0.00100208
0.873402
1.00353
-0.242786
-0.832804
-0.442248
-0.0569837
0.514072
0.702728
-0.130816
-0.532338
-0.160607
99.9966
100.012
100.002
99.9729
99.9977
100.042
100.005
99.9427
99.9892
100.072
100.021
99.9157
99.963
100.094
100.058
99.9013
99.9145
100.095
100.117
99.9179
99.8497
100.054
100.183
99.9882
99.7953
99.952
100.211
100.122
99.8034
99.8061
100.137
100.274
99.9422
99.6836
99.9374
100.308
100.225
99.7219
99.6749
100.11
100.439
100.09
99.5235
99.7407
100.273
100.559
99.9012
99.3622
99.8087
100.428
100.718
99.6898
99.1946
99.8138
100.597
101.003
99.4901
98.923
99.6894
100.777
101.596
99.3639
98.3517
99.2915
100.919
103.025
99.5036
96.7627
97.9587
101.051
109.297
100.345
83.0066
49.947
17.1447
-0.0443939
-9.61188
-1.40924
1.81586
3.27983
1.73553
-2.90257
-1.94638
0.155022
1.04803
2.09756
-0.110645
-1.83079
-0.687559
-0.123768
0.999717
1.49739
-0.474401
-1.06746
-0.504524
-0.394604
0.97184
1.21053
-0.418879
-0.57052
99.9949
100.003
100.017
99.9892
99.9703
100.017
100.043
99.9799
99.9418
100.02
100.074
99.9849
99.9093
100.004
100.107
100.014
99.8803
99.9604
100.127
100.073
99.8738
99.8878
100.111
100.156
99.9195
99.8059
100.027
100.224
100.044
99.7661
99.8754
100.2
100.226
99.8534
99.7072
100.032
100.33
100.129
99.6599
99.7528
100.2
100.415
99.9659
99.5066
99.8497
100.348
100.495
99.7655
99.3862
99.9319
100.497
100.62
99.5506
99.2404
99.9483
100.674
100.88
99.3429
98.9652
99.8385
100.881
101.465
99.1978
98.3596
99.4493
101.079
102.911
99.3129
96.7027
98.0896
101.297
109.248
100.144
82.8606
49.9682
17.4651
0.0490644
-9.78163
-1.6026
1.62755
3.54568
2.04808
-2.95981
-2.07131
-0.214471
0.971887
2.55191
0.0564482
-1.77447
-0.909769
-0.701785
1.13726
1.89969
-0.267795
-0.752195
-0.981458
-1.08075
1.14359
1.39092
0.0885913
99.9983
99.9915
100.015
100.016
99.9724
99.9753
100.039
100.036
99.9522
99.9499
100.054
100.067
99.945
99.9123
100.05
100.11
99.9631
99.8673
100.014
100.153
100.02
99.8341
99.9347
100.166
100.121
99.8499
99.8243
100.105
100.232
99.9611
99.732
99.9493
100.264
100.174
99.761
99.7322
100.13
100.356
100.029
99.5916
99.8291
100.296
100.402
99.834
99.4762
99.957
100.438
100.448
99.6142
99.3869
100.057
100.588
100.552
99.3815
99.252
100.088
100.776
100.812
99.1491
98.957
99.9923
101.009
101.428
98.9779
98.2877
99.6067
101.242
102.947
99.0995
96.5134
98.2091
101.491
109.386
100.032
82.5363
49.9533
17.6585
0.260144
-9.65825
-1.934
1.35492
3.64671
2.21863
-2.59672
-2.07237
-0.697915
0.822263
2.54472
0.327427
-1.21658
-1.09599
-1.14246
0.931941
1.63378
0.242179
-0.058819
-1.1785
-1.31147
0.632518
0.74896
100.004
99.9882
99.9948
100.027
100.008
99.9572
99.9874
100.057
100.021
99.9292
99.9663
100.082
100.051
99.9111
99.9256
100.09
100.102
99.9178
99.8672
100.063
100.164
99.9698
99.8099
99.9818
100.205
100.082
99.7964
99.8495
100.169
100.229
99.89
99.7134
100.012
100.312
100.126
99.6895
99.7588
100.205
100.377
99.9445
99.5431
99.8873
100.369
100.398
99.7251
99.4583
100.027
100.513
100.427
99.4874
99.3923
100.126
100.674
100.525
99.236
99.2654
100.148
100.883
100.802
98.978
98.9596
100.036
101.133
101.477
98.7812
98.2546
99.6231
101.354
103.105
98.9137
96.413
98.1943
101.52
109.664
99.9668
82.3513
49.9179
17.5273
0.530737
-9.45027
-2.1337
1.31714
3.39857
2.1777
-2.14081
-2.06061
-0.726486
0.721921
2.03761
0.519937
-0.826293
-1.07118
-0.855531
0.559942
0.987514
0.508381
0.087903
-0.858206
-0.647738
0.0518499
100.005
100
99.9804
100.004
100.035
99.9939
99.9501
100.005
100.066
99.9996
99.9186
99.9904
100.096
100.026
99.8921
99.9516
100.115
100.078
99.8863
99.8871
100.101
100.152
99.9262
99.8128
100.028
100.216
100.035
99.7727
99.8893
100.206
100.201
99.8391
99.7278
100.064
100.323
100.072
99.6592
99.8021
100.247
100.365
99.8774
99.5452
99.9369
100.401
100.37
99.6559
99.49
100.065
100.545
100.385
99.4227
99.4426
100.142
100.72
100.473
99.1755
99.3252
100.137
100.951
100.753
98.9125
99.0293
99.9883
101.219
101.455
98.6953
98.3458
99.5333
101.424
103.15
98.7932
96.5386
98.0908
101.496
109.806
99.8225
82.489
49.91
17.323
0.711134
-9.55045
-2.08839
1.55802
3.09643
2.18831
-2.10281
-2.24928
-0.303161
0.739007
1.73193
0.647943
-1.17755
-1.0334
-0.225093
0.387991
0.964382
0.454407
-0.681217
-0.566967
-0.0135046
99.9999
100.01
99.991
99.9797
100.017
100.032
99.9766
99.9554
100.027
100.059
99.9731
99.9249
100.022
100.092
99.9894
99.892
99.9919
100.122
100.035
99.8708
99.9308
100.127
100.111
99.8879
99.8474
100.077
100.193
99.9753
99.7797
99.9533
100.221
100.139
99.8013
99.7828
100.119
100.293
99.995
99.6669
99.88
100.273
100.301
99.8097
99.5995
100.01
100.4
100.281
99.6112
99.5775
100.121
100.531
100.274
99.406
99.5469
100.183
100.705
100.338
99.1816
99.4372
100.171
100.947
100.588
98.9259
99.1512
100.019
101.247
101.259
98.6841
98.4911
99.5553
101.507
102.942
98.699
96.7225
98.1029
101.637
109.66
99.5674
82.6854
49.9437
17.4732
0.766584
-9.97641
-2.03055
1.68589
3.15412
2.53854
-2.4468
-2.58686
-0.112385
0.671568
2.15899
0.916204
-1.81824
-1.14758
-0.289598
0.332414
1.85891
0.531222
-1.321
-0.645373
99.9962
100.008
100.007
99.9799
99.9886
100.031
100.018
99.9586
99.9738
100.05
100.038
99.9441
99.947
100.058
100.071
99.9454
99.9082
100.044
100.113
99.9757
99.8675
99.9942
100.146
100.046
99.8507
99.9065
100.134
100.148
99.8996
99.8055
100.041
100.225
100.046
99.7625
99.8672
100.19
100.238
99.891
99.6872
99.9935
100.305
100.199
99.7208
99.6753
100.127
100.394
100.145
99.549
99.6915
100.236
100.497
100.11
99.3666
99.6811
100.309
100.656
100.147
99.1478
99.5758
100.328
100.905
100.366
98.8721
99.2726
100.227
101.251
101.004
98.5822
98.557
99.81
101.628
102.676
98.5272
96.6827
98.3313
101.957
109.47
99.3231
82.5206
49.9745
17.9725
0.843494
-10.2432
-2.24647
1.35806
3.51322
3.0633
-2.55302
-2.69759
-0.619657
0.32047
2.83203
1.28112
-1.72073
-1.17772
-1.26993
0.0566573
2.54832
0.827507
-0.628502
99.9957
100
100.017
99.9964
99.9703
100.006
100.043
99.995
99.9437
100.001
100.07
100.007
99.9178
99.979
100.092
100.04
99.9015
99.9346
100.098
100.096
99.9128
99.8722
100.063
100.159
99.9748
99.8163
99.973
100.191
100.096
99.8198
99.8355
100.134
100.23
99.9478
99.7187
99.9556
100.268
100.185
99.7762
99.699
100.114
100.35
100.1
99.6104
99.74
100.26
100.409
100.012
99.4474
99.7955
100.376
100.493
99.9526
99.2608
99.8087
100.467
100.651
99.9755
99.0102
99.7067
100.522
100.921
100.2
98.6695
99.3648
100.473
101.32
100.886
98.3032
98.5278
100.103
101.781
102.666
98.2368
96.4222
98.5813
102.213
109.608
99.2083
82.017
49.9563
18.2858
1.08004
-9.97666
-2.66651
0.838075
3.66157
3.23809
-2.0408
-2.3991
-1.33859
-0.0672486
2.77916
1.37008
-0.733458
-0.915388
-2.01265
-0.280877
1.88848
0.838495
100
99.9895
100.01
100.022
99.9814
99.9663
100.026
100.047
99.9703
99.9372
100.03
100.08
99.9752
99.9022
100.013
100.115
100.007
99.87
99.9653
100.138
100.072
99.8626
99.8855
100.12
100.162
99.9138
99.7963
100.03
100.231
100.049
99.759
99.865
100.205
100.232
99.8685
99.6879
100.024
100.328
100.149
99.6836
99.7093
100.2
100.393
100.033
99.5161
99.7869
100.348
100.445
99.919
99.3523
99.8674
100.462
100.54
99.8393
99.1534
99.8931
100.551
100.728
99.8559
98.8661
99.79
100.601
101.048
100.112
98.4583
99.4246
100.534
101.494
100.906
98.0154
98.5194
100.128
101.942
102.895
97.9521
96.2772
98.5645
102.223
110.043
99.1655
81.7127
49.9084
18.0314
1.40551
-9.5159
-2.92127
0.766778
3.31771
2.90552
-1.36171
-2.12799
-1.39463
-0.00181849
1.91092
1.11255
0.00644286
-0.755612
-1.45668
-0.157079
0.508372
100.005
99.9918
99.9887
100.021
100.019
99.9678
99.9716
100.042
100.04
99.9505
99.9445
100.053
100.074
99.9483
99.9059
100.043
100.116
99.9737
99.8632
99.9991
100.153
100.039
99.8394
99.9142
100.152
100.141
99.8739
99.8069
100.074
100.236
100.005
99.7394
99.9035
100.237
100.21
99.8203
99.6988
100.069
100.342
100.11
99.6441
99.7454
100.234
100.4
99.9816
99.4919
99.8346
100.365
100.459
99.8546
99.3454
99.9121
100.464
100.574
99.7596
99.1607
99.9262
100.537
100.796
99.7629
98.8792
99.8139
100.554
101.165
100.021
98.4608
99.4608
100.416
101.655
100.861
97.9798
98.6145
99.9094
102.071
102.971
97.8508
96.4785
98.3154
102.14
110.279
99.0209
81.974
49.8949
17.5944
1.61814
-9.58016
-2.83849
1.27341
2.86713
2.6687
-1.25614
-2.47145
-0.751111
0.447056
1.30286
1.12665
-0.45813
-1.22228
-0.271666
0.234784
100.003
100.003
99.9848
99.9956
100.027
100.007
99.9611
99.9882
100.05
100.02
99.9404
99.9686
100.067
100.047
99.9297
99.9335
100.068
100.089
99.9416
99.8865
100.039
100.136
99.9923
99.8467
99.9656
100.158
100.088
99.8524
99.8576
100.111
100.196
99.9507
99.7652
99.9677
100.234
100.143
99.7938
99.7648
100.115
100.303
100.036
99.6582
99.8301
100.247
100.339
99.911
99.5488
99.9159
100.351
100.387
99.7867
99.4426
99.9771
100.438
100.494
99.6868
99.2954
99.9739
100.511
100.711
99.6669
99.051
99.8558
100.53
101.087
99.8688
98.6639
99.5273
100.385
101.617
100.615
98.1724
98.7677
99.8509
102.117
102.635
97.9035
96.7942
98.2418
102.277
109.987
98.7216
82.403
49.9374
17.7302
1.65988
-10.2718
-2.71194
1.62098
2.88572
3.19176
-1.71809
-3.22714
-0.380302
0.457589
1.79072
1.92641
-1.44691
-1.8783
-0.168777
99.9994
100.008
99.9948
99.9833
100.01
100.026
99.9865
99.9637
100.015
100.047
99.9871
99.941
100.007
100.071
100.003
99.919
99.9815
100.088
100.04
99.9091
99.9345
100.085
100.095
99.9314
99.8756
100.039
100.148
100.005
99.8375
99.9411
100.154
100.123
99.8773
99.8176
100.064
100.217
100.034
99.7654
99.8705
100.188
100.228
99.9196
99.6867
99.9631
100.284
100.22
99.8024
99.6286
100.058
100.362
100.231
99.6881
99.5595
100.125
100.444
100.301
99.587
99.432
100.136
100.542
100.478
99.5397
99.1879
100.038
100.633
100.83
99.6705
98.7757
99.7114
100.615
101.401
100.292
98.2207
98.8988
100.22
102.101
102.171
97.8235
96.7961
98.6155
102.675
109.545
98.4261
82.2522
49.9798
18.5184
1.71392
-10.76
-2.93062
1.09089
3.33548
4.15536
-1.91522
-3.39666
-0.983327
-0.467495
2.71292
2.84737
-1.39458
-1.52003
99.9965
100.008
100.007
99.9818
99.989
100.028
100.017
99.9625
99.975
100.045
100.036
99.9497
99.9504
100.052
100.066
99.9517
99.9152
100.038
100.104
99.9804
99.8788
99.9923
100.132
100.045
99.866
99.9117
100.12
100.135
99.9142
99.8212
100.034
100.203
100.044
99.7926
99.87
100.174
100.207
99.9147
99.7192
99.9814
100.282
100.16
99.7858
99.6872
100.114
100.351
100.107
99.6649
99.6669
100.239
100.407
100.086
99.5433
99.6146
100.34
100.486
100.134
99.4212
99.4703
100.396
100.614
100.304
99.3404
99.1562
100.339
100.789
100.673
99.4458
98.604
99.9956
100.922
101.309
100.093
97.872
98.9951
100.709
102.165
102.089
97.4126
96.4548
99.1126
103.007
109.649
98.3005
81.4592
49.9606
19.079
1.96786
-10.2954
-3.43483
0.0985648
3.55507
4.41712
-1.29041
-2.50535
-1.94576
-1.45917
2.6771
2.56524
-0.0213215
99.996
99.9985
100.017
99.9997
99.9695
100
100.044
100.002
99.9429
99.9919
100.07
100.018
99.9192
99.9661
100.089
100.055
99.9086
99.9199
100.086
100.109
99.9289
99.8604
100.043
100.166
100
99.8162
99.9452
100.183
100.121
99.8414
99.8104
100.107
100.241
99.9851
99.7233
99.9096
100.258
100.208
99.8252
99.6727
100.064
100.355
100.129
99.6762
99.6691
100.226
100.409
100.059
99.5338
99.6728
100.371
100.457
100.038
99.3807
99.6301
100.491
100.542
100.107
99.2141
99.4654
100.567
100.686
100.334
99.0903
99.0746
100.53
100.876
100.807
99.2081
98.3642
100.177
101.007
101.559
100.025
97.4251
99.0673
100.766
102.422
102.413
96.9162
96.2397
99.127
103.006
110.351
98.2823
80.9067
49.9
18.6549
2.3489
-9.36434
-3.75913
-0.10501
3.13831
3.52881
-0.384569
-1.60091
-2.07273
-1.09441
1.48276
1.09818
100.001
99.9894
100.005
100.023
99.9894
99.9646
100.014
100.049
99.9856
99.9366
100.011
100.078
99.9978
99.9075
99.9875
100.105
100.034
99.8876
99.9382
100.113
100.096
99.8979
99.8673
100.077
100.168
99.965
99.8035
99.9775
100.206
100.097
99.8075
99.8254
100.144
100.243
99.9474
99.7043
99.9446
100.284
100.196
99.7822
99.6728
100.104
100.367
100.117
99.6266
99.6887
100.257
100.418
100.053
99.4723
99.7101
100.381
100.479
100.042
99.3002
99.6821
100.471
100.585
100.136
99.1048
99.5294
100.51
100.74
100.425
98.9441
99.1465
100.438
100.886
101.011
99.0419
98.4264
100.09
100.865
101.892
99.9287
97.4311
99.0937
100.368
102.724
102.563
96.816
96.5085
98.6111
102.851
110.81
98.1461
81.3369
49.8782
17.775
2.60424
-9.28934
-3.65312
0.901657
2.53054
2.68758
-0.173658
-2.18535
-1.23229
0.474561
0.535588
100.004
99.9951
99.9891
100.013
100.019
99.9794
99.9724
100.026
100.038
99.9704
99.9495
100.03
100.064
99.9748
99.9209
100.015
100.093
100.001
99.8945
99.9753
100.112
100.055
99.8894
99.909
100.096
100.129
99.9337
99.8375
100.02
100.183
100.045
99.8141
99.884
100.154
100.189
99.9122
99.7518
99.9973
100.254
100.135
99.776
99.7502
100.127
100.312
100.061
99.6503
99.7835
100.24
100.356
100.001
99.5251
99.814
100.323
100.425
99.9819
99.3809
99.7977
100.374
100.546
100.055
99.2049
99.6786
100.373
100.716
100.314
99.0328
99.3765
100.264
100.863
100.883
99.0453
98.7941
99.9284
100.79
101.8
99.7319
97.9187
99.1141
100.163
102.742
102.109
97.1613
96.9782
98.3171
102.962
110.322
97.8073
82.2094
49.9272
17.7943
2.64147
-10.4678
-3.44987
1.80541
2.47225
3.45622
-0.729967
-3.98766
-0.637834
0.999666
100.002
100.002
99.9894
99.9978
100.019
100.004
99.973
99.9936
100.035
100.011
99.9584
99.9809
100.047
100.03
99.95
99.9572
100.049
100.059
99.9567
99.9245
100.031
100.092
99.9897
99.8955
99.9822
100.109
100.054
99.8968
99.9074
100.082
100.129
99.96
99.8422
99.985
100.163
100.085
99.8598
99.8433
100.088
100.201
100.01
99.7772
99.884
100.185
100.21
99.9325
99.7086
99.9376
100.264
100.219
99.8672
99.6356
99.9765
100.333
100.26
99.8268
99.5344
99.9695
100.398
100.362
99.8438
99.3851
99.8704
100.442
100.545
99.9943
99.2012
99.6039
100.399
100.786
100.413
99.1068
99.0697
100.117
100.945
101.243
99.5039
98.2188
99.287
100.636
102.421
101.414
97.3261
97.0534
98.8927
103.428
109.408
97.4544
82.1766
49.9823
19.0902
2.66949
-11.5073
-3.64315
1.00112
2.98451
5.46424
-1.05052
-4.62551
-1.24752
100
100.006
99.9925
99.9872
100.014
100.02
99.9806
99.9718
100.023
100.038
99.9756
99.9511
100.022
100.061
99.9838
99.9268
100.005
100.084
100.012
99.908
99.9647
100.094
100.063
99.9136
99.9052
100.068
100.124
99.9659
99.8523
99.9871
100.157
100.07
99.8584
99.865
100.104
100.185
99.9679
99.7864
99.9329
100.212
100.158
99.8629
99.7498
100.023
100.294
100.105
99.7754
99.7224
100.113
100.364
100.063
99.7047
99.6715
100.182
100.446
100.06
99.6494
99.5633
100.202
100.567
100.132
99.6313
99.3699
100.106
100.731
100.324
99.7216
99.1047
99.7628
100.865
100.682
100.066
98.9168
99.0057
100.706
101.163
100.867
99.2658
97.8111
99.669
101.368
102.23
101.225
96.7401
96.64
99.866
103.848
109.368
97.3063
80.8757
49.9656
20.2299
2.92834
-10.7793
-4.21066
-1.06241
3.28981
6.22319
-0.383005
-2.40293
99.9963
100.008
100.006
99.9797
99.99
100.032
100.016
99.958
99.9764
100.051
100.035
99.9425
99.9505
100.06
100.067
99.9421
99.912
100.048
100.11
99.9702
99.8702
100.001
100.144
100.038
99.8513
99.9147
100.138
100.136
99.8958
99.8136
100.05
100.22
100.028
99.7748
99.8735
100.201
100.212
99.8855
99.7124
99.9916
100.318
100.14
99.7579
99.6902
100.128
100.395
100.054
99.6569
99.6677
100.262
100.457
99.9951
99.5714
99.6002
100.375
100.543
99.9954
99.5002
99.4377
100.435
100.692
100.09
99.4844
99.1338
100.347
100.925
100.321
99.6392
98.7085
99.9102
101.173
100.726
100.157
98.4129
98.848
101.118
101.248
101.204
98.9611
97.1377
99.9712
101.497
102.645
101.647
95.8005
96.3323
100.02
103.854
110.556
97.3089
79.7416
49.8938
19.5796
3.35826
-8.7887
-4.61259
-1.81891
2.84135
4.06637
0.711524
99.9964
99.9977
100.016
100.002
99.9707
99.9973
100.042
100.006
99.9455
99.9868
100.066
100.024
99.9246
99.9603
100.081
100.06
99.918
99.9155
100.075
100.112
99.9426
99.8611
100.028
100.161
100.015
99.8266
99.9312
100.168
100.13
99.8624
99.8069
100.083
100.237
100.006
99.7423
99.887
100.236
100.215
99.8569
99.6823
100.023
100.344
100.141
99.7229
99.6605
100.175
100.408
100.07
99.606
99.6373
100.318
100.456
100.044
99.4937
99.5647
100.436
100.527
100.098
99.3942
99.3803
100.502
100.648
100.271
99.3764
99.0173
100.428
100.816
100.586
99.6162
98.4811
100.016
100.958
100.991
100.386
98.0676
98.9547
100.832
101.252
101.821
98.6864
97.1419
99.8266
100.9
103.366
101.914
95.6053
96.6416
99.0059
103.626
111.574
97.1903
80.3956
49.861
17.6767
3.66502
-8.15173
-4.50786
0.372317
2.09178
1.06226
100.001
99.9918
100.003
100.018
99.9939
99.9721
100.008
100.038
99.9931
99.9506
100.003
100.06
100.005
99.9298
99.9833
100.078
100.034
99.9178
99.9446
100.08
100.081
99.9307
99.8922
100.048
100.132
99.9869
99.8501
99.9676
100.152
100.088
99.8646
99.8542
100.094
100.192
99.98
99.7774
99.934
100.207
100.165
99.8572
99.7406
100.05
100.281
100.11
99.7431
99.7362
100.167
100.324
100.067
99.6337
99.7336
100.265
100.366
100.067
99.5187
99.6928
100.335
100.431
100.145
99.4048
99.5609
100.36
100.52
100.351
99.3522
99.2745
100.289
100.593
100.714
99.5335
98.8104
100.001
100.551
101.145
100.254
98.3628
99.2842
100.241
101.275
101.735
98.687
97.9683
99.421
100.481
103.445
101.384
96.5034
97.2683
98.147
103.687
110.829
96.8241
82.2919
49.9124
17.1597
3.71286
-10.4879
-4.23358
3.36654
1.9197
100.002
99.9963
99.9948
100.009
100.009
99.9853
99.9868
100.019
100.019
99.9776
99.9744
100.024
100.034
99.9769
99.9568
100.019
100.053
99.9889
99.9377
99.9986
100.069
100.019
99.9278
99.9598
100.068
100.064
99.9448
99.9117
100.032
100.107
100.004
99.8845
99.9529
100.107
100.094
99.9238
99.8641
100.026
100.155
100.046
99.8516
99.8778
100.104
100.177
99.9907
99.7916
99.9064
100.171
100.191
99.944
99.7334
99.9287
100.225
100.22
99.9195
99.6624
99.9212
100.266
100.285
99.9399
99.5697
99.853
100.283
100.392
100.051
99.4733
99.6817
100.235
100.517
100.32
99.4657
99.3694
100.035
100.561
100.769
99.7809
98.9729
99.5452
100.325
101.206
100.772
98.902
98.6105
99.5217
101.005
102.532
100.46
97.2822
97.4532
98.988
104.194
108.852
96.413
82.7985
49.9797
19.6323
3.71849
-13.6019
-4.37339
2.44257
100.003
99.998
99.9915
100.006
100.015
99.9905
99.9785
100.012
100.029
99.9881
99.9629
100.01
100.046
99.9952
99.9461
99.9961
100.061
100.017
99.9346
99.9667
100.065
100.053
99.9412
99.9253
100.044
100.095
99.9808
99.8901
99.984
100.115
100.057
99.8957
99.8986
100.072
100.142
99.9764
99.8405
99.9528
100.153
100.124
99.8869
99.8221
100.022
100.214
100.083
99.8081
99.8223
100.083
100.269
100.042
99.7415
99.8154
100.123
100.337
100.026
99.6803
99.7773
100.127
100.432
100.068
99.6243
99.6897
100.06
100.55
100.217
99.6009
99.5505
99.8605
100.621
100.535
99.7004
99.4072
99.4732
100.449
101.002
100.103
99.4288
98.9644
99.708
101.291
100.979
100.003
98.7664
98.1945
100.481
101.985
101.697
100.124
96.4615
97.0014
101.038
104.702
108.24
96.2282
80.3219
49.9697
22.8742
3.96973
-12.766
-4.96945
100.002
100.006
99.9882
99.9895
100.022
100.016
99.9697
99.9759
100.038
100.034
99.9573
99.9533
100.045
100.062
99.9581
99.9215
100.033
100.096
99.9826
99.8884
99.9932
100.123
100.039
99.875
99.9211
100.115
100.121
99.9129
99.839
100.039
100.191
100.024
99.8047
99.8943
100.171
100.186
99.8883
99.7595
99.9993
100.275
100.118
99.7643
99.7644
100.111
100.35
100.022
99.6715
99.7788
100.209
100.421
99.9306
99.6019
99.7612
100.283
100.524
99.8742
99.5393
99.6782
100.307
100.696
99.8925
99.4814
99.5105
100.204
100.952
100.06
99.4613
99.2827
99.8321
101.205
100.495
99.5731
99.1323
99.065
101.104
101.272
99.996
99.3701
98.0909
99.9558
102.049
100.944
100.395
97.9293
97.2668
101.398
102.232
102.338
100.614
94.4702
96.5949
101.763
104.737
110.582
96.2394
77.0819
49.8908
22.1594
4.43584
-5.44674
99.9965
100.009
100.005
99.9788
99.9918
100.033
100.013
99.956
99.9795
100.054
100.031
99.9388
99.9542
100.065
100.064
99.9359
99.9148
100.056
100.108
99.9612
99.8699
100.011
100.147
100.027
99.8455
99.9239
100.147
100.129
99.8831
99.8178
100.064
100.222
100.012
99.7681
99.8874
100.214
100.203
99.8642
99.718
100.009
100.328
100.12
99.7384
99.7089
100.145
100.404
100.018
99.6466
99.6954
100.275
100.468
99.939
99.5763
99.6325
100.387
100.558
99.9126
99.522
99.4761
100.444
100.722
99.9689
99.5162
99.194
100.346
100.985
100.15
99.6484
98.8327
99.8902
101.282
100.51
100.043
98.6664
98.8512
101.271
101.061
100.735
99.3119
97.4196
100.167
101.557
101.447
101.367
97.0955
97.1994
100.972
101.465
104.11
101.023
93.7549
96.9052
99.5718
104.452
113.684
96.1427
77.796
49.8455
14.9736
4.79887
99.9972
99.9984
100.013
100.001
99.9771
99.9984
100.033
100.004
99.9575
99.9905
100.051
100.018
99.941
99.9701
100.064
100.046
99.9355
99.9352
100.059
100.086
99.954
99.8927
100.024
100.125
100.01
99.865
99.9485
100.131
100.099
99.8916
99.8514
100.067
100.183
100.002
99.7999
99.9149
100.185
100.164
99.887
99.7551
100.021
100.267
100.105
99.7854
99.739
100.14
100.313
100.048
99.6984
99.7208
100.251
100.346
100.028
99.616
99.6638
100.345
100.394
100.07
99.5459
99.5209
100.4
100.476
100.198
99.5443
99.2437
100.349
100.593
100.419
99.747
98.8469
100.045
100.697
100.67
100.339
98.5819
99.2709
100.627
100.758
101.321
99.1434
98.0447
100.005
100.403
101.998
101.391
97.4549
98.3252
99.4464
100.793
104.682
100.486
95.911
97.6653
96.6084
104.442
112.843
95.7641
84.9755
49.8939
4.87793
100
99.9961
100.003
100.008
99.9942
99.9873
100.008
100.018
99.9912
99.9766
100.008
100.029
99.9942
99.9646
100.001
100.041
100.007
99.9546
99.9831
100.047
100.03
99.9547
99.955
100.038
100.06
99.9762
99.9262
100.003
100.081
100.025
99.9196
99.9441
100.066
100.086
99.9648
99.889
99.9959
100.113
100.06
99.9034
99.8874
100.059
100.136
100.024
99.8485
99.9035
100.115
100.147
99.9955
99.7944
99.9216
100.159
100.163
99.9878
99.7321
99.9226
100.19
100.196
100.019
99.6578
99.8808
100.205
100.244
100.12
99.5916
99.7601
100.19
100.281
100.321
99.6146
99.5281
100.102
100.244
100.59
99.9016
99.2321
99.8633
100.062
100.707
100.629
99.1803
99.3987
99.7263
100.244
101.541
100.075
98.8797
99.3466
99.0096
101.279
102.448
99.3772
98.8716
97.9873
97.551
104.954
105.536
95.3012
95.0651
49.9705
)
;

boundaryField
{
    left
    {
        type            fixedValue;
        value           uniform 100;
    }
    right
    {
        type            zeroGradient;
    }
    up
    {
        type            zeroGradient;
    }
    down
    {
        type            fixedValue;
        value           uniform 0;
    }
    frontAndBack
    {
        type            empty;
    }
}


// ************************************************************************* //
