/*--------------------------------*- C++ -*----------------------------------*\
  =========                 |
  \\      /  F ield         | OpenFOAM: The Open Source CFD Toolbox
   \\    /   O peration     | Website:  https://openfoam.org
    \\  /    A nd           | Version:  8
     \\/     M anipulation  |
\*---------------------------------------------------------------------------*/
FoamFile
{
    version     2.0;
    format      ascii;
    class       volScalarField;
    location    "0.142";
    object      T;
}
// * * * * * * * * * * * * * * * * * * * * * * * * * * * * * * * * * * * * * //

dimensions      [0 0 0 1 0 0 0];

internalField   nonuniform List<scalar> 
2500
(
49.9948
4.81072
-4.74499
-1.52834
1.22618
0.979819
-0.212085
-0.698363
-0.397457
0.0969683
0.372699
0.382389
0.257638
0.123656
0.0355471
-0.00494948
-0.015802
-0.0139094
-0.00900242
-0.00491032
-0.00237273
-0.00104137
-0.000421251
-0.000158543
-5.58704e-05
-1.8514e-05
-5.78442e-06
-1.70601e-06
-4.74789e-07
-1.2438e-07
-3.04998e-08
-6.92234e-09
-1.42071e-09
-2.4941e-10
-3.10202e-11
6.17401e-13
2.20222e-12
1.01002e-12
3.46164e-13
1.03381e-13
2.82954e-14
7.26387e-15
1.77138e-15
4.13551e-16
9.2907e-17
2.01569e-17
4.23422e-18
8.62657e-19
1.71559e-19
2.86186e-20
95.198
49.9725
11.0652
-4.53818
-3.75339
0.583633
2.02457
0.863038
-0.581297
-1.07822
-0.756691
-0.205685
0.180017
0.317422
0.290212
0.202995
0.119485
0.0616204
0.0284315
0.0118698
0.00450595
0.00155369
0.000482089
0.000131232
2.92168e-05
3.97859e-06
-6.42715e-07
-8.05889e-07
-4.23833e-07
-1.7526e-07
-6.3637e-08
-2.11399e-08
-6.55587e-09
-1.92019e-09
-5.35135e-10
-1.42621e-10
-3.64811e-11
-8.97979e-12
-2.13118e-12
-4.88353e-13
-1.08145e-13
-2.31553e-14
-4.79367e-15
-9.59034e-16
-1.85191e-16
-3.44416e-17
-6.14677e-18
-1.04635e-18
-1.68447e-19
-2.2359e-20
104.778
88.9344
49.9392
13.3545
-4.15261
-5.07859
-0.386537
2.38071
1.97266
0.270013
-1.0062
-1.36239
-1.1016
-0.664152
-0.309192
-0.102412
-0.0113516
0.015924
0.0170996
0.0114838
0.00627987
0.00300942
0.00130547
0.00052183
0.000194341
6.7935e-05
2.24058e-05
6.99752e-06
2.07447e-06
5.84601e-07
1.5666e-07
3.98858e-08
9.62337e-09
2.18896e-09
4.64834e-10
9.03956e-11
1.54219e-11
2.03398e-12
8.18668e-14
-7.18609e-14
-3.6272e-14
-1.23133e-14
-3.55955e-15
-9.35788e-16
-2.30095e-16
-5.37006e-17
-1.20004e-17
-2.58178e-18
-5.39924e-19
-9.3916e-20
101.518
104.657
86.6147
49.8678
14.8979
-3.48228
-5.99052
-1.69252
1.9596
2.68232
1.53247
0.127539
-0.699309
-0.897133
-0.739711
-0.486495
-0.273319
-0.135354
-0.0600505
-0.0240476
-0.00869509
-0.00281387
-0.000794011
-0.000181324
-2.41815e-05
5.25613e-06
6.02397e-06
3.20824e-06
1.35654e-06
5.04755e-07
1.71886e-07
5.46281e-08
1.63891e-08
4.67557e-09
1.2748e-09
3.33387e-10
8.3851e-11
2.03225e-11
4.75311e-12
1.07381e-12
2.34453e-13
4.94758e-14
1.00865e-14
1.98429e-15
3.75921e-16
6.83455e-17
1.18562e-17
1.94313e-18
2.95665e-19
3.61925e-20
98.7116
103.817
104.345
85.0143
49.8108
16.3395
-2.54941
-6.65007
-3.22439
0.907365
2.83159
2.71094
1.72471
0.77214
0.185098
-0.0661183
-0.121837
-0.0994487
-0.0622398
-0.0332819
-0.0158728
-0.00690382
-0.00277549
-0.00104045
-0.000365887
-0.000121203
-3.79209e-05
-1.12212e-05
-3.14049e-06
-8.29849e-07
-2.06162e-07
-4.77462e-08
-1.01358e-08
-1.90045e-09
-2.8386e-10
-1.90669e-11
8.12049e-12
4.9721e-12
1.85669e-12
5.78596e-13
1.62594e-13
4.25285e-14
1.05234e-14
2.487e-15
5.64794e-16
1.2377e-16
2.62512e-17
5.39953e-18
1.08445e-18
1.82536e-19
98.991
99.2779
105.266
103.831
83.5239
49.6773
17.7591
-1.25509
-6.78176
-4.61701
-0.72632
1.8058
2.5208
2.13015
1.40664
0.780863
0.375083
0.157191
0.056883
0.0169964
0.00354139
-3.60054e-05
-0.000558718
-0.000395899
-0.000202371
-8.81472e-05
-3.4543e-05
-1.24908e-05
-4.22731e-06
-1.35103e-06
-4.1024e-07
-1.18871e-07
-3.29741e-08
-8.77767e-09
-2.24628e-09
-5.53313e-10
-1.31289e-10
-3.00152e-11
-6.60958e-12
-1.40045e-12
-2.84928e-13
-5.54657e-14
-1.02685e-14
-1.78878e-15
-2.87347e-16
-4.07156e-17
-4.46345e-18
-1.37042e-19
1.21226e-19
4.17175e-20
100.275
97.7588
100.279
106.432
102.97
81.8526
49.5195
19.4223
0.580711
-6.38401
-5.97292
-3.08535
-0.592005
0.680113
0.983736
0.815562
0.533187
0.299028
0.149248
0.0676281
0.0281584
0.0108556
0.00389273
0.00130106
0.000405074
0.000117002
3.10442e-05
7.40381e-06
1.50541e-06
2.18526e-07
-2.38191e-09
-1.85705e-08
-9.76485e-09
-3.77898e-09
-1.26585e-09
-3.86778e-10
-1.10419e-10
-2.98444e-11
-7.69926e-12
-1.90616e-12
-4.54626e-13
-1.04749e-13
-2.3365e-14
-5.05342e-15
-1.06104e-15
-2.16461e-16
-4.29316e-17
-8.2791e-18
-1.55907e-18
-2.47729e-19
100.803
99.1035
97.2509
101.668
107.274
101.746
80.1218
49.4224
21.1528
2.62263
-5.54479
-6.77081
-4.99565
-2.7967
-1.21994
-0.374362
-0.0271045
0.0677834
0.0666534
0.0432984
0.0232328
0.0110042
0.00474136
0.00188977
0.000704129
0.000247035
8.20288e-05
2.58774e-05
7.77742e-06
2.23142e-06
6.11949e-07
1.60506e-07
4.02549e-08
9.64198e-09
2.19982e-09
4.75733e-10
9.66651e-11
1.81501e-11
3.03982e-12
4.12984e-13
2.82699e-14
-7.97715e-15
-4.75836e-15
-1.63879e-15
-4.68226e-16
-1.2067e-16
-2.90021e-17
-6.60886e-18
-1.45121e-18
-2.6221e-19
100.44
100.838
97.7237
97.4016
103.408
107.925
100.197
78.0562
48.9598
22.7565
5.21123
-3.3135
-5.58335
-4.80291
-3.18983
-1.79284
-0.88347
-0.387547
-0.151864
-0.0527154
-0.0157386
-0.00368966
-0.000420558
0.000199207
0.000189155
0.000102104
4.48998e-05
1.75054e-05
6.26305e-06
2.09335e-06
6.60669e-07
1.98277e-07
5.68662e-08
1.56429e-08
4.13872e-09
1.05543e-09
2.59858e-10
6.18494e-11
1.42441e-11
3.17614e-12
6.85887e-13
1.43435e-13
2.90317e-14
5.68099e-15
1.07269e-15
1.94829e-16
3.38642e-17
5.58465e-18
8.61446e-19
1.0804e-19
99.8247
101.474
99.7918
96.4713
98.5322
105.551
108.056
97.8015
75.3969
48.4306
24.9542
9.09032
0.760228
-2.31823
-2.64981
-1.98585
-1.2178
-0.652871
-0.315303
-0.139475
-0.0570942
-0.0217721
-0.00776705
-0.00259803
-0.000815123
-0.000239411
-6.54744e-05
-1.6483e-05
-3.72758e-06
-7.13157e-07
-9.3153e-08
4.72964e-09
9.42339e-09
4.57011e-09
1.69018e-09
5.4697e-10
1.62358e-10
4.51927e-11
1.1943e-11
3.01959e-12
7.34216e-13
1.72322e-13
3.9146e-14
8.6252e-15
1.84624e-15
3.84414e-16
7.7935e-17
1.53937e-17
2.97806e-18
4.85976e-19
99.4584
101.011
101.484
98.0389
96.1085
100.634
107.437
107.197
94.7678
72.814
48.3552
27.5854
13.2621
5.06129
1.19487
-0.214111
-0.501984
-0.406941
-0.250055
-0.131714
-0.0622366
-0.0269848
-0.0108811
-0.00411648
-0.0014702
-0.000497982
-0.000160525
-4.93759e-05
-1.4521e-05
-4.08883e-06
-1.10332e-06
-2.85379e-07
-7.07244e-08
-1.6771e-08
-3.79511e-09
-8.15621e-10
-1.6507e-10
-3.09676e-11
-5.21084e-12
-7.21762e-13
-5.57038e-14
1.10118e-14
7.33224e-15
2.58061e-15
7.44257e-16
1.92907e-16
4.65706e-17
1.0656e-17
2.34998e-18
4.26332e-19
99.4407
100.095
102.081
100.309
96.2734
96.7467
103.238
108.986
105.896
91.5746
69.9631
47.37
28.5764
15.4214
7.44891
3.20244
1.20392
0.377073
0.0831998
-0.000340339
-0.0141776
-0.0107073
-0.00581063
-0.00268561
-0.00111685
-0.000428697
-0.000154075
-5.23218e-05
-1.68934e-05
-5.20983e-06
-1.53998e-06
-4.37502e-07
-1.19723e-07
-3.16146e-08
-8.06746e-09
-1.99175e-09
-4.76191e-10
-1.10323e-10
-2.47787e-11
-5.39614e-12
-1.13923e-12
-2.33041e-13
-4.61403e-14
-8.82644e-15
-1.62669e-15
-2.87508e-16
-4.83648e-17
-7.64143e-18
-1.10503e-18
-1.25505e-19
99.6351
99.2662
101.817
102.112
97.7868
94.8373
98.86
106.969
110.629
103.713
86.6349
64.5346
43.1688
26.1441
14.4437
7.32557
3.42782
1.48506
0.596832
0.222498
0.0767244
0.0242905
0.00694513
0.00172612
0.000333658
2.51817e-05
-1.88444e-05
-1.39718e-05
-6.5573e-06
-2.57063e-06
-9.05341e-07
-2.95362e-07
-9.07128e-08
-2.64834e-08
-7.39703e-09
-1.9856e-09
-5.13976e-10
-1.28629e-10
-3.11877e-11
-7.33841e-12
-1.67801e-12
-3.73299e-13
-8.08733e-14
-1.70757e-14
-3.516e-15
-7.0637e-16
-1.3851e-16
-2.65106e-17
-4.97476e-18
-7.90706e-19
99.8784
98.7355
101.202
103.135
99.4935
94.43
95.7215
103.994
111.652
110.42
97.7793
77.2767
54.8521
35.2771
20.7348
11.2244
5.63347
2.63622
1.15571
0.476541
0.185425
0.0682667
0.0238297
0.00789821
0.0024876
0.000744502
0.000211503
5.6885e-05
1.44113e-05
3.40658e-06
7.37573e-07
1.40418e-07
2.08949e-08
1.12314e-09
-8.02419e-10
-4.65009e-10
-1.75895e-10
-5.62857e-11
-1.6335e-11
-4.42755e-12
-1.13814e-12
-2.80024e-13
-6.63364e-14
-1.51941e-14
-3.37513e-15
-7.28794e-16
-1.53254e-16
-3.14238e-17
-6.32417e-18
-1.07064e-18
100.076
98.4784
100.603
103.549
100.814
94.7453
93.9331
101.485
111.107
113.577
104.375
85.6175
63.0244
42.0026
25.5734
14.3416
7.46108
3.62287
1.65055
0.708738
0.287947
0.111063
0.0407872
0.0142982
0.00479513
0.00154138
0.000475688
0.000141136
4.0304e-05
1.10875e-05
2.94007e-06
7.51701e-07
1.85294e-07
4.4011e-08
1.00606e-08
2.2086e-09
4.63963e-10
9.27078e-11
1.74373e-11
3.02701e-12
4.64574e-13
5.56394e-14
2.13737e-15
-1.59267e-15
-7.45886e-16
-2.34664e-16
-6.31041e-17
-1.54951e-17
-3.59961e-18
-6.77359e-19
100.204
98.3907
100.172
103.63
101.64
95.2287
93.0949
99.8207
110.222
114.805
107.878
90.5257
68.1381
46.4068
28.8625
16.5307
8.78295
4.35632
2.02808
0.890368
0.37011
0.146185
0.0550347
0.0198023
0.00682642
0.00225947
0.000719438
0.00022075
6.53735e-05
1.8711e-05
5.18231e-06
1.39047e-06
3.61774e-07
9.13529e-08
2.24046e-08
5.34011e-09
1.23758e-09
2.78975e-10
6.118e-11
1.30532e-11
2.709e-12
5.46609e-13
1.07142e-13
2.03742e-14
3.75093e-15
6.66422e-16
1.13693e-16
1.8472e-17
2.82069e-18
3.52636e-19
100.274
98.3809
99.9134
103.585
102.081
95.627
92.7779
98.877
109.496
115.156
109.563
93.1572
71.0465
49.0188
30.8797
17.9125
9.63907
4.84272
2.28407
1.01615
0.428179
0.171503
0.0655051
0.0239247
0.00837665
0.00281781
0.000912512
0.000284994
8.5983e-05
2.50965e-05
7.09622e-06
1.9462e-06
5.18309e-07
1.34176e-07
3.37956e-08
8.28932e-09
1.9815e-09
4.61954e-10
1.05103e-10
2.33508e-11
5.06855e-12
1.07538e-12
2.23102e-13
4.52747e-14
8.98927e-15
1.74657e-15
3.32103e-16
6.17905e-17
1.12941e-17
1.7566e-18
100.308
98.3952
99.7788
103.519
102.288
95.8837
92.6927
98.404
109.031
115.186
110.3
94.4555
72.5677
50.4401
32.012
18.7087
10.144
5.13576
2.44137
1.0949
0.465191
0.187922
0.07241
0.0266884
0.0094328
0.00320429
0.00104828
0.00033088
0.000100934
2.98013e-05
8.52841e-06
2.36858e-06
6.39149e-07
1.67757e-07
4.28703e-08
1.06766e-08
2.59344e-09
6.14944e-10
1.42439e-10
3.2252e-11
7.14319e-12
1.54843e-12
3.28696e-13
6.83627e-14
1.3937e-14
2.7863e-15
5.46475e-16
1.05167e-16
1.99583e-17
3.21983e-18
100.322
98.4107
99.7164
103.469
102.374
96.0255
92.6884
98.1905
108.775
115.137
110.593
95.0493
73.3057
51.1566
32.5998
19.1324
10.4185
5.2982
2.53016
1.14012
0.486791
0.197654
0.0765653
0.0283761
0.0100871
0.00344715
0.00113479
0.000360525
0.000110726
3.29247e-05
9.49211e-06
2.65663e-06
7.22674e-07
1.91282e-07
4.93136e-08
1.23946e-08
3.03982e-09
7.28069e-10
1.70427e-10
3.90169e-11
8.74195e-12
1.91812e-12
4.12394e-13
8.69273e-14
1.79734e-14
3.64711e-15
7.26624e-16
1.42175e-16
2.74669e-17
4.50588e-18
100.327
98.4213
99.6904
103.44
102.405
96.0952
92.7024
98.1029
108.649
115.088
110.698
95.3024
73.6402
51.4938
32.8844
19.3423
10.5573
5.38185
2.57667
1.16418
0.498458
0.202987
0.0788743
0.0293268
0.0104606
0.00358756
0.00118545
0.000378103
0.000116604
3.48228e-05
1.00849e-05
2.83598e-06
7.75306e-07
2.06284e-07
5.34719e-08
1.35166e-08
3.33484e-09
8.03732e-10
1.8937e-10
4.36509e-11
9.85036e-12
2.17754e-12
4.71842e-13
1.00275e-13
2.09114e-14
4.28145e-15
8.61043e-16
1.70138e-16
3.3214e-17
5.50158e-18
100.329
98.4271
99.6805
103.425
102.415
96.1264
92.7147
98.0701
108.592
115.058
110.732
95.4035
73.7826
51.6429
33.0137
19.4398
10.623
5.42217
2.59944
1.17614
0.50434
0.205713
0.0800699
0.0298253
0.0106589
0.00366301
0.00121299
0.00038777
0.000119874
3.58908e-05
1.04222e-05
2.93916e-06
8.05921e-07
2.15106e-07
5.5944e-08
1.41909e-08
3.51407e-09
8.50197e-10
2.0113e-10
4.65587e-11
1.05534e-11
2.34386e-12
5.1037e-13
1.09019e-13
2.28572e-14
4.70618e-15
9.52036e-16
1.89277e-16
3.71918e-17
6.19764e-18
100.329
98.4299
99.6772
103.418
102.417
96.1392
92.7221
98.059
108.569
115.042
110.741
95.4414
73.8398
51.705
33.0691
19.4825
10.6524
5.44046
2.60993
1.18173
0.507127
0.207021
0.0806507
0.0300704
0.0107575
0.00370096
0.001227
0.000392742
0.000121574
3.64519e-05
1.06013e-05
2.9945e-06
8.22513e-07
2.19937e-07
5.73113e-08
1.45676e-08
3.61521e-09
8.76679e-10
2.07899e-10
4.82492e-11
1.09662e-11
2.44249e-12
5.33444e-13
1.14308e-13
2.40458e-14
4.96819e-15
1.00873e-15
2.01319e-16
3.97201e-17
6.64404e-18
100.329
98.4312
99.6761
103.415
102.418
96.1442
92.7258
98.0556
108.56
115.034
110.743
95.4548
73.8616
51.7296
33.0916
19.5002
10.6648
5.44832
2.61451
1.1842
0.508374
0.207613
0.0809169
0.030184
0.0108037
0.00371894
0.00123371
0.000395148
0.000122406
3.6729e-05
1.06906e-05
3.02238e-06
8.30952e-07
2.22417e-07
5.80201e-08
1.47648e-08
3.66864e-09
8.90801e-10
2.11543e-10
4.91676e-11
1.11925e-11
2.49706e-12
5.4633e-13
1.17289e-13
2.47219e-14
5.1186e-15
1.04157e-15
2.0836e-16
4.12122e-17
6.90965e-18
100.329
98.4317
99.6759
103.414
102.418
96.1459
92.7274
98.0546
108.556
115.031
110.743
95.4592
73.8695
51.7389
33.1003
19.5072
10.6698
5.45152
2.6164
1.18523
0.508903
0.207868
0.0810326
0.0302339
0.0108242
0.00372702
0.00123675
0.00039625
0.00012279
3.68583e-05
1.07327e-05
3.03564e-06
8.35003e-07
2.23619e-07
5.83666e-08
1.4862e-08
3.69523e-09
8.97892e-10
2.13388e-10
4.96369e-11
1.13092e-11
2.52544e-12
5.53089e-13
1.18866e-13
2.50826e-14
5.19956e-15
1.0594e-15
2.12215e-16
4.20364e-17
7.05748e-18
100.329
98.4318
99.6758
103.413
102.418
96.1465
92.7281
98.0545
108.555
115.03
110.743
95.4606
73.8722
51.7422
33.1035
19.5098
10.6717
5.45277
2.61715
1.18565
0.509117
0.207972
0.0810805
0.0302548
0.0108329
0.00373046
0.00123806
0.000396729
0.000122958
3.69156e-05
1.07515e-05
3.04163e-06
8.36847e-07
2.24171e-07
5.85272e-08
1.49075e-08
3.70776e-09
9.01263e-10
2.14273e-10
4.98638e-11
1.13661e-11
2.5394e-12
5.56439e-13
1.19655e-13
2.52645e-14
5.24069e-15
1.06853e-15
2.14206e-16
4.24655e-17
7.13502e-18
100.329
98.4319
99.6758
103.413
102.418
96.1467
92.7283
98.0544
108.555
115.03
110.743
95.4611
73.8731
51.7434
33.1046
19.5108
10.6724
5.45323
2.61743
1.18581
0.5092
0.208013
0.0810994
0.0302631
0.0108364
0.00373186
0.0012386
0.000396927
0.000123029
3.69398e-05
1.07595e-05
3.0442e-06
8.37646e-07
2.24412e-07
5.85979e-08
1.49276e-08
3.71338e-09
9.02784e-10
2.14676e-10
4.99678e-11
1.13924e-11
2.5459e-12
5.58013e-13
1.20028e-13
2.53512e-14
5.26046e-15
1.07296e-15
2.15178e-16
4.26765e-17
7.17342e-18
100.329
98.4319
99.6758
103.413
102.418
96.1467
92.7284
98.0544
108.555
115.029
110.743
95.4612
73.8734
51.7437
33.105
19.5111
10.6726
5.4534
2.61753
1.18586
0.509231
0.208028
0.0811065
0.0302663
0.0108378
0.00373241
0.00123881
0.000397007
0.000123057
3.69496e-05
1.07628e-05
3.04526e-06
8.37979e-07
2.24513e-07
5.86278e-08
1.49363e-08
3.71579e-09
9.03444e-10
2.14852e-10
5.00137e-11
1.1404e-11
2.54881e-12
5.58723e-13
1.20197e-13
2.53909e-14
5.2696e-15
1.07502e-15
2.15634e-16
4.27764e-17
7.19171e-18
100.329
98.4319
99.6758
103.413
102.417
96.1468
92.7284
98.0544
108.555
115.029
110.743
95.4612
73.8734
51.7438
33.1051
19.5112
10.6727
5.45346
2.61756
1.18588
0.509241
0.208033
0.0811091
0.0302675
0.0108382
0.00373261
0.00123889
0.000397036
0.000123068
3.69534e-05
1.07641e-05
3.04566e-06
8.38107e-07
2.24552e-07
5.86395e-08
1.49397e-08
3.71675e-09
9.03708e-10
2.14923e-10
5.00323e-11
1.14088e-11
2.55e-12
5.59016e-13
1.20268e-13
2.54076e-14
5.27345e-15
1.07589e-15
2.15829e-16
4.28193e-17
7.19961e-18
100.329
98.4319
99.6758
103.413
102.417
96.1468
92.7284
98.0544
108.555
115.029
110.743
95.4612
73.8735
51.7439
33.1052
19.5113
10.6727
5.45348
2.61758
1.18589
0.509245
0.208035
0.0811101
0.0302679
0.0108384
0.00373269
0.00123892
0.000397048
0.000123072
3.69549e-05
1.07646e-05
3.04584e-06
8.38163e-07
2.2457e-07
5.86447e-08
1.49412e-08
3.71718e-09
9.03829e-10
2.14955e-10
5.0041e-11
1.14111e-11
2.55057e-12
5.59157e-13
1.20302e-13
2.54157e-14
5.27534e-15
1.07633e-15
2.15926e-16
4.2841e-17
7.20364e-18
100.329
98.4319
99.6758
103.413
102.417
96.1468
92.7284
98.0544
108.555
115.029
110.743
95.4612
73.8735
51.7439
33.1052
19.5113
10.6727
5.45348
2.61758
1.18589
0.509246
0.208036
0.0811103
0.030268
0.0108385
0.0037327
0.00123892
0.00039705
0.000123073
3.69551e-05
1.07647e-05
3.04586e-06
8.3817e-07
2.24572e-07
5.86454e-08
1.49414e-08
3.71724e-09
9.03844e-10
2.1496e-10
5.00421e-11
1.14113e-11
2.55065e-12
5.59176e-13
1.20307e-13
2.54168e-14
5.27561e-15
1.07639e-15
2.1594e-16
4.28442e-17
7.20424e-18
100.329
98.4319
99.6758
103.413
102.417
96.1468
92.7284
98.0544
108.555
115.029
110.743
95.4612
73.8735
51.7439
33.1052
19.5113
10.6727
5.45349
2.61758
1.18589
0.509247
0.208036
0.0811106
0.0302681
0.0108385
0.00373273
0.00123894
0.000397055
0.000123075
3.69558e-05
1.07649e-05
3.04594e-06
8.38197e-07
2.2458e-07
5.86479e-08
1.49421e-08
3.71745e-09
9.03904e-10
2.14976e-10
5.00464e-11
1.14125e-11
2.55093e-12
5.59245e-13
1.20324e-13
2.54208e-14
5.27654e-15
1.0766e-15
2.15987e-16
4.28546e-17
7.20616e-18
100.329
98.4319
99.6758
103.413
102.417
96.1468
92.7284
98.0544
108.555
115.029
110.743
95.4612
73.8735
51.7439
33.1052
19.5113
10.6727
5.45348
2.61758
1.18589
0.509246
0.208035
0.0811102
0.0302679
0.0108384
0.00373269
0.00123892
0.000397049
0.000123073
3.6955e-05
1.07646e-05
3.04584e-06
8.38165e-07
2.2457e-07
5.86449e-08
1.49413e-08
3.71721e-09
9.03837e-10
2.14958e-10
5.00417e-11
1.14113e-11
2.55063e-12
5.59173e-13
1.20307e-13
2.54168e-14
5.27563e-15
1.0764e-15
2.15943e-16
4.2845e-17
7.20443e-18
100.329
98.4319
99.6758
103.413
102.417
96.1468
92.7284
98.0545
108.555
115.029
110.743
95.4612
73.8735
51.7439
33.1052
19.5113
10.6727
5.45349
2.61759
1.1859
0.509249
0.208037
0.081111
0.0302683
0.0108386
0.00373277
0.00123895
0.00039706
0.000123077
3.69565e-05
1.07651e-05
3.04602e-06
8.3822e-07
2.24587e-07
5.865e-08
1.49427e-08
3.71762e-09
9.03948e-10
2.14987e-10
5.00493e-11
1.14132e-11
2.55111e-12
5.59289e-13
1.20334e-13
2.54231e-14
5.27706e-15
1.07671e-15
2.16012e-16
4.28599e-17
7.20711e-18
100.329
98.4319
99.6758
103.413
102.417
96.1468
92.7284
98.0544
108.555
115.029
110.743
95.4612
73.8735
51.7439
33.1052
19.5113
10.6727
5.45347
2.61757
1.18589
0.509244
0.208034
0.0811096
0.0302677
0.0108383
0.00373265
0.0012389
0.000397042
0.00012307
3.69542e-05
1.07643e-05
3.04576e-06
8.38141e-07
2.24563e-07
5.86429e-08
1.49407e-08
3.71706e-09
9.03798e-10
2.14948e-10
5.00393e-11
1.14107e-11
2.55049e-12
5.59142e-13
1.203e-13
2.54153e-14
5.27532e-15
1.07633e-15
2.15931e-16
4.28426e-17
7.20404e-18
100.329
98.4319
99.6758
103.413
102.417
96.1467
92.7284
98.0545
108.555
115.029
110.743
95.4612
73.8735
51.7439
33.1052
19.5113
10.6728
5.45351
2.6176
1.1859
0.509252
0.208039
0.0811118
0.0302687
0.0108388
0.00373283
0.00123897
0.000397068
0.00012308
3.69574e-05
1.07654e-05
3.0461e-06
8.38246e-07
2.24595e-07
5.86521e-08
1.49433e-08
3.71776e-09
9.03985e-10
2.14996e-10
5.00515e-11
1.14137e-11
2.55122e-12
5.59314e-13
1.20339e-13
2.54242e-14
5.27727e-15
1.07675e-15
2.1602e-16
4.28612e-17
7.20731e-18
100.329
98.4319
99.6758
103.413
102.418
96.1468
92.7284
98.0544
108.555
115.029
110.743
95.4612
73.8735
51.7439
33.1051
19.5112
10.6727
5.45345
2.61756
1.18588
0.50924
0.208033
0.0811088
0.0302673
0.0108382
0.00373259
0.00123888
0.000397035
0.000123068
3.69534e-05
1.07641e-05
3.0457e-06
8.38121e-07
2.24558e-07
5.86416e-08
1.49404e-08
3.71698e-09
9.0378e-10
2.14944e-10
5.00385e-11
1.14105e-11
2.55047e-12
5.59141e-13
1.203e-13
2.54156e-14
5.27541e-15
1.07636e-15
2.15938e-16
4.28445e-17
7.20442e-18
100.329
98.4319
99.6759
103.413
102.417
96.1467
92.7285
98.0545
108.555
115.029
110.743
95.4612
73.8735
51.744
33.1052
19.5114
10.6728
5.45353
2.61761
1.18591
0.509256
0.20804
0.0811125
0.030269
0.0108389
0.00373287
0.00123899
0.000397073
0.000123081
3.69578e-05
1.07655e-05
3.04613e-06
8.3825e-07
2.24595e-07
5.8652e-08
1.49432e-08
3.71773e-09
9.03973e-10
2.14992e-10
5.00503e-11
1.14133e-11
2.55112e-12
5.59287e-13
1.20332e-13
2.54225e-14
5.27687e-15
1.07666e-15
2.15999e-16
4.28566e-17
7.20646e-18
100.329
98.4319
99.6758
103.413
102.418
96.1468
92.7284
98.0544
108.555
115.029
110.743
95.4612
73.8735
51.7438
33.1051
19.5112
10.6727
5.45343
2.61755
1.18588
0.509238
0.208032
0.0811084
0.0302672
0.0108382
0.00373259
0.00123888
0.000397036
0.000123069
3.69537e-05
1.07642e-05
3.04574e-06
8.38138e-07
2.24563e-07
5.86433e-08
1.49409e-08
3.71714e-09
9.03824e-10
2.14956e-10
5.00417e-11
1.14114e-11
2.55068e-12
5.5919e-13
1.20312e-13
2.54183e-14
5.27601e-15
1.07649e-15
2.15966e-16
4.28504e-17
7.20548e-18
100.329
98.432
99.6759
103.413
102.417
96.1467
92.7285
98.0545
108.555
115.029
110.743
95.4612
73.8735
51.744
33.1053
19.5114
10.6728
5.45353
2.61761
1.18591
0.509256
0.20804
0.0811122
0.0302688
0.0108388
0.00373283
0.00123897
0.000397066
0.000123078
3.69569e-05
1.07652e-05
3.04602e-06
8.38217e-07
2.24585e-07
5.86491e-08
1.49424e-08
3.7175e-09
9.03912e-10
2.14977e-10
5.00463e-11
1.14124e-11
2.55089e-12
5.59235e-13
1.20321e-13
2.542e-14
5.27632e-15
1.07655e-15
2.15976e-16
4.2852e-17
7.20568e-18
100.329
98.4319
99.6758
103.413
102.418
96.1468
92.7284
98.0544
108.555
115.029
110.743
95.4612
73.8734
51.7438
33.1051
19.5112
10.6727
5.45344
2.61756
1.18588
0.509241
0.208033
0.0811093
0.0302676
0.0108383
0.00373266
0.00123891
0.000397046
0.000123072
3.69549e-05
1.07646e-05
3.04586e-06
8.38173e-07
2.24574e-07
5.86461e-08
1.49417e-08
3.71733e-09
9.03873e-10
2.14968e-10
5.00445e-11
1.1412e-11
2.55082e-12
5.5922e-13
1.20318e-13
2.54195e-14
5.27624e-15
1.07653e-15
2.15973e-16
4.28515e-17
7.20561e-18
100.329
98.432
99.6758
103.413
102.417
96.1468
92.7285
98.0545
108.555
115.029
110.743
95.4612
73.8735
51.744
33.1053
19.5113
10.6728
5.45351
2.6176
1.1859
0.509251
0.208038
0.0811113
0.0302684
0.0108386
0.00373276
0.00123895
0.000397058
0.000123076
3.6956e-05
1.07649e-05
3.04595e-06
8.38198e-07
2.2458e-07
5.86478e-08
1.49421e-08
3.71744e-09
9.03899e-10
2.14974e-10
5.0046e-11
1.14124e-11
2.55091e-12
5.59241e-13
1.20323e-13
2.54206e-14
5.27649e-15
1.07659e-15
2.15986e-16
4.28544e-17
7.20615e-18
100.329
98.4319
99.6758
103.413
102.418
96.1467
92.7284
98.0544
108.555
115.029
110.743
95.4612
73.8735
51.7438
33.1051
19.5112
10.6727
5.45346
2.61757
1.18589
0.509244
0.208035
0.0811099
0.0302678
0.0108384
0.00373268
0.00123892
0.000397048
0.000123073
3.6955e-05
1.07646e-05
3.04585e-06
8.38168e-07
2.24572e-07
5.86454e-08
1.49414e-08
3.71725e-09
9.03849e-10
2.14961e-10
5.00426e-11
1.14115e-11
2.5507e-12
5.5919e-13
1.20311e-13
2.54179e-14
5.27588e-15
1.07646e-15
2.15957e-16
4.28482e-17
7.20503e-18
100.329
98.432
99.6758
103.413
102.417
96.1468
92.7285
98.0545
108.555
115.029
110.743
95.4612
73.8735
51.7439
33.1052
19.5113
10.6728
5.4535
2.61759
1.1859
0.509251
0.208038
0.0811113
0.0302684
0.0108387
0.00373278
0.00123896
0.000397062
0.000123077
3.69566e-05
1.07651e-05
3.04601e-06
8.38218e-07
2.24586e-07
5.86496e-08
1.49426e-08
3.71757e-09
9.03933e-10
2.14983e-10
5.00481e-11
1.14129e-11
2.55101e-12
5.59265e-13
1.20328e-13
2.54216e-14
5.2767e-15
1.07663e-15
2.15993e-16
4.28556e-17
7.20632e-18
100.329
98.4319
99.6758
103.413
102.418
96.1468
92.7284
98.0544
108.555
115.029
110.743
95.4612
73.8735
51.7439
33.1051
19.5112
10.6727
5.45346
2.61757
1.18588
0.509242
0.208034
0.0811094
0.0302676
0.0108383
0.00373264
0.0012389
0.000397043
0.000123071
3.69544e-05
1.07644e-05
3.0458e-06
8.38153e-07
2.24568e-07
5.86444e-08
1.49411e-08
3.7172e-09
9.03837e-10
2.14959e-10
5.00423e-11
1.14115e-11
2.55069e-12
5.59192e-13
1.20312e-13
2.54182e-14
5.27598e-15
1.07648e-15
2.15963e-16
4.28496e-17
7.20531e-18
100.329
98.4319
99.6759
103.413
102.417
96.1468
92.7285
98.0545
108.555
115.029
110.743
95.4612
73.8735
51.7439
33.1052
19.5113
10.6728
5.45351
2.6176
1.1859
0.509253
0.208039
0.0811117
0.0302686
0.0108387
0.0037328
0.00123896
0.000397063
0.000123077
3.69566e-05
1.07651e-05
3.046e-06
8.38213e-07
2.24584e-07
5.8649e-08
1.49424e-08
3.71751e-09
9.03915e-10
2.14978e-10
5.00468e-11
1.14125e-11
2.55093e-12
5.59244e-13
1.20323e-13
2.54206e-14
5.27646e-15
1.07658e-15
2.15983e-16
4.28535e-17
7.20596e-18
100.329
98.4319
99.6758
103.413
102.418
96.1468
92.7284
98.0544
108.555
115.029
110.743
95.4612
73.8735
51.7439
33.1051
19.5112
10.6727
5.45346
2.61757
1.18589
0.509243
0.208034
0.0811097
0.0302678
0.0108384
0.00373268
0.00123892
0.000397048
0.000123073
3.69551e-05
1.07647e-05
3.04587e-06
8.38175e-07
2.24574e-07
5.86462e-08
1.49416e-08
3.71733e-09
9.03871e-10
2.14967e-10
5.00443e-11
1.14119e-11
2.5508e-12
5.59216e-13
1.20317e-13
2.54193e-14
5.2762e-15
1.07653e-15
2.15972e-16
4.28513e-17
7.20558e-18
100.329
98.432
99.6758
103.413
102.417
96.1468
92.7285
98.0545
108.555
115.029
110.743
95.4612
73.8734
51.7439
33.1052
19.5113
10.6727
5.45348
2.61758
1.18589
0.509246
0.208036
0.0811103
0.030268
0.0108385
0.0037327
0.00123893
0.00039705
0.000123073
3.69552e-05
1.07647e-05
3.04588e-06
8.38177e-07
2.24574e-07
5.86461e-08
1.49416e-08
3.71731e-09
9.03866e-10
2.14966e-10
5.00439e-11
1.14118e-11
2.55077e-12
5.59209e-13
1.20315e-13
2.54188e-14
5.27609e-15
1.0765e-15
2.15967e-16
4.28501e-17
7.20537e-18
100.329
98.4319
99.6758
103.413
102.417
96.1468
92.7285
98.0544
108.555
115.029
110.743
95.4613
73.8736
51.7441
33.1053
19.5114
10.6728
5.45354
2.61761
1.18591
0.509255
0.20804
0.0811121
0.0302688
0.0108388
0.00373283
0.00123897
0.000397067
0.000123079
3.69571e-05
1.07653e-05
3.04605e-06
8.38229e-07
2.24589e-07
5.86504e-08
1.49428e-08
3.71762e-09
9.03947e-10
2.14986e-10
5.0049e-11
1.14131e-11
2.55107e-12
5.59278e-13
1.20331e-13
2.54224e-14
5.27688e-15
1.07667e-15
2.16003e-16
4.28578e-17
7.20669e-18
100.329
98.4319
99.6758
103.413
102.417
96.1467
92.7284
98.0545
108.555
115.029
110.743
95.461
73.8732
51.7436
33.1049
19.5111
10.6726
5.4534
2.61753
1.18587
0.509234
0.20803
0.0811079
0.030267
0.0108381
0.00373256
0.00123887
0.000397033
0.000123068
3.69534e-05
1.07641e-05
3.0457e-06
8.38125e-07
2.2456e-07
5.86421e-08
1.49405e-08
3.71703e-09
9.03793e-10
2.14948e-10
5.00394e-11
1.14108e-11
2.55052e-12
5.59152e-13
1.20302e-13
2.5416e-14
5.27549e-15
1.07638e-15
2.1594e-16
4.28447e-17
7.20459e-18
100.329
98.4319
99.6758
103.413
102.417
96.1468
92.7285
98.0545
108.555
115.029
110.743
95.4613
73.8738
51.7443
33.1056
19.5116
10.673
5.45366
2.61769
1.18595
0.509279
0.208052
0.0811176
0.0302712
0.0108398
0.00373323
0.00123913
0.000397123
0.000123099
3.69637e-05
1.07674e-05
3.04674e-06
8.38437e-07
2.24651e-07
5.8668e-08
1.49477e-08
3.71895e-09
9.04297e-10
2.15076e-10
5.00716e-11
1.14186e-11
2.5524e-12
5.5959e-13
1.20403e-13
2.54385e-14
5.28044e-15
1.07744e-15
2.16167e-16
4.28922e-17
7.213e-18
)
;

boundaryField
{
    left
    {
        type            fixedValue;
        value           uniform 100;
    }
    right
    {
        type            zeroGradient;
    }
    up
    {
        type            zeroGradient;
    }
    down
    {
        type            fixedValue;
        value           uniform 0;
    }
    frontAndBack
    {
        type            empty;
    }
}


// ************************************************************************* //
