/*--------------------------------*- C++ -*----------------------------------*\
  =========                 |
  \\      /  F ield         | OpenFOAM: The Open Source CFD Toolbox
   \\    /   O peration     | Website:  https://openfoam.org
    \\  /    A nd           | Version:  8
     \\/     M anipulation  |
\*---------------------------------------------------------------------------*/
FoamFile
{
    version     2.0;
    format      ascii;
    class       volScalarField;
    location    "0.713";
    object      T;
}
// * * * * * * * * * * * * * * * * * * * * * * * * * * * * * * * * * * * * * //

dimensions      [0 0 0 1 0 0 0];

internalField   nonuniform List<scalar> 
10000
(
50
4.64949
-4.64942
-1.17684
1.17653
0.446426
-0.445518
-0.214517
0.212486
0.121663
-0.117829
-0.0787845
0.0723432
0.0571521
-0.0472397
-0.0456054
0.0313972
0.0390933
-0.0199492
-0.034973
0.0106248
0.0316546
-0.00241838
-0.0280801
-0.00494216
0.0235492
0.0112441
-0.0177066
-0.015956
0.0105993
0.0184078
-0.00273889
-0.0180184
-0.00490474
0.0145713
0.0110288
-0.00846394
-0.0143062
0.000866723
0.0138038
0.00640435
-0.00950271
-0.0112431
0.00253254
0.0120594
0.00478617
-0.00839715
-0.00979409
0.00168611
0.0102892
0.00533845
-0.00611477
-0.0092413
-0.000854313
0.00814997
0.00678635
-0.00255064
-0.00837165
-0.00413152
0.00463347
0.0075977
0.00193345
-0.00560828
-0.00650469
-0.000410813
0.00582735
0.00550453
-0.00045131
-0.0056108
-0.00476928
0.000748096
0.0051787
0.00430901
-0.000581414
-0.00463404
-0.00406243
8.21068e-05
0.00392776
0.00399291
0.000558982
-0.00296297
-0.00392938
-0.00134353
0.00194274
0.00342456
0.00229886
-0.000886938
-0.00265729
-0.00261435
-0.000699715
0.00196722
0.00226368
0.0016741
-0.00023675
-0.00220242
-0.00153545
-0.00108598
0.000536721
0.00209092
0.000856665
95.3505
50
10.4757
-4.6492
-2.79973
1.17577
1.10636
-0.443688
-0.548552
0.208918
0.318173
-0.111723
-0.208214
0.0628342
0.150001
-0.0334908
-0.116205
0.0127419
0.0942626
0.00392506
-0.0776596
-0.0182145
0.0627217
0.0303597
-0.0473857
-0.0397215
0.0307671
0.0451827
-0.0130461
-0.0455447
-0.00457909
0.0399982
0.0200449
-0.0286285
-0.0308154
0.0128441
0.034552
0.00449662
-0.0300245
-0.0194191
0.0179452
0.0278429
-0.00146841
-0.0269581
-0.014322
0.0168351
0.0237344
-0.000974123
-0.0230254
-0.0140967
0.0122349
0.0217031
0.00352193
-0.0179136
-0.0163611
0.00485662
0.0190596
0.0100438
-0.0101265
-0.0175435
-0.00457543
0.0126929
0.0149996
0.000687993
-0.0134176
-0.0124857
0.00157424
0.0130865
0.0105355
-0.00247221
-0.0122184
-0.00930505
0.00232396
0.0110396
0.00875287
-0.00145174
-0.00952701
-0.00867711
1.98359e-05
0.00776465
0.00847146
0.00205495
-0.00586152
-0.00779955
-0.00401744
0.00303527
0.00715819
0.00486237
0.000301583
-0.00519396
-0.00586633
-0.00192898
0.0014349
0.00541709
0.00403021
8.97676e-05
-0.00158776
-0.00491427
-0.00267764
0.000814367
104.649
89.5243
49.9999
12.0986
-4.64875
-3.45961
1.17438
1.44037
-0.440698
-0.745095
0.203517
0.447749
-0.103023
-0.301382
0.0499536
0.221149
-0.015692
-0.172197
-0.0103898
0.138061
0.0322646
-0.110094
-0.0508776
0.0835494
0.0655364
-0.0561017
-0.0746427
0.0273319
0.0763097
0.00146379
-0.0690543
-0.0275028
0.0525736
0.047026
-0.0284512
-0.0562359
0.000538619
0.0525988
0.0253578
-0.036279
-0.042653
0.0110581
0.046111
0.0157471
-0.0341429
-0.0351886
0.0106584
0.0397609
0.0154359
-0.0274194
-0.0328258
0.0033953
0.0333848
0.0204654
-0.0166019
-0.0316228
-0.00810018
0.0235887
0.0260516
-0.00153061
-0.0258284
-0.0197099
0.00777237
0.0252421
0.0143498
-0.0110579
-0.0233998
-0.0106544
0.0121079
0.0212977
0.00866762
-0.0115824
-0.0193161
-0.00820559
0.00997686
0.0174488
0.00879551
-0.0073259
-0.0157363
-0.00966442
0.00368291
0.0135715
0.0108316
-0.000191034
-0.0097699
-0.0118939
-0.00329099
0.00582874
0.0100653
0.00759252
-0.00216793
-0.0070656
-0.00794698
-0.00410381
0.00481608
0.00591804
0.00572284
0.00244847
-0.00564385
-0.00406476
101.177
104.649
87.9014
49.9999
12.7584
-4.64797
-3.79363
1.17221
1.63701
-0.436319
-0.874928
0.196006
0.54142
-0.0914363
-0.373366
0.0334526
0.278382
0.00628506
-0.217674
-0.0379067
0.172578
0.0646515
-0.133278
-0.0865286
0.0946504
0.10182
-0.054722
-0.10802
0.0141171
0.102751
0.0242658
-0.0847889
-0.0557958
0.0551124
0.0751411
-0.0176559
-0.0778828
-0.020634
0.062444
0.0509093
-0.0318186
-0.0647381
-0.00591899
0.0574044
0.038922
-0.0307313
-0.0554083
-0.00568292
0.0485069
0.0371194
-0.0209639
-0.0492486
-0.0145922
0.036134
0.039894
-0.00456421
-0.0410981
-0.0271713
0.0175426
0.0395185
0.015438
-0.0246131
-0.0349899
-0.00663805
0.0272839
0.0300401
0.00113098
-0.0271747
-0.0259638
0.00137819
0.0255766
0.0230875
-0.0013945
-0.0231114
-0.0214287
-0.000243866
0.019627
0.0207745
0.0029804
-0.0153799
-0.0197144
-0.00710392
0.0109347
0.0174136
0.0108829
-0.00459711
-0.0152201
-0.011966
-0.00257292
0.010194
0.0133477
0.00564273
-0.00174441
-0.0112952
-0.00973048
-0.00128495
0.0025138
0.0104362
0.00683603
-0.00111693
98.8234
102.8
104.649
87.2416
49.9998
13.0925
-4.64679
-3.99037
1.16911
1.76712
-0.43033
-0.969167
0.186123
0.614378
-0.0767057
-0.432086
0.0131378
0.325929
0.0324828
-0.25484
-0.0695988
0.198871
0.100523
-0.147682
-0.124183
0.0963404
0.137809
-0.0437874
-0.13816
-0.00778712
0.122797
0.0535123
-0.0914499
-0.0868545
0.0472321
0.101331
0.00278812
-0.0928683
-0.0481982
0.062227
0.0775049
-0.0166329
-0.0817756
-0.0307476
0.0589144
0.0639803
-0.016306
-0.0704259
-0.0296455
0.0469076
0.059321
-0.00379147
-0.0585099
-0.0380564
0.0276576
0.0562583
0.0163016
-0.0405875
-0.0470075
0.000928237
0.0450073
0.0361518
-0.0122846
-0.0442913
-0.0267998
0.0183448
0.0412956
0.0201595
-0.0202845
-0.0378021
-0.0164237
0.0193845
0.0343361
0.0154874
-0.0166965
-0.0308259
-0.0164951
0.0121566
0.0276176
0.0177943
-0.00566521
-0.0237602
-0.0195033
-0.000471847
0.0168732
0.0212037
0.00635042
-0.00973722
-0.0177475
-0.0137507
0.00336694
0.0121967
0.0141387
0.00757402
-0.00819012
-0.0103419
-0.0101818
-0.00457467
0.00977083
0.00715682
99.5536
98.824
103.46
104.648
86.9075
49.9997
13.2893
-4.64513
-4.12072
1.16491
1.86189
-0.422519
-1.0431
0.173629
0.674662
-0.0586082
-0.481906
-0.0111243
0.366124
0.0628543
-0.284844
-0.105137
0.217425
0.139179
-0.153515
-0.16273
0.0889046
0.172036
-0.0239854
-0.163427
-0.0370346
0.13499
0.0870936
-0.0882179
-0.117951
0.0292287
0.12271
0.031163
-0.0988956
-0.0790966
0.0510958
0.101381
0.00805666
-0.0904521
-0.0601412
0.04914
0.0864929
0.00786179
-0.0764096
-0.0573064
0.0336516
0.0770019
0.0218521
-0.057015
-0.061951
0.00804634
0.0644233
0.0418065
-0.0281268
-0.0617042
-0.0233426
0.038928
0.0544856
0.00955855
-0.0428986
-0.0466689
-0.00100349
0.042634
0.0402185
-0.00279351
-0.0401584
-0.0356472
0.00269125
0.0363517
0.0330759
-0.000110181
-0.030878
-0.0322061
-0.00411767
0.0242291
0.0306715
0.0106394
-0.017418
-0.0271042
-0.0167082
0.00760106
0.0238406
0.018438
0.00371304
-0.0162153
-0.0207228
-0.00853114
0.00298301
0.0178244
0.0149766
0.00175402
-0.00413734
-0.0164265
-0.010421
0.00194453
100.446
98.8937
98.8253
103.794
104.647
86.7107
49.9995
13.4198
-4.64291
-4.2159
1.15947
1.93667
-0.412685
-1.10486
0.158303
0.726759
-0.0369594
-0.525287
-0.0394042
0.400223
0.0972605
-0.308221
-0.144075
0.2284
0.179794
-0.150882
-0.200961
0.0727019
0.203016
0.00379292
-0.182315
-0.0720178
0.138196
0.122694
-0.074811
-0.146352
0.00207872
0.13673
0.0651014
-0.094421
-0.109916
0.0292808
0.118986
0.0399087
-0.0883761
-0.0901143
0.0280661
0.102213
0.0389643
-0.0707836
-0.0839063
0.00939501
0.0856511
0.0519301
-0.0430636
-0.0807784
-0.0201548
0.06068
0.0663076
-0.00450321
-0.0661244
-0.0500119
0.0204368
0.064402
0.036281
-0.0287417
-0.0596165
-0.0267552
0.0312538
0.0542999
0.0215866
-0.0298029
-0.0492394
-0.0204746
0.025801
0.044356
0.0221393
-0.0191332
-0.0400399
-0.0243074
0.00970433
0.0347825
0.0272156
-0.00077834
-0.0251108
-0.0302092
-0.00790446
0.0150144
0.0257254
0.0190536
-0.00596257
-0.0180402
-0.0202193
-0.0100754
0.0126379
0.0150307
0.0144922
0.00581924
-0.0146897
-0.0102813
100.214
100.444
98.5596
98.8272
103.99
104.646
86.5802
49.9994
13.5152
-4.64005
-4.29131
1.15264
1.99968
-0.400635
-1.15905
0.139945
0.773255
-0.0116147
-0.563609
-0.0717078
0.428848
0.135471
-0.325147
-0.185857
0.231803
0.221436
-0.139895
-0.237602
0.0482295
0.229298
0.0384279
-0.193509
-0.110892
0.131677
0.157875
-0.0515192
-0.169459
-0.0326
0.141348
0.101735
-0.0787764
-0.137153
-0.00191197
0.127303
0.0756755
-0.0743402
-0.116411
-0.00281081
0.107613
0.0729868
-0.0526049
-0.104535
-0.0232674
0.0820087
0.0812579
-0.0172396
-0.0895705
-0.0523462
0.0435512
0.0838455
0.0267371
-0.0570414
-0.0726723
-0.00810294
0.0614049
0.0613062
-0.00316458
-0.0602943
-0.052313
0.00795697
0.0564432
0.0462757
-0.00752106
-0.0510561
-0.0431692
0.00366622
0.043726
0.0424421
0.0025492
-0.0349609
-0.0409712
-0.0119203
0.0258852
0.0368937
0.0208163
-0.0125826
-0.0332047
-0.023966
-0.00312143
0.023511
0.027923
0.0102386
-0.00555234
-0.0250732
-0.0196038
-0.00125232
0.00668507
0.0228888
0.0132616
-0.00339025
99.7874
100.549
100.441
98.3629
98.8301
104.121
104.644
86.4848
49.9992
13.5909
-4.63648
-4.35524
1.14429
2.05561
-0.386188
-1.20837
0.118379
0.815656
0.0175283
-0.597608
-0.107975
0.452241
0.177166
-0.335597
-0.229821
0.22758
0.263083
-0.120736
-0.271352
0.0161633
0.249522
0.0785699
-0.195957
-0.151625
0.115137
0.190177
-0.0192112
-0.184951
-0.0726275
0.135164
0.137884
-0.0522374
-0.157492
-0.0401941
0.12415
0.111503
-0.0484741
-0.134979
-0.0406128
0.10034
0.105211
-0.0227642
-0.114833
-0.060138
0.0646553
0.104321
0.0175794
-0.0848144
-0.0826808
0.0142592
0.08931
0.0599583
-0.0340557
-0.0851384
-0.0415045
0.0437833
0.0777286
0.0291074
-0.0461487
-0.0702746
-0.0227118
0.0436274
0.0636898
0.0217641
-0.0380246
-0.0577244
-0.0246153
0.0291688
0.0526987
0.0283491
-0.0167334
-0.0466505
-0.0331403
0.0046873
0.0348617
0.0383116
0.00715233
-0.0220402
-0.0339217
-0.0227009
0.0104845
0.0246477
0.0258918
0.010843
-0.0184148
-0.019833
-0.0183239
-0.00551336
0.0204766
0.0131751
99.8784
99.7908
100.745
100.437
98.2327
98.834
104.216
104.642
86.409
49.9991
13.6554
-4.63212
-4.41243
1.13427
2.10726
-0.369176
-1.25443
0.093454
0.854822
0.050529
-0.627622
-0.14808
0.47041
0.221941
-0.339443
-0.275222
0.215693
0.303653
-0.0937088
-0.300922
-0.022625
0.262471
0.122659
-0.188917
-0.19206
0.0887611
0.217234
0.0206936
-0.19092
-0.115381
0.117528
0.170278
-0.0160202
-0.168088
-0.0824708
0.108392
0.143304
-0.0122722
-0.142424
-0.0813845
0.0795532
0.130801
0.0160728
-0.111645
-0.0959884
0.0343331
0.116158
0.0566365
-0.0652085
-0.105051
-0.0234078
0.0795856
0.0884652
0.000150494
-0.0828822
-0.0728153
0.0132802
0.0799925
0.061033
-0.0184338
-0.0743581
-0.0535986
0.0170603
0.0674043
0.050286
-0.0114469
-0.0584186
-0.0504014
0.00296944
0.0477033
0.050016
0.0096113
-0.0367144
-0.0462692
-0.0222871
0.0204557
0.0429381
0.0278272
-4.35457e-05
-0.0324487
-0.034177
-0.0101092
0.0100801
0.0330204
0.0227072
-0.000717147
-0.0106052
-0.029617
-0.0144271
0.00581059
100.118
99.6818
99.7959
100.875
100.431
98.1378
98.8391
104.292
104.638
86.3445
49.9988
13.7132
-4.6269
-4.46574
1.12245
2.15634
-0.349441
-1.29824
0.0650429
0.891213
0.0874038
-0.653742
-0.191833
0.483223
0.269311
-0.336517
-0.321233
0.196163
0.342029
-0.0592614
-0.325079
-0.067067
0.26712
0.168959
-0.172007
-0.229996
0.0532132
0.236883
0.0662852
-0.185986
-0.157943
0.0885957
0.19578
0.0277894
-0.166797
-0.125092
0.0800816
0.167144
0.0315267
-0.136401
-0.120511
0.0460844
0.145416
0.0597612
-0.0935328
-0.125265
-0.00609565
0.113219
0.0939622
-0.0319691
-0.114236
-0.0636355
0.0542701
0.105822
0.0402118
-0.064203
-0.0947093
-0.0252098
0.0655279
0.0846947
0.0180282
-0.0613624
-0.0766806
-0.017788
0.0539634
0.0699846
0.0225834
-0.0430472
-0.0648401
-0.0286756
0.0275632
0.059096
0.036014
-0.0120541
-0.0462565
-0.0446151
-0.00300618
0.0310476
0.0420255
0.0236235
-0.0176157
-0.0318664
-0.0306794
-0.00886085
0.0258563
0.0244181
0.0212065
0.00272919
-0.0272698
-0.0154622
100.079
100.112
99.5521
99.8032
100.97
100.424
98.0629
98.8456
104.356
104.634
86.2866
49.9986
13.7674
-4.62075
-4.51697
1.10872
2.20394
-0.326838
-1.34035
0.0330426
0.925027
0.128127
-0.675896
-0.238983
0.490473
0.318719
-0.326656
-0.366972
0.169098
0.37708
-0.0180006
-0.342678
-0.115909
0.262677
0.215605
-0.14522
-0.263268
0.00962737
0.247267
0.115247
-0.169379
-0.197271
0.0493374
0.211607
0.0763709
-0.152372
-0.164143
0.0404815
0.179622
0.0791729
-0.115908
-0.153207
0.00239232
0.145784
0.103131
-0.0610225
-0.142902
-0.0519321
0.0939675
0.123316
0.0112082
-0.10687
-0.0995129
0.015863
0.107249
0.078859
-0.0305843
-0.101307
-0.0643303
0.0354074
0.093239
0.0559064
-0.0325016
-0.0847448
-0.0529121
0.0245836
0.0745654
0.0546907
-0.0135271
-0.0623802
-0.0566502
-0.00258225
0.0501211
0.0544156
0.0200255
-0.031763
-0.052606
-0.0290841
0.00651422
0.0431055
0.0387756
0.00740458
-0.0169942
-0.0415085
-0.023552
0.00463505
0.0161807
0.036405
0.0132515
-0.00947289
99.9275
100.208
100.104
99.4582
99.8128
101.044
100.414
97.9997
98.8536
104.413
104.63
86.2323
49.9984
13.8198
-4.61359
-4.56729
1.09294
2.25075
-0.301229
-1.3811
-0.00262575
0.956292
0.17263
-0.693908
-0.289218
0.491914
0.369541
-0.309733
-0.411504
0.134716
0.407692
0.0293012
-0.352695
-0.167727
0.248612
0.260649
-0.108947
-0.289827
-0.0404264
0.246929
0.164959
-0.141001
-0.230362
0.00149921
0.215528
0.126347
-0.124582
-0.195755
-0.00799797
0.178214
0.126225
-0.0814347
-0.175044
-0.0476194
0.130127
0.140619
-0.0166749
-0.145025
-0.0972367
0.0592247
0.139186
0.0585372
-0.0820299
-0.124348
-0.0303061
0.0904467
0.108437
0.0132427
-0.0895009
-0.0956045
-0.0058989
0.0829875
0.086491
0.00700018
-0.0735924
-0.0797442
-0.0144938
0.0608433
0.0753988
0.023842
-0.0425961
-0.0712695
-0.0346563
0.0236224
0.0588237
0.0481009
-0.00533165
-0.0421036
-0.0492795
-0.0210082
0.0277178
0.0394257
0.0339112
0.00356401
-0.0350316
-0.0284698
-0.0226863
0.00294197
0.0349939
0.0169276
99.9429
99.9367
100.302
100.092
99.385
99.825
101.106
100.403
97.9435
98.8632
104.466
104.624
86.1799
49.9981
13.8716
-4.60537
-4.61746
1.07499
2.2972
-0.272493
-1.42063
-0.0420151
0.984918
0.220801
-0.707536
-0.342167
0.487293
0.421092
-0.285683
-0.453863
0.0933631
0.432788
0.0817047
-0.354264
-0.220956
0.224692
0.302119
-0.0639793
-0.307824
-0.0949893
0.234893
0.212614
-0.101458
-0.254438
-0.0524729
0.206039
0.174002
-0.0842807
-0.21643
-0.0619456
0.161533
0.167958
-0.0350139
-0.182434
-0.0989821
0.0984815
0.166931
0.035114
-0.129526
-0.135661
0.0123189
0.137554
0.103101
-0.0417576
-0.132687
-0.0769513
0.0562435
0.122465
0.0597846
-0.0595124
-0.111558
-0.0509195
0.0543558
0.101657
0.0491113
-0.0437842
-0.0909041
-0.0535974
0.0299165
0.0782063
0.0592198
-0.0100171
-0.0657577
-0.0600271
-0.012919
0.0464523
0.0613493
0.0266445
-0.0167317
-0.0549492
-0.0408595
-0.00147674
0.0263319
0.0498952
0.0214903
-0.0107672
-0.0233383
-0.0426862
-0.00930554
0.0143767
100.047
99.8498
99.9494
100.374
100.078
99.3244
99.84
101.16
100.388
97.8916
98.8746
104.518
104.617
86.128
49.9978
13.9235
-4.596
-4.66799
1.05476
2.34356
-0.240519
-1.45895
-0.085151
1.01073
0.272483
-0.716501
-0.3974
0.476373
0.47263
-0.254517
-0.493067
0.0455216
0.451355
0.13811
-0.346706
-0.273916
0.191004
0.338082
-0.0114995
-0.315693
-0.151781
0.210732
0.255355
-0.0520582
-0.267121
-0.109554
0.182498
0.215541
-0.0334001
-0.223342
-0.117202
0.129544
0.199803
0.0198994
-0.173068
-0.146174
0.0528484
0.177669
0.0886463
-0.0966009
-0.161185
-0.0413712
0.116774
0.13778
0.00908686
-0.121327
-0.116121
0.00890653
0.116766
0.100281
-0.0152649
-0.10741
-0.0904843
0.0119306
0.0960444
0.0846632
-0.00106702
-0.0818906
-0.0824232
-0.0123213
0.0615817
0.0815236
0.0275463
-0.0396275
-0.0713974
-0.0472086
0.018447
0.0546254
0.0543839
0.0138156
-0.0406375
-0.0465045
-0.0345331
0.00561804
0.0453993
0.0312725
0.0220173
-0.0118257
-0.0429646
-0.0170782
100.046
100.034
99.7783
99.9657
100.433
100.06
99.272
99.8581
101.21
100.372
97.8422
98.8879
104.568
104.61
86.076
49.9976
13.9762
-4.58542
-4.71923
1.03214
2.38994
-0.205211
-1.49601
-0.13203
1.03351
0.327472
-0.72051
-0.45443
0.458956
0.523371
-0.216346
-0.528136
-0.00818248
0.46248
0.197269
-0.329564
-0.324859
0.14797
0.366711
0.0469438
-0.312229
-0.208286
0.174619
0.290427
0.00522579
-0.266595
-0.166313
0.145226
0.247364
0.0251443
-0.214616
-0.169186
0.083651
0.217787
0.0787274
-0.146303
-0.183648
-0.00299879
0.17005
0.137463
-0.0487773
-0.169105
-0.0950045
0.0779987
0.156361
0.0634989
-0.0901679
-0.140481
-0.0444733
0.0905403
0.126338
0.0361647
-0.0824416
-0.115458
-0.0365183
0.0689341
0.10523
0.044749
-0.0523208
-0.0933798
-0.0555437
0.0289598
0.0822131
0.0611719
-0.000220779
-0.063918
-0.0673132
-0.0192471
0.0309542
0.0666991
0.0388385
-0.00820888
-0.0378563
-0.0567481
-0.0153746
0.0191615
0.0317352
0.0471041
0.0017755
-0.0203144
99.9684
100.117
100.016
99.7207
99.9858
100.483
100.039
99.225
99.8794
101.256
100.352
97.7943
98.9032
104.619
104.601
86.0232
49.9972
14.0301
-4.57356
-4.77142
1.00702
2.43642
-0.166486
-1.53169
-0.182621
1.05299
0.385523
-0.719273
-0.512726
0.434893
0.572502
-0.171382
-0.558117
-0.0669835
0.465372
0.257815
-0.302628
-0.372019
0.0963481
0.386365
0.109482
-0.296661
-0.261866
0.127344
0.315325
0.0678435
-0.25175
-0.219119
0.095528
0.266344
0.0876436
-0.189557
-0.213252
0.0266141
0.219017
0.13611
-0.103257
-0.206555
-0.0637558
0.143272
0.175227
0.0092065
-0.156754
-0.141208
0.0251876
0.154646
0.113277
-0.0423486
-0.14485
-0.0948795
0.0464869
0.132015
0.0854167
-0.0401648
-0.118926
-0.0817515
0.025287
0.104486
0.0829185
-0.0071373
-0.0835645
-0.0871873
-0.0129511
0.0595682
0.0820903
0.0397407
-0.0365562
-0.0672543
-0.0554964
-0.000724403
0.0555955
0.0516523
0.0311011
-0.0193372
-0.0557377
-0.0316403
-0.0181193
0.0242682
0.049843
0.0150598
99.9608
99.9868
100.173
99.9945
99.6727
100.01
100.527
100.013
99.1821
99.904
101.301
100.33
97.747
98.9206
104.67
104.591
85.9692
49.9969
14.0854
-4.56037
-4.8247
0.979314
2.48298
-0.124279
-1.56582
-0.236865
1.06891
0.446351
-0.712513
-0.571713
0.404097
0.619192
-0.119946
-0.582104
-0.129986
0.459388
0.318284
-0.265945
-0.413662
0.0372176
0.395645
0.173989
-0.268691
-0.309872
0.070294
0.327943
0.132792
-0.222282
-0.264365
0.0356317
0.270096
0.14982
-0.148721
-0.245145
-0.037576
0.201937
0.186495
-0.0468751
-0.211236
-0.12322
0.0988107
0.196478
0.0709429
-0.123994
-0.173191
-0.0351842
0.131021
0.150621
0.0156888
-0.126847
-0.133296
-0.00924981
0.115168
0.122317
0.012789
-0.0987337
-0.114208
-0.0256851
0.079986
0.105016
0.0431421
-0.0543454
-0.0970788
-0.0554261
0.0202508
0.0826998
0.0679997
0.00564222
-0.0488836
-0.0763585
-0.030847
0.0219333
0.0508156
0.0601063
0.00401784
-0.0295777
-0.0406507
-0.0478917
0.0100799
0.0268545
100.02
99.9053
100.01
100.219
99.9684
99.632
100.038
100.566
99.9844
99.1424
99.9322
101.343
100.305
97.7001
98.9404
104.721
104.58
85.9138
49.9965
14.1423
-4.54576
-4.87917
0.948914
2.52957
-0.0785325
-1.59821
-0.29468
1.08095
0.509634
-0.699975
-0.630779
0.366546
0.662603
-0.0624678
-0.599254
-0.196174
0.44405
0.377151
-0.219826
-0.448138
-0.0280435
0.393451
0.238153
-0.228529
-0.349761
0.00540671
0.326694
0.196753
-0.178723
-0.29871
-0.0313925
0.25714
0.207173
-0.0939891
-0.2613
-0.104081
0.166641
0.224581
0.0183788
-0.195758
-0.174898
0.0403569
0.197306
0.129246
-0.0736122
-0.185419
-0.0953304
0.0872446
0.169086
0.0752589
-0.0873822
-0.152693
-0.0674196
0.0773277
0.138591
0.0674663
-0.0582987
-0.125446
-0.0735783
0.0352529
0.106157
0.0850279
-0.0103874
-0.0820133
-0.088063
-0.023751
0.0591178
0.0778676
0.0504236
-0.0189458
-0.0711391
-0.0530072
-0.0221955
0.0375365
0.0643656
0.0282882
0.0100655
-0.0399822
-0.0540228
-0.01015
100.035
99.9964
99.861
100.037
100.257
99.938
99.5974
100.07
100.601
99.9515
99.1054
99.964
101.385
100.277
97.6532
98.9625
104.774
104.567
85.8568
49.9962
14.201
-4.52969
-4.93488
0.915732
2.57613
-0.0292035
-1.62863
-0.355955
1.08884
0.575014
-0.681432
-0.689285
0.32229
0.701902
0.000516896
-0.6088
-0.264428
0.419059
0.432857
-0.164851
-0.473923
-0.0977911
0.379028
0.299549
-0.176893
-0.379208
-0.0648885
0.310595
0.25628
-0.122475
-0.319257
-0.101843
0.227101
0.255227
-0.0284016
-0.259257
-0.167501
0.114859
0.245882
0.0868828
-0.160262
-0.212589
-0.0266916
0.176176
0.176707
-0.0107995
-0.174693
-0.147098
0.0284551
0.164365
0.1272
-0.0312401
-0.14891
-0.117384
0.0233883
0.130224
0.113347
-0.00522034
-0.110633
-0.109186
-0.0198077
0.0847428
0.106985
0.0402693
-0.0469667
-0.100075
-0.0607424
0.0149162
0.0690763
0.0812381
0.0154139
-0.0393192
-0.063564
-0.0577769
0.0130982
0.0412262
0.0487676
0.0432897
-0.0262309
-0.0332052
99.9891
100.078
99.968
99.826
100.069
100.287
99.9035
99.5682
100.107
100.631
99.9147
99.0709
99.9995
101.425
100.245
97.6063
98.987
104.828
104.553
85.7979
49.9958
14.2615
-4.51208
-4.99185
0.879679
2.62253
0.0237389
-1.65685
-0.420558
1.09228
0.642099
-0.65669
-0.746559
0.271454
0.736268
0.0683635
-0.610066
-0.33353
0.384309
0.483839
-0.101862
-0.489666
-0.170146
0.352001
0.35572
-0.115015
-0.396201
-0.137775
0.27937
0.307925
-0.0557349
-0.3238
-0.171525
0.180724
0.289916
0.0439458
-0.237869
-0.222316
0.0498771
0.247284
0.15221
-0.106876
-0.231296
-0.0955328
0.134088
0.206688
0.0574323
-0.140903
-0.182832
-0.0376849
0.135286
0.163304
0.0332392
-0.121033
-0.149574
-0.038577
0.0983183
0.139946
0.0510706
-0.0711539
-0.125316
-0.0714748
0.0425424
0.103979
0.0857234
-0.00200386
-0.0841617
-0.0834175
-0.0369794
0.0447256
0.0846874
0.0483955
0.00676832
-0.0589685
-0.0688805
-0.0200073
0.00265636
0.057599
0.0534723
0.00189547
99.9681
100.018
100.111
99.9355
99.7991
100.105
100.311
99.8651
99.5441
100.147
100.658
99.8739
99.0389
100.039
101.464
100.21
97.5592
99.0142
104.882
104.538
85.7372
49.9954
14.3241
-4.49287
-5.05009
0.84067
2.66864
0.0803106
-1.68261
-0.488324
1.09098
0.710456
-0.625597
-0.801909
0.214247
0.764903
0.140319
-0.602489
-0.402183
0.339901
0.528564
-0.0319659
-0.494233
-0.243042
0.312416
0.404258
-0.0446095
-0.399166
-0.210122
0.233467
0.348474
0.0185411
-0.310949
-0.236034
0.119928
0.307892
0.118142
-0.197445
-0.263427
-0.0235581
0.227294
0.207845
-0.0397369
-0.227784
-0.15866
0.0745764
0.214276
0.122986
-0.0872514
-0.196378
-0.102199
0.0845194
0.17741
0.0954193
-0.0715327
-0.157935
-0.0976242
0.048113
0.139729
0.10106
-0.0155628
-0.11675
-0.107304
-0.0137583
0.0785473
0.111814
0.0427979
-0.0419688
-0.0886688
-0.077823
0.00826551
0.0587967
0.0734129
0.0472243
-0.0355274
-0.0524008
-0.054013
-0.0313897
0.0456383
0.0379674
100.003
99.9365
100.051
100.135
99.8993
99.78
100.144
100.329
99.8231
99.5253
100.191
100.681
99.8293
99.0095
100.082
101.502
100.172
97.5119
99.0441
104.939
104.521
85.6744
49.995
14.3887
-4.472
-5.10956
0.798629
2.71432
0.140511
-1.70566
-0.55906
1.08466
0.779623
-0.58805
-0.854624
0.150967
0.78705
0.215528
-0.585631
-0.469032
0.286158
0.565569
0.0434886
-0.486761
-0.314272
0.260755
0.442908
0.0321499
-0.387034
-0.27865
0.174116
0.375097
0.0967831
-0.280285
-0.29103
0.0477621
0.306783
0.188842
-0.13988
-0.286548
-0.0996526
0.186371
0.247777
0.0353734
-0.201128
-0.208595
0.00332674
0.197201
0.1775
-0.019904
-0.184082
-0.156286
0.018936
0.165782
0.144915
-0.00683033
-0.140935
-0.141454
-0.0129482
0.111622
0.135263
0.0431067
-0.0815724
-0.120671
-0.0710614
0.0375226
0.107756
0.0800342
0.013387
-0.0745863
-0.0922445
-0.0355572
0.0155542
0.0808989
0.0659959
0.0058465
-0.0199679
-0.0744157
-0.0456026
0.00982219
100.028
99.9696
99.9152
100.087
100.15
99.8603
99.7685
100.186
100.34
99.7779
99.5118
100.238
100.7
99.7809
98.9829
100.129
101.538
100.13
97.4646
99.0767
104.996
104.502
85.6096
49.9945
14.4554
-4.4494
-5.17024
0.753485
2.75941
0.204322
-1.72573
-0.632547
1.07307
0.849104
-0.544001
-0.90399
0.0820002
0.802005
0.293039
-0.559203
-0.532687
0.223626
0.593506
0.122925
-0.46669
-0.38157
0.197955
0.469656
0.112715
-0.359346
-0.340061
0.103288
0.385548
0.174986
-0.23246
-0.332511
-0.0317814
0.285487
0.250604
-0.0685218
-0.28874
-0.171919
0.126862
0.267311
0.111374
-0.152815
-0.238875
-0.0724093
0.156493
0.21306
0.0532972
-0.146225
-0.191974
-0.0516723
0.127843
0.174075
0.0623034
-0.100489
-0.160203
-0.0758042
0.0621
0.14446
0.0927265
-0.0245841
-0.111047
-0.1123
-0.0121376
0.0732733
0.10325
0.0622043
-0.0396693
-0.0773371
-0.0767079
-0.0260545
0.0614047
0.0604122
0.0536644
0.0105688
-0.0659504
-0.03917
100.005
100.048
99.934
99.9037
100.125
100.156
99.8191
99.7646
100.231
100.344
99.73
99.5038
100.289
100.714
99.729
98.9592
100.179
101.573
100.084
97.4172
99.1123
105.055
104.482
85.5426
49.9941
14.5243
-4.42502
-5.23206
0.705172
2.80373
0.271711
-1.74256
-0.70854
1.05597
0.918386
-0.493459
-0.949299
0.00782017
0.809139
0.371824
-0.523071
-0.591761
0.153071
0.611179
0.20459
-0.433805
-0.442671
0.125379
0.48283
0.194243
-0.316289
-0.391206
0.0236326
0.378322
0.248901
-0.169166
-0.357159
-0.11392
0.24421
0.298448
0.0118828
-0.268577
-0.233901
0.0529884
0.263599
0.180479
-0.0864429
-0.24531
-0.144064
0.0959405
0.223765
0.123678
-0.0874877
-0.202592
-0.117198
0.0677755
0.178437
0.122705
-0.0409519
-0.150383
-0.129009
0.00194546
0.122753
0.125701
0.0406686
-0.0804691
-0.124025
-0.0636828
0.0207368
0.104368
0.0889166
0.0128403
-0.0437248
-0.0989304
-0.0522683
0.0143364
0.040676
0.0864091
0.0280525
-0.0244065
99.9761
100.04
100.057
99.8972
99.9017
100.164
100.154
99.7767
99.7684
100.277
100.342
99.6799
99.5017
100.343
100.724
99.6736
98.9388
100.234
101.607
100.035
97.3699
99.1508
105.115
104.461
85.4736
49.9936
14.5952
-4.3988
-5.29498
0.653631
2.84711
0.342632
-1.75588
-0.786772
1.03316
0.986932
-0.43649
-0.989855
-0.0710197
0.807896
0.450791
-0.477263
-0.644889
0.0754645
0.617583
0.28658
-0.38824
-0.495396
0.0447911
0.48117
0.273704
-0.258701
-0.429259
-0.0616045
0.352723
0.31435
-0.093168
-0.362469
-0.193513
0.184648
0.328155
0.0955803
-0.226331
-0.279884
-0.0292329
0.235666
0.235399
-0.00780269
-0.226335
-0.20271
0.0213611
0.207325
0.181969
-0.01557
-0.184362
-0.168987
-0.00490213
0.155823
0.163131
0.0299564
-0.115397
-0.159631
-0.0586761
0.0725619
0.137834
0.0956277
-0.0312061
-0.104216
-0.107054
-0.0314625
0.0760335
0.0904145
0.0693521
-0.00666021
-0.0869634
-0.0618756
-0.0449116
0.0193269
0.0833026
0.0347129
99.9887
99.9685
100.076
100.056
99.8605
99.9089
100.203
100.143
99.7343
99.78
100.324
100.332
99.6282
99.5057
100.399
100.729
99.615
98.922
100.292
101.638
99.9821
97.3229
99.1923
105.176
104.437
85.4023
49.9931
14.6684
-4.37067
-5.35893
0.598805
2.88937
0.417028
-1.76544
-0.866958
1.00445
1.05419
-0.373215
-1.02498
-0.153891
0.797809
0.528798
-0.421967
-0.690756
-0.00802853
0.611922
0.366898
-0.330489
-0.537713
-0.041685
0.463869
0.348016
-0.188101
-0.451795
-0.148785
0.30901
0.367353
-0.00809266
-0.347017
-0.265347
0.109937
0.336521
0.176388
-0.16423
-0.305199
-0.112661
0.184641
0.270243
0.0753055
-0.182773
-0.240696
-0.059602
0.165452
0.219034
0.0608846
-0.13859
-0.199714
-0.0776015
0.106595
0.177885
0.0996721
-0.0620105
-0.158007
-0.111996
0.00661449
0.124983
0.125674
0.03142
-0.0630609
-0.127408
-0.0699866
0.019704
0.0743895
0.107131
0.0253176
-0.0391067
-0.0618816
-0.0885504
0.000117145
0.0400825
100.018
99.9542
99.9718
100.11
100.045
99.8255
99.925
100.241
100.124
99.6927
99.7993
100.371
100.316
99.5757
99.5161
100.456
100.728
99.5535
98.909
100.353
101.667
99.9256
97.2762
99.2369
105.239
104.412
85.3289
49.9926
14.7437
-4.34059
-5.42385
0.540638
2.93033
0.494831
-1.77098
-0.94879
0.969687
1.11961
-0.303811
-1.05402
-0.240092
0.7785
0.604661
-0.357538
-0.728119
-0.0960633
0.593629
0.443491
-0.261415
-0.567786
-0.131642
0.430657
0.414102
-0.106595
-0.456981
-0.233967
0.248378
0.404389
0.0817452
-0.310629
-0.324402
0.0244154
0.321727
0.248112
-0.0864163
-0.30652
-0.189883
0.114048
0.280935
0.153872
-0.117587
-0.253245
-0.137327
0.102661
0.228031
0.133167
-0.0723808
-0.202784
-0.139022
0.0361707
0.166488
0.152489
0.00331751
-0.123881
-0.149851
-0.0571349
0.0835236
0.127467
0.0938432
-0.0147729
-0.111434
-0.0923031
-0.0477749
0.0490548
0.106169
0.0532234
0.0256354
-0.055863
-0.092257
-0.0228514
100.016
100.014
99.9224
99.985
100.141
100.025
99.7936
99.9496
100.276
100.097
99.6533
99.8264
100.416
100.292
99.5231
99.5331
100.516
100.722
99.4895
98.9001
100.418
101.694
99.8655
97.2301
99.2847
105.303
104.384
85.2533
49.992
14.8211
-4.30848
-5.48965
0.479078
2.96977
0.575956
-1.77225
-1.03194
0.928739
1.18259
-0.228517
-1.07635
-0.328844
0.749693
0.67717
-0.284504
-0.755823
-0.187136
0.562408
0.514278
-0.182226
-0.584065
-0.222411
0.381797
0.46905
-0.0168667
-0.443645
-0.313088
0.172953
0.422601
0.171546
-0.254472
-0.366143
-0.0666907
0.283658
0.304894
0.00139652
-0.282224
-0.254052
0.0300105
0.265056
0.219354
-0.0363882
-0.238766
-0.201069
0.0248379
0.207149
0.191638
0.00389257
-0.174075
-0.181943
-0.0429152
0.130118
0.175953
0.0736146
-0.0677606
-0.161171
-0.105112
0.0168289
0.107468
0.134863
0.0323319
-0.0590842
-0.101416
-0.0986938
0.014876
0.0647593
0.0787331
0.0754714
-0.03735
-0.0536084
99.9891
100.046
99.9989
99.8952
100.007
100.167
99.9972
99.7664
99.9821
100.306
100.062
99.6171
99.8609
100.46
100.261
99.4711
99.5568
100.576
100.71
99.4232
98.8958
100.487
101.718
99.8016
97.1846
99.3358
105.368
104.355
85.1755
49.9915
14.9008
-4.27428
-5.55627
0.414081
3.00751
0.6603
-1.769
-1.11604
0.881508
1.24255
-0.147636
-1.09136
-0.419301
0.711227
0.745097
-0.203563
-0.77284
-0.279588
0.518235
0.577225
-0.0944898
-0.585318
-0.311162
0.318146
0.510198
0.0779325
-0.411418
-0.382114
0.085689
0.420066
0.256205
-0.180998
-0.386888
-0.157612
0.22416
0.34141
0.092725
-0.233159
-0.299038
-0.0595362
0.222186
0.265151
0.0519553
-0.197729
-0.241755
-0.0604069
0.160142
0.225628
0.0806623
-0.116093
-0.201652
-0.11392
0.0699852
0.167454
0.136949
-0.00427319
-0.136172
-0.133531
-0.0586166
0.0725884
0.136566
0.0771
0.0103932
-0.0953218
-0.111093
-0.0316742
0.00452665
0.0931864
0.086416
0.0028973
99.9812
100.004
100.071
99.9758
99.8744
100.037
100.186
99.962
99.7453
100.021
100.331
100.02
99.5853
99.9026
100.5
100.222
99.4207
99.5873
100.636
100.692
99.3551
98.8961
100.558
101.739
99.7341
97.1401
99.3902
105.433
104.324
85.0955
49.9909
14.9827
-4.23793
-5.62359
0.34561
3.04334
0.747742
-1.76099
-1.20073
0.82794
1.29889
-0.0615399
-1.09853
-0.510549
0.663062
0.807225
-0.115591
-0.77829
-0.371654
0.4614
0.63038
-8.64179e-05
-0.570735
-0.394954
0.241107
0.535315
0.174233
-0.360736
-0.437289
-0.00971155
0.395982
0.330516
-0.0936908
-0.384378
-0.242093
0.146679
0.353595
0.180773
-0.162976
-0.319426
-0.146495
0.155178
0.286503
0.136524
-0.132167
-0.254874
-0.142134
0.0933697
0.226955
0.150336
-0.0399412
-0.192699
-0.163677
-0.00861364
0.133824
0.175754
0.0569472
-0.0763313
-0.143643
-0.117291
0.0233915
0.0984605
0.116167
0.0677041
-0.0643817
-0.0851045
-0.0848113
-0.0431
0.0784744
0.0604281
100.003
99.959
100.028
100.087
99.9459
99.8615
100.073
100.198
99.921
99.7315
100.067
100.35
99.9723
99.5591
99.9511
100.537
100.177
99.3726
99.6248
100.696
100.668
99.2855
98.9015
100.632
101.757
99.6629
97.0966
99.448
105.5
104.291
85.0132
49.9903
15.0667
-4.19938
-5.69154
0.273635
3.07704
0.838145
-1.74799
-1.2856
0.768018
1.35102
0.0293336
-1.09737
-0.601625
0.605299
0.862364
-0.0216214
-0.771484
-0.461471
0.39249
0.671966
0.0987996
-0.539928
-0.470884
0.152653
0.542696
0.268187
-0.292833
-0.475433
-0.108827
0.350603
0.389684
0.00294907
-0.357964
-0.31371
0.0557352
0.339618
0.258296
-0.0772694
-0.311476
-0.223577
0.0709287
0.279493
0.207622
-0.0474957
-0.240185
-0.206925
0.012691
0.195157
0.204171
0.0392856
-0.150278
-0.188144
-0.090868
0.0832031
0.175358
0.112765
0.000336422
-0.132215
-0.139906
-0.040806
0.0403837
0.135104
0.0936296
-0.00315939
-0.0427799
-0.121825
-0.0602427
0.0237421
100.018
99.9797
99.9459
100.057
100.094
99.9114
99.8578
100.113
100.201
99.8758
99.7261
100.117
100.361
99.9188
99.5394
100.006
100.568
100.125
99.3277
99.6692
100.755
100.637
99.2151
98.9123
100.709
101.772
99.5882
97.0543
99.5092
105.568
104.255
84.9288
49.9896
15.153
-4.15858
-5.76001
0.198135
3.10843
0.931355
-1.7298
-1.37024
0.701773
1.39835
0.124491
-1.08745
-0.691526
0.538164
0.909386
0.0771545
-0.751924
-0.547154
0.312409
0.700415
0.199756
-0.492978
-0.536195
0.0552926
0.531201
0.355902
-0.209799
-0.494063
-0.206744
0.285201
0.42983
0.10334
-0.308312
-0.366762
-0.0430897
0.300152
0.317752
0.0178378
-0.274984
-0.28353
-0.0213909
0.241832
0.259
0.0455581
-0.198486
-0.244051
-0.0752452
0.138261
0.23015
0.110622
-0.0774683
-0.189046
-0.154855
0.0183664
0.135988
0.157982
0.0679922
-0.0903041
-0.12707
-0.109025
-0.0122121
0.114011
0.092136
0.0735235
-0.00867704
-0.114111
-0.0555764
100.005
100.03
99.9519
99.943
100.089
100.091
99.8747
99.8641
100.155
100.195
99.8282
99.7301
100.17
100.363
99.8612
99.5272
100.065
100.593
100.067
99.2869
99.7203
100.812
100.6
99.1442
98.9285
100.788
101.783
99.51
97.0136
99.5738
105.636
104.218
84.8421
49.989
15.2414
-4.11547
-5.82892
0.119086
3.13729
1.02721
-1.70623
-1.45424
0.629266
1.44031
0.22338
-1.06845
-0.779228
0.462022
0.947227
0.179425
-0.719334
-0.626818
0.222358
0.714409
0.300217
-0.430461
-0.58835
-0.048014
0.50031
0.433662
-0.11462
-0.491366
-0.29853
0.202275
0.448081
0.201158
-0.237178
-0.397275
-0.14267
0.237357
0.352908
0.1157
-0.213713
-0.318561
-0.113496
0.175955
0.286273
0.133144
-0.130404
-0.250575
-0.158602
0.066505
0.217983
0.169801
0.00977288
-0.165194
-0.183961
-0.0590126
0.0748318
0.177635
0.110731
-0.0157646
-0.0962081
-0.154287
-0.0486496
0.0473931
0.0819619
0.129819
0.0119733
-0.0525672
99.985
100.032
100.03
99.9229
99.9508
100.121
100.078
99.8383
99.8807
100.196
100.178
99.78
99.7439
100.225
100.356
99.8005
99.5234
100.13
100.612
100.003
99.251
99.778
100.866
100.556
99.0734
98.9506
100.87
101.79
99.4284
96.9744
99.642
105.705
104.178
84.7533
49.9883
15.332
-4.07
-5.89816
0.0364674
3.16344
1.12554
-1.67709
-1.53717
0.550602
1.47635
0.325401
-1.04007
-0.863687
0.377365
0.974908
0.283768
-0.673659
-0.698615
0.123818
0.71291
0.397547
-0.35349
-0.625057
-0.154046
0.450288
0.497946
-0.010979
-0.466327
-0.379601
0.105756
0.442283
0.29034
-0.147969
-0.402886
-0.23483
0.154148
0.360741
0.207838
-0.133202
-0.322492
-0.198759
0.0906142
0.283987
0.204397
-0.0404897
-0.22993
-0.22034
-0.0143946
0.168577
0.212408
0.0890054
-0.110619
-0.178306
-0.13669
0.0124889
0.153643
0.131761
0.0724881
-0.062259
-0.149221
-0.0779251
-0.0405597
0.0732038
0.13137
0.0353274
99.9887
99.9865
100.058
100.019
99.8957
99.9691
100.151
100.054
99.8046
99.9074
100.236
100.151
99.7333
99.7678
100.279
100.339
99.7382
99.5287
100.198
100.622
99.934
99.2208
99.8419
100.917
100.506
99.0031
98.9787
100.953
101.792
99.3435
96.9372
99.7137
105.775
104.136
84.6622
49.9876
15.4248
-4.02211
-5.96764
-0.0497414
3.18667
1.22614
-1.6422
-1.61859
0.465918
1.50593
0.4299
-1.00211
-0.943855
0.284821
0.991531
0.388678
-0.6151
-0.760736
0.0184906
0.695246
0.489033
-0.263635
-0.64439
-0.259399
0.382259
0.545435
0.0971184
-0.419146
-0.44559
0.000569122
0.411225
0.365736
-0.0463215
-0.38194
-0.312252
0.0551852
0.341281
0.284001
-0.0383314
-0.29461
-0.269294
-0.00275689
0.247047
0.255015
0.0579531
-0.184601
-0.246859
-0.101122
0.0966853
0.226465
0.146074
-0.0255011
-0.151198
-0.188785
-0.043883
0.0840194
0.142198
0.138056
-0.0220126
-0.0915183
-0.110492
-0.105735
0.0532248
0.0756836
100.009
99.9643
99.9991
100.08
99.9977
99.8733
99.997
100.175
100.021
99.7762
99.9438
100.271
100.114
99.6901
99.8019
100.332
100.312
99.6758
99.5435
100.268
100.625
99.8606
99.1972
99.9118
100.964
100.449
98.9341
99.0129
101.037
101.79
99.2553
96.902
99.7889
105.845
104.091
84.5689
49.9869
15.5198
-3.97174
-6.03723
-0.139559
3.20677
1.32882
-1.6014
-1.69804
0.375397
1.52853
0.536171
-0.954454
-1.01867
0.185141
0.996326
0.492551
-0.544085
-0.811482
-0.0916879
0.661131
0.571936
-0.162848
-0.644984
-0.360436
0.298039
0.573289
0.205462
-0.351436
-0.492189
-0.108222
0.355574
0.422664
0.0606605
-0.333501
-0.370088
-0.0514102
0.29509
0.335643
0.0654171
-0.240171
-0.314012
-0.0961456
0.177406
0.282895
0.146049
-0.112784
-0.237786
-0.182886
0.020067
0.197572
0.182395
0.0713872
-0.111855
-0.191619
-0.100846
-0.00567367
0.140113
0.15255
0.0379256
-0.0128463
-0.135384
-0.116803
0.000494302
100.015
99.9956
99.9455
100.021
100.096
99.9684
99.8584
100.033
100.191
99.9799
99.7554
99.9885
100.299
100.068
99.6524
99.8457
100.381
100.275
99.6148
99.5683
100.339
100.618
99.7836
99.1809
99.9872
101.007
100.385
98.8668
99.0534
101.123
101.783
99.1641
96.8691
99.8678
105.916
104.045
84.4735
49.9861
15.617
-3.91885
-6.10681
-0.232998
3.22355
1.43334
-1.55454
-1.77505
0.279264
1.54365
0.643444
-0.897051
-1.08709
0.0792243
0.988645
0.593716
-0.461287
-0.849325
-0.204541
0.610651
0.64362
-0.0534788
-0.626118
-0.4533
0.199886
0.579662
0.309337
-0.265746
-0.515719
-0.215678
0.278492
0.456049
0.166545
-0.259472
-0.404759
-0.155193
0.22227
0.359691
0.167961
-0.165238
-0.323317
-0.18534
0.0876933
0.281069
0.210816
-0.0162939
-0.203889
-0.237961
-0.0546346
0.125613
0.203967
0.147516
-0.0543343
-0.146164
-0.158988
-0.0768266
0.105739
0.120791
0.114417
0.0439531
-0.120875
-0.0829638
99.999
100.031
99.974
99.935
100.05
100.103
99.9332
99.8531
100.074
100.198
99.9327
99.744
100.04
100.318
100.014
99.6221
99.8985
100.425
100.229
99.5569
99.6032
100.41
100.602
99.7041
99.1724
100.067
101.044
100.315
98.8018
99.1003
101.209
101.771
99.0699
96.8387
99.9503
105.987
103.995
84.3758
49.9853
15.7164
-3.8634
-6.17626
-0.330066
3.23681
1.53946
-1.5015
-1.84915
0.177791
1.55084
0.750893
-0.829947
-1.14812
-0.0318863
0.967985
0.690471
-0.367626
-0.872965
-0.317647
0.544194
0.701793
0.0615648
-0.587522
-0.534326
0.0906408
0.563826
0.403431
-0.164813
-0.514448
-0.315936
0.184269
0.461582
0.266167
-0.166058
-0.411508
-0.247855
0.1261
0.356871
0.254887
-0.0722465
-0.297063
-0.262596
-0.0060431
0.239938
0.252049
0.088663
-0.152667
-0.246986
-0.130979
0.0336619
0.203647
0.180538
0.0302444
-0.080951
-0.195871
-0.109515
0.0247534
0.0767862
0.172736
0.0620842
-0.0460248
99.9856
100.02
100.038
99.9474
99.9349
100.082
100.099
99.895
99.8591
100.119
100.194
99.8818
99.7436
100.097
100.327
99.9535
99.601
99.9592
100.461
100.172
99.5037
99.648
100.479
100.576
99.6231
99.1725
100.152
101.074
100.239
98.7398
99.1537
101.296
101.754
98.9729
96.811
100.036
106.058
103.943
84.2761
49.9843
15.818
-3.80535
-6.24544
-0.430768
3.24638
1.64691
-1.44218
-1.91985
0.0712894
1.54971
0.85764
-0.753267
-1.20082
-0.146989
0.933963
0.781185
-0.264357
-0.881251
-0.428547
0.462618
0.744476
0.178906
-0.529262
-0.600561
-0.0257503
0.525455
0.482937
-0.052116
-0.488592
-0.40192
0.0765697
0.438448
0.353281
-0.061147
-0.385663
-0.325391
0.0168743
0.325805
0.315139
0.0358834
-0.244702
-0.312157
-0.0961923
0.160307
0.273717
0.175033
-0.079379
-0.211764
-0.204611
-0.0470759
0.161431
0.177382
0.128652
-0.0259844
-0.177768
-0.118575
-0.0822354
0.0489543
0.167653
0.065198
99.9934
99.9811
100.044
100.034
99.9195
99.9462
100.114
100.083
99.8571
99.8769
100.163
100.177
99.8299
99.7554
100.156
100.324
99.8887
99.5905
100.026
100.489
100.108
99.4568
99.7026
100.545
100.54
99.5418
99.1816
100.24
101.098
100.157
98.6813
99.2136
101.383
101.732
98.8733
96.7862
100.126
106.129
103.888
84.1742
49.9833
15.9219
-3.74467
-6.3142
-0.535108
3.25206
1.7554
-1.37651
-1.98667
-0.0398896
1.53991
0.962787
-0.667254
-1.2443
-0.264813
0.886413
0.864231
-0.152975
-0.873246
-0.534854
0.367405
0.76977
0.295229
-0.452259
-0.649459
-0.14458
0.464458
0.544569
0.0669053
-0.438591
-0.46751
-0.0406301
0.389622
0.41904
0.0499889
-0.327988
-0.383809
-0.0915235
0.262114
0.34769
0.14688
-0.174347
-0.319236
-0.183926
0.0612011
0.268934
0.225036
0.021044
-0.155292
-0.250656
-0.104604
0.0695432
0.163114
0.199882
0.0173217
-0.0958093
-0.131732
-0.161309
0.0287704
0.0882528
100.01
99.971
99.9882
100.068
100.018
99.8943
99.9687
100.143
100.055
99.8229
99.9066
100.205
100.148
99.7799
99.7798
100.215
100.309
99.8217
99.5918
100.099
100.506
100.036
99.4176
99.7664
100.607
100.493
99.4611
99.2002
100.331
101.115
100.069
98.627
99.2801
101.469
101.704
98.7712
96.7646
100.219
106.201
103.831
84.0702
49.9821
16.028
-3.68136
-6.3824
-0.643089
3.2537
1.86468
-1.30445
-2.04909
-0.155398
1.52118
1.06537
-0.572206
-1.27775
-0.384009
0.825405
0.937947
-0.0350499
-0.848451
-0.634063
0.260412
0.77604
0.407452
-0.358657
-0.678258
-0.261567
0.382134
0.585838
0.185323
-0.36429
-0.510035
-0.15999
0.318017
0.455695
0.163975
-0.246767
-0.413983
-0.190779
0.167118
0.356414
0.239773
-0.0843053
-0.28518
-0.264187
-0.0325736
0.220992
0.244667
0.132323
-0.0969962
-0.239383
-0.153136
-0.0444049
0.146975
0.205511
0.0731731
0.0121762
-0.149332
-0.16715
-0.0193022
100.012
100.002
99.9517
100.006
100.086
99.9921
99.8755
100.001
100.165
100.018
99.7958
99.9473
100.24
100.107
99.7349
99.8168
100.271
100.281
99.7547
99.6058
100.174
100.512
99.9582
99.3877
99.8386
100.662
100.437
99.3825
99.2285
100.424
101.124
99.977
98.5774
99.353
101.554
101.67
98.6668
96.7464
100.316
106.272
103.771
83.9642
49.9807
16.1365
-3.61542
-6.44987
-0.754726
3.25112
1.97446
-1.226
-2.10659
-0.274875
1.49335
1.16434
-0.468457
-1.30052
-0.503095
0.751171
1.00073
0.0877618
-0.8069
-0.723402
0.143458
0.762524
0.512194
-0.251238
-0.684332
-0.373363
0.282307
0.603233
0.297573
-0.267531
-0.528818
-0.271039
0.22371
0.462338
0.272846
-0.150977
-0.405872
-0.280513
0.0554388
0.337664
0.299986
0.0279579
-0.227791
-0.315162
-0.112714
0.126133
0.250596
0.216146
-0.0307728
-0.169632
-0.205677
-0.130105
0.105879
0.149723
0.151808
0.08647
-0.13304
-0.108682
99.9973
100.028
99.9837
99.9396
100.032
100.095
99.9588
99.8664
100.041
100.176
99.972
99.7786
99.9971
100.266
100.056
99.6976
99.8655
100.322
100.24
99.6903
99.6329
100.25
100.505
99.876
99.3682
99.9184
100.711
100.372
99.3072
99.2668
100.518
101.124
99.88
98.5332
99.4324
101.637
101.63
98.5604
96.7319
100.416
106.344
103.708
83.8562
49.9791
16.2474
-3.54683
-6.51645
-0.870022
3.24414
2.08447
-1.1412
-2.15863
-0.39796
1.45633
1.25863
-0.356382
-1.31209
-0.620426
0.663993
1.05127
0.213477
-0.748837
-0.800184
0.0184368
0.729514
0.605279
-0.132232
-0.666867
-0.475934
0.16973
0.592944
0.400724
-0.154954
-0.520753
-0.366056
0.108383
0.443388
0.362003
-0.0423132
-0.360141
-0.357487
-0.0530633
0.279642
0.331433
0.147815
-0.160621
-0.312964
-0.190145
0.011221
0.241019
0.243595
0.0623299
-0.0795294
-0.242218
-0.15962
0.013005
0.0812021
0.217669
0.100656
-0.0464513
99.9873
100.015
100.036
99.9593
99.9378
100.063
100.093
99.9211
99.8692
100.086
100.175
99.921
99.7738
100.054
100.28
99.9962
99.6707
99.9247
100.364
100.186
99.6311
99.6732
100.324
100.486
99.7912
99.3604
100.004
100.75
100.297
99.2363
99.3151
100.612
101.115
99.7792
98.4948
99.5181
101.719
101.585
98.452
96.7213
100.52
106.415
103.641
83.7463
49.9771
16.3608
-3.47561
-6.58195
-0.988969
3.23255
2.19445
-1.05012
-2.2046
-0.524264
1.41008
1.34718
-0.23652
-1.31196
-0.734383
0.564377
1.08843
0.339734
-0.674416
-0.862474
-0.11179
0.677254
0.682892
-0.00390124
-0.627122
-0.563298
0.0472527
0.554684
0.490832
-0.0350384
-0.480666
-0.443832
-0.0178878
0.39924
0.419877
0.080171
-0.290258
-0.405852
-0.151076
0.180364
0.345404
0.243782
-0.0761671
-0.259649
-0.268408
-0.083518
0.189443
0.225871
0.175291
-0.0116771
-0.218348
-0.156055
-0.115038
0.04392
0.210631
0.0898221
99.995
99.9821
100.037
100.033
99.9328
99.9478
100.095
100.079
99.8831
99.8853
100.131
100.161
99.8682
99.783
100.114
100.28
99.9306
99.6566
99.9923
100.396
100.122
99.5797
99.7262
100.395
100.453
99.7057
99.365
100.095
100.78
100.214
99.1713
99.3734
100.705
101.097
99.6749
98.4628
99.6099
101.798
101.533
98.3419
96.7149
100.627
106.486
103.572
83.6346
49.9747
16.4768
-3.40176
-6.64622
-1.11151
3.21611
2.30419
-0.952987
-2.24383
-0.653457
1.3547
1.42884
-0.109558
-1.29958
-0.843559
0.453429
1.11079
0.464442
-0.584373
-0.908676
-0.243445
0.605341
0.743146
0.129251
-0.565815
-0.630073
-0.0830704
0.492734
0.559484
0.0882914
-0.408959
-0.50341
-0.139812
0.323205
0.448287
0.205697
-0.207123
-0.407397
-0.245935
0.061947
0.336378
0.294589
0.0388689
-0.186715
-0.319848
-0.144152
0.0792677
0.201145
0.259009
0.0331682
-0.116321
-0.163989
-0.211148
0.0263651
0.109835
100.009
99.9749
99.9885
100.058
100.018
99.9087
99.9698
100.123
100.052
99.8491
99.9147
100.172
100.132
99.8177
99.8071
100.174
100.265
99.8623
99.657
100.066
100.415
100.049
99.5383
99.791
100.459
100.406
99.6218
99.3827
100.19
100.799
100.124
99.1133
99.4414
100.796
101.069
99.568
98.4378
99.7077
101.874
101.475
98.2302
96.7129
100.737
106.557
103.499
83.5213
49.9716
16.5954
-3.32531
-6.70908
-1.23755
3.19455
2.41351
-0.850131
-2.27553
-0.785295
1.29054
1.50235
0.0238835
-1.27469
-0.946495
0.332618
1.11677
0.586102
-0.480783
-0.936435
-0.373482
0.514414
0.785081
0.260639
-0.48161
-0.67525
-0.215046
0.410514
0.598397
0.214988
-0.315727
-0.535414
-0.249906
0.213988
0.455775
0.310154
-0.105582
-0.364211
-0.337168
-0.044769
0.280771
0.311782
0.169375
-0.120559
-0.304636
-0.195309
-0.0579307
0.184566
0.262163
0.0939981
0.017048
-0.188097
-0.213948
-0.0259686
100.01
100.001
99.9578
100.006
100.075
99.9921
99.8917
100.002
100.143
100.014
99.8234
99.9562
100.206
100.09
99.7733
99.8458
100.23
100.235
99.7946
99.6729
100.143
100.419
99.9688
99.5093
99.8663
100.515
100.347
99.5414
99.4139
100.286
100.806
100.027
99.0634
99.5187
100.884
101.031
99.4592
98.4202
99.8114
101.946
101.411
98.1171
96.7158
100.851
106.628
103.422
83.4064
49.9678
16.7169
-3.24626
-6.77041
-1.36698
3.16755
2.52231
-0.741924
-2.29896
-0.919514
1.21802
1.56642
0.163229
-1.23739
-1.04141
0.203123
1.10551
0.702929
-0.366167
-0.943031
-0.500331
0.407894
0.805772
0.385682
-0.374787
-0.700147
-0.338101
0.306069
0.607953
0.339054
-0.211121
-0.527266
-0.352553
0.0878356
0.43877
0.377491
0.0231717
-0.300578
-0.399145
-0.133109
0.170055
0.321825
0.268025
-0.0489594
-0.220453
-0.260751
-0.157686
0.142074
0.191772
0.191605
0.102909
-0.174588
-0.137894
99.9982
100.024
99.9838
99.9483
100.031
100.081
99.9591
99.8855
100.042
100.151
99.9675
99.8095
100.007
100.229
100.037
99.7389
99.8977
100.278
100.19
99.7314
99.7049
100.219
100.407
99.8843
99.4943
99.9502
100.561
100.276
99.4667
99.4587
100.382
100.801
99.925
99.023
99.605
100.968
100.984
99.3493
98.4104
99.9205
102.015
101.341
98.0027
96.7239
100.967
106.699
103.341
83.2903
49.9632
16.8412
-3.16453
-6.83016
-1.49955
3.13468
2.63055
-0.628824
-2.31334
-1.05573
1.13739
1.62009
0.307468
-1.18758
-1.12667
0.0660465
1.07701
0.811918
-0.24169
-0.92773
-0.621291
0.289716
0.800982
0.503584
-0.251563
-0.701378
-0.445548
0.178422
0.594819
0.444566
-0.0932826
-0.479871
-0.447517
-0.0327407
0.3794
0.417139
0.164419
-0.232014
-0.401029
-0.224632
0.036973
0.321627
0.300194
0.06109
-0.117766
-0.314516
-0.188733
0.0306934
0.115053
0.279975
0.113177
-0.0684279
99.989
100.015
100.029
99.9607
99.9497
100.061
100.076
99.9228
99.8928
100.086
100.145
99.9167
99.8103
100.065
100.237
99.9747
99.718
99.9608
100.315
100.131
99.6761
99.7524
100.292
100.379
99.7984
99.4948
100.041
100.593
100.194
99.4
99.5168
100.476
100.782
99.8189
98.993
99.6996
101.047
100.925
99.2392
98.4089
100.035
102.078
101.264
97.8873
96.7375
101.086
106.77
103.256
83.173
49.9576
16.9684
-3.08003
-6.88835
-1.63486
3.09532
2.73838
-0.511583
-2.31769
-1.19363
1.04899
1.66262
0.454922
-1.12445
-1.20168
-0.0761445
1.03069
0.910255
-0.108111
-0.892248
-0.730275
0.160377
0.770701
0.611556
-0.120184
-0.671173
-0.539545
0.0381779
0.557967
0.519114
0.0438898
-0.410475
-0.514563
-0.143939
0.272301
0.445948
0.279097
-0.141631
-0.346634
-0.327104
-0.0691455
0.269619
0.285567
0.203201
-0.0479673
-0.292274
-0.189454
-0.129756
0.0841377
0.274296
0.104556
99.9944
99.9868
100.035
100.023
99.9368
99.9637
100.089
100.057
99.8881
99.9145
100.128
100.124
99.8663
99.8274
100.124
100.229
99.9082
99.7131
100.032
100.338
100.061
99.6324
99.8143
100.357
100.335
99.7143
99.5117
100.135
100.612
100.102
99.3433
99.5876
100.566
100.75
99.7104
98.9743
99.8017
101.119
100.857
99.1298
98.4159
100.154
102.136
101.182
97.7709
96.757
101.206
106.841
103.167
83.0547
49.951
17.0985
-2.99265
-6.94509
-1.77243
3.04885
2.84609
-0.391186
-2.3109
-1.33316
0.953682
1.69299
0.604138
-1.04756
-1.26641
-0.219711
0.964605
0.997628
0.0309333
-0.837097
-0.821717
0.0189529
0.720717
0.699954
0.0180567
-0.609163
-0.621453
-0.0972909
0.485485
0.568536
0.18892
-0.330372
-0.530023
-0.261257
0.145774
0.453687
0.343625
-0.0068799
-0.278512
-0.401062
-0.137745
0.141716
0.275993
0.309057
-0.00186339
-0.171363
-0.21922
-0.245714
0.0715878
0.149565
100.007
99.9768
99.9961
100.053
100.004
99.9175
99.9895
100.112
100.025
99.8602
99.95
100.163
100.088
99.8213
99.8609
100.18
100.203
99.8418
99.7259
100.107
100.344
99.9822
99.6031
99.8887
100.412
100.275
99.6353
99.5454
100.231
100.614
100.004
99.2984
99.6703
100.65
100.704
99.601
98.9679
99.9104
101.184
100.779
99.022
98.4317
100.279
102.188
101.095
97.6535
96.783
101.329
106.912
103.073
82.9355
49.9432
17.2314
-2.90211
-7.00061
-1.91182
2.99465
2.95393
-0.268331
-2.29217
-1.4742
0.852265
1.71011
0.754432
-0.957656
-1.3196
-0.362429
0.877982
1.07441
0.169783
-0.759382
-0.896012
-0.129854
0.653887
0.759925
0.167249
-0.52718
-0.679793
-0.223686
0.37367
0.605479
0.313305
-0.226424
-0.49999
-0.386078
0.035405
0.405658
0.381345
0.152194
-0.225113
-0.395095
-0.211414
-0.016545
0.283993
0.316615
0.0814878
-0.0219887
-0.275456
-0.244587
-0.00241754
100.01
99.9963
99.9641
100.015
100.063
99.9768
99.9079
100.024
100.123
99.9834
99.844
99.9966
100.187
100.038
99.7866
99.9095
100.227
100.16
99.7801
99.7571
100.181
100.331
99.8991
99.5909
99.9728
100.454
100.201
99.5647
99.5958
100.325
100.601
99.9001
99.2671
99.7638
100.726
100.644
99.4922
98.9745
100.025
101.241
100.69
98.9168
98.4565
100.407
102.234
101.002
97.5353
96.8158
101.454
106.983
102.974
82.8155
49.9344
17.3671
-2.80785
-7.05529
-2.05235
2.9318
3.06205
-0.143451
-2.26103
-1.61569
0.744324
1.71385
0.904151
-0.855105
-1.35911
-0.504217
0.773412
1.13673
0.306681
-0.658256
-0.95486
-0.275912
0.563669
0.794405
0.32158
-0.432935
-0.69857
-0.352559
0.241895
0.620251
0.403467
-0.0819427
-0.455697
-0.482566
-0.0636723
0.290589
0.427105
0.275447
-0.153622
-0.31343
-0.32109
-0.126802
0.247666
0.250204
0.228191
0.0616223
-0.27071
-0.168631
100.001
100.019
99.978
99.9609
100.041
100.062
99.9443
99.9114
100.064
100.12
99.9363
99.843
100.05
100.196
99.9796
99.7665
99.9703
100.262
100.102
99.728
99.8058
100.251
100.3
99.8156
99.5973
100.063
100.479
100.115
99.5055
99.6619
100.414
100.57
99.7939
99.2508
99.8664
100.792
100.572
99.386
98.9945
100.143
101.288
100.592
98.8153
98.4904
100.54
102.272
100.904
97.4164
96.8558
101.58
107.055
102.87
82.6947
49.9245
17.5051
-2.70926
-7.10962
-2.19282
2.85902
3.17089
-0.0176757
-2.21672
-1.75616
0.629145
1.70534
1.04913
-0.738045
-1.38522
-0.642479
0.653756
1.17805
0.444417
-0.541303
-0.991029
-0.414818
0.446117
0.811785
0.460246
-0.316055
-0.680751
-0.482624
0.114246
0.582857
0.478067
0.0817845
-0.406074
-0.509962
-0.187904
0.153419
0.460581
0.326036
-0.0133172
-0.222713
-0.413212
-0.166109
0.104657
0.196141
0.355706
0.0700876
-0.126503
99.9912
100.018
100.018
99.9569
99.9699
100.067
100.047
99.9124
99.9298
100.103
100.101
99.8892
99.8593
100.106
100.187
99.9162
99.7643
100.039
100.28
100.032
99.6899
99.8702
100.31
100.249
99.7362
99.6234
100.156
100.486
100.02
99.4607
99.7425
100.495
100.521
99.6878
99.2508
99.9764
100.847
100.487
99.284
99.0284
100.265
101.325
100.485
98.7186
98.5336
100.676
102.301
100.801
97.2969
96.9035
101.707
107.128
102.761
82.5732
49.9139
17.6449
-2.60602
-7.16422
-2.33213
2.77546
3.28115
0.10732
-2.1583
-1.89537
0.507737
1.68512
1.18582
-0.604781
-1.40128
-0.770345
0.517482
1.19854
0.581516
-0.417734
-0.993051
-0.553203
0.314885
0.807577
0.57057
-0.165932
-0.649608
-0.583836
-0.0130292
0.489366
0.556689
0.212645
-0.318231
-0.482354
-0.338227
0.054117
0.417715
0.341827
0.170045
-0.17815
-0.395696
-0.196597
-0.0933859
0.202418
0.344009
0.0880215
99.9927
99.9946
100.034
100.005
99.9389
99.991
100.088
100.019
99.887
99.9623
100.135
100.067
99.8482
99.8929
100.157
100.159
99.854
99.7819
100.111
100.279
99.9541
99.6696
99.9472
100.355
100.183
99.6655
99.669
100.247
100.473
99.9199
99.4326
99.8355
100.565
100.457
99.5846
99.2678
100.092
100.888
100.39
99.1881
99.0764
100.389
101.352
100.369
98.6276
98.586
100.815
102.322
100.693
97.1771
96.9594
101.835
107.2
102.646
82.4507
49.9031
17.7864
-2.49751
-7.21972
-2.47006
2.68089
3.39292
0.231504
-2.08578
-2.03333
0.381245
1.65205
1.31489
-0.457377
-1.40723
-0.884563
0.361892
1.20475
0.708418
-0.284118
-0.962759
-0.693592
0.186715
0.764642
0.667486
0.00149842
-0.611823
-0.632501
-0.166932
0.380835
0.617306
0.297071
-0.164315
-0.460522
-0.455487
-0.0174951
0.28206
0.393651
0.300626
-0.14156
-0.268907
-0.294821
-0.215616
0.207624
0.205706
100.003
99.9792
100.009
100.045
99.9825
99.9298
100.022
100.097
99.9813
99.8737
100.006
100.155
100.019
99.8191
99.942
100.199
100.113
99.799
99.8192
100.18
100.257
99.874
99.6697
100.033
100.383
100.102
99.6077
99.7329
100.332
100.44
99.8172
99.4233
99.9383
100.622
100.376
99.4872
99.3021
100.211
100.914
100.282
99.0999
99.1385
100.513
101.366
100.245
98.5434
98.6478
100.957
102.334
100.581
97.0568
97.0236
101.964
107.273
102.526
82.3265
49.8923
17.9289
-2.38221
-7.27669
-2.60609
2.57439
3.50511
0.356486
-2.00046
-2.16669
0.247264
1.60615
1.43605
-0.299197
-1.39615
-0.990023
0.192797
1.19325
0.818797
-0.130741
-0.913836
-0.817346
0.0533175
0.679646
0.764343
0.154858
-0.534608
-0.64759
-0.344289
0.28595
0.60756
0.384622
0.0227701
-0.453906
-0.482061
-0.140082
0.121554
0.464532
0.326933
-0.00904086
-0.136342
-0.422275
-0.217005
0.0802438
100.009
99.9891
99.9741
100.03
100.044
99.9545
99.9336
100.057
100.093
99.9386
99.8763
100.056
100.158
99.9624
99.8067
100.002
100.224
100.052
99.7569
99.8747
100.24
100.214
99.7973
99.6916
100.121
100.39
100.011
99.5668
99.8129
100.407
100.387
99.7165
99.4339
100.048
100.662
100.282
99.3983
99.3538
100.33
100.925
100.166
99.0213
99.2142
100.636
101.369
100.113
98.4667
98.7186
101.101
102.337
100.466
96.9364
97.096
102.093
107.347
102.401
82.2007
49.8818
18.0709
-2.25906
-7.33572
-2.73793
2.45443
3.61714
0.481465
-1.9034
-2.29008
0.102402
1.55191
1.54121
-0.129163
-1.36551
-1.08853
0.0236785
1.14826
0.920001
0.0314935
-0.8475
-0.901781
-0.10526
0.579568
0.832375
0.287408
-0.395516
-0.663347
-0.483992
0.173867
0.519084
0.502386
0.162222
-0.385165
-0.436429
-0.324511
0.0219062
0.431637
0.299259
0.216125
-0.0829961
-0.412455
-0.177322
100.004
100.011
99.9715
99.9806
100.051
100.031
99.9275
99.952
100.09
100.072
99.8975
99.8969
100.106
100.142
99.9039
99.8143
100.069
100.23
99.981
99.7329
99.9448
100.285
100.153
99.7298
99.7351
100.207
100.375
99.9139
99.5459
99.9059
100.467
100.315
99.6221
99.4653
100.161
100.684
100.176
99.321
99.4226
100.447
100.919
100.043
98.9543
99.3031
100.755
101.358
99.9754
98.399
98.7985
101.246
102.328
100.347
96.8168
97.1773
102.222
107.42
102.272
82.0737
49.8723
18.2122
-2.12876
-7.39763
-2.86425
2.32123
3.73036
0.603381
-1.79448
-2.40375
-0.0514552
1.49371
1.6235
0.0566861
-1.32598
-1.1705
-0.142652
1.06782
1.02218
0.174901
-0.746508
-0.958843
-0.278033
0.490293
0.833364
0.429503
-0.239979
-0.674229
-0.542832
0.00278334
0.428657
0.593416
0.224936
-0.210936
-0.414607
-0.456679
-0.0121312
0.253004
0.323848
0.364133
-0.0925699
-0.215515
99.9949
100.019
100.002
99.9565
99.9988
100.068
100.005
99.9079
99.984
100.115
100.036
99.8649
99.9346
100.148
100.106
99.8501
99.8429
100.134
100.214
99.9062
99.7305
100.025
100.311
100.076
99.677
99.7988
100.286
100.336
99.8168
99.5473
100.008
100.51
100.227
99.538
99.5173
100.274
100.686
100.061
99.2577
99.5078
100.56
100.895
99.9132
98.9004
99.405
100.871
101.333
99.8321
98.3409
98.8882
101.391
102.309
100.223
96.6985
97.268
102.351
107.491
102.136
81.9445
49.8649
18.3538
-1.99123
-7.46256
-2.98788
2.17673
3.84426
0.724554
-1.67395
-2.51163
-0.21065
1.42696
1.69015
0.256023
-1.28206
-1.22914
-0.32069
0.971854
1.11516
0.30161
-0.602689
-1.02078
-0.428891
0.386512
0.786291
0.601418
-0.122988
-0.628973
-0.578538
-0.209237
0.392636
0.588509
0.305042
-0.00298022
-0.461936
-0.456778
-0.102871
0.0584825
0.437359
0.341854
-0.0188134
99.9916
100.005
100.029
99.9831
99.9502
100.026
100.073
99.9708
99.9014
100.025
100.126
99.9881
99.8468
99.986
100.177
100.054
99.808
99.8911
100.191
100.176
99.8343
99.7514
100.108
100.315
99.9883
99.6436
99.8793
100.351
100.277
99.7247
99.572
100.115
100.531
100.125
99.4678
99.5889
100.382
100.668
99.9387
99.2104
99.608
100.665
100.854
99.7797
98.8606
99.5186
100.982
101.294
99.6843
98.2925
98.9872
101.536
102.28
100.096
96.5807
97.3674
102.483
107.563
101.996
81.8108
49.8594
18.4949
-1.84334
-7.52946
-3.11042
2.02075
3.95295
0.852106
-1.54483
-2.60692
-0.378703
1.34438
1.7483
0.456799
-1.21328
-1.2738
-0.509984
0.865458
1.17079
0.446491
-0.439207
-1.06828
-0.54779
0.220224
0.741098
0.750939
-0.0111565
-0.493333
-0.659181
-0.382542
0.324147
0.491703
0.479118
0.141596
-0.442085
-0.379868
-0.336733
-0.0409881
0.462641
0.255563
99.9979
99.9858
100.022
100.027
99.96
99.9567
100.055
100.063
99.9339
99.9117
100.07
100.118
99.9357
99.848
100.045
100.186
99.9905
99.7838
99.955
100.233
100.118
99.7726
99.7953
100.187
100.294
99.8968
99.6332
99.972
100.397
100.198
99.6432
99.6197
100.221
100.53
100.014
99.4152
99.678
100.483
100.628
99.8137
99.1811
99.721
100.761
100.796
99.645
98.8364
99.6419
101.086
101.241
99.5344
98.2541
99.0946
101.68
102.241
99.9665
96.4642
97.4747
102.614
107.634
101.853
81.6739
49.8549
18.6319
-1.68419
-7.59813
-3.22626
1.85149
4.05304
0.984252
-1.41218
-2.67531
-0.561443
1.25542
1.78429
0.650394
-1.10643
-1.31676
-0.673631
0.724107
1.1879
0.606524
-0.292156
-1.03754
-0.664497
0.0251632
0.696804
0.796596
0.161564
-0.332888
-0.722323
-0.449395
0.124452
0.391454
0.618539
0.190706
-0.223319
-0.328647
-0.526489
-0.052299
0.219667
100.006
99.9834
99.9912
100.039
100.014
99.9395
99.9771
100.081
100.038
99.9019
99.9394
100.11
100.091
99.8861
99.8703
100.105
100.174
99.9222
99.782
100.029
100.255
100.045
99.7279
99.8598
100.256
100.249
99.8081
99.6481
100.071
100.421
100.104
99.5779
99.6892
100.321
100.505
99.8979
99.3836
99.7822
100.571
100.568
99.6896
99.1721
99.8448
100.843
100.72
99.5115
98.83
99.7736
101.181
101.173
99.3846
98.2276
99.2109
101.819
102.19
99.8345
96.3518
97.5905
102.743
107.703
101.706
81.5376
49.8524
18.7662
-1.51904
-7.67038
-3.33316
1.67131
4.15156
1.11175
-1.27667
-2.72235
-0.755246
1.17701
1.78541
0.848133
-0.990087
-1.35352
-0.794146
0.537973
1.21227
0.729164
-0.156898
-0.937385
-0.809128
-0.101714
0.605067
0.77735
0.374736
-0.261838
-0.668942
-0.477226
-0.117324
0.392505
0.571786
0.23065
0.0355222
-0.389952
-0.458286
-0.0692545
100.007
99.9992
99.9718
100.007
100.05
99.9894
99.9281
100.009
100.095
100
99.8822
99.982
100.138
100.047
99.8471
99.913
100.156
100.138
99.8573
99.8047
100.105
100.252
99.9619
99.7055
99.9407
100.307
100.181
99.7289
99.6888
100.171
100.42
99.9986
99.5331
99.7785
100.41
100.455
99.7807
99.3753
99.8992
100.643
100.486
99.5693
99.1845
99.9779
100.91
100.628
99.3806
98.8426
99.9134
101.265
101.089
99.2348
98.2137
99.338
101.954
102.128
99.6976
96.2443
97.717
102.874
107.768
101.551
81.3988
49.8539
18.9046
-1.34941
-7.74485
-3.443
1.4848
4.25031
1.24049
-1.13126
-2.76781
-0.951567
1.09371
1.76998
1.06343
-0.884021
-1.36354
-0.921418
0.334323
1.25467
0.804685
0.0270884
-0.852979
-0.956537
-0.179607
0.432132
0.825813
0.551188
-0.225775
-0.523232
-0.624528
-0.265802
0.413112
0.434752
0.435166
0.134017
-0.472209
-0.298774
100
100.015
99.9839
99.9694
100.03
100.048
99.9594
99.9312
100.046
100.093
99.9551
99.8801
100.034
100.148
99.9901
99.8257
99.9716
100.193
100.082
99.8039
99.8508
100.176
100.223
99.8775
99.7086
100.032
100.336
100.096
99.6655
99.7533
100.264
100.392
99.8886
99.5117
99.8832
100.483
100.382
99.6674
99.3907
100.025
100.698
100.387
99.4558
99.2179
100.117
100.96
100.52
99.2536
98.8734
100.059
101.341
100.989
99.0856
98.21
99.4754
102.086
102.055
99.5553
96.138
97.8526
103.009
107.833
101.39
81.251
49.8568
19.0445
-1.1666
-7.81529
-3.56125
1.29097
4.33054
1.38708
-0.976006
-2.79821
-1.14844
0.972068
1.75631
1.26761
-0.7451
-1.33608
-1.08143
0.140731
1.22955
0.884861
0.267363
-0.78546
-1.01414
-0.336395
0.211043
0.901747
0.634751
-0.0293749
-0.370015
-0.813674
-0.330132
0.199577
0.34933
0.708758
0.154193
-0.250752
99.9935
100.014
100.013
99.9661
99.9794
100.052
100.032
99.931
99.9507
100.082
100.072
99.9115
99.8984
100.086
100.136
99.9291
99.8269
100.039
100.207
100.012
99.7696
99.9165
100.232
100.17
99.8001
99.7383
100.124
100.339
99.9993
99.6238
99.8376
100.344
100.339
99.7809
99.5162
99.9976
100.536
100.29
99.5641
99.43
100.154
100.731
100.273
99.3538
99.2714
100.259
100.992
100.4
99.1343
98.9218
100.207
101.405
100.877
98.9416
98.2156
99.6193
102.212
101.975
99.4123
96.0333
97.9935
103.142
107.902
101.23
81.1002
49.8572
19.1747
-0.969734
-7.88217
-3.66871
1.08744
4.3837
1.54317
-0.830092
-2.7782
-1.35042
0.835575
1.7255
1.41553
-0.543571
-1.30448
-1.19272
-0.0432855
1.09742
0.989429
0.437845
-0.644605
-0.95939
-0.555412
0.0662138
0.811173
0.63899
0.269373
-0.289293
-0.748286
-0.366643
-0.163206
0.330785
0.643977
0.189166
99.9938
99.9982
100.026
99.9988
99.9532
100.001
100.067
100.004
99.9122
99.9848
100.107
100.035
99.8778
99.9364
100.131
100.102
99.8729
99.8526
100.107
100.196
99.9361
99.7603
99.9956
100.267
100.097
99.7384
99.794
100.21
100.313
99.8985
99.6091
99.9371
100.403
100.262
99.6826
99.5485
100.116
100.563
100.182
99.4768
99.4938
100.28
100.739
100.146
99.2687
99.3464
100.397
101.002
100.27
99.0278
98.9904
100.354
101.454
100.75
98.8075
98.2346
99.7701
102.325
101.886
99.27
95.9387
98.1421
103.267
107.966
101.063
80.9592
49.8589
19.3018
-0.775126
-7.9555
-3.75879
0.878431
4.43992
1.68579
-0.699084
-2.72858
-1.5644
0.740703
1.65918
1.54297
-0.336266
-1.31196
-1.20841
-0.252527
0.986297
1.08626
0.482327
-0.420758
-0.959011
-0.689016
0.0407429
0.583917
0.723515
0.392219
-0.301798
-0.493337
-0.496968
-0.255323
0.389381
0.322014
100.001
99.9851
100.012
100.031
99.9772
99.9516
100.03
100.068
99.9671
99.9093
100.028
100.115
99.9852
99.8616
99.9898
100.158
100.048
99.8304
99.9015
100.165
100.159
99.8624
99.7788
100.08
100.274
100.009
99.6988
99.8722
100.282
100.26
99.8006
99.6236
100.046
100.438
100.165
99.599
99.6087
100.234
100.563
100.059
99.409
99.5821
100.402
100.721
100.009
99.2022
99.4438
100.532
100.988
100.128
98.9345
99.0816
100.501
101.486
100.606
98.6808
98.2703
99.9334
102.427
101.781
99.1204
95.8559
98.3052
103.396
108.02
100.883
80.8178
49.8667
19.447
-0.584655
-8.03076
-3.86644
0.666153
4.51032
1.82865
-0.54562
-2.70287
-1.785
0.647067
1.574
1.7274
-0.162209
-1.30215
-1.23623
-0.523022
0.96181
1.13055
0.591613
-0.17981
-1.08765
-0.730011
-0.101059
0.42278
0.964294
0.37847
-0.163038
-0.40758
-0.814001
-0.153591
0.280371
100.006
99.988
99.9862
100.03
100.023
99.9542
99.9644
100.06
100.052
99.9305
99.9255
100.073
100.102
99.9321
99.8676
100.05
100.164
99.9822
99.8089
99.9679
100.206
100.098
99.8002
99.824
100.162
100.254
99.9158
99.6858
99.9662
100.333
100.182
99.7133
99.6665
100.157
100.446
100.052
99.5347
99.693
100.345
100.536
99.9281
99.3623
99.6903
100.516
100.679
99.8647
99.1536
99.5597
100.662
100.953
99.9765
98.8518
99.1911
100.65
101.508
100.446
98.5576
98.3154
100.109
102.526
101.666
98.9613
95.7713
98.4793
103.537
108.076
100.695
80.6552
49.8728
19.5992
-0.372688
-8.08619
-4.00233
0.447106
4.53865
2.00092
-0.356948
-2.66786
-1.97839
0.461623
1.48719
1.90245
0.0360197
-1.16947
-1.33459
-0.779175
0.844258
1.07979
0.857363
0.0307116
-1.05996
-0.757385
-0.479397
0.320997
1.00454
0.460777
0.292431
-0.423337
-0.905747
-0.25974
100.005
100.003
99.9756
99.9985
100.043
100.003
99.9378
99.9909
100.08
100.021
99.9031
99.9596
100.109
100.068
99.8855
99.8968
100.108
100.144
99.9143
99.8132
100.043
100.223
100.023
99.7589
99.8915
100.229
100.206
99.8268
99.702
100.067
100.358
100.087
99.6452
99.7349
100.261
100.425
99.9335
99.4953
99.7957
100.442
100.483
99.7975
99.3403
99.8117
100.614
100.614
99.7225
99.1258
99.6874
100.78
100.901
99.8241
98.7842
99.3118
100.791
101.518
100.28
98.4459
98.3634
100.287
102.616
101.552
98.8058
95.6835
98.6528
103.669
108.147
100.515
80.4901
49.869
19.723
-0.138919
-8.12976
-4.10945
0.226618
4.50519
2.18036
-0.204179
-2.54909
-2.13406
0.247242
1.40512
1.92648
0.289079
-1.00365
-1.37638
-0.881804
0.550112
1.01276
0.999938
0.150851
-0.736451
-0.799817
-0.680523
0.209358
0.632622
0.593868
0.533646
-0.326657
-0.442017
99.9991
100.014
99.9901
99.9705
100.019
100.046
99.9752
99.9351
100.026
100.086
99.9794
99.8928
100.007
100.128
100.018
99.8554
99.9466
100.152
100.1
99.8549
99.8455
100.116
100.21
99.9399
99.7459
99.9752
100.272
100.134
99.7528
99.7489
100.164
100.35
99.9812
99.6049
99.8263
100.348
100.373
99.8166
99.4875
99.9129
100.515
100.404
99.6747
99.3493
99.9432
100.689
100.525
99.5889
99.1265
99.8264
100.877
100.826
99.6751
98.7427
99.4466
100.917
101.506
100.108
98.3575
98.4252
100.464
102.68
101.434
98.6585
95.6177
98.8298
103.779
108.21
100.326
80.3585
49.8677
19.8405
0.0754569
-8.19958
-4.17437
0.00834279
4.50316
2.33245
-0.111621
-2.39914
-2.32279
0.140787
1.32634
1.89927
0.550318
-1.00098
-1.30673
-0.944921
0.300904
1.10787
0.896745
0.262404
-0.5226
-0.955393
-0.495979
0.0767152
0.430453
0.774487
0.226071
-0.202728
99.994
100.011
100.013
99.9734
99.9776
100.041
100.034
99.9467
99.9497
100.062
100.071
99.9357
99.9045
100.059
100.123
99.9586
99.8486
100.01
100.175
100.036
99.8135
99.9034
100.178
100.167
99.8597
99.7643
100.067
100.287
100.042
99.7008
99.8243
100.251
100.31
99.8713
99.5958
99.937
100.412
100.29
99.7057
99.513
100.043
100.563
100.297
99.5613
99.3912
100.086
100.738
100.408
99.4622
99.1576
99.9814
100.953
100.722
99.5226
98.7282
99.6044
101.035
101.466
99.9195
98.2851
98.514
100.654
102.722
101.291
98.4997
95.5795
99.0288
103.901
108.244
100.109
80.2278
49.88
20.0103
0.272411
-8.27712
-4.28791
-0.226903
4.5597
2.48572
0.047868
-2.31515
-2.56767
0.0457943
1.19476
2.03536
0.801659
-1.01353
-1.23938
-1.23964
0.17836
1.21303
0.879429
0.626709
-0.583041
-1.11944
-0.487124
-0.300984
0.678112
0.985336
0.177925
99.995
99.9973
100.022
100.001
99.9602
99.9971
100.057
100.008
99.9262
99.9805
100.089
100.037
99.8999
99.9376
100.105
100.095
99.9012
99.8677
100.078
100.171
99.9612
99.7966
99.9789
100.22
100.099
99.7919
99.8118
100.157
100.271
99.9405
99.6754
99.9202
100.32
100.241
99.7658
99.6167
100.058
100.453
100.185
99.6062
99.5669
100.177
100.585
100.172
99.4594
99.4587
100.233
100.768
100.272
99.3417
99.2098
100.148
101.016
100.599
99.364
98.7281
99.7786
101.155
101.413
99.7128
98.2126
98.6132
100.864
102.768
101.133
98.3211
95.5292
99.2453
104.054
108.285
99.8865
80.0405
49.886
20.1934
0.514481
-8.29514
-4.46544
-0.477512
4.52319
2.66776
0.314587
-2.22322
-2.71688
-0.220821
0.984777
2.17724
1.01825
-0.72264
-1.19629
-1.55956
-0.0144617
0.93065
1.04008
1.04542
-0.454798
-0.848432
-0.840842
-0.785689
0.624845
0.699467
100.001
99.9871
100.01
100.027
99.9817
99.9576
100.024
100.06
99.9743
99.9214
100.021
100.099
99.9913
99.8815
99.9866
100.134
100.046
99.8576
99.9107
100.137
100.14
99.8891
99.8086
100.06
100.234
100.017
99.7478
99.8827
100.231
100.226
99.8433
99.6811
100.025
100.363
100.151
99.6777
99.6663
100.176
100.464
100.069
99.5293
99.6442
100.303
100.581
100.039
99.3797
99.5454
100.372
100.774
100.13
99.24
99.2769
100.31
101.059
100.474
99.2157
98.7417
99.9468
101.264
101.359
99.5133
98.1509
98.6983
101.07
102.811
100.995
98.1518
95.4583
99.4482
104.187
108.368
99.6904
79.8505
49.8702
20.2962
0.794747
-8.28944
-4.56796
-0.695833
4.35712
2.84159
0.474835
-2.01556
-2.71535
-0.516793
0.854623
2.02512
1.16321
-0.361181
-1.14826
-1.44015
-0.287048
0.532537
1.07923
0.919027
-0.061334
-0.395579
-0.94916
-0.613116
0.116144
100.005
99.9898
99.9882
100.025
100.02
99.961
99.9697
100.051
100.045
99.941
99.9367
100.062
100.086
99.9425
99.8877
100.043
100.139
99.9852
99.8383
99.9726
100.174
100.083
99.8318
99.8515
100.136
100.214
99.93
99.7367
99.9708
100.278
100.153
99.7624
99.7224
100.129
100.368
100.045
99.6188
99.7463
100.279
100.437
99.9461
99.4871
99.7467
100.408
100.54
99.9042
99.3359
99.6558
100.49
100.743
99.9839
99.1725
99.3706
100.458
101.063
100.339
99.0939
98.7913
100.107
101.34
101.279
99.3334
98.1283
98.7926
101.254
102.805
100.87
98.0066
95.4341
99.6387
104.268
108.434
99.4837
79.748
49.864
20.386
1.022
-8.37087
-4.58001
-0.89605
4.29519
2.99863
0.469678
-1.79177
-2.8333
-0.619323
0.87573
1.80888
1.39005
-0.381888
-1.15071
-1.20682
-0.55614
0.686357
1.01957
0.612958
0.215282
-0.667203
-0.804392
-0.150182
100.005
100.002
99.9795
100
100.036
100
99.9479
99.9958
100.068
100.013
99.9179
99.9713
100.093
100.051
99.9009
99.9195
100.095
100.115
99.9213
99.8484
100.045
100.184
100.008
99.7982
99.9214
100.195
100.16
99.8466
99.7613
100.069
100.293
100.055
99.7039
99.7983
100.226
100.336
99.9269
99.5923
99.8558
100.366
100.371
99.8179
99.4808
99.8766
100.493
100.459
99.7631
99.3279
99.7966
100.593
100.671
99.8225
99.1354
99.5022
100.605
101.028
100.174
98.9853
98.8866
100.289
101.393
101.15
99.1415
98.1362
98.9387
101.445
102.759
100.696
97.8462
95.4739
99.8644
104.379
108.424
99.2197
79.6454
49.8872
20.6072
1.212
-8.47223
-4.70514
-1.17413
4.38059
3.17195
0.63918
-1.65212
-3.15572
-0.716791
0.718162
1.89776
1.80006
-0.442333
-1.03429
-1.51165
-0.927762
0.936945
0.944369
1.08535
0.499552
-1.13459
-0.762735
99.9999
100.011
99.9894
99.9769
100.02
100.036
99.9735
99.9486
100.03
100.069
99.9727
99.9123
100.018
100.107
100
99.8762
99.9713
100.134
100.067
99.8665
99.8859
100.115
100.164
99.9261
99.7925
100.007
100.232
100.082
99.7772
99.816
100.165
100.276
99.9459
99.671
99.8978
100.309
100.273
99.807
99.5944
99.9826
100.435
100.277
99.6911
99.5014
100.022
100.563
100.353
99.6192
99.3423
99.9555
100.691
100.576
99.6494
99.11
99.6546
100.762
100.977
99.9899
98.8667
98.9985
100.493
101.455
101.005
98.9165
98.1338
99.1044
101.674
102.736
100.485
97.6462
95.475
100.13
104.566
108.429
98.9565
79.4044
49.8939
20.8488
1.49341
-8.41575
-4.95415
-1.48771
4.26685
3.31816
1.06078
-1.48175
-3.22411
-1.0342
0.252587
1.97984
1.98296
0.011046
-0.624114
-1.85987
-1.1616
0.366931
0.612024
1.68893
0.756793
-0.438788
99.9953
100.01
100.009
99.975
99.9858
100.039
100.022
99.9491
99.9655
100.061
100.051
99.9342
99.928
100.065
100.097
99.9459
99.876
100.032
100.149
100.005
99.8339
99.9443
100.168
100.118
99.8542
99.8172
100.093
100.238
99.9938
99.7353
99.8923
100.243
100.23
99.8434
99.6704
100.005
100.364
100.189
99.7047
99.6258
100.107
100.475
100.171
99.5859
99.5464
100.161
100.606
100.238
99.4958
99.3772
100.106
100.766
100.474
99.4955
99.0996
99.7988
100.899
100.921
99.827
98.7567
99.1042
100.67
101.522
100.883
98.7108
98.1242
99.2201
101.904
102.729
100.334
97.4573
95.4104
100.362
104.707
108.542
98.7591
79.1618
49.8597
20.8935
1.83736
-8.31818
-5.03896
-1.66139
3.90736
3.41987
1.21972
-1.23197
-2.91238
-1.33675
0.0761821
1.6685
1.73073
0.504314
-0.457894
-1.46663
-0.940887
-0.323939
0.442827
1.1755
0.482283
99.9953
99.9999
100.019
99.9964
99.9667
100.005
100.048
99.9969
99.9368
99.9964
100.078
100.016
99.9095
99.9642
100.099
100.063
99.9009
99.9044
100.088
100.132
99.9392
99.8337
100.015
100.19
100.049
99.8069
99.8736
100.164
100.206
99.9055
99.733
99.9843
100.286
100.154
99.7618
99.7112
100.111
100.376
100.085
99.6363
99.6956
100.218
100.467
100.052
99.5205
99.6285
100.281
100.599
100.111
99.4136
99.4529
100.241
100.789
100.351
99.381
99.1367
99.9424
100.982
100.829
99.6891
98.7045
99.2363
100.794
101.538
100.743
98.5774
98.164
99.3275
102.066
102.646
100.239
97.3205
95.4384
100.536
104.736
108.624
98.5415
79.1239
49.85
20.9176
2.06898
-8.45307
-4.95808
-1.7883
3.79417
3.61049
1.02248
-1.01608
-2.93329
-1.45076
0.386533
1.35081
1.83193
0.461732
-0.868875
-1.00674
-1.0493
-0.0950123
0.986143
0.521307
99.9993
99.9908
100.012
100.018
99.9786
99.971
100.029
100.042
99.966
99.943
100.034
100.074
99.9714
99.9068
100.015
100.111
100.008
99.8751
99.9582
100.13
100.084
99.8802
99.868
100.09
100.177
99.9648
99.7906
99.9573
100.213
100.136
99.8244
99.7718
100.087
100.292
100.048
99.7045
99.7938
100.213
100.343
99.9602
99.6011
99.8065
100.319
100.412
99.9119
99.4912
99.7551
100.395
100.542
99.956
99.3629
99.5815
100.382
100.765
100.18
99.2816
99.2328
100.121
101.03
100.674
99.5268
98.7046
99.434
100.932
101.49
100.529
98.4516
98.2661
99.5331
102.201
102.492
100.045
97.1802
95.6036
100.766
104.832
108.528
98.2162
79.0827
49.8935
21.2404
2.23604
-8.6255
-5.10349
-2.16484
3.97027
3.85672
1.20959
-0.770355
-3.44513
-1.61972
0.214095
1.33382
2.59564
0.45663
-0.752979
-1.23203
-2.02525
0.125389
0.962114
100.004
99.9897
99.9958
100.024
100.006
99.9629
99.9889
100.05
100.019
99.9394
99.9678
100.069
100.05
99.928
99.9271
100.068
100.099
99.9468
99.8736
100.026
100.149
100.016
99.8384
99.9282
100.155
100.135
99.8798
99.8041
100.053
100.238
100.044
99.7588
99.8402
100.188
100.267
99.929
99.6703
99.9014
100.307
100.281
99.8269
99.5898
99.9399
100.412
100.329
99.7622
99.4807
99.9053
100.508
100.462
99.7827
99.3194
99.7351
100.537
100.729
99.9823
99.1696
99.3437
100.332
101.094
100.495
99.3278
98.685
99.6635
101.121
101.456
100.282
98.246
98.3579
99.7856
102.421
102.387
99.7477
96.9723
95.6739
101.105
105.084
108.457
97.9061
78.7354
49.901
21.5918
2.56903
-8.42428
-5.4593
-2.61102
3.76322
3.86714
1.88101
-0.427988
-3.39699
-1.85387
-0.699443
1.20524
2.68377
0.899198
0.382848
-1.33587
-2.22717
-0.497738
100.005
99.9974
99.9834
100.009
100.029
99.9863
99.9576
100.015
100.057
99.9874
99.9277
100.004
100.087
100.011
99.9001
99.966
100.107
100.065
99.8952
99.8982
100.089
100.141
99.9457
99.8253
100
100.193
100.072
99.8147
99.8454
100.139
100.23
99.95
99.7244
99.9236
100.264
100.217
99.8235
99.6677
100.011
100.37
100.202
99.7151
99.6055
100.066
100.475
100.237
99.6373
99.4918
100.044
100.592
100.379
99.6344
99.2939
99.8732
100.664
100.696
99.8108
99.0791
99.4301
100.513
101.154
100.356
99.1619
98.6379
99.8511
101.274
101.483
100.09
98.0528
98.391
99.9294
102.683
102.337
99.5843
96.7501
95.5829
101.384
105.239
108.641
97.7254
78.3889
49.8399
21.5116
2.99573
-8.15821
-5.50846
-2.64972
3.14239
3.76778
2.01523
-0.266195
-2.60459
-1.95048
-0.895197
0.911328
1.68282
1.17639
0.645532
-0.907018
-0.885366
100.002
100.007
99.9867
99.9865
100.024
100.021
99.9663
99.9682
100.041
100.045
99.9556
99.9383
100.043
100.081
99.9661
99.8991
100.016
100.119
100.013
99.869
99.948
100.131
100.1
99.8871
99.8505
100.071
100.192
99.9962
99.7869
99.915
100.197
100.182
99.8675
99.7377
100.016
100.295
100.136
99.7493
99.7134
100.113
100.379
100.102
99.647
99.6688
100.175
100.478
100.127
99.5625
99.5545
100.164
100.611
100.27
99.536
99.3331
100.003
100.721
100.614
99.6791
99.0706
99.5359
100.632
101.125
100.232
99.0752
98.6737
100.004
101.312
101.46
99.9252
98.0238
98.4482
100.023
102.79
102.194
99.5798
96.6182
95.6643
101.492
105.181
108.78
97.5049
78.4805
49.828
21.4013
3.22166
-8.42953
-5.29069
-2.59588
2.9935
4.09137
1.51523
-0.242418
-2.52928
-2.20592
-0.0663342
0.802954
1.62045
1.30571
-0.597567
-0.754542
99.9977
100.01
100
99.9787
100.001
100.033
100.001
99.955
99.9944
100.056
100.015
99.9336
99.9714
100.073
100.048
99.9256
99.9278
100.067
100.099
99.9511
99.8742
100.017
100.146
100.03
99.8486
99.9126
100.134
100.149
99.912
99.7997
100.01
100.224
100.093
99.7986
99.7995
100.119
100.281
100.02
99.7038
99.8105
100.214
100.334
99.9694
99.6149
99.7881
100.283
100.422
99.9768
99.5224
99.683
100.296
100.568
100.103
99.4567
99.449
100.174
100.731
100.447
99.5292
99.1316
99.7301
100.747
101.004
100.024
99.0032
98.8356
100.225
101.334
101.282
99.6813
98.0487
98.6396
100.275
102.771
101.938
99.3802
96.5504
96.0143
101.677
105.253
108.526
97.099
78.5677
49.901
21.914
3.34967
-8.76548
-5.46483
-3.18681
3.32462
4.54519
1.72811
0.267986
-3.3609
-2.669
-0.255589
0.436989
2.9718
1.76408
-0.486875
99.9958
100.005
100.012
99.9862
99.9796
100.021
100.03
99.9736
99.9577
100.028
100.056
99.974
99.9283
100.018
100.087
99.9983
99.8993
99.9775
100.108
100.055
99.894
99.9064
100.089
100.133
99.9476
99.8335
99.9955
100.182
100.078
99.8328
99.8418
100.113
100.225
99.9838
99.7454
99.8891
100.221
100.239
99.89
99.6767
99.9333
100.314
100.264
99.8211
99.5975
99.9337
100.396
100.344
99.8037
99.486
99.8383
100.449
100.514
99.9044
99.3582
99.584
100.385
100.756
100.252
99.3265
99.181
99.9677
100.923
100.897
99.7441
98.8665
98.9784
100.544
101.45
101.093
99.3538
97.903
98.8803
100.623
102.934
101.728
98.9325
96.3856
96.1703
102.144
105.604
108.306
96.7333
78.0264
49.9083
22.4704
3.74597
-8.29642
-5.95821
-3.90476
3.00952
4.22549
2.72962
1.00728
-3.16377
-2.50061
-1.78069
-0.307251
2.89287
1.66585
99.9971
99.9963
100.015
100.005
99.973
99.9912
100.038
100.015
99.9514
99.9753
100.057
100.039
99.9384
99.943
100.061
100.079
99.9483
99.8972
100.032
100.125
99.9997
99.86
99.9561
100.141
100.098
99.8786
99.8468
100.074
100.199
100.001
99.7822
99.9013
100.193
100.2
99.8864
99.7236
99.9807
100.292
100.181
99.7831
99.6762
100.045
100.381
100.188
99.7022
99.6001
100.06
100.478
100.269
99.6643
99.4643
99.9665
100.571
100.469
99.7481
99.273
99.6865
100.551
100.794
100.113
99.1537
99.1967
100.126
101.101
100.846
99.5546
98.7123
99.013
100.801
101.566
101.088
99.074
97.7232
98.9529
100.802
103.274
101.622
98.7477
96.0926
95.9991
102.533
105.78
108.64
96.5875
77.4801
49.812
22.1518
4.27235
-7.7205
-5.95438
-3.63752
2.07387
3.6815
2.80734
0.797981
-1.76613
-1.94564
-1.93643
-0.103678
0.900311
100.001
99.991
100.004
100.019
99.9918
99.9697
100.01
100.042
99.9908
99.9456
100.004
100.067
100.006
99.9223
99.9769
100.085
100.046
99.914
99.9255
100.077
100.106
99.9459
99.8647
100.015
100.156
100.039
99.8427
99.8957
100.131
100.17
99.9293
99.7822
99.9769
100.228
100.137
99.8201
99.7564
100.066
100.303
100.098
99.7257
99.7295
100.136
100.38
100.094
99.6451
99.6602
100.157
100.482
100.172
99.5945
99.5131
100.073
100.6
100.382
99.6573
99.284
99.796
100.614
100.752
100.001
99.115
99.2701
100.214
101.139
100.738
99.5023
98.6782
99.1121
100.871
101.532
101.081
98.9331
97.8265
98.924
100.866
103.308
101.478
98.9207
95.9228
96.1252
102.487
105.592
108.926
96.3707
77.8118
49.7991
21.7755
4.48577
-8.2795
-5.56399
-3.19145
1.90418
4.36355
1.91873
0.246855
-1.61731
-2.70992
-0.425693
0.718324
100.003
99.9939
99.9927
100.015
100.012
99.9769
99.9813
100.03
100.027
99.9652
99.9613
100.036
100.052
99.9667
99.9321
100.024
100.084
99.9929
99.9034
99.9816
100.103
100.052
99.9012
99.9096
100.078
100.128
99.9615
99.8435
99.9791
100.163
100.094
99.8628
99.834
100.071
100.217
100.032
99.7799
99.8474
100.157
100.255
99.9766
99.7076
99.8475
100.225
100.31
99.957
99.632
99.7966
100.26
100.409
100.012
99.5592
99.6555
100.214
100.555
100.199
99.5634
99.401
99.9911
100.644
100.579
99.813
99.1497
99.4817
100.38
101.051
100.487
99.375
98.7886
99.415
100.956
101.399
100.762
98.8104
98.0603
99.1745
101.107
102.994
101.181
98.7398
96.0264
96.7259
102.524
105.624
108.397
95.8655
78.1593
49.9084
22.6287
4.56406
-8.96798
-5.76827
-4.21894
2.43264
5.33485
2.15584
1.38188
-2.8468
-4.03573
-0.636284
100.003
99.9994
99.9873
100.004
100.022
99.9945
99.9678
100.005
100.043
99.9986
99.9471
99.9936
100.062
100.019
99.931
99.9633
100.071
100.059
99.9348
99.9155
100.049
100.109
99.9799
99.8717
99.978
100.134
100.074
99.8811
99.8702
100.076
100.176
99.9945
99.8052
99.9134
100.171
100.181
99.9074
99.7531
99.9656
100.25
100.182
99.8347
99.7008
99.9944
100.323
100.217
99.7913
99.6201
99.9652
100.389
100.323
99.8105
99.5034
99.8267
100.405
100.524
99.9674
99.4142
99.5159
100.256
100.741
100.386
99.5407
99.0999
99.747
100.654
101.053
100.179
99.0707
98.8462
99.7423
101.304
101.336
100.358
98.4789
98.0226
99.6775
101.496
103.043
100.806
98.058
96.0246
96.9843
103.226
106.108
107.884
95.4353
77.2762
49.9145
23.5811
5.03062
-8.01193
-6.41198
-5.50984
2.00616
4.31278
3.50814
3.05752
-2.48744
-2.789
100.001
100.007
99.9899
99.9871
100.018
100.02
99.9745
99.9704
100.03
100.041
99.9679
99.945
100.029
100.07
99.9798
99.9142
100.004
100.099
100.021
99.8941
99.9456
100.102
100.093
99.917
99.8681
100.045
100.162
100.014
99.8267
99.9122
100.153
100.164
99.9086
99.7764
99.9905
100.24
100.135
99.8097
99.7481
100.066
100.314
100.114
99.7263
99.7056
100.112
100.395
100.14
99.6642
99.6114
100.094
100.491
100.265
99.6566
99.4492
99.9412
100.56
100.526
99.8069
99.2795
99.5566
100.456
100.847
100.308
99.318
98.9993
99.8811
100.863
101.191
99.9811
98.8586
98.7037
99.9017
101.64
101.397
100.319
98.0369
97.8726
99.8086
101.748
103.554
100.564
97.8383
95.5695
96.6726
103.864
106.309
108.508
95.337
76.3365
49.7783
22.8215
5.6663
-6.82593
-6.34506
-4.60396
0.743419
2.77883
3.5025
1.86927
-0.480545
99.9975
100.008
100.003
99.9824
99.9958
100.027
100.007
99.9634
99.9866
100.045
100.023
99.9489
99.9642
100.054
100.053
99.9489
99.9278
100.041
100.093
99.9791
99.8899
99.9901
100.12
100.051
99.8844
99.9022
100.091
100.143
99.9575
99.8244
99.9708
100.18
100.115
99.8579
99.8041
100.057
100.244
100.068
99.7711
99.796
100.132
100.302
100.039
99.6946
99.7627
100.18
100.379
100.062
99.6281
99.6668
100.167
100.487
100.189
99.6053
99.4891
100.016
100.585
100.462
99.7463
99.2796
99.626
100.506
100.814
100.264
99.262
99.063
99.8995
100.898
101.158
99.9232
98.9208
98.6361
100.009
101.536
101.427
100.384
97.9535
98.0652
99.5215
101.829
103.518
100.544
98.2935
95.2296
96.8287
103.509
105.954
109.137
95.1286
77.1063
49.7649
21.8903
5.86788
-7.97215
-5.76756
-3.25836
0.559392
4.33913
2.20771
-0.28903
99.9971
100.002
100.009
99.9927
99.9843
100.011
100.023
99.9868
99.9684
100.013
100.041
99.9904
99.9495
100.002
100.059
100.01
99.934
99.9721
100.068
100.05
99.9384
99.9253
100.045
100.098
99.9838
99.8856
99.975
100.116
100.075
99.9032
99.8761
100.051
100.159
100.02
99.8358
99.8947
100.125
100.182
99.9638
99.781
99.9127
100.187
100.209
99.9258
99.7241
99.9008
100.236
100.269
99.9301
99.6556
99.8262
100.249
100.378
100.02
99.5977
99.66
100.159
100.514
100.253
99.6558
99.4178
99.8537
100.532
100.622
100.036
99.287
99.3218
100.091
100.862
100.815
99.7658
98.9906
98.9872
100.26
101.317
101.171
99.9835
98.212
98.4594
99.7706
101.918
102.751
100.381
98.1668
95.6811
97.7356
103.178
105.932
108.126
94.5127
78.0056
49.9126
23.3777
5.89637
-9.49237
-5.99055
-5.21933
1.28306
6.77529
2.44828
99.9978
99.9983
100.01
100.002
99.9816
99.9971
100.026
100.006
99.9663
99.9884
100.04
100.02
99.9553
99.9679
100.046
100.047
99.958
99.9362
100.031
100.081
99.988
99.9062
99.9838
100.099
100.052
99.9091
99.9084
100.065
100.127
99.9819
99.8529
99.9542
100.14
100.117
99.9039
99.8239
100.014
100.2
100.095
99.8353
99.8017
100.062
100.254
100.09
99.7796
99.7584
100.079
100.319
100.134
99.7474
99.6696
100.032
100.387
100.261
99.7845
99.5343
99.8666
100.391
100.488
99.9823
99.4454
99.5375
100.166
100.711
100.424
99.6763
99.1595
99.5571
100.523
100.943
100.537
99.3043
98.8427
99.3983
100.68
101.602
100.719
99.4051
98.0047
98.6242
100.7
102.155
102.626
99.6974
97.1746
96.092
98.1118
104.316
106.563
107.009
94.0112
76.491
49.917
25.2077
6.43183
-7.56237
-6.7672
-8.01431
0.760493
4.08372
100
99.9928
100.006
100.015
99.989
99.9767
100.015
100.033
99.9841
99.9565
100.014
100.055
99.9928
99.9336
99.9953
100.076
100.023
99.9188
99.9532
100.079
100.075
99.9341
99.8951
100.039
100.13
100.004
99.8578
99.9406
100.133
100.121
99.9062
99.8255
100.023
100.202
100.074
99.8164
99.8235
100.107
100.251
100.025
99.7397
99.8185
100.174
100.307
100.005
99.6675
99.7738
100.209
100.394
100.049
99.6065
99.6519
100.172
100.512
100.214
99.6115
99.4404
99.9777
100.575
100.549
99.8122
99.2573
99.5161
100.369
100.93
100.381
99.4752
98.8877
99.6395
100.772
101.192
100.553
98.8929
98.6643
99.2728
101.103
101.999
100.668
99.289
97.2392
98.6336
100.921
102.599
103.426
99.0945
96.9103
95.2773
97.6157
105.519
106.792
108.209
93.9615
74.6715
49.7414
23.5421
7.1737
-4.83461
-6.63748
-5.54995
-0.78486
100.003
99.9946
99.9936
100.013
100.011
99.9793
99.9834
100.027
100.024
99.9688
99.9656
100.033
100.047
99.9699
99.9394
100.022
100.075
99.9931
99.9133
99.9841
100.093
100.046
99.9105
99.9192
100.071
100.115
99.9641
99.8587
99.9826
100.148
100.083
99.8744
99.8507
100.067
100.196
100.026
99.7987
99.8637
100.145
100.231
99.9747
99.7323
99.8651
100.209
100.281
99.9545
99.6628
99.8196
100.244
100.371
100.002
99.596
99.69
100.209
100.498
100.177
99.5879
99.4694
100.004
100.581
100.526
99.7883
99.2821
99.5052
100.401
100.882
100.413
99.4859
98.878
99.6668
100.634
101.305
100.505
99.0391
98.6731
99.0559
101.188
101.727
101.058
99.3678
97.2088
98.744
100.161
102.91
103.343
99.4484
97.7369
94.443
97.7853
104.546
106.253
109.671
93.7621
76.3391
49.7273
21.1374
7.37248
-7.44441
-5.88761
-0.988815
100.002
99.9999
99.9921
100.002
100.014
99.9975
99.98
100.002
100.026
100.001
99.9675
99.9941
100.038
100.014
99.9584
99.9749
100.042
100.039
99.9623
99.9457
100.027
100.069
99.992
99.9206
99.9814
100.081
100.051
99.9301
99.9155
100.042
100.111
100.004
99.8803
99.9386
100.101
100.118
99.9512
99.8445
99.9679
100.152
100.123
99.9071
99.809
99.9826
100.198
100.148
99.8827
99.7582
99.9596
100.236
100.215
99.9014
99.6889
99.8682
100.239
100.334
100.014
99.6387
99.6862
100.12
100.46
100.271
99.7385
99.467
99.7687
100.409
100.602
100.194
99.4704
99.2715
99.8635
100.595
100.931
100.139
99.2906
98.9215
99.5958
100.961
101.213
100.792
99.0886
98.1706
99.0188
100.329
102.561
101.993
99.8143
97.7028
95.5806
99.0182
103.321
106.161
107.706
93.0373
78.7132
49.9088
24.1291
7.36444
-12.0829
-6.10559
100.001
100.002
99.9923
99.9971
100.014
100.005
99.9804
99.9921
100.025
100.013
99.971
99.9798
100.031
100.03
99.9693
99.9591
100.026
100.053
99.9841
99.9358
99.9994
100.072
100.023
99.9278
99.9492
100.062
100.079
99.9626
99.8977
99.9984
100.112
100.052
99.9013
99.8966
100.057
100.142
100.011
99.8506
99.9061
100.11
100.166
99.9779
99.8049
99.9029
100.151
100.205
99.9709
99.7564
99.8626
100.169
100.272
100.018
99.7132
99.7625
100.125
100.364
100.156
99.7315
99.6019
99.9477
100.405
100.399
99.9402
99.4742
99.5994
100.189
100.616
100.44
99.6736
99.2828
99.5145
100.38
100.931
100.5
99.679
98.8099
99.3033
100.353
101.246
101.274
99.6443
98.6481
98.2226
99.6067
101.833
102.195
101.659
98.509
96.3725
96.9759
99.5183
105.367
106.927
105.038
92.4629
75.7012
49.9114
29.1293
7.95874
-6.96991
99.9993
100.007
99.9963
99.9858
100.007
100.022
99.9908
99.9691
100.009
100.04
99.9943
99.9501
99.9985
100.059
100.013
99.9348
99.9697
100.067
100.052
99.9382
99.924
100.046
100.1
99.9812
99.8829
99.9788
100.122
100.071
99.8943
99.8781
100.064
100.162
100.005
99.8244
99.9085
100.146
100.176
99.934
99.7713
99.9434
100.217
100.191
99.878
99.7157
99.9525
100.28
100.238
99.8562
99.6382
99.902
100.323
100.349
99.9069
99.5466
99.7476
100.291
100.525
100.099
99.5284
99.459
100.073
100.644
100.502
99.7808
99.1703
99.5624
100.358
100.983
100.472
99.4093
98.9686
99.3232
100.837
101.195
100.771
99.3185
98.1863
99.299
100.305
102.223
101.498
99.408
98.2792
96.9279
100.177
102.157
103.142
102.828
96.9783
96.0686
95.3233
98.8338
108.09
107.178
107.676
92.4488
70.7035
49.7039
24.3732
8.79345
99.9972
100.004
100.008
99.9901
99.9869
100.015
100.02
99.9808
99.9724
100.021
100.037
99.9799
99.9521
100.015
100.059
99.9953
99.9311
99.9886
100.075
100.033
99.9247
99.9398
100.065
100.089
99.9581
99.8867
100.004
100.127
100.047
99.8799
99.8967
100.086
100.153
99.9786
99.8218
99.9335
100.161
100.159
99.9112
99.7764
99.9679
100.226
100.172
99.8603
99.7226
99.9725
100.285
100.225
99.844
99.6432
99.9127
100.325
100.344
99.9034
99.5535
99.7397
100.288
100.518
100.122
99.5427
99.4417
100.05
100.601
100.573
99.7964
99.2256
99.4715
100.272
101.021
100.481
99.6591
98.8201
99.3038
100.618
101.128
101.165
99.2474
98.5697
98.7776
100.033
102.313
101.29
100.548
97.9944
96.9262
99.7912
100.749
104.275
102.721
98.2591
97.2986
93.0156
99.0058
105.607
106.465
112.272
92.2521
75.4481
49.6886
9.01072
99.9988
99.9989
100.006
100.001
99.9899
99.9978
100.014
100.004
99.9815
99.9925
100.022
100.012
99.9758
99.9808
100.024
100.027
99.9781
99.9633
100.015
100.046
99.9958
99.9474
99.9881
100.055
100.032
99.9509
99.946
100.033
100.073
99.9938
99.917
99.9698
100.077
100.07
99.9497
99.898
100.002
100.113
100.06
99.9101
99.8828
100.029
100.146
100.059
99.8781
99.8559
100.037
100.183
100.087
99.8603
99.8046
100.007
100.222
100.161
99.8849
99.7305
99.905
100.223
100.282
100.014
99.6783
99.7233
100.083
100.393
100.286
99.7972
99.5606
99.6889
100.3
100.54
100.28
99.721
99.2387
99.7673
100.25
100.88
100.494
99.5281
99.2544
99.0112
100.467
101.037
100.95
100.415
98.3092
98.8401
99.2101
100.77
102.882
100.762
100.228
97.3839
95.7671
100.532
101.145
106.297
107.157
91.4301
90.7851
49.8924
)
;

boundaryField
{
    left
    {
        type            fixedValue;
        value           uniform 100;
    }
    right
    {
        type            zeroGradient;
    }
    up
    {
        type            zeroGradient;
    }
    down
    {
        type            fixedValue;
        value           uniform 0;
    }
    frontAndBack
    {
        type            empty;
    }
}


// ************************************************************************* //
