/*--------------------------------*- C++ -*----------------------------------*\
  =========                 |
  \\      /  F ield         | OpenFOAM: The Open Source CFD Toolbox
   \\    /   O peration     | Website:  https://openfoam.org
    \\  /    A nd           | Version:  8
     \\/     M anipulation  |
\*---------------------------------------------------------------------------*/
FoamFile
{
    version     2.0;
    format      ascii;
    class       volScalarField;
    location    "0.822";
    object      T;
}
// * * * * * * * * * * * * * * * * * * * * * * * * * * * * * * * * * * * * * //

dimensions      [0 0 0 1 0 0 0];

internalField   nonuniform List<scalar> 
10000
(
50
4.6491
-4.64906
-1.17606
1.17585
0.445197
-0.444601
-0.21279
0.211453
0.119379
-0.11685
-0.0758998
0.0716369
0.0536675
-0.04707
-0.0415985
0.0320605
0.0347461
-0.0217264
-0.0306202
0.0137533
0.027753
-0.00695713
-0.0252622
0.000892271
0.0224317
0.00462993
-0.0189329
-0.0093174
0.0144256
0.0129414
-0.00908794
-0.0149144
0.0031096
0.01496
0.00279479
-0.0128091
-0.00783127
0.00862894
0.0111343
-0.00312843
-0.0118427
-0.00277315
0.00985725
0.00750732
-0.00536409
-0.00997537
-0.000302685
0.00924491
0.00554123
-0.00553619
-0.00854356
9.31882e-05
0.00813901
0.00506308
-0.00448968
-0.00773054
-0.000903737
0.00671794
0.00553218
-0.00252799
-0.00701124
-0.00275009
0.00463349
0.00613327
0.000202833
-0.00554278
-0.00466779
0.0015563
0.0057631
0.00309232
-0.00264417
-0.00533994
-0.00208049
0.00344288
0.0046447
0.00125393
-0.00338686
-0.0044903
-0.000480735
0.00321128
0.00380351
0.000857202
-0.00341678
-0.00336514
-0.000580946
0.00225436
0.00379991
0.000747377
-0.0023164
-0.00254281
-0.00191289
0.00155875
0.00325769
0.000975598
-0.000108181
-0.00218393
-0.00285359
0.000729888
0.00140375
95.3509
50
10.4742
-4.64892
-2.79705
1.17535
1.10252
-0.443395
-0.543541
0.209097
0.312051
-0.112805
-0.201142
0.0653032
0.14231
-0.037838
-0.108437
0.0193787
0.0872014
-0.00520547
-0.0723362
-0.00671251
0.0602844
0.0171512
-0.049011
-0.0260092
0.0372332
0.0328846
-0.0245802
-0.0368776
0.0110719
0.037338
0.00235151
-0.0335624
-0.0144856
0.0256299
0.0235852
-0.0142534
-0.0280277
0.00106483
0.026797
0.011362
-0.0197041
-0.020419
0.00835871
0.0235135
0.004601
-0.019761
-0.015292
0.0100116
0.0202879
0.00254689
-0.0176951
-0.0133395
0.00836632
0.0180539
0.00385201
-0.014521
-0.0135765
0.00443078
0.0160151
0.00719762
-0.00983712
-0.0142765
-0.00127077
0.0125445
0.0108243
-0.003092
-0.0130841
-0.00742701
0.00624749
0.0119601
0.00478332
-0.0078057
-0.0109958
-0.00212842
0.00773513
0.0100062
0.0011675
-0.00838309
-0.00803952
-0.00122059
0.00753792
0.00841277
-3.95481e-05
-0.00588856
-0.00747482
-0.00213665
0.00664373
0.00618101
0.00210559
-0.00291088
-0.00796931
-0.00256011
0.00315698
0.00392027
0.00569385
-0.000686791
-0.00611707
-0.00228761
104.649
89.5258
50
12.0952
-4.64861
-3.45434
1.17443
1.43324
-0.44142
-0.736216
0.205519
0.43736
-0.107017
-0.289947
0.0566701
0.209445
-0.0257769
-0.161355
0.00344637
0.129568
0.014776
-0.105711
-0.030516
0.0850282
0.0440292
-0.0649046
-0.0545786
0.0439337
0.0611577
-0.0221013
-0.0623528
0.000146386
0.0573259
0.0199629
-0.0456558
-0.0358868
0.028271
0.044998
-0.00739859
-0.0452789
-0.0134903
0.0362948
0.0299178
-0.0194254
-0.0380218
-0.00124563
0.0351808
0.0202783
-0.0220323
-0.0316872
0.0024888
0.0314739
0.0167026
-0.0195181
-0.0281694
0.000461362
0.02699
0.0175898
-0.013634
-0.0262357
-0.00536544
0.0209051
0.0204091
-0.00468245
-0.0231299
-0.0128634
0.01158
0.0215315
0.00638431
-0.0157392
-0.0182705
-0.0010189
0.0166257
0.0157459
-0.00310885
-0.0163758
-0.0124259
0.00385404
0.0166991
0.00993865
-0.00501456
-0.013938
-0.0106233
0.00550435
0.0133757
0.00795365
-0.00179085
-0.0130351
-0.00930997
0.00327547
0.00807217
0.0103668
0.00142403
-0.0104778
-0.00687425
-0.00329929
0.00322857
0.011968
0.00292061
-0.00340078
101.176
104.649
87.9048
49.9999
12.7524
-4.6481
-3.78506
1.173
1.62596
-0.438523
-0.861657
0.200529
0.526439
-0.0992756
-0.357548
0.0455367
0.263078
-0.0107387
-0.204715
-0.0157789
0.164223
0.0380877
-0.131992
-0.0572902
0.102606
0.0730219
-0.0732936
-0.083856
0.0428966
0.0882341
-0.0121222
-0.0843993
-0.0172765
0.0716613
0.0421257
-0.0503494
-0.0589858
0.0227664
0.0646794
0.00688923
-0.0574236
-0.0331218
0.0382182
0.0498104
-0.0108732
-0.0526318
-0.0175212
0.0401695
0.0388734
-0.0159538
-0.046066
-0.0121433
0.036234
0.033963
-0.0130106
-0.0405806
-0.0141542
0.0289277
0.0332669
-0.00459706
-0.0347856
-0.0204029
0.0178534
0.0329902
0.00752987
-0.0254631
-0.0266144
0.00251709
0.0280558
0.0198011
-0.010261
-0.0265798
-0.0141194
0.0143342
0.0252259
0.0080893
-0.0147934
-0.0232254
-0.0059476
0.0167574
0.0190003
0.00556402
-0.0147793
-0.0199277
-0.00257535
0.0115726
0.0171157
0.00737014
-0.01304
-0.0144687
-0.00631838
0.00447017
0.0175748
0.00777593
-0.005731
-0.00812072
-0.0133805
-0.000779445
0.013145
0.00576848
98.8241
102.797
104.649
87.2476
49.9999
13.0832
-4.64732
-3.97783
1.17095
1.75155
-0.434554
-0.951047
0.193944
0.594593
-0.0893882
-0.412034
0.0317328
0.307661
0.00737818
-0.240983
-0.0382713
0.192484
0.0645127
-0.151829
-0.0865662
0.113329
0.103374
-0.0744168
-0.112812
0.0345263
0.112892
0.00458707
-0.101779
-0.0399249
0.0793469
0.067053
-0.0472015
-0.0816304
0.00952
0.0804544
0.0272039
-0.0627704
-0.0555029
0.0318935
0.0682313
0.00518613
-0.0616676
-0.0382504
0.0370101
0.0572226
-0.00189334
-0.0552726
-0.0316356
0.0327792
0.0507752
0.00136002
-0.0471244
-0.0328035
0.0223788
0.046843
0.0113601
-0.03595
-0.0371955
0.00653038
0.0406513
0.0241347
-0.019067
-0.0383491
-0.0128137
0.0268862
0.0328901
0.00325733
-0.0287556
-0.0286773
0.0042292
0.0285582
0.0228299
-0.00563086
-0.0293217
-0.0184329
0.00788121
0.0244262
0.0196021
-0.00878937
-0.0235496
-0.0146742
0.00230213
0.0227716
0.0171216
-0.00511403
-0.0139784
-0.0186082
-0.00335358
0.0182309
0.0124274
0.00622426
-0.0051067
-0.021205
-0.00574425
0.00578863
99.5548
98.8245
103.454
104.648
86.9168
49.9998
13.276
-4.64623
-4.10355
1.16817
1.84124
-0.429367
-1.01975
0.185592
0.649981
-0.0771814
-0.457942
0.0151189
0.345751
0.0286263
-0.271554
-0.0639368
0.215047
0.0937483
-0.165526
-0.117781
0.11735
0.13425
-0.0685041
-0.140373
0.0193267
0.133951
0.0270842
-0.11341
-0.0663459
0.0796861
0.0928472
-0.0362052
-0.101721
-0.0105619
0.0904546
0.0516751
-0.0601953
-0.0780776
0.0174427
0.0825102
0.0271697
-0.0631495
-0.0606782
0.025284
0.072097
0.0186907
-0.0568603
-0.0529321
0.0206333
0.0634633
0.0218239
-0.0453809
-0.0518656
0.00748259
0.05441
0.0316198
-0.0280868
-0.0515034
-0.0114657
0.0399059
0.0413975
-0.0041554
-0.0439127
-0.0306865
0.0162444
0.041473
0.0218575
-0.0226128
-0.0393078
-0.0123861
0.0232218
0.036221
0.00902006
-0.0263001
-0.0295391
-0.00850179
0.0232405
0.0310144
0.00377
-0.0181596
-0.0266821
-0.0112899
0.0205447
0.0224954
0.00970257
-0.00714991
-0.0274863
-0.0119098
0.00910711
0.0127184
0.0208371
0.000936824
-0.0206075
-0.00891825
100.445
98.8975
98.8253
103.785
104.648
86.724
49.9997
13.4018
-4.64476
-4.19346
1.16456
1.91043
-0.422824
-1.07597
0.175311
0.69722
-0.0625016
-0.497914
-0.00441058
0.378827
0.0530074
-0.297189
-0.0926123
0.232237
0.125409
-0.173197
-0.150286
0.11477
0.164748
-0.0558395
-0.16546
-0.00206075
0.150311
0.0542512
-0.118418
-0.0949379
0.0723269
0.117567
-0.0177937
-0.117324
-0.0361001
0.0932161
0.0780978
-0.0492302
-0.0982443
-0.00421655
0.0903168
0.0528562
-0.0559381
-0.0817336
0.00562386
0.08059
0.0434247
-0.0494545
-0.0724663
0.000593528
0.0688647
0.0454876
-0.0343642
-0.0672464
-0.0141636
0.0530926
0.0524617
-0.0114965
-0.0590469
-0.0331241
0.029146
0.0550565
0.0166653
-0.0399908
-0.0466697
-0.00298551
0.0422854
0.040364
-0.00773484
-0.0416067
-0.0318818
0.00958937
0.0425949
0.0254139
-0.0125892
-0.0354776
-0.0272531
0.0139664
0.0340587
0.0203113
-0.00441922
-0.0332544
-0.0237775
0.00836133
0.0205044
0.0264713
0.00365802
-0.0267915
-0.0174649
-0.00840052
0.00825229
0.0305847
0.00735059
-0.00873849
100.213
100.444
98.5668
98.8266
103.978
104.647
86.5982
49.9996
13.4918
-4.64287
-4.263
1.16002
1.96738
-0.414792
-1.12441
0.16295
0.739032
-0.045217
-0.533513
-0.0269261
0.407728
0.0804715
-0.318263
-0.124066
0.244163
0.159033
-0.174863
-0.183362
0.105698
0.19393
-0.0368051
-0.187017
-0.0288391
0.160997
0.0848096
-0.116184
-0.12399
0.057281
0.13932
0.00715732
-0.126764
-0.0653191
0.087772
0.104084
-0.0301256
-0.113517
-0.0314804
0.0899087
0.0795459
-0.039842
-0.0983194
-0.0203939
0.0805395
0.0691858
-0.0328589
-0.0866621
-0.0253726
0.0649001
0.0685752
-0.0145444
-0.07516
-0.0396995
0.0417045
0.0694747
0.0118252
-0.0565606
-0.0545237
0.00923694
0.0609
0.0392347
-0.0251853
-0.0566718
-0.027012
0.0333975
0.0530555
0.0141271
-0.0336897
-0.0486657
-0.00953749
0.0374986
0.03937
0.0092358
-0.0333735
-0.0413424
-0.00287868
0.0260606
0.0359801
0.0132305
-0.0295429
-0.0300804
-0.0118179
0.0114295
0.0376671
0.0144592
-0.0135702
-0.0178431
-0.0278236
0.000726755
0.028546
0.011567
99.7885
100.544
100.442
98.374
98.8285
104.104
104.646
86.5082
49.9995
13.5616
-4.64051
-4.32046
1.15446
2.01683
-0.405142
-1.16784
0.14837
0.777065
-0.0252189
-0.565658
-0.0524612
0.432894
0.110916
-0.334914
-0.157998
0.250807
0.194087
-0.170521
-0.21623
0.0902994
0.220843
-0.0119079
-0.204048
-0.0600571
0.165207
0.117339
-0.106373
-0.151752
0.0349427
0.156348
0.0373596
-0.128706
-0.0961627
0.0737495
0.127187
-0.00381333
-0.121739
-0.0621771
0.0803161
0.104251
-0.0155856
-0.107705
-0.0503388
0.0707725
0.0924189
-0.00802269
-0.0925334
-0.0542268
0.0508265
0.0869533
0.0122772
-0.0729508
-0.0652126
0.0208883
0.0783302
0.0386427
-0.0427861
-0.0712591
-0.0167065
0.0556351
0.0589747
-0.000915013
-0.0575485
-0.0499997
0.0145741
0.0556441
0.0387917
-0.0166034
-0.0564917
-0.0300968
0.0198366
0.0470995
0.0328166
-0.0217076
-0.0448114
-0.0242903
0.00879167
0.0445392
0.0286318
-0.0135051
-0.0277726
-0.0336001
-0.001647
0.0362425
0.021678
0.00945796
-0.0130964
-0.0399009
-0.00722108
0.0123869
99.8807
99.7907
100.736
100.439
98.2484
98.8311
104.194
104.644
86.4384
49.9994
13.6193
-4.63763
-4.37061
1.14778
2.06163
-0.393756
-1.20799
0.131446
0.812323
-0.00242307
-0.59487
-0.0810115
0.454517
0.144186
-0.347135
-0.194046
0.252091
0.229979
-0.160183
-0.248071
0.0688264
0.244544
0.0182125
-0.215655
-0.0946143
0.162341
0.15032
-0.0889583
-0.176502
0.00609238
0.167094
0.0711884
-0.122259
-0.126394
0.0513954
0.145065
0.0281713
-0.121294
-0.0936861
0.0613969
0.123997
0.015237
-0.107854
-0.0810935
0.0511805
0.109624
0.0230012
-0.0881253
-0.0821296
0.0272535
0.0968645
0.0431153
-0.0596234
-0.086159
-0.00714807
0.0757903
0.0649162
-0.0189523
-0.0789708
-0.0442222
0.0379656
0.0718144
0.0284224
-0.0473788
-0.0658717
-0.0122551
0.0466571
0.0599802
0.0064311
-0.0506268
-0.0478891
-0.00690122
0.045557
0.0502429
-0.000901148
-0.0355072
-0.0446406
-0.0123015
0.0403307
0.0367625
0.0121226
-0.0178436
-0.0478699
-0.0146775
0.0193946
0.0235401
0.0339052
-0.00492117
-0.0368745
-0.013405
100.117
99.6879
99.7941
100.862
100.435
98.1586
98.8345
104.263
104.642
86.3806
49.9992
13.6699
-4.63418
-4.41634
1.13989
2.10357
-0.380522
-1.24593
0.112064
0.845411
0.0232306
-0.62141
-0.112535
0.472627
0.180079
-0.354836
-0.231787
0.24792
0.266067
-0.143914
-0.278046
0.0416319
0.26413
0.0527806
-0.221071
-0.131281
0.152025
0.182189
-0.0642413
-0.196608
-0.0281395
0.170292
0.10676
-0.107038
-0.153711
0.021547
0.155669
0.0637652
-0.111232
-0.123137
0.0338427
0.136136
0.0502476
-0.0976202
-0.109161
0.0227261
0.117842
0.0571833
-0.0727557
-0.104902
-0.00398302
0.0956623
0.074004
-0.0359643
-0.0980448
-0.0391185
0.0606757
0.0861311
0.0115108
-0.0741276
-0.068678
0.0095549
0.0745882
0.0564126
-0.0257384
-0.0703682
-0.0425382
0.0275402
0.0706808
0.0313542
-0.0301885
-0.0590527
-0.0352851
0.0327147
0.0553632
0.0258565
-0.0160836
-0.0565067
-0.0307145
0.0210217
0.0357537
0.0394378
-0.00354554
-0.0465259
-0.0245317
-0.0089258
0.0201419
0.0487349
0.00461828
-0.0168733
100.076
100.113
99.5625
99.7989
100.951
100.43
98.0893
98.8388
104.321
104.639
86.3301
49.9991
13.7162
-4.63012
-4.45947
1.1307
2.14378
-0.365334
-1.28234
0.0901236
0.876678
0.0517781
-0.645373
-0.146952
0.487151
0.218346
-0.357885
-0.270745
0.238205
0.301673
-0.121847
-0.305307
0.0091799
0.278766
0.0908906
-0.219683
-0.168728
0.134139
0.211381
-0.0328477
-0.210593
-0.0663201
0.165039
0.142007
-0.0831833
-0.175887
-0.0144038
0.157388
0.100505
-0.091347
-0.147639
-0.000863481
0.138617
0.0864491
-0.076862
-0.13103
-0.0126529
0.115103
0.0907016
-0.0470033
-0.118665
-0.0400054
0.0823811
0.100246
-0.00416899
-0.0974274
-0.0710466
0.0343874
0.0975948
0.0440467
-0.0552093
-0.08606
-0.0247364
0.0650091
0.0766666
0.00561694
-0.0622797
-0.0692266
0.00149581
0.0656223
0.0541554
0.000594485
-0.0599489
-0.0566803
0.00841331
0.0464952
0.0520405
0.0074706
-0.0529941
-0.0418152
-0.00997628
0.0268546
0.0575895
0.0116428
-0.0267668
-0.0297246
-0.0384417
0.0124261
0.0453164
0.0140114
99.9282
100.201
100.107
99.4734
99.8053
101.02
100.424
98.0323
98.8441
104.371
104.636
86.2838
49.9989
13.76
-4.6254
-4.50117
1.1201
2.18302
-0.348096
-1.31764
0.0655374
0.906299
0.0832323
-0.666743
-0.184146
0.497947
0.258697
-0.356138
-0.310394
0.222889
0.336093
-0.0941959
-0.329026
-0.0279498
0.287699
0.131522
-0.211059
-0.205565
0.108828
0.236384
0.00429379
-0.217208
-0.106762
0.150839
0.174794
-0.0513722
-0.1909
-0.0545966
0.149189
0.135668
-0.0621895
-0.164521
-0.0405571
0.130233
0.120386
-0.046358
-0.14367
-0.0520978
0.10066
0.119249
-0.0124584
-0.120677
-0.0768839
0.0577489
0.117007
0.0327286
-0.0830584
-0.098254
0.000429394
0.0952176
0.0741954
-0.0239522
-0.0929203
-0.0580432
0.0419919
0.0849918
0.0418267
-0.0430474
-0.0843268
-0.0278898
0.0439816
0.0706894
0.0334342
-0.0474114
-0.0649142
-0.0241039
0.0268212
0.0686277
0.0289176
-0.0312342
-0.0441636
-0.0431815
0.0126951
0.0572743
0.0253573
0.00629916
-0.0297111
-0.0563663
0.00116627
0.0222116
99.9464
99.9344
100.29
100.1
99.4051
99.8134
101.076
100.416
97.9827
98.8504
104.417
104.632
86.24
49.9987
13.8026
-4.61999
-4.54224
1.10803
2.2218
-0.328719
-1.35207
0.0382304
0.934331
0.117584
-0.685428
-0.223961
0.504831
0.300802
-0.349456
-0.350163
0.201959
0.368613
-0.0612699
-0.348407
-0.0690618
0.290285
0.173559
-0.194969
-0.240362
0.0764995
0.255795
0.0459667
-0.215469
-0.147603
0.127657
0.202988
-0.0127692
-0.197071
-0.0967929
0.130717
0.166395
-0.0249624
-0.171676
-0.0823979
0.110641
0.148493
-0.00772391
-0.145045
-0.0917839
0.0747844
0.138791
0.028292
-0.109882
-0.109662
0.023589
0.12056
0.0709151
-0.0563206
-0.115452
-0.03691
0.0770855
0.0979444
0.0144673
-0.0861212
-0.0838774
0.00690435
0.0802199
0.0749356
-0.0152465
-0.0819279
-0.0569013
0.0105477
0.0761307
0.0593164
-0.0203157
-0.0586899
-0.0571414
0.00216661
0.0671616
0.0443113
0.0047107
-0.0385951
-0.0659078
-0.00453407
0.0356323
0.0360665
0.0405761
-0.0237229
-0.0532593
-0.0129465
100.047
99.8576
99.9429
100.358
100.09
99.3495
99.8235
101.125
100.407
97.9378
98.858
104.46
104.628
86.1974
49.9984
13.8449
-4.61385
-4.58321
1.09437
2.26044
-0.307123
-1.38575
0.00814129
0.960749
0.154801
-0.701287
-0.266199
0.507595
0.344298
-0.337729
-0.389444
0.175458
0.398514
-0.0234734
-0.362705
-0.11335
0.286006
0.215805
-0.171392
-0.271709
0.0378422
0.268343
0.0907306
-0.204742
-0.186859
0.095927
0.224557
0.0310594
-0.193254
-0.138384
0.102209
0.190014
0.0184555
-0.167743
-0.122957
0.0801993
0.167719
0.0363776
-0.134134
-0.127288
0.0385658
0.146495
0.0713206
-0.0866244
-0.133145
-0.0175583
0.109509
0.105394
-0.0204016
-0.117846
-0.0735166
0.0448947
0.111198
0.0530385
-0.0635943
-0.0981486
-0.0350592
0.063236
0.0959299
0.0184156
-0.0611909
-0.0807465
-0.0259223
0.0656425
0.0722824
0.0179966
-0.0411743
-0.079769
-0.0221431
0.0441404
0.0523529
0.043741
-0.0262268
-0.0676536
-0.0234161
-0.00110945
0.0417113
0.061692
-0.0106024
-0.0281771
100.042
100.038
99.7903
99.9538
100.413
100.078
99.3021
99.8356
101.169
100.395
97.8957
98.8668
104.502
104.622
86.1553
49.9981
13.8873
-4.60694
-4.62443
1.07904
2.29917
-0.283235
-1.41874
-0.0247746
0.985462
0.194833
-0.714155
-0.310621
0.506014
0.388793
-0.320887
-0.427593
0.143495
0.425084
0.018694
-0.371252
-0.159891
0.274474
0.25703
-0.140552
-0.298228
-0.0062063
0.272961
0.136967
-0.184805
-0.222447
0.0564623
0.237789
0.0781
-0.178835
-0.176573
0.0644689
0.204365
0.0653845
-0.151979
-0.158711
0.0401201
0.175871
0.082159
-0.110646
-0.154518
-0.00575036
0.141009
0.111447
-0.0520539
-0.143353
-0.0620367
0.0849121
0.130199
0.021004
-0.103069
-0.105238
0.00384038
0.109646
0.085431
-0.026224
-0.0994144
-0.0750684
0.0354348
0.098305
0.0545051
-0.0271781
-0.0929213
-0.0565018
0.0369473
0.0712468
0.0584691
-0.0172765
-0.081846
-0.0430717
0.00428077
0.0527425
0.0714048
-0.00730768
-0.0455868
-0.0419176
-0.0392125
0.0388924
0.0596652
0.00975111
99.9678
100.109
100.026
99.7364
99.9675
100.459
100.064
99.26
99.8499
101.209
100.382
97.8554
98.877
104.543
104.616
86.113
49.9977
13.9303
-4.59925
-4.66616
1.06194
2.33811
-0.256992
-1.45101
-0.0605431
1.00833
0.237608
-0.723853
-0.35694
0.499862
0.433872
-0.298912
-0.463937
0.106249
0.447641
0.0646277
-0.373467
-0.207674
0.255463
0.295985
-0.102917
-0.318609
-0.0545067
0.268871
0.182866
-0.155791
-0.252357
0.0104941
0.241379
0.125921
-0.153657
-0.20873
0.0190526
0.207815
0.11256
-0.124254
-0.186585
-0.00720782
0.171471
0.125253
-0.0750953
-0.170467
-0.0543412
0.122034
0.143249
-0.00811603
-0.138572
-0.104561
0.0492919
0.139844
0.0642174
-0.0725591
-0.127139
-0.0392843
0.0900665
0.107658
0.0205641
-0.0875266
-0.103229
-0.00167169
0.0811219
0.0873244
0.0113872
-0.0865897
-0.0757053
-0.00650105
0.0588208
0.0881692
0.00923305
-0.0592501
-0.0592205
-0.0397683
0.0442186
0.0762516
0.0178422
-0.0070319
-0.0556263
-0.0631465
0.0239735
0.0342866
99.9652
99.9803
100.162
100.011
99.6916
99.9839
100.499
100.046
99.2217
99.8666
101.248
100.367
97.8161
98.8885
104.585
104.61
86.0703
49.9973
13.9743
-4.59074
-4.70854
1.04298
2.37737
-0.228339
-1.4825
-0.0991669
1.02919
0.283043
-0.730207
-0.404822
0.488916
0.479097
-0.271845
-0.497796
0.0639869
0.465532
0.113638
-0.368878
-0.255617
0.228936
0.331407
-0.0591582
-0.33171
-0.105688
0.255586
0.226513
-0.118192
-0.274807
-0.0402633
0.234383
0.171924
-0.118148
-0.232563
-0.0316886
0.199175
0.15661
-0.0853392
-0.20411
-0.0582603
0.15361
0.161562
-0.0292706
-0.17332
-0.10201
0.0899039
0.16248
0.0418223
-0.119283
-0.138572
0.00550048
0.13141
0.104973
-0.0312113
-0.133569
-0.078583
0.0526987
0.117813
0.0672335
-0.0622106
-0.112573
-0.0450275
0.04941
0.108375
0.0462295
-0.0581582
-0.082596
-0.0542436
0.0382353
0.0953127
0.0366057
-0.0173919
-0.0684612
-0.0721216
0.0243884
0.0557598
0.0462803
0.0330077
-0.0576211
-0.0630016
-0.00390855
100.022
99.9125
99.9961
100.205
99.9933
99.6532
100.003
100.535
100.027
99.1862
99.8857
101.284
100.35
97.7772
98.9015
104.627
104.602
86.0268
49.9967
14.0195
-4.58141
-4.75167
1.02206
2.41697
-0.197225
-1.51312
-0.14062
1.04781
0.331047
-0.733064
-0.45388
0.472958
0.524026
-0.23979
-0.528489
0.017066
0.478134
0.164974
-0.357168
-0.302554
0.195019
0.362087
-0.0101533
-0.336597
-0.158164
0.232883
0.266038
-0.0729254
-0.288271
-0.0937047
0.216256
0.213573
-0.0734544
-0.246126
-0.0848199
0.177807
0.194449
-0.0371664
-0.209334
-0.108859
0.122098
0.18791
0.0233224
-0.16204
-0.143195
0.0457337
0.167062
0.0923364
-0.087089
-0.157884
-0.043502
0.105938
0.137441
0.0147699
-0.119941
-0.110383
0.00306114
0.114317
0.103253
-0.0233417
-0.102107
-0.0879004
0.0112835
0.108545
0.072821
-0.0111761
-0.0787449
-0.091385
0.0108341
0.0753819
0.0631687
0.0297541
-0.0661963
-0.0809824
-0.00773114
0.0183183
0.0703787
0.0586939
-0.0412334
-0.0397307
100.031
100.005
99.8699
100.015
100.242
99.9721
99.6198
100.026
100.568
100.004
99.1528
99.9073
101.32
100.331
97.7386
98.9161
104.669
104.593
85.9823
49.996
14.066
-4.57126
-4.79559
0.999079
2.45691
-0.163601
-1.54278
-0.184846
1.06396
0.381529
-0.732301
-0.503678
0.451783
0.568212
-0.202925
-0.555345
-0.0340709
0.484881
0.217829
-0.338173
-0.34727
0.154002
0.386914
0.0430076
-0.332556
-0.210209
0.200843
0.299685
-0.0213358
-0.291514
-0.147472
0.186922
0.248552
-0.0214962
-0.247811
-0.137171
0.14383
0.223482
0.0170982
-0.200636
-0.154999
0.0780072
0.20212
0.0775573
-0.135889
-0.173502
-0.00766121
0.15684
0.136304
-0.043572
-0.159067
-0.0935086
0.0677833
0.154428
0.0604425
-0.085752
-0.132255
-0.04882
0.0946203
0.121574
0.026567
-0.0765508
-0.119524
-0.0264811
0.0828662
0.0904691
0.0424705
-0.0646955
-0.104895
-0.0234048
0.0345847
0.0841599
0.0656164
-0.0466473
-0.0646807
-0.0477918
-0.020538
0.0788067
0.0612373
-0.00499613
99.9861
100.073
99.9855
99.8349
100.038
100.273
99.9477
99.5905
100.051
100.597
99.9782
99.1213
99.9315
101.355
100.309
97.7
98.9322
104.712
104.583
85.9369
49.9951
14.1141
-4.5603
-4.84032
0.973957
2.49718
-0.127412
-1.57139
-0.231747
1.07736
0.434406
-0.727831
-0.553733
0.425203
0.611204
-0.161481
-0.577728
-0.0888834
0.485255
0.271355
-0.31189
-0.388534
0.106355
0.404886
0.0990648
-0.319126
-0.260009
0.159854
0.325902
0.0348098
-0.283583
-0.199157
0.146912
0.27482
0.035112
-0.236309
-0.185822
0.0985675
0.241375
0.0735429
-0.176877
-0.193566
0.0244081
0.2023
0.127914
-0.0948399
-0.190646
-0.0647957
0.13212
0.167011
0.00939307
-0.142768
-0.137685
0.0219438
0.149946
0.102798
-0.0365399
-0.140662
-0.0923522
0.0565376
0.121362
0.0795752
-0.0425462
-0.12844
-0.0610575
0.035155
0.098985
0.0863585
-0.0383567
-0.0904216
-0.0622188
-0.0123332
0.0906444
0.0791694
-0.00750035
-0.0324956
-0.0840602
-0.046113
0.0615557
0.0433037
99.9721
100.007
100.106
99.9622
99.8063
100.063
100.299
99.9202
99.565
100.08
100.624
99.9496
99.0915
99.9583
101.39
100.285
97.6614
98.9499
104.757
104.572
85.8903
49.9938
14.1639
-4.54853
-4.88585
0.946606
2.53771
-0.0885874
-1.59886
-0.281177
1.08768
0.489613
-0.719616
-0.603515
0.393053
0.652545
-0.11574
-0.595057
-0.146727
0.478793
0.324687
-0.278484
-0.42512
0.052712
0.415157
0.156584
-0.296066
-0.305796
0.110706
0.343307
0.093441
-0.263852
-0.246536
0.0976102
0.290355
0.0935859
-0.211046
-0.228161
0.0446982
0.245673
0.128585
-0.138397
-0.221997
-0.033872
0.186373
0.170239
-0.0411358
-0.193592
-0.118228
0.0927315
0.180848
0.067628
-0.112318
-0.1673
-0.0282986
0.122923
0.138635
0.0176909
-0.130208
-0.121124
0.00207694
0.106547
0.122545
-0.00417684
-0.108658
-0.0919029
-0.0215024
0.0950349
0.107144
0.00237802
-0.0549757
-0.0972985
-0.0494884
0.0729538
0.0702795
0.0448519
0.000836116
-0.100193
-0.0522112
0.0169875
100.007
99.9392
100.03
100.133
99.9357
99.7833
100.092
100.321
99.8896
99.543
100.111
100.649
99.9179
99.0632
99.9878
101.424
100.258
97.6227
98.9692
104.803
104.56
85.8426
49.9922
14.2155
-4.53596
-4.93216
0.91696
2.5784
-0.047032
-1.62514
-0.332933
1.09455
0.547102
-0.707665
-0.652456
0.355207
0.691762
-0.0660182
-0.606823
-0.206855
0.465097
0.376929
-0.238247
-0.455901
-0.00604029
0.416956
0.214087
-0.263436
-0.345907
0.0546713
0.350534
0.152561
-0.23242
-0.287326
0.0410086
0.293246
0.151434
-0.172858
-0.261265
-0.0145937
0.234382
0.179369
-0.0878253
-0.237241
-0.0919211
0.153194
0.20213
0.0197615
-0.180831
-0.161279
0.0393545
0.178008
0.123244
-0.0706795
-0.175312
-0.080797
0.0787658
0.161928
0.0672291
-0.0965095
-0.134644
-0.0594474
0.0811186
0.142091
0.0380511
-0.0644472
-0.116153
-0.0701113
0.0722704
0.10137
0.0541156
-0.0130067
-0.114597
-0.0680919
0.0277421
0.0485192
0.0938517
0.023769
-0.0829607
-0.0435557
100.025
99.9829
99.9142
100.057
100.153
99.9063
99.7658
100.124
100.338
99.8561
99.5245
100.145
100.671
99.8832
99.0368
100.02
101.457
100.229
97.584
98.9901
104.85
104.546
85.7939
49.9902
14.2691
-4.52262
-4.97922
0.884978
2.61912
-0.00261265
-1.65023
-0.386741
1.09756
0.606849
-0.692033
-0.699963
0.311602
0.728338
-0.0126241
-0.612652
-0.268355
0.443778
0.427238
-0.191662
-0.479836
-0.0687753
0.409549
0.27022
-0.221818
-0.378563
-0.00680012
0.346529
0.210227
-0.19026
-0.318934
-0.0209196
0.282437
0.206063
-0.123794
-0.281801
-0.0765617
0.207245
0.22289
-0.0293421
-0.235827
-0.146216
0.104449
0.221457
0.0805545
-0.150205
-0.1905
-0.0238706
0.160272
0.166318
-0.0189426
-0.160304
-0.131363
0.0267133
0.164211
0.107061
-0.0412491
-0.135397
-0.112869
0.0454247
0.131811
0.0834472
-0.00953509
-0.125632
-0.0982903
0.0265802
0.0766215
0.104218
0.0220435
-0.100599
-0.0700648
-0.0357989
0.0260292
0.118066
0.0341365
-0.0313826
99.999
100.05
99.9559
99.8962
100.087
100.167
99.8743
99.7535
100.158
100.351
99.8199
99.5097
100.182
100.691
99.8455
99.0121
100.055
101.491
100.197
97.5454
99.0125
104.898
104.531
85.7441
49.9876
14.3248
-4.50849
-5.02702
0.850658
2.65966
0.0448515
-1.67416
-0.442248
1.09622
0.668855
-0.672833
-0.745412
0.26222
0.761747
0.0441024
-0.612269
-0.330206
0.414493
0.474838
-0.139447
-0.495883
-0.134311
0.392479
0.323582
-0.172165
-0.40197
-0.0722512
0.330898
0.264191
-0.138743
-0.338907
-0.0862429
0.25814
0.254237
-0.066176
-0.287006
-0.138731
0.166172
0.255159
0.0330513
-0.215529
-0.194302
0.0451644
0.224861
0.135078
-0.101149
-0.205501
-0.0883777
0.12805
0.189263
0.0417207
-0.127224
-0.171366
-0.0254331
0.139141
0.137126
0.0250328
-0.123698
-0.143796
-0.00270735
0.0965901
0.125732
0.0399062
-0.109468
-0.104348
-0.0368765
0.0457086
0.133435
0.0452193
-0.0517541
-0.0644666
-0.0960417
0.00910973
0.102057
0.0387962
99.9773
100.026
100.066
99.9266
99.8852
100.118
100.175
99.8403
99.7465
100.194
100.359
99.7811
99.4986
100.222
100.708
99.8047
98.9895
100.092
101.523
100.161
97.507
99.0365
104.949
104.514
85.6934
49.9844
14.3826
-4.49356
-5.07558
0.814049
2.69974
0.0955956
-1.69705
-0.499039
1.09006
0.733106
-0.650173
-0.78822
0.207167
0.791398
0.103824
-0.605495
-0.391349
0.377071
0.518877
-0.0823741
-0.503189
-0.201327
0.365579
0.372635
-0.115537
-0.41469
-0.139962
0.303783
0.311921
-0.0792775
-0.345597
-0.152556
0.221426
0.292277
-0.00199637
-0.275855
-0.197876
0.114255
0.271681
0.0965981
-0.177279
-0.232979
-0.018157
0.208294
0.180332
-0.0375897
-0.206094
-0.143765
0.0798773
0.190637
0.106067
-0.0835999
-0.189517
-0.0749266
0.088323
0.157846
0.0860098
-0.0952584
-0.146431
-0.0621476
0.0499127
0.151376
0.0742749
-0.0619726
-0.0961836
-0.100876
0.0174508
0.125279
0.061173
0.0193824
-0.0588394
-0.127574
-0.0057214
0.0468238
99.9954
99.9622
100.055
100.074
99.8959
99.8809
100.151
100.177
99.8048
99.7449
100.232
100.362
99.7402
99.4915
100.264
100.722
99.7609
98.9692
100.132
101.556
100.123
97.4691
99.0618
105.001
104.495
85.6419
49.9805
14.4427
-4.47776
-5.12497
0.775275
2.73902
0.149935
-1.71906
-0.556605
1.07852
0.799574
-0.624161
-0.827871
0.146718
0.816578
0.16629
-0.592345
-0.45061
0.33146
0.558456
-0.0212172
-0.501219
-0.268251
0.328849
0.415834
-0.05308
-0.415846
-0.207724
0.265543
0.350977
-0.013351
-0.338495
-0.216483
0.173389
0.31706
0.0667322
-0.249408
-0.249182
0.0540235
0.269449
0.158953
-0.125416
-0.256898
-0.0806804
0.170064
0.215401
0.0315551
-0.189459
-0.182801
0.015841
0.174705
0.162818
-0.0339768
-0.178029
-0.122357
0.023278
0.16475
0.127739
-0.0448964
-0.126478
-0.122568
0.00511206
0.145085
0.0947558
0.00940663
-0.083091
-0.141611
-0.00906093
0.0770078
0.0773233
0.0868625
-0.0515605
-0.114507
-0.027562
100.019
99.9669
99.9552
100.085
100.076
99.8646
99.8832
100.185
100.173
99.7683
99.7488
100.272
100.361
99.6973
99.4887
100.308
100.733
99.7141
98.9514
100.175
101.588
100.081
97.4319
99.0884
105.055
104.473
85.5896
49.9757
14.505
-4.46099
-5.17529
0.734539
2.77703
0.208248
-1.74046
-0.614379
1.06106
0.868205
-0.59489
-0.863923
0.0813014
0.836494
0.231298
-0.573002
-0.506748
0.277759
0.592644
0.0432649
-0.489805
-0.33322
0.282371
0.451805
0.0139086
-0.405188
-0.272721
0.216377
0.379676
0.0569212
-0.317886
-0.273829
0.114554
0.327355
0.136627
-0.209557
-0.287074
-0.0133149
0.249041
0.215828
-0.0651795
-0.259993
-0.140651
0.114047
0.237776
0.0961141
-0.151111
-0.204683
-0.0576127
0.146347
0.198281
0.0221462
-0.138914
-0.165405
-0.0396491
0.148175
0.146283
0.0252746
-0.0959295
-0.164882
-0.0330157
0.100434
0.108789
0.0829196
-0.0667114
-0.141034
-0.0413058
0.0047718
0.0938415
0.123089
-0.0321712
-0.0608247
100.009
100.025
99.9382
99.9561
100.114
100.07
99.8335
99.8922
100.218
100.163
99.7315
99.7584
100.312
100.355
99.6528
99.4903
100.355
100.741
99.6643
98.9364
100.219
101.619
100.035
97.3956
99.1162
105.112
104.45
85.5367
49.9701
14.5696
-4.44307
-5.22675
0.692137
2.81324
0.270979
-1.76154
-0.671766
1.0372
0.938856
-0.562372
-0.896086
0.0115487
0.850245
0.298728
-0.547827
-0.55847
0.21619
0.620537
0.110306
-0.469146
-0.394097
0.226162
0.47968
0.0836001
-0.38265
-0.33203
0.15647
0.397474
0.128114
-0.283719
-0.321054
0.045791
0.323805
0.202199
-0.15706
-0.307956
-0.0860168
0.214082
0.260053
0.0006007
-0.239685
-0.196835
0.0490376
0.241207
0.150252
-0.0902221
-0.212756
-0.127
0.105745
0.204355
0.0859025
-0.0842148
-0.194166
-0.0888975
0.100499
0.148217
0.100438
-0.0630991
-0.170653
-0.0691514
0.0280665
0.120049
0.131813
-0.039148
-0.098992
-0.0830883
-0.0623199
0.0993393
0.114231
0.0090353
99.9853
100.037
100.023
99.9106
99.9644
100.142
100.057
99.8037
99.9075
100.251
100.147
99.6951
99.7736
100.352
100.344
99.6072
99.4966
100.402
100.746
99.6117
98.9247
100.266
101.65
99.9861
97.3605
99.145
105.17
104.424
85.4832
49.9636
14.6362
-4.42375
-5.27964
0.648456
2.84705
0.338634
-1.78263
-0.728173
1.00651
1.01129
-0.526539
-0.92419
-0.0617666
0.856907
0.368447
-0.517258
-0.604513
0.147086
0.6414
0.178896
-0.439405
-0.448989
0.160604
0.498866
0.153636
-0.347862
-0.383626
0.0871176
0.403907
0.19627
-0.235418
-0.356595
-0.0298354
0.30679
0.25774
-0.0917195
-0.311954
-0.159022
0.167634
0.284555
0.0715633
-0.199646
-0.244207
-0.0166398
0.218812
0.194266
-0.0143998
-0.20802
-0.178018
0.04875
0.18417
0.151583
-0.0280991
-0.194154
-0.124082
0.0257501
0.142395
0.157351
-0.0259247
-0.134864
-0.10937
-0.0469176
0.121154
0.139893
0.00934063
-0.0355376
-0.125488
-0.0982739
0.0768231
0.06974
99.9869
99.9885
100.063
100.013
99.8854
99.9797
100.168
100.038
99.7761
99.9291
100.281
100.125
99.6599
99.7946
100.392
100.328
99.5609
99.5079
100.451
100.747
99.5563
98.9164
100.314
101.68
99.9328
97.3269
99.1747
105.231
104.395
85.4291
49.9563
14.7049
-4.40268
-5.33433
0.603959
2.87777
0.411724
-1.80403
-0.783092
0.968711
1.08507
-0.48713
-0.948259
-0.137709
0.855588
0.440147
-0.48153
-0.644011
0.0712976
0.654261
0.248056
-0.400742
-0.496548
0.0870614
0.508151
0.222149
-0.300939
-0.426144
0.0111457
0.397386
0.258764
-0.173645
-0.379834
-0.107035
0.274777
0.300314
-0.0153284
-0.300958
-0.224116
0.109467
0.28701
0.145594
-0.147221
-0.273192
-0.0802806
0.169679
0.229757
0.0619108
-0.184938
-0.204249
-0.0258858
0.149055
0.20369
0.0232524
-0.156445
-0.15243
-0.0573691
0.129143
0.177142
0.0245783
-0.0714142
-0.149622
-0.0988102
0.0960581
0.111733
0.0777479
0.0209473
-0.146354
-0.0960828
0.0166345
100.009
99.9621
99.9995
100.086
99.9959
99.8638
100.001
100.19
100.013
99.7517
99.9565
100.309
100.097
99.6264
99.8213
100.431
100.306
99.5143
99.5243
100.5
100.745
99.4982
98.9119
100.364
101.71
99.8754
97.2951
99.2052
105.295
104.363
85.3744
49.9485
14.7752
-4.37943
-5.39127
0.559204
2.90465
0.490766
-1.826
-0.836099
0.92374
1.15946
-0.443626
-0.968642
-0.214987
0.845214
0.51357
-0.440894
-0.67639
-0.00972468
0.657667
0.317326
-0.353976
-0.53534
0.00743983
0.50579
0.288273
-0.243527
-0.457601
-0.0683288
0.375873
0.314772
-0.10187
-0.388818
-0.180779
0.22581
0.330318
0.0658913
-0.274791
-0.274015
0.0380478
0.271181
0.214678
-0.0873631
-0.274954
-0.143812
0.102594
0.252521
0.125524
-0.135373
-0.210273
-0.108404
0.108444
0.223544
0.0741826
-0.0874435
-0.177132
-0.123442
0.0975689
0.157522
0.0913273
-0.0058714
-0.171125
-0.116462
0.0334958
0.0687751
0.145689
0.0514911
-0.12166
-0.0702552
100.015
99.9978
99.9416
100.017
100.104
99.973
99.8469
100.028
100.208
99.9827
99.7314
99.9893
100.334
100.064
99.5956
99.8535
100.468
100.28
99.4679
99.5461
100.55
100.739
99.4376
98.9117
100.415
101.74
99.8136
97.2654
99.2364
105.361
104.329
85.319
49.9401
14.8469
-4.35351
-5.45096
0.514785
2.92695
0.576231
-1.84873
-0.886838
0.871655
1.23364
-0.395469
-0.985791
-0.292185
0.824721
0.588508
-0.3958
-0.701072
-0.0944068
0.650211
0.386464
-0.300594
-0.563547
-0.0765803
0.490535
0.35142
-0.178573
-0.474986
-0.149345
0.338913
0.363649
-0.0255081
-0.379745
-0.248866
0.161048
0.34853
0.142934
-0.230086
-0.306862
-0.0440146
0.2427
0.266504
-0.0192248
-0.248873
-0.20675
0.0319103
0.251378
0.172759
-0.0588395
-0.205454
-0.178275
0.0617472
0.2026
0.131046
-0.00906275
-0.188722
-0.155569
0.0360862
0.115123
0.159852
0.0402269
-0.150818
-0.109118
-0.0570048
0.0346899
0.179591
0.0570083
-0.0457136
99.9967
100.034
99.9799
99.9268
100.04
100.116
99.9454
99.8357
100.06
100.22
99.9475
99.7161
100.027
100.354
100.026
99.5681
99.8911
100.502
100.248
99.4223
99.5732
100.599
100.729
99.3745
98.9159
100.468
101.769
99.7474
97.238
99.2682
105.429
104.291
85.2628
49.9317
14.9196
-4.32438
-5.51394
0.471244
2.94406
0.668405
-1.8722
-0.935248
0.81281
1.30661
-0.342002
-1.00018
-0.368026
0.793368
0.664493
-0.346579
-0.717618
-0.181249
0.630953
0.454928
-0.242106
-0.579377
-0.163793
0.462422
0.410089
-0.108714
-0.475524
-0.231083
0.288766
0.402721
0.0513034
-0.349591
-0.311473
0.0863366
0.352343
0.209472
-0.164172
-0.325927
-0.127078
0.202546
0.292303
0.0601857
-0.204251
-0.26005
-0.0327619
0.216227
0.209791
0.0309303
-0.192728
-0.216104
0.000204219
0.151162
0.189924
0.0545604
-0.16904
-0.157215
-0.0523283
0.0738576
0.201787
0.0641423
-0.0809684
-0.0988936
-0.143281
0.0186917
0.154897
0.0570631
99.9847
100.015
100.047
99.9573
99.9187
100.067
100.121
99.9142
99.831
100.095
100.226
99.9086
99.7066
100.069
100.369
99.9832
99.5447
99.9337
100.534
100.211
99.3779
99.6059
100.648
100.716
99.3093
98.9248
100.521
101.798
99.6766
97.2132
99.3007
105.5
104.251
85.2056
49.9234
14.9928
-4.29142
-5.58076
0.429093
2.95542
0.767449
-1.89615
-0.981527
0.74783
1.37706
-0.282416
-1.01229
-0.441405
0.750794
0.740585
-0.293154
-0.725897
-0.268791
0.599564
0.521296
-0.179064
-0.582097
-0.252591
0.422293
0.461374
-0.0346249
-0.458917
-0.311522
0.228588
0.427277
0.128055
-0.299841
-0.366877
0.00877298
0.33584
0.265632
-0.0809191
-0.333056
-0.198791
0.145337
0.293598
0.147417
-0.152195
-0.288194
-0.0935239
0.148868
0.2423
0.111651
-0.162423
-0.217823
-0.0810581
0.0916084
0.231525
0.0949214
-0.105689
-0.147958
-0.144188
0.0446077
0.191963
0.0834998
0.0201915
-0.100763
-0.187907
0.00596055
0.0748328
99.9972
99.9737
100.037
100.052
99.9318
99.9181
100.097
100.119
99.8808
99.8336
100.133
100.225
99.867
99.7036
100.114
100.378
99.9364
99.5261
99.9811
100.562
100.169
99.3354
99.644
100.696
100.698
99.2421
98.9387
100.575
101.826
99.6012
97.191
99.3338
105.574
104.209
85.1469
49.9156
15.066
-4.25406
-5.65184
0.388719
2.96061
0.873265
-1.92004
-1.02612
0.67764
1.44342
-0.215797
-1.02257
-0.511355
0.697138
0.81508
-0.234709
-0.726615
-0.354825
0.555672
0.583581
-0.111016
-0.572792
-0.339347
0.369874
0.502649
0.0439474
-0.427835
-0.385076
0.158954
0.43415
0.20537
-0.236726
-0.407893
-0.0689373
0.295581
0.314418
0.00810009
-0.322447
-0.252676
0.0667461
0.279597
0.227571
-0.0948414
-0.27999
-0.158355
0.0660727
0.262981
0.166896
-0.10013
-0.19687
-0.16932
0.0402715
0.229943
0.123408
-0.00718565
-0.142852
-0.203912
0.015111
0.126069
0.11663
0.114372
-0.103844
-0.169003
-0.0297844
100.013
99.9759
99.9708
100.06
100.049
99.9052
99.9254
100.126
100.11
99.8469
99.8438
100.171
100.217
99.8239
99.7076
100.161
100.381
99.8862
99.513
100.033
100.586
100.123
99.2954
99.6875
100.742
100.676
99.1734
98.9577
100.63
101.852
99.5213
97.1716
99.3677
105.649
104.163
85.0868
49.9088
15.1388
-4.2118
-5.72755
0.350469
2.95935
0.985533
-1.94316
-1.06962
0.603463
1.50385
-0.141118
-1.03174
-0.576599
0.632558
0.886228
-0.170374
-0.721163
-0.436126
0.498165
0.640739
-0.0383473
-0.553123
-0.418967
0.303272
0.533919
0.124856
-0.38505
-0.444517
0.077601
0.425342
0.27967
-0.166313
-0.425197
-0.149385
0.23673
0.353719
0.0904988
-0.283952
-0.292283
-0.026137
0.256742
0.281078
-0.0244396
-0.239825
-0.226453
-0.00983989
0.25245
0.197141
-0.0054887
-0.171884
-0.233992
-0.00442634
0.173828
0.156296
0.0928398
-0.136269
-0.204654
-0.0352215
0.0301959
0.158636
0.160623
-0.079474
-0.0950953
100.008
100.015
99.9539
99.9763
100.084
100.038
99.8797
99.9406
100.155
100.092
99.814
99.8618
100.209
100.201
99.7803
99.719
100.21
100.378
99.8333
99.5061
100.088
100.605
100.071
99.2586
99.7362
100.787
100.65
99.1036
98.9818
100.685
101.878
99.4369
97.1551
99.4024
105.727
104.116
85.0248
49.9032
15.2108
-4.16433
-5.80807
0.314484
2.95166
1.10378
-1.96485
-1.11258
0.526356
1.55702
-0.0578377
-1.04031
-0.636099
0.557267
0.952923
-0.100177
-0.710343
-0.510126
0.426264
0.692815
0.0367949
-0.523291
-0.48812
0.221542
0.55702
0.20287
-0.3303
-0.486412
-0.0161161
0.406129
0.342437
-0.0891355
-0.41579
-0.234351
0.170807
0.373787
0.162829
-0.214618
-0.325348
-0.114798
0.220684
0.299472
0.0654157
-0.186872
-0.281292
-0.0680852
0.196865
0.217999
0.0979839
-0.149975
-0.247883
-0.058059
0.0831153
0.19647
0.154505
-0.106951
-0.152745
-0.111889
-0.0487283
0.182333
0.14409
-0.0104761
99.9911
100.029
100.008
99.9336
99.9898
100.104
100.019
99.8571
99.9633
100.181
100.067
99.7837
99.8875
100.245
100.177
99.7377
99.7382
100.259
100.367
99.7787
99.5058
100.145
100.619
100.016
99.2258
99.7898
100.83
100.619
99.0332
99.0112
100.74
101.903
99.3481
97.1416
99.4381
105.806
104.066
84.9608
49.899
15.2818
-4.11149
-5.89341
0.280451
2.938
1.22717
-1.98399
-1.15597
0.44734
1.60195
0.0340621
-1.04785
-0.689994
0.472268
1.01385
-0.0244128
-0.693834
-0.576298
0.3411
0.738788
0.112491
-0.48209
-0.546913
0.127363
0.571403
0.273756
-0.261179
-0.513133
-0.116937
0.377829
0.386589
-0.00120399
-0.386262
-0.317481
0.104491
0.364465
0.231986
-0.1254
-0.351299
-0.183371
0.159158
0.293405
0.167101
-0.137351
-0.300132
-0.11934
0.104137
0.242891
0.177188
-0.116803
-0.211499
-0.134329
-0.0028814
0.224976
0.16513
-0.034459
-0.0877622
-0.19649
-0.0803502
0.156708
0.0958285
99.9886
99.9987
100.047
99.9932
99.9172
100.01
100.121
99.9933
99.8393
99.9928
100.202
100.035
99.7576
99.9204
100.278
100.146
99.6973
99.7651
100.307
100.348
99.723
99.5128
100.205
100.627
99.956
99.1975
99.8479
100.87
100.583
98.9627
99.0457
100.796
101.925
99.2552
97.131
99.475
105.887
104.014
84.8945
49.8966
15.3518
-4.05301
-5.98345
0.247936
2.91884
1.35467
-1.99901
-1.20097
0.367614
1.63733
0.13452
-1.05328
-0.73921
0.379604
1.06628
0.057519
-0.671195
-0.634975
0.245749
0.774654
0.189455
-0.4296
-0.595884
0.0263212
0.571498
0.338332
-0.178405
-0.527281
-0.214959
0.333734
0.413016
0.0972022
-0.344981
-0.383968
0.0320902
0.325531
0.302707
-0.0344039
-0.354488
-0.231921
0.0663185
0.280002
0.256111
-0.0862905
-0.271175
-0.182099
0.00202618
0.260903
0.213381
-0.0464795
-0.151498
-0.222469
-0.058396
0.205652
0.14782
0.0808508
-0.0448705
-0.246965
-0.0790191
0.0625016
100.003
99.9724
100.014
100.059
99.9723
99.9066
100.037
100.131
99.9623
99.8279
100.028
100.217
99.9968
99.7371
99.9599
100.305
100.108
99.6603
99.7997
100.353
100.323
99.6673
99.5274
100.267
100.63
99.8924
99.1745
99.9099
100.908
100.542
98.8928
99.0851
100.853
101.946
99.1584
97.1233
99.513
105.97
103.96
84.826
49.8956
15.4206
-3.98887
-6.07778
0.216577
2.8945
1.48509
-2.00844
-1.2485
0.288625
1.66148
0.243469
-1.0558
-0.784213
0.281866
1.10646
0.147068
-0.643645
-0.684733
0.143357
0.79524
0.270263
-0.369842
-0.631579
-0.0771358
0.550956
0.400736
-0.0899911
-0.524816
-0.302611
0.266166
0.429286
0.193873
-0.291777
-0.420909
-0.0562075
0.270227
0.363513
0.0468419
-0.316035
-0.273301
-0.0418813
0.262398
0.303994
-0.0138975
-0.206409
-0.253922
-0.077663
0.238736
0.212635
0.0650533
-0.0984989
-0.278312
-0.0858674
0.115218
0.133532
0.196536
-0.0264683
-0.215157
-0.0786467
100.012
99.9884
99.9624
100.034
100.065
99.947
99.9035
100.067
100.133
99.9273
99.8241
100.067
100.224
99.954
99.7237
100.005
100.327
100.063
99.6281
99.8416
100.395
100.29
99.6124
99.5499
100.328
100.626
99.8253
99.1577
99.9754
100.944
100.496
98.8243
99.1292
100.91
101.964
99.058
97.1187
99.5521
106.054
103.904
84.7555
49.8962
15.4883
-3.91949
-6.17591
0.186125
2.86551
1.61737
-2.01157
-1.29899
0.211612
1.67335
0.360648
-1.05567
-0.824455
0.180836
1.13226
0.244862
-0.613831
-0.722353
0.0349411
0.799105
0.355503
-0.308668
-0.647768
-0.183099
0.510536
0.462022
-0.00668607
-0.497215
-0.381163
0.178428
0.440845
0.271216
-0.218138
-0.430761
-0.158276
0.215946
0.392001
0.122202
-0.237304
-0.317762
-0.132418
0.225986
0.30398
0.0880962
-0.13942
-0.304807
-0.120926
0.156641
0.202561
0.179591
-0.0688728
-0.259458
-0.107451
-0.0168697
0.139826
0.246446
-0.0141854
-0.10154
100.003
100.021
99.9692
99.9603
100.057
100.063
99.9196
99.9089
100.099
100.127
99.8905
99.8292
100.109
100.223
99.9078
99.7185
100.055
100.341
100.013
99.602
99.8903
100.433
100.25
99.5596
99.5805
100.389
100.617
99.7552
99.1477
100.044
100.976
100.444
98.7579
99.1779
100.967
101.979
98.9542
97.1174
99.5925
106.14
103.845
84.6833
49.8981
15.5554
-3.84554
-6.27735
0.155829
2.83289
1.75079
-2.0081
-1.3526
0.136541
1.6737
0.484947
-1.05259
-0.859903
0.0767984
1.14463
0.349158
-0.582068
-0.746756
-0.0800079
0.789417
0.44145
-0.2469
-0.642531
-0.29395
0.457971
0.516236
0.0695849
-0.441639
-0.457593
0.0846293
0.442356
0.324336
-0.118023
-0.429875
-0.25661
0.165442
0.377495
0.206699
-0.144505
-0.358957
-0.186228
0.152432
0.283084
0.202815
-0.0962011
-0.304123
-0.149879
0.0341843
0.212949
0.248115
-0.0477232
-0.173524
-0.155392
-0.125278
0.161888
0.209863
0.0253683
99.9898
100.021
100.02
99.9485
99.9667
100.081
100.051
99.8925
99.9231
100.13
100.111
99.8538
99.8435
100.151
100.212
99.8598
99.7222
100.107
100.347
99.9581
99.5829
99.9452
100.465
100.203
99.5096
99.6195
100.448
100.6
99.6823
99.1453
100.114
101.006
100.386
98.6944
99.231
101.025
101.99
98.847
97.1193
99.6343
106.227
103.783
84.6092
49.9011
15.6226
-3.76731
-6.38143
0.124198
2.79782
1.8843
-1.99659
-1.40986
0.0626061
1.66376
0.614187
-1.0435
-0.892582
-0.0295447
1.14423
0.456742
-0.543919
-0.761379
-0.1993
0.767184
0.522624
-0.17793
-0.621517
-0.406398
0.3968
0.553873
0.148739
-0.366341
-0.530331
-0.00529715
0.418716
0.366751
0.00114587
-0.425775
-0.331147
0.09884
0.332396
0.305259
-0.062293
-0.369753
-0.219553
0.0371669
0.27198
0.295958
-0.0599812
-0.243837
-0.203872
-0.0875911
0.233885
0.253104
0.0130224
-0.0660211
-0.23736
-0.174632
0.150009
0.12839
99.9922
99.9912
100.039
100.012
99.9292
99.9815
100.102
100.032
99.8683
99.9461
100.159
100.087
99.8195
99.8671
100.192
100.192
99.812
99.7355
100.162
100.343
99.9
99.5719
100.005
100.49
100.149
99.4635
99.6664
100.505
100.578
99.6072
99.1509
100.186
101.033
100.321
98.6342
99.2878
101.084
101.999
98.7366
97.1242
99.6774
106.316
103.719
84.5332
49.9047
15.6899
-3.68445
-6.48741
0.090395
2.76057
2.01638
-1.97484
-1.47136
-0.00970507
1.64278
0.746031
-1.02448
-0.924978
-0.134543
1.12759
0.565535
-0.494936
-0.770361
-0.31508
0.726097
0.596837
-0.0969894
-0.591839
-0.507039
0.319424
0.570998
0.237427
-0.284882
-0.580499
-0.0956346
0.360963
0.411135
0.116182
-0.400457
-0.373916
-0.00250745
0.279681
0.390586
0.00939094
-0.320823
-0.260616
-0.0934912
0.263057
0.330515
0.012131
-0.142929
-0.280595
-0.169419
0.206142
0.205994
0.135384
0.0228146
-0.290799
-0.168251
0.0437047
100.006
99.9755
100.001
100.055
99.995
99.9142
100.004
100.118
100.005
99.8494
99.9769
100.182
100.054
99.7898
99.8997
100.23
100.163
99.7664
99.7586
100.215
100.331
99.8401
99.5698
100.069
100.508
100.09
99.4224
99.721
100.558
100.549
99.5307
99.1648
100.259
101.057
100.251
98.5784
99.3479
101.144
102.003
98.6237
97.1325
99.721
106.408
103.651
84.4563
49.9084
15.7569
-3.59731
-6.59467
0.0551011
2.72068
2.14585
-1.94248
-1.53687
-0.0782696
1.60901
0.879316
-0.995444
-0.95724
-0.233154
1.09023
0.676084
-0.437885
-0.773415
-0.418742
0.659166
0.667601
-0.0116197
-0.554354
-0.582299
0.216907
0.576063
0.324052
-0.205267
-0.588118
-0.197067
0.284193
0.450049
0.202477
-0.329769
-0.396986
-0.122315
0.235287
0.419347
0.0874948
-0.221044
-0.313881
-0.185576
0.220932
0.29781
0.128088
-0.0512867
-0.323513
-0.186452
0.0950519
0.142446
0.257989
0.0582247
-0.238781
-0.122407
100.01
99.9953
99.9632
100.018
100.064
99.9721
99.9058
100.032
100.127
99.9714
99.8379
100.014
100.198
100.014
99.7669
99.9404
100.261
100.124
99.7248
99.7914
100.267
100.308
99.7799
99.5775
100.136
100.518
100.027
99.3876
99.7826
100.606
100.513
99.4538
99.1878
100.331
101.078
100.174
98.5281
99.4111
101.204
102.003
98.5088
97.1446
99.7653
106.5
103.58
84.3795
49.9121
15.8244
-3.50736
-6.70306
0.0188803
2.67861
2.2731
-1.90172
-1.60544
-0.142652
1.56343
1.01424
-0.959991
-0.987455
-0.324931
1.03372
0.789699
-0.379925
-0.766683
-0.510997
0.569472
0.739571
0.0653051
-0.503323
-0.635402
0.0929006
0.582341
0.389371
-0.121744
-0.559011
-0.31278
0.217363
0.463433
0.261922
-0.216452
-0.426007
-0.219274
0.194818
0.384837
0.188828
-0.124928
-0.359794
-0.211107
0.12674
0.248147
0.249628
-0.0187156
-0.291795
-0.168264
-0.0563206
0.126064
0.304272
0.0367284
-0.101712
100
100.021
99.979
99.9579
100.04
100.066
99.9453
99.9059
100.064
100.127
99.9343
99.8357
100.056
100.205
99.9689
99.7526
99.988
100.285
100.078
99.6893
99.8337
100.314
100.275
99.7208
99.5956
100.203
100.518
99.9584
99.3604
99.851
100.649
100.471
99.3771
99.2202
100.403
101.094
100.09
98.484
99.4776
101.265
101.997
98.3917
97.1608
99.8111
106.595
103.505
84.3023
49.9161
15.8938
-3.41549
-6.81244
-0.0201762
2.63596
2.39914
-1.85354
-1.67615
-0.206692
1.51012
1.14988
-0.917979
-1.01456
-0.415748
0.965007
0.903348
-0.319887
-0.748059
-0.601643
0.467963
0.807993
0.134917
-0.43274
-0.683617
-0.0377896
0.585985
0.431129
-0.0182517
-0.520307
-0.430312
0.164007
0.438318
0.327877
-0.0887677
-0.466581
-0.275081
0.125919
0.33008
0.315613
-0.0685033
-0.366598
-0.215441
-0.0140165
0.242654
0.336767
-0.01731
-0.193859
-0.198001
-0.190689
0.167967
0.270398
0.0477259
99.9903
100.016
100.023
99.9595
99.961
100.063
100.059
99.9172
99.9157
100.097
100.117
99.8958
99.8439
100.1
100.202
99.9198
99.7484
100.041
100.299
100.024
99.6613
99.8847
100.356
100.233
99.6641
99.6241
100.271
100.509
99.8864
99.3413
99.9253
100.686
100.422
99.3011
99.2618
100.474
101.108
99.9996
98.4459
99.5469
101.327
101.986
98.2721
97.1801
99.8589
106.691
103.426
84.2232
49.9199
15.9656
-3.32028
-6.92193
-0.0648185
2.59326
2.52271
-1.79453
-1.74843
-0.274024
1.45101
1.2814
-0.861887
-1.03982
-0.50838
0.886925
1.0072
-0.245447
-0.720553
-0.69228
0.360098
0.855393
0.213765
-0.345447
-0.729766
-0.161691
0.559223
0.465734
0.107951
-0.482616
-0.520777
0.0899637
0.377909
0.417951
0.0265981
-0.474795
-0.308049
-0.00141703
0.290323
0.427865
-0.0203121
-0.296774
-0.258872
-0.172472
0.256343
0.352907
0.0448583
-0.0496284
-0.288148
-0.275489
0.159054
0.17046
99.9942
99.9894
100.033
100.017
99.9401
99.9732
100.085
100.042
99.8911
99.9352
100.128
100.096
99.8586
99.8628
100.144
100.187
99.8696
99.7551
100.097
100.303
99.9658
99.6424
99.9429
100.39
100.183
99.6116
99.6628
100.337
100.492
99.812
99.331
100.004
100.718
100.367
99.227
99.312
100.544
101.118
99.903
98.4144
99.6178
101.391
101.97
98.1507
97.2022
99.9072
106.791
103.343
84.1428
49.9225
16.0374
-3.21997
-7.03056
-0.113829
2.54881
2.64027
-1.7214
-1.82214
-0.341068
1.38311
1.40301
-0.786463
-1.06564
-0.593543
0.794435
1.0929
-0.150191
-0.691534
-0.765244
0.241254
0.869501
0.309684
-0.25864
-0.748729
-0.274944
0.483878
0.506108
0.224612
-0.425455
-0.559062
-0.0289343
0.306895
0.492131
0.115968
-0.399899
-0.341408
-0.151956
0.257026
0.452311
0.0643273
-0.158191
-0.325468
-0.273221
0.206562
0.272288
0.180307
0.0853598
-0.327674
-0.258196
0.0223446
100.006
99.9787
99.9972
100.048
100.002
99.9243
99.9937
100.103
100.017
99.87
99.9638
100.155
100.066
99.826
99.8922
100.184
100.162
99.8212
99.7734
100.153
100.296
99.9046
99.634
100.007
100.415
100.125
99.5653
99.7114
100.399
100.465
99.7367
99.331
100.085
100.743
100.306
99.1568
99.3703
100.61
101.124
99.8015
98.3909
99.6892
101.455
101.949
98.0297
97.2277
99.9549
106.892
103.258
84.0639
49.9241
16.108
-3.11618
-7.139
-0.162489
2.50135
2.75141
-1.63784
-1.89764
-0.400756
1.30402
1.51599
-0.698876
-1.09342
-0.660234
0.683696
1.16623
-0.04631
-0.666935
-0.804333
0.105777
0.864996
0.408201
-0.19058
-0.719662
-0.387037
0.38602
0.550117
0.292405
-0.328839
-0.562702
-0.16713
0.26326
0.497706
0.187146
-0.265653
-0.391157
-0.239147
0.209903
0.378822
0.184149
-0.0468051
-0.359855
-0.256297
0.0806054
0.165098
0.299894
0.106623
-0.253421
-0.149992
100.009
99.9975
99.9668
100.013
100.058
99.9807
99.9151
100.021
100.113
99.9847
99.8569
100
100.173
100.027
99.8008
99.9314
100.218
100.125
99.7772
99.8036
100.207
100.276
99.8427
99.6377
100.074
100.429
100.061
99.527
99.7698
100.454
100.428
99.6615
99.3427
100.168
100.76
100.238
99.0924
99.4373
100.674
101.124
99.6949
98.377
99.7619
101.52
101.919
97.9097
97.2577
100.004
106.993
103.167
83.987
49.9261
16.1805
-3.01257
-7.24887
-0.210723
2.45271
2.86151
-1.55077
-1.97449
-0.455875
1.21745
1.6285
-0.609562
-1.12031
-0.715903
0.559631
1.2413
0.0516964
-0.640721
-0.823181
-0.0455014
0.86775
0.49179
-0.130877
-0.659651
-0.515206
0.30654
0.583445
0.325659
-0.196673
-0.585414
-0.28353
0.247266
0.444164
0.283398
-0.150823
-0.46094
-0.244554
0.125712
0.306866
0.324341
-0.0357738
-0.343552
-0.203327
-0.0788168
0.163695
0.362292
0.0323077
-0.122288
99.9999
100.019
99.9825
99.9617
100.033
100.06
99.9546
99.9149
100.053
100.114
99.9478
99.8539
100.042
100.181
99.9816
99.7854
99.979
100.243
100.078
99.74
99.8454
100.256
100.244
99.7818
99.6541
100.144
100.432
99.9906
99.4977
99.8378
100.503
100.382
99.5866
99.3667
100.252
100.769
100.162
99.034
99.513
100.735
101.118
99.5822
98.3722
99.8374
101.585
101.881
97.7888
97.2914
100.058
107.094
103.07
83.9081
49.929
16.2587
-2.90832
-7.35935
-0.266172
2.40512
2.97373
-1.45833
-2.04924
-0.519698
1.12878
1.74068
-0.51393
-1.13819
-0.780985
0.430556
1.31353
0.149886
-0.594331
-0.850305
-0.203185
0.868711
0.559626
-0.0411866
-0.600949
-0.654065
0.238037
0.57961
0.384902
-0.0461099
-0.634013
-0.366581
0.188759
0.381899
0.433884
-0.0777007
-0.4965
-0.25179
-0.0333383
0.305878
0.45638
-0.0399423
-0.250537
-0.251825
-0.259378
0.234726
0.363081
0.0569061
99.9914
100.014
100.021
99.9642
99.9652
100.056
100.052
99.9272
99.925
100.085
100.103
99.9093
99.8624
100.086
100.177
99.932
99.7812
100.033
100.258
100.024
99.7116
99.8971
100.299
100.201
99.724
99.6827
100.215
100.423
99.9165
99.4779
99.9135
100.544
100.328
99.5127
99.4021
100.336
100.772
100.08
98.9815
99.5957
100.795
101.107
99.4639
98.3747
99.9144
101.654
101.836
97.6661
97.3263
100.115
107.198
102.971
83.8237
49.9308
16.3392
-2.79737
-7.46681
-0.332806
2.35695
3.0803
-1.35028
-2.11784
-0.595456
1.03765
1.83603
-0.396752
-1.14258
-0.85566
0.300995
1.35275
0.265368
-0.521917
-0.883112
-0.347566
0.822165
0.620552
0.0872563
-0.546861
-0.75345
0.133207
0.521685
0.483552
0.0924403
-0.629313
-0.420133
0.0360901
0.331005
0.564358
-0.00042394
-0.408488
-0.310692
-0.234808
0.304027
0.481231
0.0582352
-0.0572634
-0.357139
-0.387244
0.188918
0.228444
99.9947
99.991
100.03
100.014
99.9462
99.9779
100.077
100.035
99.9023
99.9454
100.115
100.082
99.873
99.8826
100.129
100.161
99.8819
99.7895
100.089
100.261
99.9645
99.6942
99.9566
100.333
100.148
99.6724
99.7228
100.282
100.402
99.8413
99.4688
99.9944
100.577
100.267
99.4424
99.4482
100.417
100.769
99.9929
98.9368
99.6823
100.851
101.092
99.3427
98.3848
99.9892
101.725
101.786
97.5449
97.3617
100.171
107.306
102.872
83.7387
49.9302
16.4143
-2.67808
-7.57064
-0.400892
2.30496
3.17151
-1.22503
-2.18294
-0.665449
0.940374
1.90221
-0.257688
-1.14454
-0.91148
0.171863
1.34426
0.398555
-0.452818
-0.886417
-0.462551
0.713112
0.684549
0.198111
-0.478299
-0.771453
-0.0202348
0.449467
0.555833
0.177677
-0.514553
-0.456937
-0.134195
0.293279
0.557596
0.100637
-0.228132
-0.378199
-0.328105
0.226317
0.346626
0.212517
0.105261
-0.367862
-0.320079
0.0114083
100.005
99.9808
99.9993
100.043
99.9988
99.9325
99.999
100.092
100.009
99.8837
99.9752
100.139
100.05
99.8429
99.9143
100.168
100.132
99.8351
99.8113
100.144
100.25
99.903
99.6901
100.021
100.355
100.087
99.63
99.7743
100.343
100.369
99.7673
99.4728
100.078
100.598
100.2
99.3787
99.5059
100.492
100.758
99.902
98.9039
99.7721
100.902
101.07
99.2219
98.4059
100.061
101.794
101.729
97.4301
97.4007
100.225
107.412
102.769
83.6607
49.9295
16.4857
-2.55858
-7.67658
-0.459725
2.25014
3.25447
-1.09644
-2.25301
-0.716563
0.836633
1.95672
-0.115899
-1.15995
-0.934161
0.038485
1.32231
0.53351
-0.417998
-0.84714
-0.566961
0.59221
0.763244
0.242428
-0.385305
-0.75494
-0.185071
0.434766
0.555747
0.222389
-0.354851
-0.527172
-0.20643
0.274556
0.445597
0.226304
-0.127056
-0.432121
-0.253798
0.103297
0.223402
0.337106
0.0608103
-0.295535
-0.151706
100.008
99.996
99.9712
100.015
100.05
99.9771
99.9266
100.027
100.099
99.9762
99.8747
100.013
100.153
100.009
99.8222
99.9565
100.197
100.092
99.7949
99.8468
100.195
100.224
99.842
99.7011
100.09
100.362
100.018
99.599
99.8376
100.395
100.322
99.6956
99.4917
100.164
100.605
100.125
99.3232
99.577
100.56
100.737
99.8057
98.885
99.8674
100.949
101.037
99.1004
98.4397
100.135
101.861
101.658
97.3202
97.4453
100.286
107.513
102.657
83.5855
49.9319
16.5656
-2.44504
-7.78806
-0.51879
2.19607
3.34793
-0.973307
-2.3266
-0.768181
0.727778
2.02688
0.0187144
-1.17748
-0.954166
-0.110498
1.325
0.660287
-0.388668
-0.795851
-0.704485
0.503453
0.845221
0.267939
-0.261089
-0.792642
-0.334557
0.458324
0.518909
0.324486
-0.239382
-0.654054
-0.209316
0.214499
0.390291
0.412248
-0.154452
-0.465473
-0.202169
-0.0694859
0.287963
0.45631
-0.055233
-0.190239
100.001
100.016
99.9813
99.9691
100.035
100.049
99.9518
99.9307
100.057
100.094
99.9396
99.8774
100.055
100.154
99.9621
99.8132
100.007
100.216
100.04
99.7636
99.8949
100.24
100.184
99.7837
99.7269
100.16
100.355
99.9441
99.5796
99.9113
100.439
100.264
99.626
99.525
100.253
100.602
100.043
99.2746
99.6606
100.625
100.707
99.7019
98.8776
99.9689
100.994
100.994
98.9749
98.4824
100.214
101.93
101.575
97.2076
97.4925
100.357
107.613
102.539
83.4998
49.9353
16.658
-2.32857
-7.89686
-0.598599
2.14195
3.45006
-0.841921
-2.38551
-0.848381
0.613864
2.09923
0.160618
-1.15945
-1.00372
-0.273032
1.32321
0.77603
-0.29827
-0.757457
-0.866345
0.413199
0.874694
0.358916
-0.103189
-0.863973
-0.460325
0.390515
0.48347
0.522153
-0.151198
-0.720159
-0.260459
0.0183399
0.421153
0.606259
-0.131989
-0.370088
-0.321332
-0.322085
0.378853
0.498306
0.0515539
99.9928
100.015
100.015
99.9644
99.976
100.055
100.037
99.9268
99.9455
100.088
100.078
99.9034
99.8924
100.098
100.143
99.9129
99.8173
100.062
100.222
99.9826
99.7436
99.9523
100.276
100.132
99.7312
99.7656
100.228
100.335
99.8678
99.5718
99.9918
100.473
100.198
99.5603
99.5701
100.34
100.589
99.9565
99.2327
99.7524
100.686
100.673
99.593
98.879
100.072
101.04
100.945
98.8462
98.5291
100.294
102.004
101.488
97.0911
97.5369
100.431
107.722
102.426
83.4026
49.9348
16.7456
-2.19607
-7.99315
-0.69525
2.08385
3.53081
-0.685984
-2.42013
-0.943911
0.500198
2.12473
0.322536
-1.0999
-1.06071
-0.414925
1.25078
0.876887
-0.151761
-0.72051
-0.964504
0.267192
0.820076
0.496826
0.0388041
-0.840111
-0.538692
0.18775
0.44697
0.665511
-0.0428416
-0.589438
-0.363075
-0.225492
0.404691
0.612183
0.0352681
-0.114583
-0.449529
-0.46748
0.256702
0.293446
99.9941
99.9952
100.028
100.005
99.9497
99.9918
100.072
100.016
99.9067
99.9704
100.112
100.051
99.8723
99.9195
100.136
100.119
99.8664
99.8353
100.116
100.214
99.9225
99.7377
100.015
100.299
100.072
99.6892
99.8159
100.289
100.301
99.7944
99.5777
100.075
100.494
100.126
99.5033
99.6261
100.419
100.566
99.8696
99.2018
99.8478
100.736
100.636
99.4852
98.8922
100.169
101.082
100.894
98.7229
98.5813
100.365
102.079
101.4
96.9825
97.5799
100.495
107.834
102.315
83.3135
49.9305
16.8147
-2.05392
-8.08505
-0.777304
2.0232
3.57747
-0.516513
-2.45476
-1.01066
0.396234
2.09681
0.494157
-1.05495
-1.07912
-0.509349
1.11357
0.977167
-0.0465544
-0.672795
-0.954227
0.0794784
0.763384
0.582849
0.0913639
-0.68668
-0.587636
0.00367192
0.438466
0.610138
0.0682865
-0.376224
-0.453141
-0.271583
0.309795
0.411858
0.214907
0.0278883
-0.434462
-0.304326
0.0391049
100.003
99.9827
100.006
100.038
99.988
99.9413
100.015
100.081
99.9873
99.8957
100.004
100.128
100.014
99.8511
99.9577
100.165
100.082
99.8275
99.8682
100.165
100.19
99.8641
99.7488
100.081
100.305
100.005
99.6619
99.8778
100.338
100.253
99.7272
99.6008
100.157
100.497
100.049
99.4594
99.6956
100.488
100.531
99.7833
99.1884
99.9479
100.772
100.589
99.3817
98.9245
100.261
101.115
100.83
98.6115
98.6463
100.431
102.146
101.3
96.891
97.629
100.557
107.936
102.194
83.2437
49.9298
16.8835
-1.92342
-8.19176
-0.835136
1.9647
3.62795
-0.358324
-2.51738
-1.04567
0.294222
2.08091
0.66274
-1.06401
-1.06449
-0.599822
0.996228
1.10889
-0.0257794
-0.614341
-0.939734
-0.104126
0.809294
0.597272
0.102689
-0.531598
-0.71041
-0.0376784
0.47921
0.482691
0.20913
-0.333972
-0.559851
-0.129795
0.204076
0.33049
0.36287
-0.135385
-0.390572
-0.115137
100.008
99.9923
99.9774
100.022
100.039
99.9662
99.9426
100.042
100.079
99.9542
99.8969
100.042
100.13
99.9705
99.8427
100.005
100.183
100.033
99.7993
99.9154
100.206
100.149
99.81
99.7778
100.147
100.293
99.9325
99.6506
99.9514
100.374
100.189
99.6664
99.6423
100.241
100.481
99.964
99.4286
99.7811
100.547
100.479
99.6934
99.1937
100.057
100.797
100.526
99.2781
98.9771
100.357
101.14
100.747
98.5061
98.7259
100.506
102.203
101.18
96.8048
97.6876
100.638
108.025
102.056
83.1701
49.9358
16.9816
-1.80582
-8.30971
-0.908318
1.90429
3.71968
-0.208774
-2.5827
-1.10434
0.167041
2.11808
0.830785
-1.06232
-1.06442
-0.758387
0.930078
1.25336
0.0149759
-0.520627
-1.03683
-0.280573
0.8831
0.610466
0.239203
-0.454838
-0.922618
-0.0511336
0.440795
0.503422
0.464804
-0.423962
-0.65828
-0.13573
0.00794285
0.523783
0.560614
-0.262146
-0.312184
100.003
100.011
99.978
99.9807
100.04
100.03
99.9435
99.9549
100.07
100.064
99.9205
99.9112
100.082
100.118
99.9237
99.8485
100.058
100.186
99.9755
99.7835
99.9735
100.237
100.094
99.7625
99.8222
100.211
100.265
99.8569
99.6539
100.033
100.399
100.113
99.6114
99.6989
100.324
100.452
99.8732
99.4071
99.8794
100.6
100.417
99.5976
99.2115
100.174
100.819
100.453
99.1687
99.0414
100.46
101.167
100.65
98.3949
98.8108
100.595
102.263
101.05
96.7036
97.7473
100.738
108.12
101.92
83.0649
49.9398
17.097
-1.67259
-8.40733
-1.02938
1.83342
3.81644
-0.0395339
-2.59187
-1.21493
0.0153099
2.13956
0.994442
-0.95679
-1.08826
-0.951984
0.836413
1.31877
0.175133
-0.375563
-1.16012
-0.444711
0.7865
0.639631
0.508884
-0.376323
-1.01194
-0.183976
0.191974
0.611883
0.716176
-0.349932
-0.54835
-0.388546
-0.313641
0.632329
0.627316
0.000908631
99.995
100.016
100.005
99.9642
99.9929
100.056
100.012
99.9247
99.9774
100.093
100.039
99.8914
99.9375
100.119
100.094
99.8795
99.8682
100.11
100.175
99.9165
99.782
100.037
100.255
100.032
99.7259
99.8776
100.267
100.224
99.7849
99.6705
100.117
100.41
100.033
99.5654
99.7648
100.4
100.413
99.7836
99.3943
99.9819
100.645
100.353
99.5021
99.2376
100.288
100.838
100.38
99.0585
99.1098
100.557
101.2
100.554
98.2816
98.8917
100.679
102.336
100.926
96.5944
97.7982
100.828
108.237
101.799
82.9466
49.9337
17.1811
-1.50837
-8.47417
-1.15969
1.75922
3.84657
0.155284
-2.55151
-1.32122
-0.10745
2.05826
1.1394
-0.79081
-1.10059
-1.0449
0.656194
1.27747
0.374044
-0.258119
-1.12107
-0.55067
0.524591
0.654668
0.653633
-0.244779
-0.827024
-0.365634
-0.071113
0.594327
0.675421
-0.0796591
-0.249083
-0.55893
-0.430248
0.398578
0.34604
99.9933
100.001
100.025
99.9919
99.9556
100.012
100.064
99.9873
99.9145
100.007
100.107
100.005
99.8726
99.9739
100.145
100.057
99.8446
99.9018
100.155
100.148
99.8621
99.7975
100.099
100.255
99.9657
99.7063
99.9412
100.308
100.17
99.7242
99.703
100.195
100.403
99.9529
99.5359
99.8386
100.461
100.364
99.7029
99.3974
100.082
100.671
100.287
99.4173
99.2784
100.388
100.845
100.308
98.9626
99.187
100.634
101.229
100.458
98.1886
98.9729
100.742
102.407
100.804
96.5109
97.8448
100.891
108.354
101.679
82.8646
49.9254
17.227
-1.34398
-8.55207
-1.23624
1.6994
3.82489
0.346909
-2.55256
-1.36471
-0.171078
1.9218
1.28451
-0.714279
-1.09346
-1.01158
0.447941
1.27117
0.468871
-0.26088
-0.940141
-0.632463
0.359359
0.704595
0.532627
-0.119075
-0.618474
-0.496886
-0.0194966
0.479551
0.425494
0.135369
-0.19835
-0.507313
-0.147584
0.125531
99.9998
99.9862
100.014
100.028
99.9739
99.9562
100.036
100.062
99.9584
99.917
100.042
100.106
99.9653
99.8685
100.018
100.156
100.01
99.8238
99.9489
100.188
100.104
99.8168
99.8327
100.157
100.233
99.8986
99.7083
100.013
100.33
100.102
99.6785
99.7554
100.265
100.372
99.8724
99.5286
99.9242
100.502
100.296
99.6311
99.4254
100.183
100.672
100.211
99.3465
99.3452
100.479
100.832
100.224
98.8893
99.2855
100.7
101.238
100.346
98.1265
99.0688
100.801
102.452
100.663
96.4621
97.9039
100.962
108.437
101.532
82.8179
49.9292
17.2997
-1.21449
-8.67695
-1.28025
1.64602
3.85782
0.521315
-2.63169
-1.38617
-0.249448
1.86171
1.47464
-0.742725
-1.08573
-1.03465
0.279674
1.42035
0.488807
-0.280117
-0.838857
-0.834779
0.399151
0.814485
0.418683
0.0401677
-0.712441
-0.653758
0.201054
0.39488
0.466413
0.286123
-0.536452
-0.481192
0.00194367
100.006
99.9883
99.9873
100.029
100.021
99.9551
99.968
100.059
100.047
99.9297
99.9337
100.077
100.091
99.9236
99.8808
100.067
100.15
99.9556
99.8191
100.007
100.206
100.046
99.7825
99.8861
100.209
100.191
99.8313
99.7309
100.092
100.333
100.021
99.6457
99.8275
100.33
100.32
99.7881
99.5406
100.025
100.528
100.21
99.5608
99.4771
100.293
100.657
100.116
99.2806
99.4381
100.574
100.803
100.116
98.8254
99.4072
100.777
101.229
100.206
98.0717
99.1846
100.887
102.474
100.495
96.4051
97.9816
101.079
108.499
101.363
82.7369
49.9415
17.4416
-1.09629
-8.80539
-1.38563
1.56415
3.97788
0.702613
-2.67533
-1.46765
-0.431539
1.87957
1.68242
-0.688209
-1.05362
-1.24109
0.120457
1.5662
0.573295
-0.0937306
-0.876808
-1.14131
0.391155
0.802111
0.59262
0.345536
-0.919261
-0.811624
0.0817813
0.213005
0.87126
0.527533
-0.652463
-0.456307
100.005
100.003
99.9764
99.9973
100.042
100.004
99.9398
99.9901
100.078
100.02
99.9059
99.9627
100.107
100.061
99.8851
99.9078
100.114
100.129
99.8994
99.8298
100.071
100.21
99.9782
99.7603
99.9517
100.252
100.135
99.7678
99.7687
100.173
100.321
99.9317
99.6232
99.9115
100.389
100.254
99.7027
99.5634
100.134
100.545
100.114
99.4886
99.5403
100.408
100.636
100.012
99.2097
99.5422
100.676
100.776
99.9954
98.7525
99.5359
100.869
101.226
100.054
97.9954
99.304
100.995
102.51
100.325
96.3042
98.059
101.217
108.592
101.215
82.5872
49.9421
17.5838
-0.932504
-8.86338
-1.57023
1.45264
4.05737
0.904475
-2.572
-1.59529
-0.647953
1.81995
1.79746
-0.442931
-0.970866
-1.44463
-0.0625989
1.44663
0.724153
0.2426
-0.860005
-1.25263
0.137545
0.533376
0.847712
0.622437
-0.780097
-0.720906
-0.380268
-0.111481
1.01164
0.623795
-0.154067
99.9983
100.014
99.9929
99.969
100.014
100.048
99.9814
99.9328
100.019
100.087
99.9871
99.8924
99.9999
100.127
100.022
99.8566
99.9462
100.153
100.095
99.8501
99.8554
100.13
100.198
99.9115
99.7541
100.021
100.28
100.07
99.717
99.8175
100.245
100.295
99.8479
99.6145
99.9966
100.435
100.183
99.6282
99.5942
100.237
100.55
100.025
99.4242
99.6068
100.51
100.612
99.9178
99.142
99.644
100.762
100.758
99.8841
98.6801
99.654
100.946
101.243
99.9144
97.9158
99.4054
101.081
102.58
100.173
96.1998
98.1134
101.308
108.73
101.098
82.4463
49.926
17.6333
-0.725874
-8.87545
-1.72042
1.36916
3.98904
1.10194
-2.42263
-1.67685
-0.724902
1.61494
1.80828
-0.189834
-0.916408
-1.38786
-0.219041
1.15248
0.836803
0.356122
-0.695671
-1.03779
-0.168692
0.312452
0.826106
0.536163
-0.355738
-0.45537
-0.60255
-0.162999
0.604019
0.338408
99.9936
100.008
100.018
99.9781
99.97
100.034
100.045
99.9567
99.938
100.049
100.083
99.9517
99.8942
100.04
100.131
99.9775
99.8453
99.993
100.174
100.049
99.8162
99.8967
100.177
100.166
99.8529
99.7701
100.088
100.285
100.002
99.6889
99.8783
100.299
100.25
99.7773
99.6291
100.079
100.453
100.108
99.5764
99.6422
100.323
100.53
99.9438
99.3844
99.6844
100.584
100.572
99.8372
99.1023
99.7491
100.812
100.733
99.7852
98.6441
99.765
100.984
101.255
99.7855
97.8852
99.4926
101.127
102.638
100.027
96.1644
98.1555
101.355
108.848
100.964
82.4019
49.9169
17.6366
-0.550147
-8.9585
-1.75746
1.34231
3.88767
1.28599
-2.43177
-1.69542
-0.673317
1.41168
1.89631
-0.141071
-0.978643
-1.18521
-0.356733
1.08031
0.931375
0.141243
-0.528295
-0.900995
-0.311325
0.516255
0.634446
0.284807
-0.121603
-0.569194
-0.425139
0.216352
0.239764
99.9966
99.993
100.02
100.012
99.9638
99.9816
100.051
100.028
99.9352
99.9574
100.075
100.062
99.9189
99.9142
100.08
100.114
99.9307
99.8548
100.046
100.175
99.9917
99.8018
99.9546
100.208
100.113
99.8049
99.8119
100.152
100.262
99.9264
99.6869
99.9556
100.331
100.18
99.7182
99.6736
100.163
100.44
100.017
99.5474
99.719
100.397
100.475
99.8566
99.3742
99.7892
100.635
100.501
99.7505
99.1023
99.8764
100.838
100.674
99.676
98.6589
99.8939
101.009
101.218
99.641
97.9106
99.6007
101.179
102.629
99.8524
96.1814
98.2257
101.446
108.885
100.775
82.3944
49.9318
17.7437
-0.43764
-9.13743
-1.78755
1.29416
3.95007
1.49339
-2.56631
-1.7344
-0.750572
1.34307
2.17307
-0.177934
-1.03104
-1.20357
-0.60733
1.29855
1.0765
0.0588247
-0.402836
-1.22346
-0.422478
0.834872
0.586361
0.517984
-0.106576
-1.12187
-0.350268
0.275541
100.003
99.9868
100.001
100.029
99.9965
99.9543
100.003
100.062
100.001
99.9211
99.9893
100.095
100.026
99.8926
99.9505
100.115
100.08
99.8853
99.8838
100.102
100.156
99.9266
99.8057
100.025
100.224
100.041
99.7665
99.875
100.214
100.216
99.8448
99.705
100.048
100.35
100.089
99.6637
99.7416
100.256
100.405
99.9096
99.5285
99.8217
100.474
100.397
99.7527
99.3777
99.9223
100.686
100.405
99.6412
99.1195
100.033
100.874
100.583
99.5382
98.6859
100.057
101.062
101.142
99.4644
97.9254
99.752
101.287
102.581
99.6463
96.1442
98.3386
101.624
108.902
100.575
82.2745
49.9496
17.969
-0.311869
-9.26224
-1.96214
1.14196
4.12625
1.72835
-2.53532
-1.82606
-1.07423
1.30579
2.41012
-0.014437
-0.84643
-1.46867
-0.952798
1.34479
1.13785
0.457949
-0.178203
-1.61637
-0.61976
0.575778
0.579512
1.19756
0.0573032
-1.22893
-0.505211
100.006
99.9946
99.9816
100.016
100.032
99.9754
99.9532
100.03
100.064
99.9678
99.9174
100.028
100.103
99.983
99.8769
99.9968
100.141
100.033
99.8477
99.9263
100.153
100.123
99.8631
99.8244
100.099
100.226
99.9635
99.7394
99.9478
100.269
100.158
99.766
99.7344
100.143
100.359
99.9913
99.6145
99.8169
100.349
100.363
99.8003
99.5105
99.9304
100.552
100.316
99.6448
99.3753
100.062
100.744
100.313
99.5213
99.1228
100.197
100.925
100.503
99.3849
98.6829
100.229
101.139
101.091
99.2736
97.8835
99.9107
101.414
102.591
99.4431
96.0177
98.4455
101.795
109.014
100.432
82.0435
49.939
18.1193
-0.0954088
-9.22122
-2.22289
0.962678
4.13988
1.91933
-2.23447
-1.90009
-1.34662
1.13308
2.31714
0.332808
-0.528617
-1.57193
-1.09774
0.935687
0.984011
0.913615
0.0585303
-1.40425
-0.685731
-0.135928
0.409059
1.37265
0.268659
-0.451181
100.002
100.009
99.9822
99.9839
100.032
100.025
99.9543
99.9626
100.057
100.053
99.9362
99.927
100.066
100.097
99.9399
99.8769
100.045
100.15
99.9829
99.8268
99.976
100.188
100.078
99.8138
99.8574
100.161
100.21
99.8925
99.7318
100.019
100.304
100.095
99.7064
99.7741
100.224
100.35
99.9043
99.5846
99.8894
100.421
100.314
99.7125
99.5027
100.027
100.607
100.245
99.5606
99.3741
100.184
100.779
100.246
99.4218
99.1227
100.333
100.955
100.464
99.2504
98.6762
100.36
101.188
101.098
99.1047
97.8471
100.014
101.489
102.675
99.27
95.9256
98.4909
101.857
109.202
100.326
81.9002
49.9109
18.0759
0.155753
-9.16126
-2.35317
0.91872
3.91582
2.04341
-1.98948
-1.93108
-1.25365
0.875771
2.07477
0.558401
-0.499283
-1.31989
-0.941835
0.485936
0.898954
0.824105
0.00540597
-0.781965
-0.600452
-0.353351
0.384376
0.704356
0.181189
99.9961
100.012
100.004
99.9715
99.9949
100.044
100.009
99.9401
99.9829
100.074
100.03
99.9138
99.9518
100.094
100.073
99.9045
99.8977
100.087
100.136
99.9335
99.8311
100.03
100.197
100.023
99.7888
99.9084
100.203
100.17
99.8351
99.7544
100.087
100.306
100.024
99.6782
99.8336
100.281
100.311
99.8309
99.591
99.9666
100.456
100.245
99.6539
99.5289
100.116
100.615
100.166
99.5114
99.409
100.284
100.762
100.182
99.358
99.1695
100.433
100.932
100.424
99.1537
98.7362
100.443
101.183
101.087
98.9727
97.9095
100.067
101.51
102.707
99.1123
95.9803
98.5072
101.877
109.3
100.162
81.9488
49.9088
18.0315
0.319848
-9.30992
-2.31716
0.97974
3.76186
2.22121
-2.09905
-1.99281
-1.03231
0.696748
2.1871
0.573599
-0.813641
-1.06955
-0.945406
0.474372
1.23822
0.429008
-0.160175
-0.624452
-0.856553
0.150709
0.722169
0.234227
99.9948
100.002
100.018
99.9912
99.9679
100.013
100.047
99.9848
99.9376
100.013
100.079
99.9947
99.9051
99.9911
100.109
100.031
99.8807
99.9399
100.122
100.097
99.8873
99.8623
100.088
100.178
99.9562
99.7892
99.9794
100.226
100.102
99.7888
99.8099
100.156
100.274
99.9386
99.679
99.9212
100.32
100.233
99.7587
99.6356
100.064
100.458
100.139
99.6074
99.6003
100.219
100.58
100.055
99.4778
99.5002
100.39
100.701
100.076
99.3113
99.2852
100.538
100.874
100.316
99.0747
98.8721
100.546
101.164
100.968
98.8483
98.0439
100.171
101.561
102.59
98.9291
96.0803
98.5978
102.018
109.238
99.9153
81.9828
49.9403
18.2431
0.4044
-9.58781
-2.36088
0.894891
3.92485
2.53887
-2.30048
-2.08446
-1.21657
0.573479
2.66162
0.63768
-0.873598
-1.13752
-1.49155
0.644609
1.63583
0.468898
0.210053
-1.04394
-1.5243
0.38721
0.715463
99.9986
99.9914
100.014
100.016
99.9744
99.9742
100.036
100.037
99.9565
99.9482
100.048
100.069
99.9531
99.911
100.039
100.11
99.9766
99.8693
99.9972
100.147
100.04
99.8464
99.9135
100.146
100.14
99.8825
99.8081
100.064
100.234
100.014
99.7489
99.8872
100.228
100.221
99.8401
99.6947
100.029
100.355
100.131
99.6784
99.6993
100.183
100.451
100.008
99.5527
99.6948
100.345
100.536
99.911
99.4312
99.6183
100.528
100.638
99.9236
99.2456
99.4225
100.693
100.826
100.148
98.9662
99.0052
100.73
101.176
100.788
98.6783
98.1205
100.384
101.682
102.44
98.6998
96.0269
98.7852
102.28
109.201
99.6935
81.756
49.9572
18.5943
0.559136
-9.64836
-2.6499
0.576965
4.15052
2.83241
-2.08653
-2.07746
-1.77049
0.371448
2.81749
0.881753
-0.294689
-1.27762
-2.05648
0.440305
1.32709
0.945116
1.04244
-1.16178
-1.66399
-0.202386
100.004
99.9885
99.9959
100.027
100.006
99.9587
99.9898
100.055
100.018
99.9315
99.9697
100.079
100.048
99.9142
99.9296
100.086
100.098
99.9224
99.8718
100.057
100.158
99.9776
99.8176
99.9725
100.194
100.091
99.8158
99.8381
100.145
100.231
99.9269
99.7194
99.9669
100.293
100.163
99.7476
99.7149
100.134
100.387
100.031
99.603
99.7578
100.299
100.448
99.8833
99.4947
99.7755
100.476
100.504
99.7781
99.3687
99.7142
100.678
100.597
99.7899
99.1488
99.5237
100.868
100.809
100.02
98.8104
99.0787
100.935
101.221
100.696
98.4549
98.1031
100.599
101.81
102.453
98.4541
95.8448
98.9352
102.458
109.387
99.5778
81.4044
49.9267
18.6892
0.84963
-9.41422
-2.97123
0.334116
4.01126
2.88381
-1.52771
-1.97717
-1.99285
0.150769
2.29555
1.09693
0.28462
-1.15257
-1.80868
-0.0426494
0.518895
1.13999
1.21816
-0.62374
-0.779077
100.005
99.9987
99.9807
100.007
100.034
99.9894
99.9509
100.011
100.065
99.9924
99.9185
99.9985
100.097
100.017
99.8894
99.9596
100.119
100.071
99.8812
99.8917
100.106
100.149
99.9225
99.8123
100.029
100.217
100.038
99.7742
99.8796
100.203
100.209
99.8571
99.7156
100.037
100.328
100.104
99.687
99.7471
100.212
100.393
99.9496
99.5625
99.8098
100.381
100.429
99.796
99.4648
99.8363
100.566
100.464
99.7001
99.3237
99.7849
100.776
100.556
99.7276
99.0635
99.6023
100.968
100.796
99.9815
98.6698
99.1453
101.026
101.254
100.714
98.2624
98.1248
100.656
101.87
102.585
98.2549
95.7999
98.9285
102.451
109.66
99.4799
81.3211
49.8902
18.4682
1.13145
-9.30302
-3.02113
0.450862
3.59947
2.84038
-1.28247
-2.02728
-1.5727
0.0588507
1.7992
1.18752
0.0170391
-0.935923
-1.07233
-0.292717
0.451157
0.904988
0.329027
-0.171419
100
100.01
99.9888
99.9805
100.021
100.031
99.9712
99.9564
100.034
100.059
99.9649
99.9241
100.031
100.095
99.9802
99.887
100
100.129
100.029
99.8616
99.9333
100.137
100.112
99.8798
99.8399
100.083
100.203
99.9778
99.7687
99.9406
100.23
100.156
99.8085
99.7532
100.101
100.317
100.03
99.6693
99.8115
100.261
100.35
99.8764
99.5757
99.8826
100.417
100.359
99.7371
99.4914
99.9148
100.591
100.378
99.6597
99.3412
99.8806
100.786
100.473
99.6942
99.059
99.7232
100.959
100.737
99.9406
98.6376
99.2908
100.998
101.231
100.665
98.1924
98.2946
100.611
101.878
102.55
98.1263
96.001
98.8803
102.454
109.681
99.2583
81.5431
49.906
18.4108
1.25556
-9.63882
-2.89983
0.651906
3.47189
3.10959
-1.59622
-2.29887
-1.2237
-0.0588033
2.14388
1.38652
-0.681116
-0.898245
-1.1504
-0.366271
1.43396
0.839595
-0.168904
99.9963
100.009
100.006
99.9786
99.9908
100.033
100.015
99.9557
99.9771
100.054
100.035
99.9393
99.9497
100.064
100.07
99.9395
99.908
100.05
100.115
99.9716
99.8636
99.996
100.151
100.048
99.8475
99.8995
100.135
100.157
99.9063
99.7946
100.025
100.234
100.067
99.7703
99.8315
100.173
100.266
99.9307
99.6802
99.918
100.304
100.256
99.7864
99.6291
100
100.432
100.233
99.6644
99.5685
100.045
100.585
100.232
99.5923
99.4248
100.037
100.767
100.324
99.6012
99.1391
99.9141
100.951
100.603
99.786
98.6961
99.5114
101.038
101.146
100.427
98.1859
98.5205
100.723
101.909
102.25
97.9895
96.1745
99.0317
102.691
109.437
98.9467
81.5838
49.9546
18.8506
1.31651
-10.0468
-3.01327
0.398891
3.79662
3.68222
-1.80103
-2.3973
-1.68558
-0.47891
2.8551
1.70689
-0.503783
-0.783937
-2.25603
-0.691327
1.91181
0.991094
99.9956
100.002
100.016
99.9933
99.9724
100.01
100.04
99.9888
99.9467
100.009
100.067
99.9983
99.9198
99.9893
100.092
100.029
99.9007
99.9456
100.1
100.085
99.9088
99.8812
100.069
100.152
99.9695
99.8231
99.9763
100.186
100.092
99.8288
99.836
100.123
100.229
99.9609
99.7326
99.9281
100.254
100.203
99.8124
99.6947
100.046
100.356
100.145
99.6734
99.6874
100.145
100.462
100.086
99.5579
99.6505
100.21
100.607
100.06
99.4751
99.5092
100.232
100.808
100.14
99.4432
99.1991
100.136
101.056
100.436
99.563
98.6868
99.729
101.257
101.055
100.149
98.053
98.6397
101.067
101.996
101.997
97.7322
96.0422
99.3711
103.041
109.368
98.7295
81.1303
49.9589
19.3519
1.5342
-9.90157
-3.44623
-0.222885
4.00393
3.95197
-1.27165
-2.01896
-2.46413
-0.958622
2.68462
1.71035
0.6728
-0.353215
-2.79697
-1.00344
0.713113
99.9989
99.9913
100.013
100.017
99.9767
99.9734
100.032
100.038
99.9609
99.9476
100.042
100.069
99.9596
99.9121
100.032
100.108
99.9846
99.8743
99.9893
100.139
100.047
99.8569
99.9088
100.132
100.141
99.8977
99.8118
100.049
100.223
100.028
99.7653
99.8796
100.207
100.218
99.8667
99.704
100.013
100.324
100.147
99.7091
99.7059
100.153
100.409
100.053
99.5725
99.7258
100.267
100.508
99.9643
99.4602
99.6922
100.353
100.661
99.9208
99.3685
99.5248
100.405
100.891
100.006
99.3126
99.1509
100.331
101.197
100.343
99.4165
98.5259
99.8944
101.479
101.054
100.053
97.753
98.6651
101.335
102.111
102.088
97.3884
95.7945
99.5562
103.174
109.737
98.6592
80.6353
49.9034
19.2519
1.90917
-9.35312
-3.77204
-0.43732
3.61484
3.60557
-0.482721
-1.64748
-2.42679
-0.902437
1.58672
1.35607
1.28377
-0.163802
-1.71494
-0.72016
100.004
99.9901
99.9934
100.024
100.01
99.9633
99.9836
100.049
100.026
99.9406
99.9613
100.067
100.056
99.9299
99.9226
100.067
100.102
99.9456
99.8723
100.031
100.151
100.005
99.8333
99.9468
100.168
100.111
99.8507
99.8272
100.103
100.227
99.9726
99.7408
99.9274
100.251
100.188
99.8067
99.71
100.075
100.35
100.095
99.6575
99.735
100.216
100.423
99.985
99.5351
99.7599
100.332
100.516
99.8875
99.4344
99.7099
100.436
100.665
99.8519
99.3411
99.5096
100.513
100.89
99.97
99.2726
99.0868
100.458
101.192
100.366
99.3801
98.3934
100.017
101.452
101.143
100.086
97.5483
98.7589
101.244
102.203
102.291
97.1678
95.8687
99.3945
103.067
110.12
98.5468
80.7471
49.869
18.7472
2.19075
-9.29563
-3.68168
0.0645999
3.04756
3.3409
-0.399348
-2.00815
-1.59161
-0.47173
1.03693
1.4732
0.400318
-0.71144
-0.463504
100.004
100
99.9843
100.003
100.028
99.9961
99.96
100.003
100.052
100.002
99.9353
99.9889
100.076
100.025
99.9161
99.9553
100.087
100.069
99.9167
99.9021
100.069
100.127
99.9583
99.8466
100
100.169
100.055
99.8325
99.881
100.14
100.183
99.9181
99.767
99.9939
100.25
100.119
99.7785
99.7717
100.129
100.313
100.018
99.6633
99.8137
100.249
100.361
99.9113
99.5722
99.8386
100.355
100.432
99.8237
99.489
99.7848
100.465
100.553
99.8058
99.389
99.5928
100.558
100.75
99.9428
99.2887
99.1939
100.527
101.026
100.353
99.3423
98.5259
100.137
101.263
101.142
99.9749
97.6723
98.9852
101.042
102.214
102.105
97.1756
96.263
99.2393
103.094
109.933
98.2378
81.2457
49.9122
18.7905
2.25398
-10.0244
-3.50596
0.410367
3.0567
3.98542
-0.955159
-2.74729
-1.28789
-0.741614
1.8225
2.45898
-0.562702
-1.03749
100.001
100.007
99.9909
99.9867
100.017
100.021
99.9769
99.97
100.028
100.041
99.9707
99.9467
100.027
100.067
99.9799
99.9187
100.007
100.094
100.013
99.8973
99.9594
100.104
100.074
99.906
99.8901
100.069
100.143
99.9725
99.8329
99.9697
100.171
100.1
99.8534
99.8304
100.088
100.222
100.007
99.7585
99.8818
100.2
100.233
99.9012
99.692
99.9496
100.292
100.241
99.7983
99.6388
99.9907
100.383
100.278
99.7116
99.5711
99.9618
100.495
100.374
99.6779
99.4553
99.8134
100.611
100.57
99.7706
99.2959
99.4663
100.636
100.894
100.12
99.2237
98.8212
100.33
101.257
100.897
99.6477
97.8953
99.2416
101.237
102.137
101.554
97.1628
96.454
99.5662
103.471
109.395
97.8717
81.1826
49.9704
19.6569
2.31884
-10.5428
-3.75698
-0.299801
3.54339
5.01583
-1.01656
-2.57745
-2.154
-2.00947
2.61433
3.0418
0.182158
99.9974
100.009
100.002
99.98
99.998
100.031
100.004
99.958
99.9909
100.052
100.017
99.9389
99.9704
100.067
100.046
99.9308
99.9335
100.065
100.09
99.9484
99.8866
100.028
100.134
100.008
99.8544
99.9462
100.143
100.107
99.8814
99.8393
100.07
100.202
100.006
99.7818
99.9016
100.194
100.193
99.8813
99.7287
100.003
100.288
100.153
99.7628
99.7053
100.103
100.361
100.123
99.6485
99.6837
100.168
100.449
100.136
99.5377
99.6256
100.163
100.587
100.228
99.4562
99.4856
100.031
100.769
100.461
99.4793
99.2535
99.6636
100.891
100.906
99.7723
99.0551
98.9076
100.651
101.512
100.594
99.3482
97.7511
99.4382
101.794
102.095
101.262
96.7988
96.1743
100.18
103.876
109.389
97.6934
80.3083
49.9491
20.283
2.63421
-9.91084
-4.31889
-1.404
3.61128
4.97364
-0.0966895
-1.29808
-2.99086
-2.72675
1.85298
1.86979
99.9954
100.003
100.016
99.9908
99.9729
100.014
100.04
99.9832
99.947
100.016
100.067
99.9896
99.918
99.9992
100.095
100.019
99.8942
99.9565
100.11
100.075
99.8954
99.8888
100.086
100.148
99.9496
99.8211
99.9975
100.195
100.071
99.812
99.8513
100.148
100.22
99.9311
99.7288
99.9581
100.274
100.173
99.7859
99.7032
100.091
100.358
100.103
99.6534
99.7063
100.209
100.428
100.054
99.5235
99.7011
100.279
100.537
100.053
99.3941
99.6358
100.269
100.727
100.142
99.2953
99.4531
100.112
100.989
100.406
99.317
99.1458
99.6584
101.196
100.938
99.6593
98.8857
98.7094
100.974
101.675
100.612
99.2563
97.2813
99.5843
102.041
102.25
101.533
96.2358
95.9011
100.322
103.897
110.134
97.6675
79.6925
49.8718
19.7201
3.08011
-8.89222
-4.56555
-1.31719
2.92516
3.74883
0.77626
-0.694695
-2.48527
-1.52888
0.27922
99.9991
99.9919
100.011
100.016
99.9793
99.9751
100.029
100.036
99.9654
99.9512
100.037
100.064
99.9651
99.9189
100.027
100.099
99.989
99.8852
99.9867
100.126
100.046
99.8714
99.9131
100.118
100.131
99.9114
99.8265
100.039
100.204
100.032
99.789
99.8838
100.184
100.202
99.8873
99.729
100.003
100.292
100.14
99.7478
99.7228
100.134
100.363
100.064
99.6218
99.7382
100.24
100.436
100.009
99.5017
99.7306
100.298
100.563
99.9966
99.3923
99.6395
100.283
100.775
100.076
99.3282
99.408
100.122
101.054
100.335
99.4091
99.0452
99.6481
101.268
100.847
99.8498
98.7669
98.6435
101.046
101.494
100.911
99.2357
97.1417
99.6947
101.659
102.507
101.774
96.0619
96.191
99.8026
103.693
110.615
97.5015
80.262
49.8541
18.7922
3.32287
-9.15279
-4.31292
-0.00808918
2.30819
3.32169
0.551656
-2.13218
-1.32335
0.00248869
100.003
99.9927
99.9958
100.017
100.007
99.9733
99.9895
100.036
100.017
99.9566
99.9741
100.049
100.038
99.9481
99.9465
100.05
100.071
99.9581
99.9099
100.026
100.107
99.9994
99.8803
99.9662
100.122
100.076
99.8902
99.8798
100.078
100.16
99.9748
99.8154
99.954
100.182
100.128
99.8587
99.7965
100.061
100.247
100.059
99.7567
99.8153
100.164
100.288
99.9869
99.6675
99.8404
100.245
100.342
99.931
99.5828
99.8302
100.298
100.448
99.9106
99.5027
99.732
100.309
100.625
99.9754
99.4502
99.4981
100.214
100.86
100.205
99.5161
99.1293
99.8527
101.052
100.659
99.9116
98.7993
99.0125
100.895
101.215
100.911
99.0966
97.6526
99.8001
101.306
102.486
101.315
96.4345
96.7773
99.5273
103.809
109.955
97.089
81.1775
49.9271
19.1989
3.32759
-10.6624
-4.15375
0.394422
2.53628
5.05043
-0.162922
-3.8155
-1.28933
100.003
99.9975
99.9906
100.007
100.016
99.9886
99.9762
100.014
100.032
99.9857
99.9585
100.012
100.051
99.9942
99.9392
99.9954
100.069
100.02
99.9267
99.9603
100.072
100.063
99.9372
99.9119
100.043
100.111
99.9888
99.875
99.9683
100.125
100.081
99.8952
99.8688
100.06
100.168
100.008
99.8216
99.9071
100.151
100.172
99.9258
99.7715
99.963
100.227
100.164
99.8524
99.727
100.012
100.289
100.177
99.7917
99.6674
100.028
100.35
100.246
99.7534
99.5766
99.971
100.405
100.4
99.7809
99.4548
99.7866
100.401
100.654
99.9671
99.3654
99.4281
100.182
100.946
100.434
99.5186
98.9657
99.4897
100.979
101.189
100.31
98.8706
98.1398
100.05
101.727
102.066
100.509
96.607
96.8873
100.293
104.342
108.965
96.7003
80.7538
49.9802
20.8687
3.43942
-11.1937
-4.58246
-1.45633
3.1004
6.96558
0.0752543
-2.51295
100.002
100.003
99.9874
99.9951
100.023
100.008
99.9679
99.9874
100.041
100.02
99.952
99.9693
100.053
100.045
99.946
99.9385
100.05
100.08
99.9619
99.9004
100.018
100.116
100.012
99.8751
99.9493
100.122
100.095
99.8985
99.8601
100.06
100.176
100.002
99.8102
99.9185
100.173
100.163
99.8868
99.7703
100.012
100.258
100.111
99.7844
99.7578
100.111
100.319
100.059
99.6982
99.7378
100.198
100.374
100.048
99.6128
99.6797
100.252
100.448
100.121
99.5246
99.5551
100.23
100.548
100.33
99.4819
99.3433
100.05
100.612
100.727
99.624
99.09
99.6173
100.424
101.27
100.188
99.0395
98.9649
99.5912
101.56
101.333
99.7466
98.6441
97.8207
100.524
102.52
101.796
100.317
95.8878
96.4306
101.362
104.732
109.269
96.5873
79.0823
49.9253
21.5277
3.86809
-9.41574
-5.20574
-3.45809
2.91139
5.7788
1.32308
99.9981
100.01
99.998
99.9784
100.005
100.034
99.9947
99.9539
100.003
100.059
100.003
99.9292
99.9858
100.081
100.031
99.9119
99.9475
100.089
100.079
99.9183
99.8906
100.063
100.139
99.9706
99.8378
99.9817
100.173
100.078
99.8386
99.8557
100.122
100.205
99.9486
99.7563
99.9512
100.245
100.161
99.8116
99.7323
100.076
100.328
100.083
99.696
99.7331
100.199
100.383
100.021
99.5906
99.7211
100.302
100.442
100.02
99.4697
99.6654
100.353
100.544
100.125
99.3342
99.5304
100.291
100.699
100.401
99.2521
99.2914
100.013
100.809
100.925
99.3969
99.0225
99.4104
100.567
101.655
100.045
99.0501
98.5895
99.4366
102.084
101.337
99.9989
98.3857
97.1197
100.895
102.573
102.239
100.832
94.9051
96.232
101.216
104.591
110.775
96.5803
78.4316
49.8381
19.8636
4.34819
-7.52132
-5.29802
-2.28592
1.97307
2.06664
99.996
100.003
100.013
99.9904
99.9775
100.015
100.033
99.9821
99.9553
100.018
100.057
99.9856
99.9293
100.006
100.083
100.009
99.9062
99.9701
100.099
100.057
99.9028
99.9105
100.083
100.123
99.9447
99.8469
100.011
100.172
100.048
99.8297
99.8833
100.141
100.183
99.9229
99.7673
99.9823
100.245
100.131
99.7996
99.7549
100.1
100.311
100.061
99.6934
99.762
100.209
100.358
100.013
99.5881
99.7584
100.285
100.429
100.019
99.4688
99.7121
100.294
100.563
100.114
99.3531
99.5834
100.178
100.757
100.361
99.3154
99.3632
99.8282
100.899
100.834
99.5123
99.1754
99.1391
100.669
101.478
100.145
99.4109
98.2679
99.5362
101.819
101.183
100.658
98.1801
97.2387
100.746
101.787
102.91
100.997
95.0289
96.8104
99.9238
104.337
111.273
96.3217
80.0944
49.8498
18.1164
4.52397
-8.85398
-4.91584
1.38676
1.44322
99.9989
99.9961
100.008
100.007
99.9849
99.9887
100.021
100.017
99.9738
99.976
100.029
100.033
99.9696
99.9562
100.028
100.056
99.9792
99.9321
100.008
100.078
100.01
99.9152
99.9653
100.084
100.064
99.9274
99.9063
100.048
100.119
99.9908
99.8661
99.9579
100.129
100.099
99.9021
99.8488
100.039
100.181
100.045
99.8252
99.8629
100.121
100.208
99.9867
99.76
99.8851
100.19
100.235
99.9446
99.6934
99.8919
100.237
100.294
99.931
99.6188
99.8523
100.247
100.411
99.9715
99.5495
99.7306
100.181
100.585
100.12
99.539
99.5175
99.9456
100.744
100.436
99.7091
99.3116
99.4176
100.67
100.883
100.22
99.4461
98.6412
99.9617
101.127
101.028
100.484
98.2854
98.2987
100.395
101.407
102.627
100.171
96.2339
97.5145
99.5891
104.604
109.49
95.8153
81.8279
49.9451
19.631
4.49907
-12.6727
-4.85299
1.89034
100
99.9953
100.004
100.01
99.9923
99.9849
100.01
100.021
99.9882
99.972
100.011
100.035
99.9917
99.9569
100.002
100.05
100.007
99.9445
99.9791
100.058
100.038
99.9457
99.9431
100.044
100.076
99.9756
99.9085
99.9959
100.099
100.04
99.9073
99.9201
100.069
100.116
99.9742
99.8634
99.9663
100.132
100.1
99.9044
99.845
100.022
100.181
100.073
99.8437
99.8348
100.07
100.226
100.054
99.7937
99.8094
100.098
100.281
100.066
99.7566
99.7457
100.089
100.352
100.135
99.7518
99.6299
100.004
100.418
100.289
99.8375
99.484
99.7825
100.398
100.518
100.118
99.4296
99.3949
100.122
100.671
100.663
99.7552
99.0226
99.4194
100.328
101.227
100.79
99.3278
98.5626
98.9133
100.804
102.191
101.357
99.2124
96.5695
97.445
101.462
105.257
107.627
95.4459
80.3031
49.9772
23.6293
4.69945
-13.2735
-5.44446
100.003
99.9929
99.9962
100.017
100.006
99.974
99.9906
100.035
100.015
99.9576
99.9762
100.048
100.035
99.9488
99.9498
100.05
100.067
99.9575
99.9143
100.028
100.103
99.9963
99.8845
99.9709
100.119
100.069
99.8918
99.8876
100.079
100.152
99.9705
99.8231
99.9614
100.176
100.118
99.8589
99.8104
100.063
100.238
100.047
99.7651
99.8322
100.159
100.278
99.9688
99.6933
99.8495
100.242
100.323
99.9085
99.6325
99.8194
100.315
100.396
99.8997
99.5702
99.702
100.366
100.509
99.9948
99.5237
99.462
100.327
100.645
100.255
99.5957
99.0986
100.074
100.696
100.682
100.014
98.7638
99.4883
100.394
101.03
101.017
98.9513
98.7223
99.4573
100.536
102.307
100.428
98.6621
98.298
98.2143
102.068
103.103
100.854
99.2757
94.812
96.8585
103.424
105.546
108.98
95.4019
76.3056
49.89
24.3959
5.22906
-6.02999
100.004
100.001
99.985
100.001
100.027
99.9982
99.9618
99.9999
100.05
100.005
99.9389
99.9855
100.071
100.028
99.9223
99.9529
100.08
100.07
99.9257
99.903
100.059
100.124
99.9683
99.8538
99.9911
100.158
100.061
99.8468
99.8793
100.124
100.179
99.9339
99.7798
99.9801
100.232
100.123
99.8034
99.7772
100.104
100.297
100.03
99.7003
99.804
100.221
100.339
99.9384
99.6211
99.8119
100.33
100.382
99.888
99.5387
99.7604
100.43
100.451
99.9286
99.4303
99.6146
100.484
100.564
100.126
99.3286
99.3356
100.403
100.683
100.553
99.3861
98.9249
100.059
100.614
101.195
99.9117
98.5721
99.4048
99.9722
101.652
101.207
98.8294
98.8217
98.5204
100.801
102.867
100.389
99.4529
97.3231
97.3759
102.671
102.754
102.314
99.997
92.9531
96.858
102.231
105.239
112.786
95.3705
75.5397
49.8093
17.3299
5.69696
99.9991
100.008
99.9962
99.9835
100.008
100.026
99.9903
99.9643
100.01
100.046
99.9937
99.9431
99.9993
100.067
100.012
99.925
99.9709
100.079
100.051
99.9228
99.9239
100.066
100.103
99.9562
99.8733
100.009
100.142
100.039
99.8578
99.9061
100.12
100.149
99.9286
99.8088
99.9953
100.207
100.096
99.8224
99.8084
100.1
100.258
100.021
99.7383
99.8251
100.201
100.288
99.9594
99.6622
99.8277
100.29
100.322
99.9475
99.5662
99.7936
100.347
100.394
100.02
99.4425
99.6955
100.326
100.519
100.229
99.3372
99.5057
100.148
100.63
100.646
99.3848
99.2594
99.7236
100.497
101.256
99.816
99.1731
99.1214
99.7054
101.692
100.789
99.6728
98.9403
98.0774
100.955
101.858
100.919
100.429
96.8825
98.0052
101.45
101.595
103.91
99.9328
94.1717
97.7224
98.5934
105.015
113.374
94.9974
82.5978
49.8554
5.80333
99.9982
100.003
100.004
99.9927
99.9928
100.011
100.011
99.9853
99.9845
100.017
100.021
99.9822
99.9722
100.017
100.035
99.9874
99.9571
100.005
100.05
100.006
99.9457
99.9792
100.055
100.039
99.9512
99.942
100.035
100.075
99.9883
99.9133
99.9801
100.087
100.056
99.9289
99.908
100.038
100.116
100.013
99.8808
99.9257
100.095
100.125
99.968
99.8427
99.9505
100.143
100.13
99.934
99.8015
99.9697
100.178
100.155
99.9166
99.747
99.967
100.193
100.224
99.9259
99.6817
99.9175
100.168
100.346
99.9953
99.6288
99.8032
100.049
100.491
100.18
99.6521
99.6594
99.7509
100.532
100.504
99.8583
99.6543
99.2669
100.198
100.822
100.284
100.102
98.9575
99.2417
100.683
100.604
101.076
99.7903
98.0987
99.5807
100.027
101.395
102.549
98.7518
97.8388
98.4157
98.1256
105.455
106.143
94.4322
94.1153
49.9577
)
;

boundaryField
{
    left
    {
        type            fixedValue;
        value           uniform 100;
    }
    right
    {
        type            zeroGradient;
    }
    up
    {
        type            zeroGradient;
    }
    down
    {
        type            fixedValue;
        value           uniform 0;
    }
    frontAndBack
    {
        type            empty;
    }
}


// ************************************************************************* //
