/*--------------------------------*- C++ -*----------------------------------*\
  =========                 |
  \\      /  F ield         | OpenFOAM: The Open Source CFD Toolbox
   \\    /   O peration     | Website:  https://openfoam.org
    \\  /    A nd           | Version:  8
     \\/     M anipulation  |
\*---------------------------------------------------------------------------*/
FoamFile
{
    version     2.0;
    format      ascii;
    class       volScalarField;
    location    "0.429";
    object      T;
}
// * * * * * * * * * * * * * * * * * * * * * * * * * * * * * * * * * * * * * //

dimensions      [0 0 0 1 0 0 0];

internalField   nonuniform List<scalar> 
10000
(
50
4.65229
-4.65198
-1.18261
1.18118
0.455553
-0.451378
-0.227495
0.21822
0.138872
-0.121595
-0.100165
0.0718501
0.0818054
-0.0400098
-0.071395
0.0153205
0.0624132
0.00584189
-0.0509446
-0.023446
0.0350308
0.0353341
-0.0149923
-0.0385945
-0.00617381
0.0313533
0.0231443
-0.0147733
-0.0300339
-0.0057221
0.0235586
0.0214052
-0.00628467
-0.0241848
-0.0126137
0.0122514
0.0214161
0.00655092
-0.0140011
-0.0182347
-0.0035781
0.0133409
0.0158216
0.00311129
-0.0112978
-0.01419
-0.00437095
0.00820943
0.0127065
0.00648677
-0.0041507
-0.0104586
-0.00833439
-0.000504292
0.00671933
0.0085326
0.0045907
-0.00167771
-0.00604474
-0.00626002
-0.00294984
0.00140761
0.00430522
0.00456594
0.00261901
-0.000136548
-0.00227427
-0.00301779
-0.00240574
-0.00103266
0.000372968
0.00128876
0.00153759
0.00123926
0.000663552
8.03739e-05
-0.000333739
-0.000519759
-0.000509975
-0.000381551
-0.000214549
-6.67559e-05
3.36418e-05
8.31382e-05
9.28386e-05
7.87729e-05
5.53171e-05
3.22528e-05
1.44607e-05
3.17346e-06
-2.56616e-06
-4.42457e-06
-4.1763e-06
-2.96795e-06
-1.74199e-06
-6.38067e-07
-4.56411e-08
4.06636e-07
4.77879e-07
95.3478
49.9999
10.4867
-4.65098
-2.81902
1.17769
1.13404
-0.443078
-0.584261
0.20223
0.360534
-0.0948463
-0.254152
0.0317704
0.194163
0.0144578
-0.150814
-0.0518253
0.109861
0.0800742
-0.0651715
-0.0949611
0.0169488
0.0913989
0.0287638
-0.0670261
-0.0616014
0.0258393
0.0708324
0.0199497
-0.0516321
-0.0523618
0.0110996
0.055693
0.0308127
-0.0275274
-0.0497278
-0.0149026
0.0331249
0.0418498
0.00634239
-0.0325159
-0.035684
-0.00398638
0.0286087
0.031801
0.00609156
-0.0224816
-0.029064
-0.0108645
0.0142079
0.0254664
0.0161159
-0.00405567
-0.0189526
-0.0189197
-0.00623101
0.00881887
0.0163082
0.0129173
0.0025401
-0.00764973
-0.0120929
-0.00956092
-0.0027553
0.00409662
0.00776903
0.00733571
0.00396359
-0.000219069
-0.00334045
-0.00449838
-0.00382247
-0.00208663
-0.000197211
0.0011876
0.00180475
0.00173277
0.00123694
0.000610667
7.15907e-05
-0.000274544
-0.000418868
-0.000410609
-0.000317711
-0.000199597
-9.49433e-05
-2.10506e-05
2.04469e-05
3.64426e-05
3.63199e-05
2.84898e-05
1.86607e-05
1.01371e-05
3.91859e-06
2.95947e-07
-1.70306e-06
-2.09506e-06
-2.3344e-06
-1.59225e-06
104.652
89.5133
49.9997
12.123
-4.6489
-3.49743
1.17141
1.49099
-0.429666
-0.806694
0.17845
0.516214
-0.0577786
-0.369406
-0.0202092
0.277762
0.080401
-0.203414
-0.126939
0.129361
0.15507
-0.0510895
-0.156894
-0.025706
0.126761
0.0871322
-0.067081
-0.115981
-0.00743456
0.100482
0.0707847
-0.044533
-0.0950842
-0.0269876
0.0669971
0.0755155
-0.00215838
-0.0707937
-0.0567184
0.0163856
0.0661448
0.0443881
-0.0194969
-0.0587781
-0.0389005
0.0150288
0.0503606
0.0381688
-0.00537546
-0.0400552
-0.0388216
-0.00730242
0.026293
0.0366695
0.0196182
-0.00892476
-0.0278837
-0.0263226
-0.00854629
0.0118455
0.022348
0.01876
0.0056919
-0.00810248
-0.0154633
-0.0141515
-0.0066886
0.00215546
0.00822934
0.00970474
0.00718699
0.00271306
-0.0015334
-0.00413225
-0.0047127
-0.00372743
-0.00199773
-0.000294229
0.00090271
0.00144725
0.00144156
0.00110353
0.000653392
0.000248543
-3.37165e-05
-0.00018185
-0.000223159
-0.000198441
-0.000144905
-8.84743e-05
-4.2778e-05
-1.21276e-05
4.92332e-06
1.19674e-05
1.30778e-05
1.11439e-05
8.48093e-06
5.67659e-06
3.94941e-06
1.98069e-06
101.182
104.652
87.877
49.9994
12.8014
-4.64538
-3.85474
1.16166
1.71454
-0.410234
-0.964748
0.14597
0.635569
-0.00985606
-0.459063
-0.0837153
0.338109
0.155939
-0.231318
-0.206212
0.122437
0.225243
-0.0118717
-0.203026
-0.0865324
0.136876
0.150344
-0.0388285
-0.15831
-0.0616874
0.104284
0.125081
-0.00907956
-0.120491
-0.0802644
0.0491538
0.111803
0.0451541
-0.0647573
-0.0964175
-0.0251836
0.0653889
0.0830714
0.0186766
-0.0575232
-0.0736057
-0.0219797
0.0439234
0.0658607
0.0309327
-0.0253115
-0.0557029
-0.0403801
0.0029767
0.0390967
0.0437608
0.0185533
-0.0153373
-0.0350256
-0.0308346
-0.00938843
0.0139809
0.0260832
0.0227174
0.00872936
-0.00680553
-0.0162574
-0.016761
-0.0102329
-0.00112591
0.00627433
0.0096105
0.00880752
0.0053585
0.00122828
-0.00203526
-0.00370606
-0.0038305
-0.00292128
-0.00161038
-0.000401962
0.000430553
0.000830045
0.000879985
0.00071927
0.000478941
0.000250217
7.89181e-05
-2.48768e-05
-7.19037e-05
-8.08439e-05
-6.94458e-05
-5.10134e-05
-3.30822e-05
-1.92986e-05
-9.98224e-06
-4.65166e-06
-1.90194e-06
-7.40731e-07
-4.47522e-07
98.8185
102.819
104.65
87.1985
49.999
13.159
-4.64006
-4.07931
1.14777
1.87503
-0.383955
-1.08863
0.104059
0.732337
0.0491282
-0.529102
-0.157868
0.377392
0.238567
-0.235403
-0.28531
0.0907401
0.284988
0.0482965
-0.228137
-0.157953
0.119535
0.208383
0.0143092
-0.179445
-0.127122
0.0788251
0.16968
0.0487413
-0.118929
-0.134679
0.00328321
0.125666
0.101127
-0.0286474
-0.117355
-0.0791193
0.0342128
0.104211
0.069281
-0.026312
-0.0892049
-0.0678812
0.00922294
0.0708594
0.0689281
0.0132023
-0.0464084
-0.0649976
-0.0349489
0.0156091
0.0493239
0.0467188
0.0153124
-0.0208444
-0.0395614
-0.0333181
-0.0102173
0.0142499
0.0273695
0.025125
0.011944
-0.00373458
-0.014541
-0.0172086
-0.0127852
-0.00486853
0.00266992
0.00730233
0.00835851
0.00663119
0.00357226
0.000549026
-0.00158274
-0.00255973
-0.00255942
-0.00196625
-0.00117039
-0.000451646
5.18038e-05
0.000318394
0.000395741
0.000355625
0.000263829
0.000166098
8.67679e-05
3.32499e-05
3.44292e-06
-9.50107e-06
-1.18956e-05
-9.84598e-06
-5.8546e-06
-2.79564e-06
-2.52762e-07
1.10431e-06
99.5446
98.8214
103.497
104.647
86.8409
49.9985
13.3842
-4.6326
-4.24178
1.12912
2.00311
-0.350088
-1.19263
0.0521727
0.81305
0.119044
-0.582013
-0.241298
0.396237
0.32524
-0.216251
-0.359584
0.0365505
0.329046
0.124113
-0.228453
-0.231582
0.0751557
0.251832
0.085841
-0.173114
-0.192137
0.0255476
0.192919
0.118326
-0.0862201
-0.175346
-0.0624626
0.108325
0.149218
0.0315966
-0.107707
-0.127755
-0.0222395
0.0946424
0.11336
0.0283842
-0.0732251
-0.10233
-0.0435895
0.0441792
0.0879237
0.0599774
-0.00900948
-0.0634222
-0.0673179
-0.0256797
0.027089
0.0557447
0.0467801
0.0120243
-0.0240714
-0.0414419
-0.0345536
-0.0118211
0.01231
0.0262106
0.0259604
0.0150399
0.000623306
-0.010659
-0.0153576
-0.0136078
-0.00790896
-0.00137733
0.00361778
0.00603473
0.00603444
0.0044742
0.00235972
0.000468391
-0.000796708
-0.00137138
-0.00140437
-0.00112205
-0.000730915
-0.000370642
-0.000108069
4.54471e-05
0.00011012
0.0001168
9.42831e-05
6.28135e-05
3.4461e-05
1.33339e-05
8.47784e-07
-6.12204e-06
-7.46956e-06
-8.31934e-06
-5.62885e-06
100.452
98.866
98.827
103.855
104.643
86.6156
49.998
13.5479
-4.62266
-4.37312
1.10513
2.11358
-0.307982
-1.28387
-0.0100352
0.880668
0.199419
-0.618514
-0.332173
0.394622
0.412482
-0.174669
-0.424303
-0.036979
0.352863
0.209263
-0.202006
-0.298759
0.00684497
0.272743
0.16682
-0.136681
-0.244792
-0.0494117
0.186445
0.186192
-0.0245059
-0.189495
-0.134513
0.0583642
0.173619
0.102432
-0.0639498
-0.153306
-0.0895245
0.0508509
0.132159
0.0898317
-0.024885
-0.107289
-0.0945709
-0.00913808
0.0737896
0.0928377
0.0433047
-0.030133
-0.0741128
-0.0644011
-0.0158265
0.0353696
0.0584843
0.0454093
0.0100961
-0.0244685
-0.0408693
-0.0349228
-0.0143225
0.00830594
0.0227049
0.0249532
0.0173016
0.00533124
-0.0053774
-0.0114468
-0.0122519
-0.00920017
-0.00450593
-0.000129413
0.0027852
0.00396702
0.00375805
0.00275912
0.00154261
0.000497913
-0.000199159
-0.000539836
-0.0006085
-0.00051699
-0.00036236
-0.000209487
-9.04611e-05
-1.35941e-05
2.69585e-05
4.16135e-05
4.15775e-05
3.42516e-05
2.58492e-05
1.73056e-05
1.22551e-05
6.31036e-06
100.227
100.444
98.5087
98.8358
104.08
104.637
86.4518
49.9973
13.6811
-4.60991
-4.48847
1.07522
2.21403
-0.257083
-1.36584
-0.0827081
0.936264
0.289447
-0.638429
-0.428244
0.372402
0.496511
-0.112002
-0.474902
-0.125753
0.352919
0.296674
-0.148877
-0.351169
-0.0797657
0.265429
0.246733
-0.0715332
-0.274358
-0.135991
0.146612
0.238196
0.0579574
-0.169075
-0.19658
-0.0176461
0.163165
0.165886
0.0077341
-0.143111
-0.147858
-0.0192575
0.113679
0.136467
0.0437478
-0.0745436
-0.121723
-0.071135
0.0261211
0.0932302
0.0876537
0.0241432
-0.046628
-0.0786391
-0.0587827
-0.00779175
0.0396776
0.058232
0.0436937
0.0101472
-0.0220202
-0.0380226
-0.0343488
-0.0172695
0.00281693
0.0171593
0.0218481
0.0178828
0.00917981
0.000100637
-0.006311
-0.00894744
-0.00831237
-0.00574655
-0.00266884
-9.73733e-05
0.00150004
0.00211637
0.00201085
0.00151927
0.000926836
0.0004141
5.80726e-05
-0.000138574
-0.000211781
-0.000208338
-0.000168274
-0.000119516
-7.62966e-05
-4.48586e-05
-2.41076e-05
-1.27101e-05
-6.42473e-06
-4.032e-06
-2.68762e-06
99.7812
100.584
100.432
98.2847
98.8486
104.243
104.628
86.3184
49.9966
13.7991
-4.59404
-4.59583
1.03888
2.30852
-0.196937
-1.44013
-0.165782
0.979874
0.387993
-0.641185
-0.526899
0.329617
0.573385
-0.0302916
-0.507222
-0.224783
0.327009
0.378873
-0.0712949
-0.381491
-0.17692
0.227091
0.314595
0.0169561
-0.27277
-0.221516
0.075226
0.261913
0.148045
-0.112577
-0.232972
-0.106197
0.114302
0.203901
0.0925021
-0.0936538
-0.177791
-0.0980453
0.0573058
0.149249
0.111225
-0.00980919
-0.109958
-0.117582
-0.0403047
0.0553999
0.101922
0.0764485
0.00675256
-0.0571076
-0.078423
-0.0527151
-0.00288787
0.0400478
0.055671
0.0421023
0.0121037
-0.0170708
-0.0330209
-0.0324223
-0.0197889
-0.0031666
0.0102651
0.016743
0.0162094
0.0110538
0.00439063
-0.0012826
-0.00468998
-0.00572048
-0.00500138
-0.00340582
-0.00168972
-0.000322038
0.000522828
0.000881588
0.000895644
0.000724545
0.000495966
0.000288318
0.000135966
4.23203e-05
-3.83141e-06
-1.96792e-05
-1.83062e-05
-1.17925e-05
-3.22532e-06
1.40132e-06
5.69531e-06
5.89373e-06
99.8613
99.7964
100.808
100.413
98.1235
98.8661
104.375
104.617
86.2001
49.9958
13.9103
-4.57473
-4.69965
0.99562
2.39916
-0.127188
-1.50723
-0.258984
1.01096
0.49361
-0.626108
-0.625231
0.266694
0.639151
0.0676511
-0.517755
-0.328336
0.274456
0.448428
0.0264156
-0.384024
-0.275343
0.158205
0.36013
0.119914
-0.235812
-0.292411
-0.0204671
0.248826
0.229884
-0.0257084
-0.231914
-0.189406
0.0324675
0.202902
0.17018
-0.0122836
-0.166073
-0.16291
-0.0249956
0.118566
0.153777
0.0681902
-0.0578594
-0.127668
-0.100646
-0.00972758
0.0755276
0.102021
0.0633729
-0.00628817
-0.0617062
-0.075138
-0.0476497
-0.00147744
0.0369058
0.0512095
0.0404916
0.0153278
-0.0102874
-0.0260753
-0.0286775
-0.020843
-0.00835729
0.00318019
0.0103564
0.0123858
0.0104215
0.00644091
0.00228505
-0.000868577
-0.00259767
-0.00304676
-0.00264337
-0.00185314
-0.00103364
-0.00038676
2.24401e-05
0.000217429
0.000261492
0.000221651
0.000150833
8.10322e-05
2.82125e-05
-5.77063e-06
-2.17147e-05
-2.81713e-05
-2.4834e-05
-2.30953e-05
-1.42857e-05
100.122
99.6389
99.8192
100.966
100.388
97.9946
98.8888
104.491
104.602
86.0887
49.9949
14.0192
-4.55168
-4.80249
0.944987
2.48696
-0.0475887
-1.56697
-0.361832
1.0287
0.604566
-0.592614
-0.720113
0.184567
0.690008
0.178247
-0.503854
-0.430153
0.196244
0.498415
0.138042
-0.355217
-0.365002
0.0626293
0.374943
0.22587
-0.163871
-0.336094
-0.128597
0.195994
0.287539
0.0792166
-0.188259
-0.248628
-0.0685026
0.157527
0.220139
0.0839179
-0.110089
-0.19286
-0.111464
0.0483912
0.153669
0.1336
0.0204853
-0.092946
-0.129833
-0.0779635
0.0154625
0.086325
0.0966919
0.051548
-0.0139658
-0.0612969
-0.070079
-0.0441298
-0.00321612
0.030843
0.044978
0.0382732
0.0187652
-0.00268772
-0.0177244
-0.0229642
-0.0196267
-0.0114958
-0.00265962
0.00401282
0.00737454
0.00770953
0.00607716
0.00367285
0.00141498
-0.000204025
-0.00107165
-0.00131721
-0.0011668
-0.000838626
-0.00049002
-0.00020723
-1.84049e-05
8.33391e-05
0.000121586
0.000120567
0.000101733
7.66339e-05
5.49838e-05
3.58007e-05
2.51956e-05
1.31946e-05
100.1
100.096
99.4822
99.8508
101.091
100.355
97.883
98.9174
104.599
104.585
85.9794
49.9939
14.1288
-4.52459
-4.90584
0.886564
2.57229
0.0420024
-1.61878
-0.473637
1.03213
0.718864
-0.540347
-0.808284
0.0847536
0.722466
0.297208
-0.46392
-0.523727
0.095058
0.522892
0.255841
-0.294069
-0.435988
-0.0526121
0.353549
0.321994
-0.0621629
-0.342837
-0.234195
0.106914
0.307841
0.185145
-0.105033
-0.268442
-0.168879
0.0726144
0.226601
0.17197
-0.0195477
-0.175046
-0.176631
-0.0438216
0.106019
0.162379
0.099563
-0.0218671
-0.1132
-0.121453
-0.0554806
0.032894
0.0893271
0.0888333
0.0427247
-0.0163765
-0.0568997
-0.0639173
-0.0419059
-0.00725137
0.0225857
0.0370187
0.0347017
0.0211663
0.00440785
-0.0089836
-0.0157653
-0.01601
-0.0118708
-0.00608069
-0.000843039
0.00265308
0.0041852
0.00416188
0.00323564
0.00201227
0.000904797
0.000110047
-0.000342301
-0.000518069
-0.000515096
-0.000423723
-0.000307423
-0.000203093
-0.000123737
-7.20037e-05
-4.00476e-05
-2.42126e-05
-1.46591e-05
-1.18531e-05
-8.30573e-06
99.9273
100.255
100.06
99.3616
99.8919
101.197
100.314
97.7813
98.9523
104.704
104.563
85.8694
49.9928
14.2407
-4.49317
-5.01055
0.81997
2.65508
0.141617
-1.66187
-0.593507
1.0203
0.834279
-0.469261
-0.886442
-0.0306196
0.733503
0.419651
-0.397549
-0.602624
-0.024774
0.517347
0.371028
-0.202349
-0.479421
-0.17785
0.294146
0.395556
0.0596453
-0.307335
-0.321268
-0.00858351
0.282918
0.273128
0.00652091
-0.240208
-0.247032
-0.0370978
0.183072
0.228675
0.0852012
-0.109332
-0.199034
-0.131744
0.021626
0.141232
0.151221
0.0621909
-0.0534739
-0.120569
-0.107909
-0.0370453
0.042295
0.0865892
0.080422
0.0373952
-0.0142782
-0.0493983
-0.0567465
-0.0401487
-0.0123492
0.0130901
0.0275722
0.0292366
0.0214127
0.00960518
-0.00123801
-0.00822843
-0.0107297
-0.00969556
-0.00674039
-0.00337721
-0.000609655
0.00114156
0.00190288
0.00194053
0.001579
0.00108776
0.000637814
0.000305722
0.000102118
1.50217e-06
-3.08507e-05
-2.8531e-05
-1.16393e-05
3.28758e-06
1.63906e-05
1.90343e-05
2.28482e-05
1.68651e-05
99.9179
99.9668
100.372
100.013
99.2632
99.9432
101.29
100.264
97.6852
98.9941
104.808
104.538
85.757
49.9916
14.3561
-4.45713
-5.11703
0.744864
2.73499
0.251178
-1.6953
-0.720357
0.992314
0.9484
-0.379691
-0.951341
-0.158816
0.72071
0.540246
-0.305626
-0.660813
-0.157443
0.479077
0.474372
-0.0846119
-0.488325
-0.301582
0.199056
0.435458
0.188379
-0.229758
-0.375136
-0.13546
0.21197
0.325698
0.128512
-0.164446
-0.284129
-0.149644
0.0947743
0.236775
0.177973
-0.00942057
-0.168243
-0.188058
-0.0754524
0.0732928
0.155116
0.129036
0.0290609
-0.072994
-0.118678
-0.0934676
-0.0244138
0.0445974
0.0799173
0.0723618
0.0350788
-0.00881593
-0.0395507
-0.0483408
-0.0377372
-0.0170175
0.00364943
0.0173693
0.0219306
0.0189306
0.0118351
0.00411879
-0.00186479
-0.00518079
-0.00602357
-0.00518901
-0.00358696
-0.0019337
-0.000639855
0.000161445
0.000520838
0.000571976
0.000457448
0.000287772
0.000131048
1.62791e-05
-5.07833e-05
-8.09541e-05
-8.35743e-05
-7.57759e-05
-5.73831e-05
-4.69375e-05
-2.66436e-05
100.041
99.8041
100.018
100.463
99.954
99.1806
100.005
101.374
100.205
97.5927
99.0432
104.913
104.509
85.641
49.9904
14.4757
-4.41619
-5.22548
0.66094
2.8115
0.370494
-1.71806
-0.852913
0.947442
1.05866
-0.272396
-0.999884
-0.296522
0.682423
0.653401
-0.190362
-0.693017
-0.295916
0.407474
0.556852
0.0520068
-0.458384
-0.411498
0.0747428
0.433663
0.308806
-0.116134
-0.384736
-0.255486
0.101959
0.3302
0.239381
-0.0514771
-0.268543
-0.240406
-0.021694
0.189988
0.233553
0.100041
-0.0889685
-0.193245
-0.155087
-0.021778
0.106908
0.153065
0.103765
0.00421486
-0.0816476
-0.111176
-0.0807365
-0.0177398
0.0412161
0.0705606
0.0646586
0.0346432
-0.00140265
-0.028188
-0.0385599
-0.033677
-0.0197908
-0.00419396
0.00774372
0.0137253
0.0141435
0.0109189
0.00629283
0.00201243
-0.00098442
-0.00249719
-0.00279912
-0.00235161
-0.00159458
-0.000840739
-0.000254739
0.000116662
0.00029915
0.000347266
0.000318587
0.00025594
0.00018933
0.000130207
8.72975e-05
5.43118e-05
3.70754e-05
1.934e-05
100.072
99.9866
99.7187
100.082
100.535
99.884
99.1108
100.077
101.45
100.136
97.5028
99.1002
105.019
104.475
85.5208
49.9891
14.6
-4.37007
-5.33587
0.56793
2.88396
0.499262
-1.7291
-0.989727
0.885126
1.16241
-0.148582
-1.02923
-0.439906
0.617832
0.753474
-0.0552775
-0.695028
-0.432279
0.304198
0.610343
0.19821
-0.38851
-0.49565
-0.0685964
0.386362
0.405427
0.0220444
-0.344532
-0.349896
-0.0329622
0.281485
0.317793
0.0799239
-0.198984
-0.287634
-0.141539
0.0955169
0.234718
0.189779
0.0192465
-0.142444
-0.190842
-0.113657
0.0209092
0.12353
0.141576
0.0809259
-0.0111935
-0.0817236
-0.100807
-0.0707242
-0.0161417
0.0336395
0.0592486
0.0567579
0.0346289
0.00637475
-0.016387
-0.0277136
-0.027568
-0.0197422
-0.00915863
0.000193332
0.0061884
0.0084967
0.00795793
0.00584755
0.00332391
0.00115376
-0.000323469
-0.00109208
-0.0013134
-0.00120055
-0.000939282
-0.000656654
-0.000418542
-0.000247935
-0.000138541
-7.77574e-05
-4.4777e-05
-3.18893e-05
-2.27349e-05
-2.16802e-05
-1.56594e-05
99.9839
100.153
99.9203
99.6564
100.157
100.59
99.8031
99.0529
100.161
101.52
100.057
97.415
99.1653
105.127
104.437
85.3957
49.9876
14.7294
-4.3185
-5.44808
0.465607
2.95161
0.637068
-1.72741
-1.12919
0.80504
1.25693
-0.00991663
-1.03689
-0.584697
0.52707
0.834999
0.0948789
-0.664009
-0.558153
0.173214
0.628284
0.343159
-0.281167
-0.543665
-0.217859
0.294741
0.464427
0.168973
-0.255773
-0.40232
-0.173282
0.183443
0.346779
0.205707
-0.085619
-0.27772
-0.237214
-0.0267708
0.177571
0.234022
0.126905
-0.0480311
-0.169132
-0.17141
-0.0741185
0.0495353
0.126905
0.126157
0.0633815
-0.0178624
-0.0755495
-0.0891276
-0.0631691
-0.0181125
0.0233327
0.0464347
0.0479181
0.033537
0.012876
-0.00548327
-0.0166532
-0.0197737
-0.0167902
-0.0107453
-0.00439178
0.000528555
0.00338032
0.00434603
0.00401739
0.00304933
0.0019549
0.00103612
0.000407
5.60437e-05
-8.74362e-05
-0.000106722
-6.8472e-05
-1.86538e-05
2.33804e-05
4.55195e-05
5.697e-05
5.05242e-05
4.85753e-05
3.08647e-05
99.9366
100.052
100.208
99.8437
99.6152
100.241
100.629
99.7121
99.0067
100.254
101.582
99.9677
97.3296
99.239
105.238
104.393
85.2654
49.9861
14.8641
-4.26119
-5.56188
0.353784
3.01365
0.783383
-1.712
-1.26954
0.70712
1.33951
0.141474
-1.02081
-0.726295
0.411271
0.892931
0.254279
-0.598728
-0.665175
0.0206791
0.606276
0.475258
-0.142403
-0.54789
-0.358242
0.165217
0.475566
0.306373
-0.12684
-0.40157
-0.297013
0.0490208
0.317372
0.301086
0.0512575
-0.208993
-0.28499
-0.148562
0.0735948
0.218227
0.202894
0.0632214
-0.0946356
-0.17446
-0.144892
-0.0425031
0.0646577
0.121319
0.110444
0.0518105
-0.0174588
-0.0650544
-0.0766814
-0.0569655
-0.021742
0.0118995
0.0327279
0.0376748
0.0301524
0.0165482
0.00294543
-0.00678994
-0.0114058
-0.0116245
-0.00912254
-0.00563579
-0.00243148
-0.000153995
0.00107589
0.00145538
0.00129981
0.000904457
0.000479116
0.000136685
-8.53191e-05
-0.00019737
-0.000228053
-0.000212084
-0.0001722
-0.000131347
-8.93294e-05
-6.51507e-05
-3.38209e-05
99.9945
99.8874
100.128
100.237
99.7595
99.5945
100.334
100.651
99.6121
98.973
100.358
101.637
99.8682
97.2467
99.3216
105.351
104.344
85.1298
49.9845
15.0042
-4.19789
-5.67698
0.232312
3.06923
0.93757
-1.68197
-1.40889
0.591579
1.40751
0.303024
-0.979468
-0.859891
0.272585
0.922878
0.416225
-0.499732
-0.745501
-0.145326
0.542552
0.583061
0.0184437
-0.504342
-0.474709
0.00907004
0.43373
0.415795
0.0274565
-0.343793
-0.383224
-0.101441
0.230927
0.345577
0.184921
-0.0929616
-0.27106
-0.239905
-0.0524969
0.144032
0.223946
0.157982
0.0103115
-0.120477
-0.165929
-0.118592
-0.0210843
0.0686469
0.11035
0.0961873
0.0454167
-0.0120453
-0.0517917
-0.0635091
-0.0507415
-0.0250167
0.00118515
0.0193344
0.026482
0.024245
0.0165636
0.00753818
8.07657e-05
-0.00449236
-0.00619117
-0.0057879
-0.00427009
-0.00247473
-0.000932127
0.000131107
0.000707465
0.000904782
0.000864311
0.000708733
0.000524884
0.000358853
0.000231837
0.00014182
8.6213e-05
4.99243e-05
3.28263e-05
1.76475e-05
100.052
99.9189
99.8665
100.209
100.243
99.6705
99.5944
100.432
100.656
99.5044
98.9526
100.471
101.683
99.7583
97.1669
99.4135
105.465
104.289
84.9885
49.9828
15.1499
-4.12832
-5.79305
0.101082
3.11746
1.09888
-1.6365
-1.54525
0.458932
1.4584
0.471757
-0.911948
-0.980598
0.114174
0.921317
0.5734
-0.369429
-0.792297
-0.3152
0.438292
0.656202
0.189345
-0.413358
-0.553571
-0.158495
0.339956
0.4811
0.187541
-0.233612
-0.415617
-0.243312
0.099604
0.32747
0.287563
0.0474601
-0.195549
-0.276845
-0.168746
0.0296698
0.182124
0.206764
0.112538
-0.0268696
-0.129312
-0.150321
-0.0966571
-0.00959224
0.0643047
0.0963716
0.0836515
0.0426021
-0.00371898
-0.037073
-0.0496277
-0.0434569
-0.0263857
-0.00719079
0.00775168
0.0156869
0.0169798
0.0137741
0.00862437
0.00357378
-0.000215059
-0.00240219
-0.00319718
-0.00305351
-0.00243699
-0.00170159
-0.00105493
-0.000580933
-0.000280942
-0.000118859
-4.54331e-05
-2.37231e-05
-2.05202e-05
-2.76562e-05
-2.70576e-05
-3.11291e-05
-2.30487e-05
100.024
100.068
99.8417
99.8725
100.291
100.224
99.5804
99.6154
100.534
100.643
99.3907
98.9465
100.593
101.72
99.6384
97.091
99.5147
105.582
104.229
84.8416
49.981
15.3013
-4.05221
-5.90969
-0.039968
3.15745
1.26645
-1.57486
-1.67653
0.310013
1.48981
0.644316
-0.817999
-1.0836
-0.0598316
0.885816
0.718169
-0.212107
-0.800234
-0.478342
0.297765
0.686327
0.356438
-0.279907
-0.584046
-0.319796
0.201789
0.490816
0.331548
-0.0840735
-0.385612
-0.351747
-0.0551457
0.246855
0.336235
0.182425
-0.0734092
-0.247987
-0.244225
-0.094347
0.0880348
0.193525
0.17873
0.074655
-0.0481234
-0.126001
-0.132351
-0.0804679
-0.00631118
0.0541542
0.0805884
0.0720586
0.0413331
0.00545747
-0.0221132
-0.0351994
-0.0345116
-0.0249028
-0.0122119
-0.00100737
0.00633641
0.00947086
0.00933429
0.00733412
0.00474741
0.00242906
0.000775508
-0.000165398
-0.00053992
-0.000556893
-0.000403376
-0.000210361
-4.75945e-05
5.80834e-05
0.000111693
0.000122569
0.000114908
8.85902e-05
7.328e-05
4.13582e-05
99.9636
100.097
100.054
99.7689
99.9041
100.368
100.183
99.4929
99.6576
100.636
100.611
99.2731
98.9559
100.722
101.746
99.5086
97.0195
99.6257
105.7
104.162
84.6889
49.9792
15.4584
-3.9693
-6.02647
-0.190858
3.18828
1.43932
-1.49649
-1.80057
0.145982
1.49962
0.817025
-0.698102
-1.16432
-0.244419
0.815212
0.842935
-0.0338323
-0.765931
-0.623804
0.128243
0.667951
0.505158
-0.113466
-0.559674
-0.456558
0.0328459
0.440103
0.438379
0.08476
-0.294431
-0.406207
-0.206039
0.116502
0.318278
0.28166
0.0682634
-0.158355
-0.257734
-0.193456
-0.0313951
0.121652
0.186898
0.148925
0.047686
-0.0558792
-0.114892
-0.114491
-0.0693786
-0.00872237
0.0404677
0.0635988
0.0601893
0.0393525
0.0131751
-0.0086059
-0.0210838
-0.0240062
-0.0200708
-0.0129203
-0.00565322
-0.000133168
0.00302502
0.00408622
0.00373209
0.002689
0.00151644
0.000541073
-0.000113496
-0.000459049
-0.000571213
-0.000541077
-0.000442858
-0.000329679
-0.000226594
-0.000148779
-9.02458e-05
-5.79769e-05
-2.77453e-05
99.9637
99.9816
100.162
100.014
99.7061
99.9591
100.436
100.12
99.4122
99.7206
100.735
100.559
99.1538
98.9817
100.858
101.761
99.3692
96.9535
99.7465
105.82
104.089
84.5304
49.9772
15.6211
-3.87933
-6.14297
-0.351569
3.20905
1.61643
-1.40093
-1.91518
-0.0316816
1.48599
0.985963
-0.553487
-1.2186
-0.433836
0.70974
0.940511
0.15777
-0.688284
-0.741022
-0.0603425
0.599115
0.621519
0.0726163
-0.479325
-0.552045
-0.148501
0.33189
0.490915
0.248544
-0.153557
-0.394556
-0.324969
-0.0400104
0.23482
0.321681
0.196404
-0.0289405
-0.204365
-0.239305
-0.140797
0.0136092
0.134636
0.170425
0.122724
0.0316724
-0.0535123
-0.0992511
-0.0975769
-0.0616992
-0.0140335
0.0255275
0.0462887
0.0475098
0.0351622
0.0174562
0.00128807
-0.00947288
-0.0140033
-0.0135498
-0.0102092
-0.00596872
-0.00219923
0.000445564
0.00187897
0.0023421
0.00218876
0.00174275
0.0012349
0.000792573
0.000465647
0.000250621
0.000126898
6.05962e-05
3.32593e-05
1.965e-05
1.8118e-05
1.44155e-05
100.016
99.9052
100.025
100.211
99.9525
99.659
100.035
100.491
100.036
99.3423
99.8038
100.827
100.489
99.0352
99.0248
100.999
101.762
99.2209
96.8937
99.8773
105.94
104.009
84.366
49.9751
15.7896
-3.78202
-6.25868
-0.522041
3.21885
1.79661
-1.28789
-2.01814
-0.221182
1.44741
1.14702
-0.386145
-1.24278
-0.621736
0.571102
1.00446
0.353808
-0.568679
-0.820513
-0.255947
0.481769
0.693378
0.262147
-0.347665
-0.593072
-0.321105
0.17698
0.478753
0.382206
0.0165875
-0.31572
-0.388383
-0.192601
0.101193
0.2916
0.279978
0.108273
-0.0973841
-0.218337
-0.207326
-0.0963064
0.0400392
0.132689
0.150039
0.102268
0.0248606
-0.044214
-0.0811426
-0.0814637
-0.0555743
-0.0198793
0.0112375
0.0297705
0.0345128
0.0289253
0.0182445
0.00715947
-0.00138074
-0.0063128
-0.00796346
-0.00735556
-0.0056212
-0.00365203
-0.00197953
-0.000811482
-0.000136826
0.00016177
0.000227157
0.000177126
9.44181e-05
1.78136e-05
-2.96884e-05
-5.84156e-05
-5.84512e-05
-6.08798e-05
-4.0304e-05
100.04
99.9709
99.8675
100.088
100.238
99.8738
99.6325
100.126
100.526
99.9355
99.2874
99.9056
100.91
100.398
98.9199
99.0858
101.142
101.75
99.0642
96.841
100.018
106.061
103.922
84.1957
49.9729
15.9639
-3.67711
-6.37311
-0.702159
3.21679
1.97858
-1.15724
-2.10725
-0.42039
1.38279
1.29597
-0.198853
-1.23394
-0.801345
0.402536
1.02948
0.54447
-0.411124
-0.854589
-0.445092
0.321948
0.711654
0.437403
-0.175149
-0.571791
-0.46343
-0.00678291
0.400211
0.463772
0.189399
-0.180644
-0.382076
-0.310396
-0.0555533
0.196313
0.297657
0.218094
0.0347016
-0.136168
-0.210713
-0.172756
-0.0642468
0.0505136
0.120935
0.128927
0.0871817
0.0245378
-0.0307001
-0.061617
-0.065272
-0.0489889
-0.0241645
-0.000911355
0.0148006
0.0214676
0.0207627
0.0157489
0.00940407
0.00380506
-6.05306e-05
-0.00207969
-0.00264652
-0.00232392
-0.00161869
-0.000881399
-0.000295227
8.33268e-05
0.000275934
0.00033305
0.000312613
0.000253567
0.000191646
0.000129141
9.25732e-05
4.72212e-05
100.006
100.071
99.9099
99.8559
100.163
100.24
99.7847
99.6305
100.23
100.54
99.8209
99.251
100.024
100.98
100.29
98.8107
99.1652
101.288
101.723
98.8997
96.7964
100.169
106.182
103.827
84.0195
49.9705
16.144
-3.56433
-6.48574
-0.891757
3.20201
2.16099
-1.00905
-2.18034
-0.626866
1.29145
1.42858
0.00484206
-1.19001
-0.965705
0.208803
1.01173
0.71951
-0.222239
-0.838069
-0.613797
0.129638
0.671465
0.580816
0.022621
-0.487137
-0.556347
-0.196411
0.263361
0.478242
0.33624
-0.0112437
-0.304804
-0.368275
-0.201911
0.0564931
0.243999
0.271491
0.155369
-0.017052
-0.150487
-0.191246
-0.141924
-0.0446537
0.049045
0.103311
0.108175
0.0754889
0.0272859
-0.0158859
-0.0419294
-0.0484813
-0.0401959
-0.0245995
-0.00858549
0.00347828
0.0100514
0.0117075
0.0100783
0.00694169
0.00367469
0.00106854
-0.000606215
-0.0014241
-0.00161977
-0.00145393
-0.00113564
-0.000802992
-0.000522459
-0.00031921
-0.000183097
-0.000103916
-5.65597e-05
-3.57e-05
-1.99994e-05
99.9669
100.064
100.071
99.8432
99.8729
100.241
100.214
99.6924
99.6556
100.339
100.528
99.6967
99.2366
100.157
101.034
100.163
98.7104
99.2631
101.433
101.68
98.7284
96.7608
100.33
106.303
103.725
83.8373
49.9681
16.3298
-3.44343
-6.59602
-1.09063
3.17366
2.34239
-0.843574
-2.23534
-0.837906
1.17324
1.54073
0.220706
-1.10993
-1.10795
-0.00394385
0.949203
0.868826
-0.0109874
-0.768831
-0.748663
-0.0818387
0.572903
0.676841
0.226329
-0.345438
-0.585897
-0.366783
0.0854197
0.420616
0.43154
0.163189
-0.169357
-0.352864
-0.305579
-0.0958337
0.13175
0.254303
0.230973
0.103304
-0.0468514
-0.147479
-0.167103
-0.117351
-0.0352775
0.0397863
0.0827828
0.0880845
0.0651737
0.0300468
-0.00268898
-0.0242781
-0.032526
-0.0299983
-0.0213632
-0.0111451
-0.00246229
0.00326565
0.00597686
0.00638316
0.00543231
0.0039541
0.00250699
0.00137001
0.000614343
0.000188541
-1.59487e-06
-5.55915e-05
-4.05642e-05
-1.13642e-05
2.2167e-05
3.35604e-05
4.68652e-05
3.7161e-05
99.9758
99.9721
100.122
100.042
99.7812
99.9185
100.313
100.16
99.6047
99.7087
100.446
100.488
99.5681
99.2469
100.3
101.068
100.021
98.6218
99.3795
101.575
101.621
98.5512
96.7352
100.502
106.422
103.616
83.6492
49.9655
16.5214
-3.31411
-6.7034
-1.29854
3.13094
2.52128
-0.661237
-2.27026
-1.05055
1.02849
1.62847
0.443883
-0.993674
-1.22154
-0.228332
0.841817
0.98297
0.211713
-0.648097
-0.837873
-0.296713
0.421281
0.713582
0.41482
-0.16005
-0.54533
-0.494024
-0.109411
0.297135
0.457387
0.311205
-0.000454475
-0.265751
-0.342929
-0.224952
-0.0112857
0.171245
0.240695
0.189106
0.0665325
-0.0581611
-0.133454
-0.142323
-0.0989043
-0.0330993
0.026098
0.0611739
0.068528
0.0548534
0.0311508
0.00751645
-0.0097264
-0.0185027
-0.0198995
-0.016545
-0.0112092
-0.00597537
-0.00198025
0.000457702
0.00154178
0.00169782
0.00136073
0.000861505
0.000400886
6.43267e-05
-0.000132925
-0.000221479
-0.000230804
-0.000208441
-0.000157122
-0.000126923
-7.05217e-05
100.016
99.925
100.007
100.168
99.9868
99.7339
99.9899
100.37
100.079
99.5295
99.7892
100.547
100.421
99.4405
99.2837
100.45
101.079
99.8646
98.5478
99.514
101.713
101.545
98.369
96.7204
100.683
106.54
103.498
83.455
49.9628
16.7189
-3.1761
-6.80728
-1.51518
3.07305
2.69603
-0.462688
-2.2832
-1.26158
0.858058
1.68812
0.668932
-0.84239
-1.30046
-0.455923
0.69165
1.05367
0.433422
-0.480653
-0.872144
-0.497783
0.227111
0.684208
0.56715
0.049619
-0.436463
-0.558779
-0.292968
0.125035
0.406989
0.404736
0.1694
-0.12387
-0.304557
-0.299668
-0.148699
0.0450715
0.182477
0.214931
0.152978
0.044768
-0.0557222
-0.112906
-0.118151
-0.0844708
-0.0344911
0.0110143
0.0397467
0.0489919
0.042956
0.0287909
0.0132339
0.000752987
-0.00682262
-0.00971075
-0.00923319
-0.00697212
-0.00423497
-0.00184377
-0.000154546
0.000806854
0.0011917
0.00120197
0.00102118
0.000776172
0.000545919
0.000358212
0.000226931
0.000134131
8.5161e-05
4.15309e-05
100.032
99.9794
99.8928
100.064
100.191
99.911
99.7099
100.081
100.404
99.9763
99.4742
99.8946
100.632
100.327
99.3197
99.3482
100.602
101.066
99.697
98.491
99.6657
101.844
101.451
98.1831
96.7175
100.874
106.656
103.372
83.2548
49.96
16.9221
-3.02913
-6.90705
-1.74017
2.99927
2.86496
-0.248816
-2.27247
-1.46756
0.663446
1.71641
0.889938
-0.658488
-1.33959
-0.677486
0.503067
1.07445
0.640825
-0.2749
-0.845758
-0.667783
0.00563903
0.588205
0.665012
0.259919
-0.270289
-0.54949
-0.437196
-0.0693594
0.286927
0.424888
0.306066
0.0430427
-0.198642
-0.301583
-0.244717
-0.0887428
0.0748445
0.174556
0.185128
0.12486
0.0348593
-0.0445467
-0.0891735
-0.0946926
-0.0714412
-0.0356758
-0.001945
0.0210416
0.0309554
0.0300745
0.022758
0.0133262
0.00485717
-0.00112467
-0.00437172
-0.00540224
-0.00501418
-0.00395424
-0.00275833
-0.00172814
-0.000974388
-0.000494256
-0.000223387
-9.65232e-05
-4.35182e-05
-3.56275e-05
-3.09357e-05
-3.86857e-05
-3.21848e-05
100.006
100.056
99.9251
99.8877
100.134
100.186
99.8243
99.7158
100.185
100.409
99.8579
99.4455
100.021
100.696
100.207
99.2117
99.4405
100.752
101.027
99.521
98.454
99.8338
101.966
101.338
97.9948
96.7274
101.076
106.77
103.237
83.0487
49.957
17.1311
-2.87293
-7.0021
-1.9731
2.90894
3.02635
-0.0207219
-2.23661
-1.66493
0.446729
1.71062
1.1007
-0.445625
-1.33496
-0.883425
0.282635
1.04119
0.820607
-0.0424734
-0.757328
-0.790999
-0.224355
0.431925
0.695186
0.445781
-0.0660723
-0.464759
-0.51887
-0.254784
0.116743
0.366457
0.381323
0.198879
-0.0497172
-0.230696
-0.27468
-0.192657
-0.048755
0.0834378
0.155283
0.155745
0.104118
0.0328455
-0.0289325
-0.0647648
-0.072185
-0.0585072
-0.0348151
-0.0110188
0.00672885
0.0163593
0.0188064
0.0164754
0.0119444
0.0071953
0.00336289
0.000835555
-0.00048867
-0.000939807
-0.000880972
-0.000605708
-0.000299627
-5.92879e-05
9.46426e-05
0.00016128
0.000182222
0.000153282
0.000137486
8.18241e-05
99.9745
100.056
100.049
99.8663
99.9139
100.205
100.148
99.7377
99.7548
100.291
100.381
99.7318
99.4484
100.161
100.734
100.066
99.1225
99.5597
100.895
100.96
99.34
98.4391
100.017
102.077
101.207
97.8053
96.7509
101.286
106.88
103.093
82.8364
49.9538
17.346
-2.70721
-7.0918
-2.21353
2.80143
3.17842
0.220296
-2.17434
-1.85003
0.210535
1.66863
1.29489
-0.208627
-1.28397
-1.06415
0.0389081
0.95247
0.960272
0.202392
-0.610132
-0.854705
-0.442151
0.228286
0.651309
0.583778
0.15086
-0.314031
-0.523518
-0.400222
-0.0742114
0.23941
0.379059
0.309292
0.107088
-0.105513
-0.231814
-0.238079
-0.150674
-0.0271523
0.0770007
0.129913
0.128066
0.0882545
0.0346282
-0.0122907
-0.0412214
-0.0503881
-0.0444683
-0.0306377
-0.0154277
-0.00309455
0.00462724
0.0079171
0.00797757
0.00625727
0.00396504
0.00187665
0.000350258
-0.000558748
-0.000959425
-0.00101952
-0.000892785
-0.000697155
-0.000497895
-0.000336445
-0.000208328
-0.000135152
-6.31676e-05
99.977
99.9875
100.103
100.011
99.8172
99.9706
100.263
100.08
99.663
99.8271
100.389
100.318
99.6073
99.4861
100.309
100.74
99.9071
99.0574
99.7038
101.025
100.866
99.1578
98.4484
100.213
102.174
101.058
97.6161
96.789
101.506
106.987
102.94
82.618
49.9505
17.5667
-2.53165
-7.17546
-2.46095
2.67615
3.31934
0.472713
-2.08463
-2.0191
-0.0419251
1.58897
1.46612
0.0465321
-1.18555
-1.21044
-0.217788
0.8098
1.04892
0.443594
-0.412217
-0.850412
-0.62683
-0.00406887
0.53505
0.65507
0.352086
-0.116903
-0.4482
-0.48017
-0.251618
0.067666
0.299221
0.349528
0.234159
0.0411421
-0.129566
-0.213896
-0.20065
-0.120207
-0.0194836
0.0614403
0.101989
0.101878
0.0741355
0.0359391
0.00149423
-0.0213238
-0.0309184
-0.0299425
-0.022795
-0.0136557
-0.00543654
0.000438107
0.00373474
0.00492447
0.00473714
0.0038597
0.00279532
0.00183471
0.00110158
0.000604493
0.000305801
0.000140655
6.49593e-05
3.00393e-05
2.15495e-05
1.69326e-05
100.007
99.9394
100.028
100.131
99.9486
99.7905
100.051
100.297
99.9846
99.6116
99.9289
100.468
100.222
99.4943
99.5599
100.456
100.71
99.7374
99.0215
99.8697
101.138
100.743
98.9784
98.4836
100.42
102.255
100.891
97.4287
96.8423
101.735
107.089
102.777
82.3935
49.947
17.7933
-2.34596
-7.25239
-2.71475
2.53259
3.4472
0.734738
-1.96676
-2.16835
-0.306835
1.47101
1.60817
0.312783
-1.04035
-1.31386
-0.475668
0.617894
1.07807
0.664102
-0.176227
-0.775004
-0.759259
-0.242232
0.356589
0.648159
0.509771
0.0990768
-0.302779
-0.479485
-0.382441
-0.115076
0.158592
0.310738
0.300972
0.170813
0.00202549
-0.130149
-0.186102
-0.16659
-0.0995423
-0.0207514
0.0416299
0.0741808
0.0774262
0.0605223
0.0351077
0.0107914
-0.0068773
-0.0163383
-0.0187794
-0.0166294
-0.0123651
-0.00784717
-0.00413286
-0.00159288
-0.000152581
0.000468914
0.000589458
0.000466571
0.00027542
0.000100996
-1.22391e-05
-8.11334e-05
-9.1955e-05
-0.000101231
-6.74184e-05
100.026
99.9668
99.9264
100.087
100.131
99.8724
99.7959
100.146
100.298
99.8728
99.5929
100.053
100.518
100.096
99.4027
99.6683
100.594
100.644
99.5637
99.0187
100.053
101.227
100.594
98.8062
98.5461
100.635
102.318
100.706
97.2448
96.9119
101.973
107.187
102.605
82.1629
49.9433
18.0258
-2.14985
-7.32188
-2.97427
2.37037
3.5601
1.00433
-1.82036
-2.29406
-0.57981
1.31503
1.71518
0.58211
-0.850981
-1.36728
-0.721969
0.384714
1.04255
0.847146
0.0811644
-0.631563
-0.824188
-0.461142
0.134185
0.561027
0.600644
0.301991
-0.109235
-0.396771
-0.441307
-0.271715
-0.0121617
0.202538
0.291771
0.249453
0.124834
-0.0144701
-0.115077
-0.153781
-0.136218
-0.0850686
-0.0262586
0.0208852
0.0474639
0.053844
0.0459337
0.0312161
0.0159481
0.0039216
-0.00351137
-0.00672394
-0.00693865
-0.00552309
-0.0035778
-0.00179301
-0.000481163
0.000309021
0.000671348
0.000745247
0.000662487
0.000515577
0.000369621
0.000238146
0.000158247
7.28234e-05
100.014
100.031
99.9174
99.9452
100.147
100.096
99.7971
99.8378
100.24
100.259
99.7564
99.6135
100.19
100.531
99.9487
99.3414
99.8075
100.712
100.542
99.3937
99.0519
100.249
101.29
100.42
98.6457
98.6368
100.857
102.36
100.503
97.0661
96.9984
102.219
107.279
102.422
81.926
49.9394
18.2641
-1.94304
-7.38323
-3.23882
2.18915
3.65617
1.27927
-1.64544
-2.39266
-0.856006
1.12229
1.78196
0.845838
-0.622024
-1.36541
-0.943662
0.121244
0.941161
0.977657
0.340403
-0.429688
-0.812343
-0.636414
-0.107437
0.402374
0.610061
0.460484
0.10116
-0.245923
-0.416464
-0.36968
-0.174545
0.0521355
0.210984
0.257374
0.203324
0.095158
-0.0152126
-0.0913471
-0.120075
-0.107946
-0.0719746
-0.0302804
0.00401944
0.0248603
0.0322154
0.02964
0.0217808
0.012644
0.00481216
-0.000588963
-0.0035101
-0.00448957
-0.00424268
-0.00340717
-0.00243078
-0.00156723
-0.000914343
-0.000478944
-0.000218026
-7.96289e-05
-1.80716e-05
6.84571e-06
6.30443e-06
99.9863
100.055
100.003
99.8766
99.9952
100.193
100.029
99.7382
99.9151
100.32
100.182
99.6494
99.6758
100.326
100.501
99.7895
99.3181
99.9714
100.802
100.404
99.2355
99.1229
100.452
101.321
100.224
98.5013
98.756
101.081
102.38
100.284
96.8944
97.1025
102.472
107.364
102.229
81.6829
49.9353
18.5085
-1.72516
-7.43568
-3.50767
1.98867
3.73352
1.55714
-1.44234
-2.46079
-1.13021
0.894998
1.80409
1.09491
-0.359853
-1.30507
-1.12815
-0.159125
0.776951
1.04355
0.580708
-0.184785
-0.721706
-0.747375
-0.340163
0.190764
0.534754
0.549366
0.293538
-0.0537807
-0.312989
-0.389227
-0.292411
-0.103115
0.0824034
0.196475
0.218
0.165672
0.0780201
-0.00703659
-0.0650441
-0.0883522
-0.0824095
-0.0591192
-0.0307354
-0.00612457
0.0103826
0.0182967
0.0194576
0.0165294
0.0119466
0.00740772
0.00380385
0.00139013
3.79348e-05
-0.000544972
-0.000660023
-0.000551035
-0.000368381
-0.000205253
-7.82621e-05
-1.19017e-05
3.23497e-05
3.65003e-05
99.9762
100.016
100.079
99.9506
99.86
100.068
100.211
99.9376
99.7099
100.02
100.371
100.071
99.5659
99.7781
100.448
100.428
99.63
99.338
100.151
100.857
100.237
99.0974
99.2318
100.655
101.317
100.009
98.3774
98.9037
101.305
102.376
100.049
96.7314
97.2248
102.733
107.443
102.025
81.4333
49.931
18.7589
-1.49586
-7.47842
-3.77998
1.76871
3.7902
1.83528
-1.21175
-2.4952
-1.39679
0.636307
1.77796
1.31999
-0.0726174
-1.18534
-1.2637
-0.441015
0.557174
1.03648
0.781375
0.0829143
-0.55785
-0.779082
-0.535425
-0.0474969
0.383224
0.553156
0.435002
0.144924
-0.151049
-0.32666
-0.339768
-0.225673
-0.0593548
0.0864715
0.168378
0.178604
0.135764
0.0692813
0.00574469
-0.0385982
-0.0589921
-0.0591484
-0.0467829
-0.0297807
-0.0139386
-0.00229596
0.00445446
0.00708917
0.00698195
0.00548284
0.00360137
0.00193159
0.000719723
-1.63455e-05
-0.000372057
-0.000476512
-0.000439782
-0.000351423
-0.000242689
-0.000171864
-8.20743e-05
99.9928
99.9627
100.063
100.073
99.8876
99.8781
100.149
100.19
99.8367
99.7221
100.141
100.381
99.937
99.5187
99.9138
100.544
100.313
99.4829
99.4037
100.337
100.871
100.045
98.9875
99.3771
100.85
101.276
99.7796
98.2785
99.0791
101.524
102.345
99.7993
96.5791
97.3661
103
107.513
101.809
81.1774
49.9264
19.0153
-1.25483
-7.51061
-4.05476
1.52926
3.82427
2.11071
-0.954948
-2.49302
-1.64967
0.350603
1.70119
1.51168
0.229631
-1.00815
-1.34016
-0.707484
0.293709
0.953104
0.923311
0.34918
-0.33467
-0.724671
-0.667182
-0.280333
0.176239
0.469369
0.499575
0.312024
0.0358964
-0.196339
-0.306093
-0.284598
-0.174737
-0.0382379
0.073211
0.132925
0.139689
0.109055
0.0621851
0.0171459
-0.0153429
-0.032129
-0.0354393
-0.0300156
-0.0207586
-0.0113676
-0.0039264
0.000882318
0.00329148
0.00395656
0.00359612
0.00279139
0.00192452
0.00119195
0.000659668
0.000318465
0.000121004
2.81951e-05
-1.63896e-05
-1.87802e-05
100.016
99.9529
99.9811
100.108
100.033
99.8325
99.9332
100.22
100.128
99.7436
99.7791
100.26
100.344
99.7932
99.5173
100.072
100.601
100.162
99.361
99.5145
100.518
100.838
99.8367
98.913
99.5559
101.031
101.196
99.541
98.2085
99.281
101.736
102.287
99.5371
96.4394
97.5267
103.274
107.575
101.583
80.915
49.9215
19.2778
-1.00178
-7.53147
-4.33104
1.27044
3.834
2.38033
-0.673701
-2.45193
-1.88273
0.0433741
1.57299
1.66126
0.535422
-0.778615
-1.35021
-0.941439
0.00259008
0.796361
0.991735
0.588385
-0.0738083
-0.587906
-0.716885
-0.474838
-0.0550972
0.311509
0.475674
0.414969
0.20757
-0.0302865
-0.203241
-0.267923
-0.232875
-0.138404
-0.031585
0.052205
0.0968249
0.103489
0.0838567
0.0524879
0.0214459
-0.00210691
-0.0158406
-0.0208206
-0.0197456
-0.0155288
-0.0104727
-0.00599177
-0.00269658
-0.000643056
0.0004074
0.000779337
0.000773845
0.000600098
0.000399938
0.000222189
0.000105747
2.84771e-05
-1.08907e-05
100.021
99.9931
99.9248
100.028
100.133
99.9651
99.8033
100.019
100.263
100.031
99.6765
99.8777
100.36
100.26
99.6568
99.5668
100.239
100.61
99.9844
99.2761
99.6665
100.681
100.758
99.6219
98.8801
99.7634
101.189
101.077
99.2987
98.1713
99.5075
101.937
102.201
99.2638
96.3144
97.7072
103.552
107.628
101.344
80.646
49.9164
19.5465
-0.736305
-7.54017
-4.60784
0.992396
3.81764
2.641
-0.370107
-2.37006
-2.08993
-0.279145
1.39394
1.76099
0.832579
-0.504498
-1.28971
-1.12697
-0.297552
0.574975
0.977673
0.776646
0.198418
-0.382392
-0.676353
-0.603245
-0.275806
0.1056
0.368303
0.435076
0.328819
0.133094
-0.0594879
-0.185264
-0.223329
-0.188509
-0.113919
-0.033516
0.0290451
0.0638455
0.0723651
0.0625314
0.0438579
0.0241693
0.00822963
-0.00216282
-0.00730685
-0.00856466
-0.00753189
-0.00554368
-0.00348683
-0.00181694
-0.000672246
-7.47323e-06
0.000303228
0.000385697
0.000359539
0.000270305
0.000207782
0.000105583
100.004
100.037
99.9495
99.9249
100.09
100.123
99.884
99.8135
100.12
100.264
99.9117
99.6509
100.008
100.423
100.133
99.5455
99.6666
100.398
100.565
99.7939
99.238
99.8522
100.814
100.631
99.4109
98.8935
99.9934
101.318
100.919
99.0588
98.17
99.756
102.122
102.084
98.9811
96.2059
97.9079
103.835
107.671
101.093
80.3703
49.911
19.8214
-0.457954
-7.53574
-4.88403
0.695339
3.77341
2.88926
-0.0467047
-2.2459
-2.26508
-0.60979
1.16602
1.80397
1.10816
-0.196165
-1.15769
-1.24963
-0.586023
0.30308
0.878292
0.893118
0.452858
-0.130235
-0.548053
-0.645345
-0.451044
-0.113878
0.196826
0.368542
0.374166
0.256187
0.0884487
-0.0610677
-0.152222
-0.176726
-0.149521
-0.095514
-0.0381509
0.00702698
0.0337568
0.0430483
0.0398792
0.0301745
0.0188514
0.0090197
0.00203393
-0.00201864
-0.00373513
-0.00392612
-0.0033219
-0.00244894
-0.0016159
-0.000958733
-0.000508041
-0.000226914
-8.08486e-05
-4.02707e-06
1.65586e-05
99.9846
100.041
100.023
99.9045
99.9601
100.147
100.074
99.81
99.868
100.216
100.216
99.7899
99.6766
100.152
100.437
99.9777
99.4754
99.8105
100.532
100.467
99.6054
99.2535
100.061
100.907
100.461
99.215
98.9559
100.238
101.41
100.724
98.828
98.2072
100.023
102.287
101.937
98.6915
96.1161
98.1291
104.122
107.703
100.829
80.0878
49.9052
20.1026
-0.166379
-7.51718
-5.15824
0.379777
3.69961
3.12137
0.293229
-2.0787
-2.40201
-0.940246
0.893195
1.78484
1.34873
0.13297
-0.95746
-1.29777
-0.840821
0.000708587
0.698774
0.922643
0.659679
0.138263
-0.347372
-0.592871
-0.550984
-0.307191
-0.00478838
0.230646
0.334867
0.309657
0.200544
0.0660695
-0.0465946
-0.113074
-0.131188
-0.113283
-0.0769469
-0.0378568
-0.00615155
0.0140307
0.0230957
0.0239063
0.0199623
0.0142443
0.00873481
0.00442186
0.00155409
-5.25676e-05
-0.000748364
-0.00089538
-0.000765326
-0.000552266
-0.000339683
-0.000184035
-7.96099e-05
-1.04152e-05
99.9816
100.004
100.068
99.9786
99.879
100.025
100.178
99.9918
99.7644
99.9615
100.286
100.122
99.687
99.7556
100.291
100.395
99.8098
99.4589
99.9865
100.625
100.319
99.4354
99.3259
100.28
100.951
100.254
99.0456
99.0682
100.488
101.46
100.497
98.6133
98.2849
100.306
102.429
101.76
98.3973
96.0471
98.371
104.411
107.723
100.552
79.7984
49.899
20.3901
0.138736
-7.4836
-5.42916
0.0464311
3.5949
3.33363
0.645865
-1.86864
-2.4952
-1.26158
0.581474
1.70059
1.54163
0.467276
-0.697113
-1.26447
-1.04124
-0.307911
0.453015
0.85926
0.793538
0.388999
-0.101627
-0.453421
-0.559075
-0.439278
-0.1957
0.0537688
0.224541
0.285124
0.250277
0.160001
0.05747
-0.0257889
-0.0751843
-0.0908633
-0.0818398
-0.0598752
-0.0351352
-0.0141748
0.00018205
0.00789149
0.0104333
0.00974304
0.00753607
0.00501441
0.00284498
0.00127861
0.000309575
-0.00019374
-0.000379412
-0.00040104
-0.000319082
-0.000257464
-0.000135061
99.9964
99.9664
100.045
100.067
99.9192
99.8892
100.104
100.167
99.8928
99.7636
100.079
100.312
99.9936
99.6236
99.8809
100.402
100.295
99.6506
99.5028
100.178
100.664
100.133
99.2999
99.4537
100.494
100.938
100.02
98.9133
99.2287
100.735
101.463
100.242
98.4216
98.4041
100.599
102.543
101.552
98.1013
96.0008
98.6336
104.702
107.731
100.262
79.502
49.8925
20.6841
0.457845
-7.43407
-5.69549
-0.303989
3.45798
3.52238
1.00711
-1.61661
-2.53972
-1.56464
0.238341
1.55041
1.67558
0.790051
-0.38862
-1.14785
-1.16971
-0.596978
0.161749
0.706655
0.83695
0.589425
0.155042
-0.248224
-0.47448
-0.48694
-0.338368
-0.122729
0.0723148
0.19391
0.229806
0.197912
0.129635
0.0552235
-0.00473917
-0.0414284
-0.0554794
-0.0528907
-0.0411623
-0.0267133
-0.0137491
-0.00423546
0.00153487
0.00421752
0.00480703
0.00424258
0.00322586
0.00218916
0.00133655
0.00073344
0.000343602
0.000133358
1.83355e-05
-2.00797e-05
100.013
99.9625
99.9822
100.087
100.031
99.8665
99.9399
100.174
100.11
99.8005
99.8149
100.197
100.281
99.851
99.6154
100.037
100.466
100.148
99.5216
99.6072
100.364
100.641
99.9211
99.2134
99.6311
100.688
100.867
99.7708
98.828
99.4334
100.966
101.414
99.9645
98.2598
98.5651
100.897
102.625
101.314
97.8062
95.9792
98.9171
104.994
107.724
99.958
79.1984
49.8856
20.9848
0.791499
-7.36744
-5.95573
-0.670674
3.28754
3.68372
1.37237
-1.32411
-2.53106
-1.83984
-0.127156
1.33567
1.7407
1.08373
-0.0476034
-0.951213
-1.21255
-0.840443
-0.14866
0.478007
0.781872
0.711753
0.385399
-0.00954389
-0.312132
-0.44221
-0.404605
-0.259536
-0.0830001
0.0642409
0.15099
0.174631
0.151213
0.103545
0.052008
0.00988117
-0.0172971
-0.0298974
-0.0315366
-0.0267311
-0.0193849
-0.0121418
-0.00636275
-0.00243644
-0.000168548
0.000874017
0.001156
0.00103804
0.000780086
0.000506999
0.000292498
0.000149689
4.01207e-05
100.017
99.9928
99.94
100.026
100.106
99.9663
99.843
100.023
100.211
100.015
99.7397
99.9139
100.291
100.194
99.7194
99.6696
100.202
100.469
99.9696
99.4421
99.7645
100.525
100.553
99.703
99.1871
99.8477
100.846
100.736
99.5201
98.7975
99.6755
101.172
101.314
99.6726
98.1345
98.7669
101.196
102.673
101.047
97.5153
95.9843
99.221
105.285
107.703
99.6393
78.8873
49.8781
21.292
1.14015
-7.28251
-6.2081
-1.05243
3.08249
3.81353
1.73627
-0.993751
-2.46543
-2.07718
-0.503994
1.06064
1.7293
1.33032
0.306471
-0.684036
-1.16171
-1.01389
-0.447399
0.196413
0.632195
0.737178
0.553887
0.222875
-0.102112
-0.31564
-0.382645
-0.326891
-0.202653
-0.0662976
0.0421338
0.104942
0.123378
0.109808
0.0797987
0.0466029
0.018671
-0.000419013
-0.0106868
-0.0141094
-0.0132404
-0.0103377
-0.0069881
-0.00407865
-0.00195163
-0.000610121
0.000110931
0.000402947
0.00046634
0.000383599
0.000316781
0.000168112
100.005
100.027
99.9541
99.9473
100.082
100.088
99.8922
99.8639
100.117
100.198
99.8998
99.7299
100.044
100.337
100.061
99.6243
99.783
100.349
100.404
99.7816
99.4266
99.9598
100.64
100.404
99.4986
99.2276
100.089
100.953
100.551
99.2826
98.8274
99.9463
101.341
101.161
99.3746
98.0519
99.0078
101.489
102.682
100.752
97.232
96.018
99.5453
105.574
107.667
99.3058
78.5687
49.8701
21.606
1.50413
-7.17821
-6.45082
-1.44775
2.8422
3.9079
2.09291
-0.629455
-2.34048
-2.267
-0.879513
0.732988
1.63723
1.51309
0.651288
-0.362515
-1.0171
-1.09804
-0.702449
-0.106465
0.405464
0.660759
0.633488
0.408554
0.114688
-0.136078
-0.281524
-0.312793
-0.258281
-0.16119
-0.060928
0.0169676
0.0626162
0.0781951
0.0723672
0.055273
0.035312
0.0178294
0.00520472
-0.00234074
-0.00577396
-0.0064567
-0.00564475
-0.0042624
-0.00287404
-0.00174003
-0.000943481
-0.000429666
-0.000157019
-6.70441e-06
3.79833e-05
99.9901
100.035
100.006
99.9201
99.989
100.124
100.03
99.8349
99.9311
100.197
100.132
99.7929
99.7803
100.18
100.321
99.9045
99.5868
99.9415
100.454
100.277
99.6098
99.4821
100.172
100.692
100.206
99.3284
99.3361
100.337
100.999
100.319
99.0736
98.9202
100.234
101.465
100.957
99.0798
98.0173
99.2847
101.77
102.649
100.431
96.9598
96.0823
99.8894
105.86
107.613
98.9568
78.2425
49.8616
21.9268
1.88396
-7.05347
-6.68218
-1.8551
2.56631
3.96323
2.4363
-0.235993
-2.15522
-2.40058
-1.24039
0.363183
1.46429
1.61821
0.963923
-0.00805617
-0.787102
-1.08182
-0.885469
-0.39509
0.130751
0.493613
0.612469
0.516028
0.296414
0.056033
-0.130054
-0.228548
-0.24304
-0.199129
-0.128519
-0.0576563
-0.00259606
0.0309833
0.0448624
0.0445996
0.0364859
0.0256955
0.0155828
0.00776516
0.00259701
-0.000291824
-0.00154182
-0.00180006
-0.00155534
-0.00114989
-0.000746443
-0.000432929
-0.000228684
-6.81382e-05
99.9844
100.013
100.049
99.9619
99.9134
100.054
100.131
99.9461
99.818
100.031
100.235
100.023
99.7224
99.8858
100.291
100.24
99.7521
99.6191
100.122
100.496
100.1
99.4798
99.6067
100.378
100.672
99.9756
99.2113
99.5079
100.572
100.975
100.055
98.9079
99.0752
100.527
101.534
100.707
98.7983
98.0352
99.5934
102.031
102.573
100.088
96.7026
96.179
100.253
106.141
107.542
98.5917
77.9083
49.8525
22.2548
2.28033
-6.90693
-6.90024
-2.27292
2.25437
3.97573
2.76007
0.181137
-1.90963
-2.46983
-1.57269
-0.036027
1.21377
1.63484
1.22186
0.354341
-0.487351
-0.962705
-0.974291
-0.634404
-0.156103
0.259824
0.494899
0.527953
0.409532
0.220307
0.0345403
-0.100559
-0.168861
-0.178063
-0.148155
-0.100997
-0.0537448
-0.0164057
0.0075864
0.0193037
0.022026
0.0194482
0.0146307
0.00961328
0.0054613
0.00252193
0.000716892
-0.000224751
-0.00058733
-0.000648281
-0.000523079
-0.000424575
-0.000222167
99.9919
99.9825
100.048
100.031
99.9145
99.9459
100.117
100.091
99.8623
99.8546
100.138
100.214
99.8946
99.7105
100.028
100.351
100.103
99.6343
99.7212
100.294
100.464
99.898
99.413
99.7888
100.55
100.577
99.7348
99.1624
99.7318
100.775
100.88
99.7724
98.7986
99.2881
100.81
101.542
100.417
98.5404
98.1089
99.9287
102.267
102.451
99.724
96.4641
96.3095
100.635
106.417
107.452
98.21
77.5657
49.8427
22.5899
2.69383
-6.73708
-7.10267
-2.69903
1.90637
3.94155
3.05702
0.614974
-1.60529
-2.46741
-1.8615
-0.448754
0.893418
1.55599
1.40346
0.695959
-0.141555
-0.748207
-0.955015
-0.792089
-0.414327
-0.00432476
0.301409
0.443505
0.432571
0.320924
0.171253
0.0340371
-0.0623574
-0.11093
-0.119345
-0.10185
-0.0728328
-0.0431546
-0.0190501
-0.00273005
0.00627888
0.00975925
0.00977229
0.00806476
0.005844
0.0037998
0.00221173
0.00113956
0.000470694
0.000135993
-4.53973e-05
-7.81233e-05
100.005
99.9681
100.009
100.07
99.9829
99.8902
100.012
100.152
100.011
99.8084
99.9411
100.22
100.134
99.7789
99.7665
100.176
100.341
99.9357
99.5772
99.8798
100.428
100.356
99.6988
99.4234
100.008
100.665
100.412
99.5086
99.191
99.9909
100.925
100.714
99.4906
98.7564
99.551
101.069
101.484
100.096
98.3168
98.2402
100.284
102.471
102.282
99.3437
96.2485
96.4754
101.035
106.684
107.341
97.8111
77.2147
49.832
22.9322
3.12486
-6.54264
-7.28708
-3.13087
1.52301
3.85743
3.31977
1.05713
-1.24611
-2.38815
-2.09219
-0.856422
0.516479
1.38106
1.49121
0.987069
0.219184
-0.458263
-0.827407
-0.845844
-0.605266
-0.254732
0.0694756
0.284178
0.366795
0.340167
0.248779
0.137675
0.0396768
-0.0285763
-0.064328
-0.07355
-0.0656818
-0.0498022
-0.0326339
-0.0180678
-0.00760967
-0.00119418
0.00203464
0.00313042
0.00303618
0.00241222
0.00169111
0.00105341
0.000590142
0.00029698
8.17256e-05
100.013
99.9794
99.967
100.051
100.058
99.9235
99.9075
100.091
100.138
99.9128
99.8074
100.057
100.249
100.01
99.708
99.8829
100.296
100.258
99.7696
99.5968
100.07
100.498
100.186
99.5335
99.5148
100.238
100.706
100.192
99.3226
99.2995
100.264
101.007
100.487
99.2293
98.7887
99.8522
101.288
101.357
99.7546
98.1378
98.4294
100.652
102.635
102.065
98.9511
96.0601
96.6781
101.451
106.941
107.209
97.3943
76.855
49.8205
23.282
3.57402
-6.3223
-7.45122
-3.56586
1.10532
3.72059
3.54115
1.49852
-0.837847
-2.2292
-2.2516
-1.23946
0.10037
1.11591
1.4739
1.20085
0.560809
-0.122161
-0.605073
-0.787858
-0.70093
-0.450527
-0.157603
0.0856216
0.233327
0.28227
0.256387
0.189466
0.112086
0.0449288
-0.00230751
-0.028577
-0.0379179
-0.036202
-0.0289291
-0.0201523
-0.0122707
-0.00631198
-0.00239957
-0.000184741
0.000836388
0.00111862
0.00104929
0.00078808
0.000600612
0.000299389
100.011
100.005
99.953
99.9969
100.083
100.01
99.8812
99.9681
100.15
100.072
99.8291
99.8671
100.169
100.211
99.8714
99.7049
100.036
100.358
100.114
99.6397
99.6947
100.258
100.487
99.9772
99.4298
99.6793
100.448
100.662
99.9393
99.1994
99.482
100.526
101.009
100.211
99.0082
98.8984
100.177
101.454
101.163
99.4045
98.0129
98.675
101.023
102.753
101.801
98.5508
95.9032
96.919
101.882
107.187
107.054
96.9588
76.4862
49.8081
23.6395
4.04214
-6.07442
-7.59253
-4.00119
0.654492
3.52839
3.71379
1.92923
-0.387914
-1.98975
-2.32789
-1.57749
-0.33376
0.772579
1.34698
1.31476
0.848449
0.22366
-0.314191
-0.625363
-0.686793
-0.558893
-0.336771
-0.108653
0.0674858
0.168826
0.200197
0.181665
0.13703
0.086227
0.0420701
0.0103074
-0.0085477
-0.016926
-0.0182693
-0.0157843
-0.0118597
-0.00796013
-0.00479512
-0.00254131
-0.00113342
-0.000320308
2.87696e-05
0.000206564
0.000172404
100.001
100.024
99.9741
99.9498
100.046
100.081
99.9427
99.8803
100.054
100.164
99.9713
99.7914
99.9749
100.242
100.111
99.7561
99.7763
100.191
100.342
99.9366
99.5762
99.857
100.409
100.392
99.7616
99.4079
99.8973
100.608
100.533
99.6818
99.1567
99.7247
100.753
100.927
99.9061
98.8459
99.0835
100.508
101.554
100.907
99.0599
97.9505
98.9737
101.389
102.819
101.49
98.1481
95.7821
97.1988
102.327
107.419
106.874
96.5038
76.1078
49.7947
24.0048
4.53001
-5.79718
-7.70802
-4.43349
0.172298
3.27851
3.83006
2.3381
0.0940161
-1.67178
-2.31123
-1.84991
-0.761112
0.370108
1.11457
1.3136
1.05
0.538602
0.00753424
-0.382718
-0.567515
-0.563973
-0.435862
-0.257479
-0.0885721
0.0363465
0.107043
0.130217
0.120677
0.0942165
0.0633962
0.036065
0.0157317
0.00281678
-0.0039548
-0.00645479
-0.00643987
-0.00526558
-0.00376948
-0.00243839
-0.00140398
-0.000726507
-0.000313168
-5.54652e-05
99.9913
100.025
100.011
99.9423
99.9807
100.089
100.038
99.8845
99.9296
100.133
100.119
99.8682
99.8182
100.101
100.249
99.9714
99.698
99.9092
100.31
100.247
99.7638
99.5967
100.055
100.492
100.224
99.5753
99.4762
100.14
100.693
100.331
99.4504
99.2042
100.006
100.919
100.761
99.5941
98.7584
99.3369
100.826
101.577
100.595
98.7356
97.9576
99.3199
101.739
102.827
101.135
97.749
95.7012
97.5183
102.784
107.635
106.668
96.0286
75.7195
49.7799
24.3781
5.03824
-5.48882
-7.79447
-4.85876
-0.338593
2.96942
3.88245
2.71284
0.595711
-1.28074
-2.19494
-2.03708
-1.15423
-0.0657537
0.79039
1.19208
1.14025
0.783075
0.316009
-0.0976432
-0.365911
-0.469617
-0.440628
-0.333279
-0.200709
-0.0812568
0.00531372
0.0549425
0.0734998
0.0710161
0.0574752
0.0405642
0.0250343
0.0130694
0.00506569
0.000446525
-0.00173235
-0.00238744
-0.00223198
-0.00177445
-0.00121599
-0.000845293
-0.000389297
99.9886
100.009
100.037
99.9744
99.9351
100.036
100.098
99.9658
99.8655
100.016
100.172
100.026
99.7999
99.9072
100.206
100.183
99.8306
99.7175
100.073
100.359
100.09
99.6345
99.7021
100.251
100.486
100.009
99.4516
99.629
100.372
100.686
100.078
99.2748
99.3421
100.299
101.006
100.521
99.3002
98.7571
99.6462
101.11
101.518
100.24
98.447
98.0392
99.7062
102.061
102.772
100.739
97.3601
95.6649
97.8778
103.251
107.833
106.435
95.5323
75.3209
49.7638
24.7594
5.56744
-5.14772
-7.84874
-5.27274
-0.874706
2.60072
3.86426
3.04076
1.10258
-0.826214
-1.97695
-2.12239
-1.48483
-0.503294
0.398814
0.957906
1.1057
0.924047
0.565818
0.182133
-0.122107
-0.301153
-0.358476
-0.326467
-0.246273
-0.153665
-0.0723957
-0.0136103
0.0212424
0.0363868
0.0381627
0.0326267
0.024374
0.0162668
0.00969487
0.00504123
0.00210173
0.00049283
-0.000292798
-0.000492224
-0.000561244
-0.000349832
99.9936
99.9886
100.036
100.02
99.9365
99.9652
100.088
100.061
99.8957
99.901
100.107
100.149
99.9134
99.7946
100.033
100.253
100.059
99.7298
99.8147
100.226
100.322
99.9049
99.5808
99.8746
100.405
100.389
99.7845
99.4153
99.8466
100.558
100.584
99.8053
99.1802
99.5599
100.573
100.999
100.225
99.05
98.8479
99.9938
101.341
101.374
99.8545
98.2095
98.198
100.123
102.345
102.651
100.306
96.9883
95.6776
98.2776
103.725
108.01
106.172
95.0139
74.9115
49.7463
25.1492
6.11863
-4.77193
-7.86755
-5.67103
-1.43227
2.17269
3.76951
3.30926
1.59866
-0.321136
-1.66006
-2.09394
-1.72685
-0.908342
-0.0275743
0.632021
0.948616
0.943173
0.721364
0.410977
0.116901
-0.0992121
-0.218553
-0.252825
-0.228707
-0.174954
-0.114572
-0.0619406
-0.0233872
0.000539521
0.0124838
0.0161804
0.0151371
0.0119955
0.00845837
0.00536637
0.00308537
0.00152655
0.000644301
0.000130562
-8.26678e-05
100.002
99.9778
100.013
100.047
99.9775
99.9245
100.024
100.107
99.9877
99.8613
99.9828
100.166
100.068
99.8232
99.8598
100.157
100.224
99.9096
99.7013
99.9669
100.327
100.204
99.735
99.6191
100.08
100.483
100.214
99.5909
99.4775
100.097
100.666
100.395
99.5478
99.1831
99.8368
100.797
100.894
99.895
98.8675
99.0299
100.358
101.5
101.146
99.4568
98.0373
98.4337
100.559
102.58
102.461
99.8424
96.641
95.7434
98.7176
104.204
108.163
105.877
94.472
74.4906
49.727
25.5477
6.69289
-4.35907
-7.84687
-6.04844
-2.00671
1.68619
3.59244
3.50506
2.06594
0.217947
-1.25177
-1.94442
-1.85682
-1.24545
-0.449925
0.246515
0.685768
0.837412
0.760329
0.552165
0.307403
0.0933072
-0.0565919
-0.137076
-0.160602
-0.14672
-0.114386
-0.0779068
-0.0458753
-0.0219642
-0.00649143
0.0020225
0.00563702
0.0063008
0.00547803
0.00414782
0.00284482
0.00175689
0.00107653
0.000433892
100.008
99.9817
99.9845
100.043
100.027
99.9341
99.9533
100.083
100.076
99.9097
99.8835
100.08
100.164
99.955
99.7908
99.9774
100.236
100.123
99.7811
99.758
100.134
100.346
100.031
99.6227
99.7452
100.275
100.464
99.9916
99.466
99.6321
100.339
100.676
100.142
99.3421
99.2887
100.143
100.944
100.695
99.5614
98.7729
99.2949
100.714
101.571
100.843
99.0662
97.9435
98.7429
101
102.755
102.2
99.3538
96.3261
95.8661
99.1968
104.684
108.289
105.55
93.9057
74.0575
49.7056
25.9549
7.29103
-3.90688
-7.78238
-6.39884
-2.59192
1.14391
3.32867
3.61494
2.48419
0.769573
-0.766737
-1.6742
-1.8571
-1.4805
-0.824201
-0.154297
0.351983
0.624879
0.681039
0.585511
0.415336
0.234832
0.0847091
-0.0179226
-0.0734667
-0.0920539
-0.0868817
-0.0698884
-0.0497466
-0.0315798
-0.0176091
-0.00814484
-0.00248601
0.000425954
0.0015606
0.00178017
0.00144936
0.00118164
0.000617484
100.009
99.9957
99.9688
100.015
100.055
99.9807
99.9184
100.014
100.11
100.005
99.8639
99.9588
100.153
100.097
99.8516
99.8327
100.109
100.239
99.9781
99.7146
99.8871
100.27
100.273
99.8443
99.5983
99.9335
100.415
100.348
99.7648
99.437
99.8559
100.533
100.581
99.861
99.2196
99.489
100.444
100.991
100.417
99.2556
98.7803
99.627
101.035
101.545
100.475
98.7041
97.9385
99.119
101.431
102.858
101.87
98.849
96.0521
96.0496
99.7142
105.163
108.385
105.186
93.3137
73.6116
49.6818
26.371
7.91393
-3.4131
-7.66977
-6.71579
-3.1809
0.550124
2.97572
3.62703
2.83274
1.30894
-0.226196
-1.29284
-1.7198
-1.58697
-1.1091
-0.52193
-0.00613742
0.342275
0.50518
0.516254
0.431414
0.305725
0.180422
0.0791372
0.0101921
-0.0284016
-0.0437843
-0.0443004
-0.0371568
-0.027483
-0.0182934
-0.0109862
-0.00581845
-0.00260297
-0.000725656
8.09898e-05
0.000508682
0.000436713
100.005
100.01
99.9726
99.9815
100.049
100.032
99.9335
99.9462
100.078
100.085
99.9227
99.8757
100.058
100.167
99.9873
99.7995
99.9375
100.207
100.162
99.8357
99.734
100.053
100.332
100.125
99.6934
99.6719
100.142
100.467
100.157
99.5794
99.5138
100.111
100.642
100.391
99.5921
99.2023
99.7625
100.7
100.929
100.085
99.0094
98.8957
100.004
101.295
101.415
100.061
98.3923
98.0297
99.5518
101.836
102.881
101.473
98.3374
95.8278
96.2972
100.268
105.636
108.448
104.784
92.6946
73.1522
49.6555
26.7963
8.56267
-2.87524
-7.50431
-6.99217
-3.76552
-0.0892839
2.53295
3.53066
3.09045
1.80801
0.342065
-0.819263
-1.44773
-1.54805
-1.26949
-0.808553
-0.336285
0.0378464
0.270092
0.366908
0.362608
0.299373
0.21399
0.131817
0.0662531
0.0212866
-0.00496866
-0.017071
-0.0200274
-0.0180249
-0.0140548
-0.00985305
-0.00633994
-0.00371254
-0.00198153
-0.000954447
-0.000257532
99.9983
100.017
99.9905
99.9626
100.017
100.059
99.9821
99.9161
100.008
100.109
100.015
99.8702
99.9448
100.138
100.112
99.878
99.8223
100.069
100.235
100.029
99.7432
99.8367
100.207
100.302
99.9397
99.6196
99.8284
100.32
100.414
99.9274
99.4756
99.6859
100.353
100.643
100.133
99.3777
99.2981
100.076
100.879
100.757
99.7323
98.8512
99.1157
100.396
101.469
101.182
99.6235
98.1519
98.2207
100.027
102.197
102.815
101.012
97.8295
95.6619
96.6119
100.856
106.1
108.472
104.342
92.0466
72.6781
49.6261
27.2312
9.23858
-2.29043
-7.28082
-7.22015
-4.33638
-0.766437
2.00225
3.31762
3.23715
2.2367
0.903879
-0.283477
-1.05856
-1.36333
-1.28516
-0.976663
-0.589405
-0.235069
0.0264254
0.180139
0.240675
0.236055
0.195481
0.142337
0.0917966
0.0514271
0.0232487
0.00599635
-0.00297228
-0.00648998
-0.00688653
-0.0058181
-0.00434909
-0.00286641
-0.00191491
-0.000849726
99.9938
100.015
100.011
99.9656
99.9811
100.052
100.033
99.9332
99.9445
100.074
100.087
99.932
99.8757
100.043
100.162
100.008
99.8141
99.9145
100.178
100.18
99.8826
99.7336
99.9925
100.3
100.183
99.7689
99.6453
100.03
100.425
100.265
99.7102
99.4784
99.9228
100.533
100.532
99.8463
99.2545
99.4986
100.388
100.951
100.49
99.396
98.8028
99.4263
100.771
101.537
100.856
99.1877
98.0026
98.51
100.529
102.496
102.655
100.496
97.3374
95.5634
96.9959
101.476
106.548
108.455
103.855
91.3677
72.188
49.593
27.6756
9.94296
-1.65543
-6.99327
-7.39062
-4.88237
-1.47126
1.3881
2.98211
3.25409
2.56402
1.42064
0.275687
-0.583195
-1.04913
-1.15441
-1.00696
-0.732333
-0.435257
-0.182893
-0.00489089
0.0972455
0.138113
0.137978
0.115835
0.085999
0.0573783
0.0342882
0.0178544
0.00742464
0.00154109
-0.00119509
-0.00221193
-0.00206222
-0.00187415
-0.00106698
99.9931
100.005
100.023
99.985
99.9598
100.021
100.06
99.9806
99.9171
100.008
100.105
100.018
99.8776
99.9403
100.125
100.115
99.8982
99.8242
100.042
100.222
100.059
99.7757
99.8126
100.152
100.302
100.01
99.6617
99.7665
100.226
100.426
100.053
99.5546
99.5911
100.179
100.616
100.324
99.58
99.2465
99.7785
100.655
100.902
100.156
99.1159
98.8763
99.8034
101.095
101.487
100.454
98.783
97.9605
98.8908
101.034
102.717
102.397
99.932
96.8746
95.5412
97.4506
102.122
106.977
108.392
103.322
90.6562
71.6808
49.5553
28.1295
10.6767
-0.967251
-6.63542
-7.49331
-5.38999
-2.18997
0.699591
2.52301
3.12573
2.75909
1.84916
0.809263
-0.0680694
-0.641453
-0.897125
-0.900858
-0.749144
-0.533239
-0.320068
-0.147492
-0.0286886
0.0396291
0.0689807
0.0728765
0.0631008
0.0481932
0.0333258
0.021059
0.012053
0.00617556
0.00255392
0.000752063
-0.000237557
-0.000443486
99.9956
99.9946
100.022
100.008
99.9606
99.9842
100.055
100.03
99.9328
99.948
100.072
100.082
99.9366
99.8815
100.035
100.152
100.017
99.83
99.9063
100.153
100.182
99.9164
99.7472
99.9549
100.262
100.211
99.8336
99.6507
99.9518
100.364
100.321
99.8273
99.4984
99.7927
100.401
100.581
100.053
99.3813
99.3603
100.098
100.835
100.732
99.7923
98.9282
99.0716
100.214
101.334
101.314
99.9999
98.4392
98.0374
99.351
101.522
102.841
102.04
99.3337
96.4556
95.6043
97.9771
102.792
107.379
108.276
102.739
89.9096
71.155
49.5126
28.5929
11.4412
-0.222658
-6.20086
-7.5176
-5.84456
-2.90615
-0.0496253
1.94546
2.84362
2.79712
2.14918
1.26588
0.431143
-0.192766
-0.55617
-0.687578
-0.654168
-0.529792
-0.375431
-0.23145
-0.118173
-0.0407835
0.00469015
0.0261969
0.0321814
0.029626
0.0235234
0.0168008
0.0110401
0.00665535
0.00367253
0.00189876
0.000593551
99.9998
99.9883
100.012
100.024
99.9789
99.9607
100.026
100.058
99.9761
99.9214
100.012
100.1
100.014
99.8852
99.9443
100.115
100.109
99.9107
99.8344
100.027
100.204
100.072
99.8049
99.8088
100.112
100.286
100.053
99.7082
99.7411
100.15
100.405
100.135
99.6426
99.5575
100.041
100.542
100.432
99.7696
99.2885
99.5822
100.409
100.897
100.458
99.4448
98.861
99.3748
100.619
101.46
101.022
99.5244
98.1856
98.2389
99.8721
101.965
102.856
101.587
98.7153
96.0959
95.761
98.575
103.479
107.748
108.104
102.101
89.1251
70.6088
49.4636
29.0659
12.2378
0.58221
-5.68204
-7.45108
-6.22879
-3.59965
-0.840831
1.26104
2.40652
2.66041
2.286
1.59686
0.85758
0.238988
-0.18377
-0.40848
-0.475157
-0.438763
-0.350626
-0.249135
-0.157671
-0.0868183
-0.038343
-0.00909263
0.00592982
0.0117132
0.0122724
0.0103636
0.00782593
0.00521557
0.0035748
0.00165049
100.003
99.988
99.9982
100.027
100.003
99.958
99.9909
100.056
100.022
99.9327
99.9567
100.071
100.073
99.937
99.8923
100.035
100.14
100.016
99.8449
99.9106
100.135
100.171
99.9358
99.7679
99.9386
100.228
100.214
99.88
99.674
99.9071
100.304
100.336
99.9146
99.5465
99.7207
100.28
100.568
100.194
99.5272
99.3228
99.8784
100.66
100.827
100.113
99.1604
98.9299
99.7582
100.974
101.452
100.63
99.0643
98.0481
98.5629
100.43
102.336
102.747
101.046
98.0941
95.8118
96.0189
99.2428
104.176
108.076
107.867
101.403
88.2996
70.0398
49.407
29.5482
13.0678
1.45099
-5.07122
-7.28023
-6.52265
-4.24519
-1.64715
0.492549
1.82698
2.34608
2.2388
1.76414
1.15964
0.594404
0.159237
-0.120115
-0.260223
-0.297633
-0.272158
-0.217168
-0.155842
-0.101421
-0.0594323
-0.0304232
-0.0124099
-0.00242101
0.00214542
0.00380866
0.00351828
0.00318672
0.0018176
100.005
99.9927
99.9878
100.018
100.022
99.9727
99.9657
100.032
100.051
99.9693
99.9292
100.019
100.091
100.005
99.8931
99.9555
100.108
100.096
99.9162
99.8506
100.025
100.184
100.07
99.8276
99.82
100.088
100.261
100.071
99.7494
99.7426
100.098
100.369
100.175
99.7189
99.5655
99.9501
100.455
100.471
99.9153
99.3758
99.4826
100.199
100.807
100.627
99.7443
98.9818
99.1344
100.182
101.237
101.302
100.164
98.659
98.047
98.9989
100.995
102.611
102.509
100.427
97.4908
95.6203
96.3848
99.9776
104.876
108.353
107.559
100.642
87.4293
69.4452
49.3409
30.0389
13.9321
2.38776
-4.35963
-6.98976
-6.7032
-4.81273
-2.4343
-0.326355
1.13214
1.86942
2.00754
1.75163
1.30717
0.833389
0.427984
0.132962
-0.0494822
-0.139405
-0.164789
-0.15224
-0.122403
-0.0888925
-0.0590991
-0.0360694
-0.0199063
-0.00974065
-0.00366425
-0.000790103
0.000768031
0.000945561
100.004
99.9993
99.984
100.004
100.028
99.9952
99.9585
100
100.055
100.011
99.9341
99.9697
100.071
100.058
99.9348
99.9076
100.041
100.124
100.006
99.8589
99.9247
100.124
100.153
99.9423
99.7917
99.9399
100.201
100.2
99.9067
99.7054
99.8917
100.255
100.323
99.9678
99.6021
99.6961
100.19
100.522
100.269
99.6552
99.3493
99.7413
100.487
100.819
100.326
99.4068
98.9402
99.4558
100.596
101.374
101.014
99.6636
98.3482
98.1948
99.5271
101.531
102.762
102.137
99.7476
96.9287
95.5385
96.8641
100.774
105.568
108.571
107.173
99.8105
86.5098
68.8216
49.2627
30.5366
14.8313
3.39619
-3.53814
-6.56253
-6.74337
-5.26511
-3.15731
-1.14753
0.367179
1.26643
1.61417
1.56466
1.28911
0.931031
0.587843
0.311125
0.116851
-0.00139942
-0.0606911
-0.0803189
-0.0770924
-0.063305
-0.0468724
-0.0318768
-0.0201656
-0.0117702
-0.00631533
-0.0031494
-0.000935987
100.002
100.005
99.9868
99.9915
100.023
100.015
99.9679
99.9749
100.038
100.04
99.962
99.941
100.029
100.08
99.9919
99.9027
99.9722
100.102
100.077
99.9167
99.8715
100.031
100.164
100.056
99.8441
99.8418
100.079
100.233
100.068
99.7813
99.7626
100.071
100.328
100.182
99.7746
99.5974
99.9045
100.377
100.463
100.007
99.4716
99.457
100.051
100.686
100.689
99.967
99.1546
99.0493
99.8576
100.949
101.357
100.608
99.1748
98.1679
98.4934
100.118
102.003
102.768
101.635
99.0294
96.4336
95.5838
97.4606
101.627
106.241
108.718
106.698
98.9018
85.5358
68.1652
49.1697
31.0401
15.7659
4.48024
-2.59743
-5.98111
-6.61512
-5.56243
-3.76531
-1.91241
-0.406744
0.594973
1.10787
1.23996
1.12807
0.896352
0.636434
0.403762
0.223349
0.0991853
0.023542
-0.0159293
-0.0315467
-0.0334346
-0.0287227
-0.0218298
-0.0153177
-0.00971323
-0.00631847
-0.00278723
99.9999
100.007
99.9936
99.9843
100.011
100.025
99.9864
99.9634
100.011
100.049
99.9972
99.9386
99.986
100.069
100.04
99.9323
99.9273
100.049
100.106
99.9912
99.8734
99.946
100.117
100.127
99.9392
99.8175
99.9548
100.18
100.174
99.9164
99.7397
99.8994
100.221
100.293
99.9898
99.6536
99.7064
100.133
100.464
100.29
99.748
99.4078
99.679
100.349
100.756
100.435
99.6107
99.0327
99.301
100.288
101.19
101.18
100.121
98.7484
98.1467
98.932
100.733
102.37
102.611
101.013
98.2999
96.0336
95.7725
98.1758
102.525
106.881
108.779
106.124
97.9073
84.5005
67.4701
49.0575
31.5467
16.7359
5.64355
-1.52792
-5.22733
-6.28913
-5.66281
-4.20437
-2.55779
-1.12183
-0.0781894
0.548899
0.827019
0.860331
0.751935
0.583884
0.410952
0.262966
0.151116
0.0749315
0.0281177
0.00270363
-0.00886964
-0.0121328
-0.0116791
-0.00893431
-0.00710074
-0.00375505
99.9981
100.007
100.001
99.9839
99.9984
100.025
100.005
99.9664
99.9873
100.04
100.025
99.9567
99.9569
100.039
100.064
99.9774
99.9158
99.9922
100.095
100.052
99.9157
99.8971
100.043
100.142
100.033
99.8571
99.8717
100.08
100.202
100.05
99.8048
99.7954
100.065
100.288
100.164
99.8084
99.6417
99.8966
100.318
100.425
100.049
99.5546
99.4811
99.9684
100.573
100.677
100.1
99.3202
99.0678
99.6637
100.686
101.278
100.851
99.6035
98.4355
98.3014
99.4857
101.327
102.595
102.283
100.291
97.5925
95.7582
96.1192
99.0082
103.456
107.471
108.74
105.438
96.8176
83.396
66.7299
48.9207
32.0518
17.7381
6.88545
-0.325709
-4.28977
-5.7433
-5.53103
-4.42541
-3.02212
-1.70755
-0.678478
0.0105649
0.393063
0.5435
0.543879
0.464482
0.356142
0.250109
0.161901
0.096182
0.0516198
0.0237521
0.00823279
0.000106434
-0.00264516
-0.00397071
-0.0028237
99.9973
100.005
100.006
99.9885
99.989
100.017
100.018
99.979
99.9727
100.021
100.039
99.9839
99.9478
100.003
100.063
100.019
99.9328
99.9507
100.057
100.083
99.974
99.8907
99.9721
100.11
100.096
99.931
99.8462
99.9788
100.162
100.139
99.9142
99.7757
99.9242
100.198
100.251
99.9868
99.6975
99.741
100.109
100.406
100.272
99.8019
99.4769
99.6756
100.26
100.671
100.461
99.7475
99.152
99.2615
100.084
100.989
101.191
100.403
99.115
98.281
98.6329
100.115
101.845
102.644
101.782
99.4969
96.9464
95.6384
96.6366
99.9524
104.405
107.993
108.584
104.626
95.6205
82.2121
65.9354
48.7504
32.5472
18.7646
8.19913
1.00501
-3.16755
-4.96877
-5.14774
-4.39726
-3.26287
-2.11225
-1.14871
-0.448722
-0.00639694
0.226891
0.3132
0.310134
0.262404
0.20015
0.140613
0.0919228
0.0558054
0.0314882
0.0159048
0.00715657
0.00227624
-0.000112014
99.9975
100.001
100.008
99.9953
99.9851
100.006
100.022
99.9946
99.9697
100.001
100.038
100.009
99.9561
99.9757
100.044
100.045
99.965
99.9336
100.012
100.083
100.026
99.9172
99.9267
100.055
100.116
100.007
99.8705
99.9076
100.086
100.167
100.022
99.8239
99.8374
100.073
100.248
100.128
99.825
99.6928
99.9171
100.278
100.37
100.049
99.6174
99.5357
99.9437
100.484
100.619
100.152
99.4478
99.1433
99.586
100.494
101.142
100.93
99.8897
98.7208
98.3177
99.1232
100.766
102.235
102.49
101.122
98.6701
96.4055
95.7045
97.3336
100.998
105.351
108.423
108.288
103.67
94.3014
80.9351
65.0722
48.5311
33.0151
19.7954
9.56298
2.44268
-1.87932
-3.97776
-4.51529
-4.11
-3.25711
-2.30114
-1.44497
-0.779671
-0.320674
-0.0410141
0.103466
0.157791
0.159538
0.13578
0.103939
0.0733946
0.0484713
0.030103
0.0173029
0.00992072
0.00380299
99.9984
99.9987
100.008
100.002
99.9864
99.9966
100.019
100.007
99.9758
99.9854
100.027
100.025
99.9742
99.962
100.018
100.051
99.9982
99.939
99.9758
100.06
100.057
99.9592
99.9127
99.9989
100.1
100.062
99.9233
99.879
100.007
100.144
100.097
99.9067
99.8151
99.9595
100.181
100.201
99.9673
99.7363
99.7924
100.109
100.35
100.226
99.8233
99.5472
99.715
100.216
100.584
100.427
99.816
99.2663
99.3018
99.986
100.821
101.112
100.523
99.3794
98.4818
98.559
99.733
101.374
102.443
102.121
100.33
97.8602
96.0182
95.9857
98.2145
102.131
106.266
108.732
107.827
102.548
92.8391
79.5435
64.1172
48.2366
33.4255
20.796
10.9378
3.94471
-0.468664
-2.81144
-3.66876
-3.58946
-3.01946
-2.27719
-1.55977
-0.966573
-0.528762
-0.23681
-0.0620995
0.028732
0.0655949
0.0716196
0.0627987
0.0486033
0.0350061
0.0227352
0.0154438
0.00722522
99.9994
99.9971
100.005
100.006
99.9908
99.9905
100.012
100.015
99.9864
99.9782
100.012
100.03
99.9938
99.9619
99.9948
100.043
100.023
99.9584
99.9557
100.028
100.065
99.9999
99.9247
99.9585
100.063
100.086
99.981
99.8885
99.9465
100.091
100.128
99.9906
99.8443
99.8859
100.086
100.206
100.081
99.8327
99.75
99.9564
100.25
100.303
100.02
99.6637
99.6102
99.9634
100.421
100.535
100.139
99.5305
99.2462
99.6001
100.386
100.998
100.892
100.028
98.9504
98.4455
98.9931
100.402
101.866
102.426
101.538
99.448
97.1277
95.8356
96.5077
99.2768
103.326
107.119
108.886
107.168
101.228
91.2019
78.0031
63.0319
47.823
33.7285
21.7102
12.262
5.44552
0.997637
-1.53417
-2.66616
-2.88386
-2.58603
-2.0636
-1.50398
-1.00985
-0.623165
-0.347903
-0.168333
-0.0614644
-0.00490255
0.0203692
0.0272285
0.0261655
0.0200411
0.0160927
0.00867287
100
99.9966
100.002
100.007
99.9961
99.9885
100.004
100.016
99.9971
99.9784
99.9986
100.026
100.009
99.971
99.9795
100.027
100.034
99.9821
99.952
99.9991
100.055
100.029
99.9511
99.9396
100.022
100.083
100.027
99.9214
99.9161
100.032
100.121
100.053
99.9014
99.8593
99.9984
100.163
100.145
99.9408
99.7757
99.8551
100.121
100.293
100.16
99.8238
99.6189
99.7844
100.207
100.499
100.349
99.8286
99.3658
99.3959
99.9774
100.702
100.984
100.513
99.5228
98.6787
98.6356
99.579
101.049
102.171
102.153
100.768
98.5397
96.5431
95.9098
97.2901
100.509
104.551
107.865
108.837
106.265
99.6646
89.3436
76.2641
61.7613
47.2291
33.856
22.4629
13.4536
6.85748
2.4288
-0.236434
-1.59375
-2.07143
-2.02402
-1.7148
-1.3189
-0.938504
-0.622295
-0.384373
-0.219152
-0.112962
-0.0493729
-0.0153447
0.00182284
0.00711718
0.00958451
0.00664822
100.001
99.9971
99.9996
100.007
100.001
99.9898
99.9979
100.014
100.005
99.9835
99.9898
100.018
100.018
99.9839
99.9737
100.01
100.035
100.002
99.9604
99.9792
100.036
100.042
99.9803
99.9401
99.9884
100.062
100.052
99.9617
99.9134
99.9839
100.089
100.085
99.9628
99.871
99.9369
100.097
100.159
100.03
99.8414
99.8136
100.004
100.224
100.227
99.975
99.7033
99.6994
100.011
100.373
100.432
100.08
99.5785
99.3649
99.682
100.349
100.863
100.774
100.038
99.1006
98.6236
99.0423
100.245
101.585
102.225
101.621
99.8601
97.6868
96.1853
96.29
98.3421
101.883
105.754
108.441
108.522
105.055
97.7942
87.1974
74.256
60.2305
46.3757
33.7247
22.9667
14.4214
8.08708
3.73062
0.989486
-0.538818
-1.23148
-1.40239
-1.28788
-1.04942
-0.78579
-0.549331
-0.360829
-0.223209
-0.129129
-0.069599
-0.0333659
-0.0140313
-0.0035519
0.00100989
100.001
99.9981
99.998
100.005
100.004
99.9929
99.9941
100.009
100.009
99.9905
99.9861
100.008
100.019
99.9959
99.9756
99.9962
100.027
100.016
99.9745
99.9703
100.016
100.042
100.004
99.953
99.9684
100.036
100.059
99.9969
99.9296
99.9545
100.049
100.09
100.012
99.9052
99.9077
100.032
100.137
100.085
99.9181
99.8217
99.9221
100.133
100.229
100.085
99.819
99.697
99.8715
100.214
100.41
100.243
99.8066
99.4581
99.5283
100.033
100.623
100.826
100.404
99.5612
98.8494
98.8126
99.6159
100.892
101.913
101.985
100.855
98.8973
96.99
96.1362
97.015
99.6533
103.349
106.859
108.761
107.851
103.449
95.5316
84.6794
71.8947
58.3546
45.1767
33.2467
23.1318
15.0737
9.0403
4.80816
2.04967
0.408282
-0.448119
-0.796577
-0.848006
-0.74948
-0.59476
-0.436843
-0.301509
-0.196691
-0.121822
-0.0714753
-0.0391537
-0.0211674
-0.00759807
100.001
99.9991
99.9974
100.003
100.005
99.9964
99.9929
100.004
100.01
99.9969
99.9866
100
100.016
100.005
99.9818
99.9882
100.017
100.021
99.9888
99.9706
99.9991
100.034
100.019
99.9709
99.9617
100.011
100.051
100.02
99.9541
99.9442
100.013
100.075
100.042
99.9461
99.906
99.9836
100.096
100.106
99.9845
99.8603
99.8817
100.047
100.189
100.144
99.9295
99.7492
99.7992
100.068
100.324
100.313
99.9961
99.6134
99.5005
99.8089
100.355
100.73
100.595
99.954
99.1877
98.8326
99.2276
100.265
101.407
101.956
101.446
99.9252
97.993
96.5626
96.4706
98.1012
101.182
104.822
107.757
108.706
106.708
101.339
92.7742
81.6932
69.0896
56.0488
43.5527
32.3478
22.8876
15.3421
9.65031
5.59535
2.87915
1.18473
0.219553
-0.260458
-0.442395
-0.459151
-0.397738
-0.31042
-0.225122
-0.153567
-0.100303
-0.0607523
-0.0384105
-0.0169794
100.001
99.9999
99.9975
100.001
100.004
99.9992
99.9936
100
100.009
100.002
99.9896
99.9954
100.011
100.009
99.9892
99.9855
100.007
100.02
99.9999
99.9765
99.989
100.022
100.024
99.9877
99.9648
99.9934
100.037
100.031
99.9781
99.9481
99.9882
100.052
100.054
99.9819
99.9221
99.9554
100.053
100.1
100.03
99.9096
99.8763
99.9838
100.131
100.158
100.013
99.825
99.7852
99.9618
100.215
100.309
100.122
99.777
99.5593
99.6882
100.121
100.556
100.638
100.227
99.534
99.0105
99.0683
99.7977
100.868
101.677
101.669
100.652
98.9469
97.2861
96.5174
97.2391
99.525
102.841
106.171
108.298
108.128
104.955
98.6016
89.4158
78.1478
65.7627
53.2462
41.4466
30.9781
22.1895
15.1844
9.87513
6.04938
3.43399
1.74615
0.727873
0.164619
-0.108866
-0.211492
-0.222647
-0.19284
-0.148866
-0.10845
-0.0713887
-0.0500785
-0.0245895
100
100
99.9981
99.9994
100.003
100.001
99.9952
99.9978
100.006
100.004
99.9934
99.9934
100.006
100.01
99.9957
99.9867
100
100.016
100.007
99.9845
99.985
100.011
100.023
100
99.9732
99.984
100.021
100.032
99.9966
99.9598
99.9751
100.029
100.051
100.007
99.9455
99.9459
100.017
100.08
100.053
99.9551
99.8936
99.9473
100.073
100.141
100.063
99.9002
99.8101
99.9008
100.114
100.26
100.184
99.9139
99.6609
99.6557
99.9543
100.367
100.578
100.374
99.8215
99.2556
99.0823
99.5141
100.404
101.29
101.622
101.065
99.7088
98.0752
96.9251
96.9445
98.4462
101.205
104.482
107.213
108.294
106.852
102.443
95.117
85.3639
73.9751
61.8675
49.9186
38.8444
29.1346
21.0409
14.6069
9.7204
6.17276
3.71232
2.08609
1.06655
0.465783
0.138304
-0.0202977
-0.0832836
-0.0940451
-0.0850885
-0.0634484
-0.0503116
-0.027268
100
100.001
99.9988
99.9988
100.002
100.002
99.9971
99.9969
100.003
100.005
99.9968
99.9934
100.002
100.009
100
99.9898
99.9959
100.01
100.009
99.9919
99.9854
100.002
100.018
100.007
99.9829
99.9814
100.009
100.027
100.008
99.9737
99.9719
100.01
100.041
100.02
99.9684
99.9495
99.9937
100.054
100.057
99.9892
99.921
99.9342
100.028
100.108
100.083
99.9601
99.8537
99.8793
100.036
100.192
100.194
100.009
99.7695
99.6831
99.8586
100.203
100.466
100.417
100.022
99.4985
99.2004
99.3926
100.066
100.902
101.416
101.218
100.229
98.7771
97.4877
97.0398
97.8821
100.025
102.986
105.896
107.722
107.531
104.699
99.0371
90.7927
80.5633
69.1507
57.4033
46.0831
35.7762
26.8547
19.4821
13.6486
9.22073
5.99337
3.73437
2.21709
1.24166
0.643315
0.296723
0.107864
0.0165115
-0.0245014
-0.0323436
-0.0351063
-0.0226435
100
100.001
99.9994
99.9987
100.001
100.002
99.9986
99.997
100.001
100.004
99.9993
99.9947
99.9994
100.006
100.003
99.9935
99.9944
100.006
100.009
99.9975
99.9884
99.9972
100.012
100.01
99.9913
99.9834
100
100.019
100.013
99.9859
99.975
99.9982
100.028
100.024
99.9864
99.96
99.9818
100.031
100.05
100.01
99.9489
99.9375
99.9981
100.074
100.081
99.9995
99.9
99.8851
99.9875
100.127
100.173
100.061
99.8623
99.7409
99.8227
100.083
100.344
100.391
100.135
99.6984
99.3603
99.3884
99.8589
100.577
101.15
101.19
100.522
99.317
98.0551
97.3512
97.7059
99.2867
101.821
104.634
106.816
107.443
105.796
101.514
94.6407
85.5866
75.0166
63.7111
52.4311
41.8169
32.3281
24.2281
17.6013
12.3917
8.44907
5.57322
3.55008
2.17794
1.28074
0.717458
0.376987
0.183032
0.0755735
0.0244635
-0.00167798
-0.00880956
99.9999
100
99.9998
99.9989
100
100.002
99.9997
99.9976
100
100.003
100.001
99.9964
99.9982
100.004
100.003
99.9966
99.9947
100.002
100.007
100.001
99.9921
99.9952
100.007
100.009
99.9972
99.9875
99.9957
100.012
100.013
99.9947
99.9812
99.9924
100.017
100.022
99.998
99.9724
99.9788
100.014
100.038
100.019
99.9716
99.9495
99.9833
100.044
100.068
100.02
99.939
99.9055
99.9644
100.075
100.137
100.079
99.9293
99.806
99.8275
100.01
100.236
100.329
100.179
99.8395
99.5177
99.4528
99.7618
100.341
100.892
101.062
100.639
99.6802
98.5388
97.7399
97.7781
98.9077
101.01
103.584
105.852
106.948
106.125
102.91
97.1946
89.2241
79.5269
68.7939
57.7534
47.0634
37.239
28.6194
21.3691
15.5043
10.9312
7.48785
4.981
3.21539
2.01117
1.21707
0.709482
0.397531
0.211393
0.105502
0.0498382
0.0146367
99.9999
100
100
99.9992
99.9999
100.001
100
99.9984
99.9994
100.002
100.001
99.9979
99.9979
100.002
100.003
99.9988
99.9959
99.9999
100.005
100.002
99.9954
99.9952
100.003
100.007
100.001
99.9919
99.9944
100.006
100.01
99.9999
99.9876
99.9912
100.008
100.017
100.004
99.9832
99.9813
100.004
100.026
100.019
99.9871
99.9638
99.9794
100.023
100.05
100.026
99.9668
99.9301
99.9596
100.039
100.1
100.075
99.9701
99.8636
99.8541
99.9753
100.155
100.258
100.176
99.9242
99.6478
99.5453
99.7421
100.193
100.678
100.899
100.638
99.8888
98.9031
98.1146
97.9784
98.7833
100.512
102.796
104.988
106.302
106.002
103.561
98.7618
91.7208
82.8421
72.7225
62.0381
51.4381
41.4653
32.5109
24.8023
18.4178
13.3167
9.37693
6.43069
4.29509
2.79279
1.76719
1.08707
0.648801
0.376554
0.207386
0.117807
0.0472856
99.9999
100
100
99.9996
99.9997
100.001
100
99.9991
99.9992
100.001
100.001
99.9991
99.9983
100.001
100.002
100
99.9973
99.9989
100.003
100.002
99.9979
99.9962
100.001
100.005
100.002
99.9955
99.9951
100.002
100.007
100.002
99.993
99.9925
100.003
100.011
100.005
99.9912
99.9863
99.9987
100.015
100.016
99.9959
99.9769
99.9821
100.01
100.033
100.023
99.9836
99.9527
99.9657
100.019
100.068
100.06
99.9895
99.9072
99.8881
99.9677
100.103
100.193
100.148
99.9641
99.7416
99.6381
99.768
100.117
100.522
100.74
100.572
99.9814
99.1475
98.4259
98.2189
98.8147
100.252
102.261
104.298
105.664
105.661
103.743
99.6269
93.3348
85.168
75.6352
65.3527
54.9444
44.9595
35.8204
27.7999
21.0261
15.5045
11.1509
7.82434
5.35759
3.58046
2.33496
1.48677
0.921402
0.561021
0.324033
0.198365
0.0874441
99.9999
100
100
99.9998
99.9997
100
100
99.9996
99.9993
100
100.001
99.9998
99.9989
99.9999
100.001
100.001
99.9986
99.9988
100.001
100.002
99.9995
99.9976
99.9995
100.003
100.002
99.9981
99.9966
100
100.004
100.002
99.9969
99.995
100
100.006
100.004
99.9962
99.9916
99.9975
100.008
100.01
99.9994
99.9867
99.9878
100.004
100.02
100.016
99.9915
99.97
99.9763
100.011
100.045
100.042
99.9943
99.9359
99.9202
99.9756
100.075
100.143
100.112
99.9737
99.801
99.7161
99.8138
100.09
100.421
100.61
100.484
99.9985
99.2921
98.6578
98.4455
98.9235
100.155
101.932
103.794
105.118
105.254
103.663
100.028
94.3079
86.7242
77.7106
67.8249
57.6571
47.7489
38.537
30.3241
23.2755
17.4349
12.751
9.1088
6.35785
4.33796
2.89255
1.88806
1.20085
0.754782
0.449039
0.287098
0.132961
100
100
100
100
99.9998
100
100
100
99.9996
100
100.001
100
99.9994
99.9996
100.001
100.001
99.9995
99.9991
100
100.001
100
99.9989
99.9992
100.001
100.001
99.9997
99.9983
99.9994
100.002
100.002
99.9991
99.9975
99.9994
100.003
100.002
99.9987
99.9961
99.9985
100.004
100.005
99.9997
99.9932
99.9939
100.003
100.011
100.008
99.9934
99.9816
99.9874
100.01
100.03
100.025
99.9907
99.9519
99.9456
99.9902
100.063
100.109
100.078
99.9661
99.8328
99.7737
99.8625
100.094
100.365
100.514
100.396
99.9742
99.3633
98.814
98.6312
99.0558
100.154
101.755
103.456
104.695
104.87
103.464
100.149
94.8422
87.7107
79.1279
69.5999
59.6811
49.8973
40.6881
32.3733
25.1443
19.0738
14.138
10.2448
7.25992
5.03455
3.41512
2.27166
1.47292
0.947543
0.57557
0.37905
0.181301
100
100
100
100
99.9999
99.9999
100
100
99.9998
99.9998
100
100
99.9999
99.9997
100
100
100
99.9996
99.9997
100
100
99.9999
99.9995
99.9999
100
100
99.9997
99.9995
100
100
100
99.9996
99.9998
100
100
99.9995
99.9992
100
100.002
100.001
99.9983
99.9967
99.9991
100.004
100.006
100.001
99.992
99.9882
99.9967
100.013
100.023
100.012
99.9836
99.9588
99.9634
100.005
100.062
100.089
100.05
99.9513
99.8457
99.8118
99.9048
100.112
100.34
100.45
100.323
99.9331
99.3872
98.9092
98.7691
99.1804
100.202
101.679
103.247
104.392
104.552
103.236
100.119
95.0969
88.3001
80.0571
70.8314
61.1442
51.5024
42.3407
33.9871
26.6496
20.4219
15.3016
11.2161
8.04543
5.65212
3.88645
2.62387
1.72681
1.13082
0.697657
0.469528
0.229826
100
100
100
100
100
99.9999
100
100
100
99.9998
99.9999
100
100
99.9998
99.9997
100
100
100
99.9996
99.9998
100
100
99.9999
99.9994
99.9997
100.001
100.001
99.9999
99.9992
99.9994
100
100.001
100.001
99.9992
99.9985
99.9994
100.001
100.002
100.001
99.9981
99.9963
99.9982
100.003
100.006
100.004
99.9961
99.9893
99.9912
100.003
100.017
100.02
100.003
99.9761
99.9602
99.9745
100.019
100.066
100.078
100.03
99.9355
99.8473
99.8341
99.937
100.134
100.334
100.412
100.268
99.8902
99.3844
98.96
98.8627
99.2824
100.266
101.663
103.132
104.19
104.31
103.027
100.022
95.1857
88.6248
80.6369
71.6524
62.1647
52.6613
43.5687
35.2166
27.8224
21.4942
16.2453
12.0185
8.70588
6.18053
4.29647
2.93563
1.95505
1.29865
0.811059
0.555203
0.276713
100
100
100
100
100
99.9999
99.9999
100
100
99.9998
99.9997
100
100
99.9999
99.9995
99.9999
100.001
100
99.9996
99.9994
100
100.001
100
99.9992
99.9992
100
100.001
100
99.9988
99.9986
100
100.002
100.001
99.9988
99.9972
99.9988
100.002
100.004
100.001
99.9964
99.9945
99.9985
100.005
100.008
100.003
99.9928
99.9865
99.992
100.008
100.021
100.019
99.9976
99.9697
99.9587
99.9804
100.028
100.072
100.074
100.017
99.9218
99.8433
99.8453
99.9591
100.154
100.338
100.393
100.231
99.8533
99.3695
98.9822
98.9212
99.3583
100.327
101.677
103.076
104.064
104.139
102.855
99.9085
95.1871
88.786
80.982
72.1819
62.8564
53.4761
44.4578
36.1293
28.7123
22.3242
16.9892
12.6621
9.24421
6.61804
4.64094
3.20151
2.15226
1.44588
0.911672
0.632353
0.319565
100
100
99.9999
100
100
99.9999
99.9998
100
100
99.9999
99.9996
100
100
100
99.9995
99.9997
100.001
100.001
99.9997
99.9991
100
100.001
100.001
99.9992
99.9988
100
100.002
100.001
99.9987
99.998
100
100.002
100.002
99.9988
99.9964
99.9981
100.003
100.005
100.002
99.9955
99.9931
99.9981
100.007
100.01
100.003
99.9909
99.9841
99.9917
100.01
100.025
100.02
99.9947
99.965
99.9561
99.9829
100.035
100.078
100.074
100.01
99.9115
99.8374
99.8495
99.9728
100.17
100.346
100.385
100.208
99.8252
99.3515
98.9875
98.9541
99.4101
100.378
101.703
103.057
103.992
104.026
102.727
99.8043
95.1487
88.8502
81.1729
72.5072
63.3071
54.0291
45.0807
36.7859
29.3676
22.9483
17.5594
13.1645
9.6718
6.97155
4.92374
3.42353
2.31937
1.57289
0.999653
0.701061
0.358488
100
100
99.9999
100
100
99.9999
99.9998
100
100
99.9999
99.9996
100
100
100
99.9995
99.9996
100
100.001
99.9998
99.999
99.9998
100.001
100.001
99.9992
99.9986
100
100.002
100.001
99.9988
99.9976
99.9997
100.003
100.003
99.999
99.996
99.9976
100.003
100.006
100.002
99.9952
99.9921
99.9975
100.007
100.011
100.004
99.99
99.9824
99.9909
100.011
100.027
100.022
99.9936
99.9619
99.9536
99.9834
100.039
100.082
100.076
100.007
99.9045
99.8317
99.8498
99.9806
100.182
100.354
100.383
100.195
99.8055
99.3351
98.9848
98.9707
99.4433
100.416
101.729
103.056
103.955
103.954
102.637
99.72
95.0998
88.8648
81.2722
72.7013
63.5941
54.3964
45.5076
37.2472
29.8377
23.4044
17.9831
13.5434
9.99869
7.24531
5.14531
3.5995
2.45313
1.67567
1.0714
0.757651
0.390844
100
100
99.9999
100
100
99.9999
99.9998
100
100
100
99.9996
99.9999
100
100
99.9995
99.9995
100
100.001
99.9999
99.999
99.9997
100.001
100.001
99.9993
99.9985
99.9998
100.002
100.001
99.9989
99.9975
99.9994
100.003
100.003
99.9992
99.9958
99.9972
100.003
100.006
100.003
99.9952
99.9916
99.997
100.007
100.012
100.005
99.9897
99.9813
99.99
100.012
100.029
100.023
99.9934
99.9601
99.9516
99.983
100.041
100.085
100.078
100.005
99.9002
99.8271
99.8484
99.9842
100.189
100.361
100.385
100.189
99.793
99.322
98.9787
98.9771
99.4626
100.443
101.752
103.064
103.939
103.913
102.578
99.657
95.0528
88.854
81.3148
72.8079
63.7674
54.6308
45.7908
37.5632
30.1685
23.7332
18.2953
13.8285
10.2495
7.45944
5.32174
3.74239
2.56353
1.76229
1.13281
0.807098
0.41978
100
100
99.9999
100
100
99.9999
99.9998
100
100
100
99.9996
99.9999
100
100
99.9995
99.9995
100
100.001
99.9999
99.999
99.9996
100.001
100.001
99.9994
99.9984
99.9997
100.002
100.002
99.999
99.9974
99.9992
100.003
100.003
99.9994
99.9957
99.9969
100.002
100.006
100.003
99.9953
99.9912
99.9966
100.007
100.013
100.005
99.9897
99.9807
99.9893
100.012
100.029
100.024
99.9936
99.9591
99.9501
99.9823
100.041
100.088
100.079
100.005
99.8978
99.8238
99.8466
99.9857
100.194
100.366
100.388
100.187
99.7854
99.3128
98.9727
98.9788
99.4734
100.46
101.77
103.073
103.934
103.89
102.54
99.6135
95.0159
88.8378
81.3317
72.8666
63.8712
54.7775
45.9733
37.771
30.3897
23.9559
18.509
14.0255
10.4241
7.60963
5.44618
3.84365
2.64207
1.8241
1.17671
0.842512
0.440504
100
100
99.9999
100
100
100
99.9998
100
100
100
99.9996
99.9999
100
100
99.9996
99.9995
100
100.001
100
99.999
99.9996
100.001
100.001
99.9995
99.9984
99.9996
100.002
100.002
99.9991
99.9974
99.9991
100.002
100.003
99.9995
99.9958
99.9968
100.002
100.006
100.003
99.9954
99.9911
99.9963
100.007
100.013
100.006
99.9898
99.9804
99.9888
100.011
100.03
100.025
99.994
99.9587
99.9491
99.9815
100.042
100.089
100.081
100.005
99.8967
99.8216
99.8448
99.9857
100.196
100.37
100.39
100.186
99.7815
99.3065
98.9671
98.9772
99.478
100.47
101.782
103.083
103.935
103.88
102.518
99.5837
94.9858
88.8171
81.33
72.8919
63.9281
54.8667
46.0918
37.9129
30.5468
24.1197
18.6713
14.1796
10.5645
7.73369
5.55154
3.93179
2.71197
1.88074
1.21778
0.876593
0.461092
100
100
99.9999
100
100
100
99.9998
100
100
100
99.9996
99.9998
100
100
99.9996
99.9995
100
100.001
100
99.9991
99.9995
100.001
100.001
99.9995
99.9984
99.9996
100.002
100.002
99.9992
99.9974
99.9991
100.002
100.003
99.9996
99.9958
99.9967
100.002
100.006
100.003
99.9955
99.9911
99.9961
100.007
100.013
100.006
99.99
99.9802
99.9885
100.011
100.03
100.025
99.9942
99.9585
99.9486
99.9811
100.042
100.089
100.082
100.006
99.8961
99.8204
99.8437
99.9856
100.197
100.372
100.392
100.186
99.7794
99.3029
98.9638
98.9761
99.4804
100.476
101.789
103.088
103.937
103.875
102.506
99.5672
94.9691
88.8055
81.3289
72.9056
63.959
54.9152
46.1561
37.9894
30.6312
24.2073
18.7575
14.2609
10.6381
7.79815
5.60586
3.97676
2.74735
1.90904
1.23813
0.893247
0.470999
100
100
99.9999
100
100
100
99.9998
100
100
100
99.9996
99.9998
100
100
99.9996
99.9995
100
100.001
100
99.9991
99.9995
100.001
100.001
99.9996
99.9985
99.9996
100.002
100.002
99.9992
99.9975
99.999
100.002
100.003
99.9997
99.9958
99.9967
100.002
100.006
100.003
99.9956
99.9911
99.996
100.007
100.013
100.006
99.9902
99.9802
99.9883
100.011
100.03
100.025
99.9946
99.9586
99.9482
99.9805
100.041
100.09
100.082
100.007
99.8961
99.8195
99.8424
99.9848
100.198
100.374
100.394
100.188
99.7787
99.3002
98.9601
98.9733
99.4804
100.48
101.796
103.096
103.941
103.874
102.499
99.5531
94.9513
88.7888
81.319
72.908
63.9781
54.9531
46.2129
38.063
30.7176
24.3018
18.855
14.3568
10.7283
7.88029
5.67744
4.03829
2.79719
1.95049
1.26872
0.919235
0.487083
)
;

boundaryField
{
    left
    {
        type            fixedValue;
        value           uniform 100;
    }
    right
    {
        type            zeroGradient;
    }
    up
    {
        type            zeroGradient;
    }
    down
    {
        type            fixedValue;
        value           uniform 0;
    }
    frontAndBack
    {
        type            empty;
    }
}


// ************************************************************************* //
