/*--------------------------------*- C++ -*----------------------------------*\
  =========                 |
  \\      /  F ield         | OpenFOAM: The Open Source CFD Toolbox
   \\    /   O peration     | Website:  https://openfoam.org
    \\  /    A nd           | Version:  8
     \\/     M anipulation  |
\*---------------------------------------------------------------------------*/
FoamFile
{
    version     2.0;
    format      ascii;
    class       volScalarField;
    location    "0.668";
    object      T;
}
// * * * * * * * * * * * * * * * * * * * * * * * * * * * * * * * * * * * * * //

dimensions      [0 0 0 1 0 0 0];

internalField   nonuniform List<scalar> 
2500
(
49.9999
4.65515
-4.6545
-1.18856
1.18554
0.465095
-0.456287
-0.241167
0.221717
0.156786
-0.121043
-0.121389
0.0642836
0.103688
-0.0230132
-0.0891844
-0.0114671
0.069754
0.0389353
-0.0418745
-0.0544367
0.0075903
0.0522047
0.024705
-0.0306939
-0.0426793
-0.00237981
0.0365627
0.0302549
-0.00897318
-0.0348278
-0.0216548
0.0119577
0.0313327
0.0178713
-0.00963573
-0.0273191
-0.0185423
0.00481884
0.0207656
0.0220151
0.00198248
-0.0123291
-0.0205005
-0.0136722
0.0053024
0.0102564
0.0191417
0.00899792
-0.00462195
95.345
49.9997
10.4978
-4.65239
-2.83856
1.1782
1.16187
-0.438947
-0.619296
0.188708
0.399591
-0.067078
-0.29095
-0.0133869
0.218994
0.0756653
-0.151928
-0.120282
0.0775529
0.13821
0.00147626
-0.119693
-0.0692181
0.0641609
0.102299
0.011281
-0.0839086
-0.0715303
0.0204566
0.0814445
0.0483368
-0.0315572
-0.0724897
-0.037869
0.0304707
0.0623643
0.0385584
-0.0212796
-0.052196
-0.0425198
0.00128694
0.0428201
0.0402659
0.0240946
-0.0216241
-0.0381409
-0.0292006
-0.0192357
0.0257407
0.0254277
104.655
89.5022
49.9993
12.1476
-4.64803
-3.53535
1.16508
1.54086
-0.411174
-0.864576
0.140369
0.573994
0.00576262
-0.413785
-0.10977
0.291321
0.186603
-0.16929
-0.227182
0.0402811
0.2155
0.0794269
-0.143922
-0.156615
0.028114
0.158548
0.0860078
-0.079203
-0.138073
-0.0388787
0.0933133
0.114109
0.0189351
-0.0889052
-0.0981729
-0.0188124
0.0723349
0.0924228
0.0285124
-0.0429315
-0.0877566
-0.0468384
0.0118924
0.0585819
0.0735163
0.0138695
-0.0137527
-0.057681
-0.058893
-0.00497569
101.188
104.654
87.8524
49.9987
12.8446
-4.64066
-3.91551
1.1448
1.78941
-0.371302
-1.04553
0.0754411
0.707421
0.0972015
-0.500356
-0.221658
0.324203
0.302648
-0.144135
-0.321568
-0.0348854
0.260066
0.177529
-0.122341
-0.234752
-0.0481275
0.176346
0.17201
-0.0262347
-0.176995
-0.121597
0.0544443
0.159434
0.0972932
-0.0541362
-0.136661
-0.0962569
0.0342951
0.112503
0.100804
0.00961058
-0.0888254
-0.091432
-0.0618842
0.037683
0.0830411
0.0669094
0.0509724
-0.0489373
-0.0558932
98.8139
102.838
104.65
87.1553
49.9979
13.2256
-4.62956
-4.16702
1.11607
1.97706
-0.317911
-1.19082
-0.00680266
0.811389
0.206035
-0.554349
-0.344627
0.318942
0.415671
-0.0800068
-0.393209
-0.138426
0.264176
0.279457
-0.0561131
-0.285649
-0.149688
0.145873
0.2459
0.0648146
-0.16929
-0.201699
-0.0295103
0.160453
0.172883
0.0297952
-0.130829
-0.162833
-0.0475742
0.0787818
0.155513
0.0805142
-0.0235389
-0.10527
-0.128893
-0.0222377
0.0261701
0.103296
0.102611
0.00719961
99.5353
98.82
103.536
104.645
86.7741
49.9969
13.479
-4.61404
-4.36014
1.07769
2.13356
-0.249831
-1.31314
-0.106545
0.89029
0.330162
-0.576479
-0.47321
0.276519
0.517039
0.0179936
-0.433128
-0.258521
0.223912
0.368515
0.0473138
-0.295062
-0.257176
0.0668396
0.285899
0.173909
-0.106605
-0.253598
-0.135972
0.102979
0.217249
0.137061
-0.0707965
-0.180917
-0.149333
0.00137827
0.147239
0.140254
0.0854959
-0.0724982
-0.131904
-0.10158
-0.0685022
0.0873085
0.0879178
100.457
98.838
98.8316
103.916
104.635
86.5204
49.9957
13.6753
-4.5934
-4.52542
1.02855
2.27272
-0.166156
-1.41794
-0.2234
0.9451
0.466609
-0.566341
-0.601095
0.198601
0.598157
0.142797
-0.434366
-0.381623
0.139866
0.429188
0.174726
-0.254218
-0.349893
-0.0502348
0.274329
0.277295
0.0032769
-0.25456
-0.23494
-0.00909386
0.211084
0.224816
0.0403416
-0.137372
-0.224664
-0.0931722
0.0561241
0.165427
0.174705
0.011235
-0.0537799
-0.159856
-0.134253
0.00353822
100.241
100.441
98.4582
98.85
104.169
104.622
86.3237
49.9944
13.8456
-4.56699
-4.67757
0.967652
2.40113
-0.0662758
-1.50705
-0.356397
0.975163
0.6116
-0.523446
-0.721386
0.0881105
0.651098
0.285283
-0.392594
-0.493594
0.0177953
0.448247
0.309316
-0.162485
-0.407507
-0.186933
0.202802
0.351251
0.137125
-0.18877
-0.301011
-0.146451
0.142007
0.256589
0.177407
-0.0465866
-0.22041
-0.180905
-0.0840106
0.133998
0.182737
0.128165
0.0617646
-0.146106
-0.119464
99.7771
100.62
100.415
98.2084
98.8766
104.363
104.604
86.153
49.9929
14.0051
-4.53417
-4.82414
0.894088
2.52175
0.0501286
-1.58045
-0.504009
0.979147
0.760665
-0.447778
-0.826993
-0.050464
0.669093
0.434745
-0.306826
-0.58068
-0.131771
0.416332
0.432954
-0.0287372
-0.411584
-0.322659
0.0787988
0.371294
0.267641
-0.05931
-0.314481
-0.264012
0.00742955
0.223693
0.285486
0.0707564
-0.116985
-0.237918
-0.198254
0.0284954
0.101251
0.224908
0.141845
-0.0329841
99.8433
99.8085
100.867
100.377
98.019
98.9128
104.53
104.581
85.9928
49.9912
14.1618
-4.49433
-4.96911
0.807048
2.63561
0.183087
-1.63705
-0.664179
0.955563
0.908769
-0.340119
-0.910983
-0.210953
0.646881
0.579697
-0.180186
-0.62988
-0.295549
0.330958
0.525978
0.132355
-0.351882
-0.434954
-0.0767842
0.317162
0.372827
0.103242
-0.254818
-0.328269
-0.167074
0.137638
0.302087
0.200177
0.042691
-0.225603
-0.22615
-0.136396
-0.0175724
0.225468
0.143672
100.123
99.5987
99.8553
101.05
100.326
97.8603
98.9595
104.683
104.551
85.8353
49.9893
14.3205
-4.44686
-5.11455
0.705819
2.74259
0.332338
-1.67526
-0.834314
0.903065
1.05049
-0.20236
-0.966756
-0.385795
0.581443
0.708109
-0.0195115
-0.630491
-0.458411
0.19758
0.568181
0.304841
-0.233555
-0.495583
-0.242601
0.189353
0.429145
0.255296
-0.1099
-0.332905
-0.316835
0.00350949
0.208289
0.311552
0.179413
-0.104918
-0.168685
-0.286921
-0.108399
0.0852821
100.122
100.07
99.4218
99.919
101.198
100.259
97.7184
99.0179
104.832
104.515
85.6757
49.9872
14.4837
-4.39115
-5.26143
0.589794
2.84191
0.49731
-1.69322
-1.01133
0.820697
1.18019
-0.0376853
-0.988275
-0.566517
0.472911
0.807236
0.166411
-0.577621
-0.601326
0.0249795
0.54704
0.46735
-0.0718085
-0.478812
-0.400851
0.0171431
0.403173
0.370224
0.0939562
-0.277739
-0.372305
-0.17668
0.0531245
0.338926
0.24321
0.110788
-0.0757322
-0.314176
-0.147834
99.9341
100.294
99.9978
99.2852
100
101.324
100.177
97.5866
99.089
104.98
104.471
85.5114
49.985
14.6532
-4.32662
-5.41006
0.458466
2.93234
0.677104
-1.68898
-1.19176
0.708185
1.29201
0.149722
-0.970907
-0.743347
0.32385
0.865569
0.366229
-0.472204
-0.702964
-0.177176
0.464326
0.587586
0.121978
-0.382735
-0.52149
-0.163698
0.272397
0.442445
0.283858
-0.142445
-0.319839
-0.3597
-0.0924706
0.217865
0.246341
0.320374
0.0149697
-0.158387
99.8952
100.011
100.42
99.9064
99.1775
100.1
101.433
100.078
97.462
99.1737
105.129
104.419
85.3405
49.9825
14.83
-4.25269
-5.56032
0.311438
3.0124
0.870516
-1.66063
-1.37181
0.566039
1.37998
0.354877
-0.912148
-0.904751
0.13772
0.876403
0.562481
-0.315207
-0.749998
-0.389087
0.325823
0.636443
0.335317
-0.231784
-0.556532
-0.339754
0.065105
0.450572
0.392562
0.0842025
-0.209418
-0.445401
-0.205045
-0.0338197
0.220311
0.383453
0.113726
100.024
99.7766
100.108
100.51
99.7966
99.0945
100.217
101.526
99.9623
97.3436
99.2726
105.279
104.359
85.1621
49.9799
15.0148
-4.16879
-5.7118
0.14846
3.08037
1.07612
-1.60661
-1.54711
0.395199
1.43897
0.570964
-0.810311
-1.04005
-0.0785475
0.835757
0.735125
-0.10896
-0.740471
-0.576423
0.129114
0.611586
0.530288
-0.0448116
-0.476748
-0.503925
-0.144359
0.341627
0.420023
0.338748
-0.0833592
-0.349265
-0.308726
-0.285829
0.148926
0.238011
100.091
99.9246
99.7008
100.222
100.568
99.6704
99.0353
100.352
101.605
99.8293
97.2315
99.3866
105.432
104.289
84.9755
49.977
15.2081
-4.07437
-5.8639
-0.0306291
3.13448
1.29217
-1.52562
-1.71297
0.197201
1.46495
0.789093
-0.663628
-1.14231
-0.310547
0.736049
0.873195
0.128877
-0.667489
-0.712424
-0.118559
0.527932
0.647941
0.184346
-0.314235
-0.605107
-0.30838
0.0963626
0.407375
0.489403
0.080281
-0.104361
-0.394238
-0.383974
-0.0234633
100.011
100.157
99.8111
99.6647
100.348
100.594
99.5307
99.0008
100.502
101.667
99.6793
97.1265
99.5161
105.587
104.21
84.7802
49.974
15.4102
-3.9689
-6.01583
-0.225969
3.17309
1.51635
-1.4162
-1.86535
-0.0243831
1.45299
1.00175
-0.474847
-1.20328
-0.543382
0.573088
0.971374
0.366638
-0.513515
-0.797814
-0.372146
0.377643
0.662313
0.442905
-0.131194
-0.559146
-0.449873
-0.196445
0.342577
0.45207
0.311911
0.139404
-0.366598
-0.291431
99.9277
100.123
100.177
99.691
99.6675
100.482
100.587
99.3811
98.9925
100.666
101.71
99.5127
97.0298
99.6617
105.744
104.12
84.5758
49.9708
15.6212
-3.8518
-6.16677
-0.437509
3.19438
1.74624
-1.27733
-2.00029
-0.264587
1.39758
1.20384
-0.253764
-1.20832
-0.772306
0.362027
1.00883
0.588665
-0.283149
-0.832482
-0.572966
0.132776
0.610158
0.646902
0.0675259
-0.353293
-0.584904
-0.393313
0.145553
0.288664
0.536507
0.254972
-0.12732
99.9603
99.918
100.234
100.153
99.5726
99.7087
100.616
100.546
99.2261
99.0123
100.841
101.734
99.3303
96.9429
99.8238
105.902
104.019
84.3621
49.9673
15.8413
-3.72236
-6.31591
-0.66482
3.19594
1.98002
-1.10978
-2.11143
-0.520979
1.29872
1.38427
-0.0059792
-1.15028
-0.988806
0.124641
0.956827
0.801347
-0.0243235
-0.775464
-0.713614
-0.180955
0.520254
0.698333
0.330991
-0.0988051
-0.623525
-0.448364
-0.202873
0.138885
0.572058
0.269029
100.044
99.8566
99.9552
100.334
100.088
99.4649
99.787
100.743
100.471
99.0707
99.0617
101.024
101.735
99.1331
96.8677
100.002
106.061
103.907
84.1391
49.9635
16.0705
-3.5802
-6.46191
-0.907652
3.17605
2.21474
-0.914432
-2.19255
-0.790984
1.16082
1.52543
0.271799
-1.04212
-1.15982
-0.142928
0.823813
0.983071
0.222835
-0.585442
-0.830852
-0.453782
0.335218
0.613611
0.626015
0.0904337
-0.435976
-0.457855
-0.542267
0.04154
0.307027
100.057
100
99.7742
100.033
100.411
99.9873
99.3771
99.8999
100.856
100.363
98.9207
99.142
101.212
101.712
98.9227
96.806
100.198
106.219
103.783
83.9067
49.9595
16.3091
-3.42529
-6.60328
-1.16642
3.13489
2.44492
-0.688761
-2.24441
-1.06267
0.978707
1.62427
0.567223
-0.889429
-1.25751
-0.450994
0.653657
1.06529
0.483713
-0.312029
-0.898793
-0.611157
-0.00384415
0.511379
0.782868
0.250044
-0.0515737
-0.502182
-0.636091
-0.11906
99.9913
100.126
99.9189
99.7251
100.141
100.456
99.8571
99.3177
100.043
100.948
100.222
98.7819
99.2541
101.401
101.663
98.7004
96.7596
100.411
106.376
103.645
83.6644
49.9554
16.5573
-3.25634
-6.73977
-1.44039
3.07015
2.66806
-0.432558
-2.26625
-1.32371
0.742353
1.69145
0.845072
-0.665177
-1.30245
-0.756438
0.444495
1.01769
0.784581
-0.0609787
-0.800406
-0.724848
-0.397659
0.414856
0.674537
0.501482
0.29949
-0.4719
-0.436626
99.9446
100.072
100.154
99.8148
99.718
100.269
100.461
99.7066
99.2941
100.211
101.012
100.053
98.6601
99.3975
101.587
101.586
98.4683
96.7302
100.64
106.532
103.495
83.412
49.9505
16.8146
-3.07159
-6.87043
-1.72671
2.97532
2.8858
-0.155774
-2.24135
-1.57996
0.468407
1.70719
1.09487
-0.363146
-1.31485
-0.983085
0.133792
0.911841
1.02669
0.17037
-0.49896
-0.871967
-0.635844
0.172091
0.405375
0.791317
0.421499
-0.15967
99.9743
99.9304
100.166
100.133
99.705
99.7577
100.401
100.421
99.547
99.3123
100.396
101.041
99.8578
98.5619
99.5711
101.764
101.48
98.2294
96.7201
100.885
106.684
103.331
83.1514
49.9443
17.0811
-2.87396
-6.99078
-2.02587
2.8537
3.09038
0.136859
-2.16304
-1.83359
0.188191
1.63153
1.34737
-0.052332
-1.23948
-1.1376
-0.259316
0.809405
1.06618
0.493853
-0.17252
-0.930328
-0.662349
-0.287905
0.221923
0.835961
0.386297
100.033
99.8907
99.9675
100.251
100.064
99.6074
99.8448
100.523
100.334
99.3907
99.3767
100.588
101.028
99.643
98.4937
99.7742
101.927
101.342
97.986
96.7325
101.146
106.83
103.151
82.8822
49.9388
17.3597
-2.6655
-7.09985
-2.3438
2.71594
3.26818
0.46263
-2.05875
-2.05284
-0.119247
1.48637
1.59625
0.223035
-1.01515
-1.31505
-0.586555
0.61118
0.966424
0.900399
0.0145935
-0.701535
-0.697358
-0.744041
0.168374
0.481885
100.046
99.9892
99.8286
100.049
100.308
99.9537
99.5388
99.9745
100.62
100.201
99.2495
99.4883
100.779
100.972
99.4135
98.4595
100.005
102.075
101.173
97.7384
96.7678
101.426
106.972
102.955
82.5991
49.9332
17.6496
-2.43506
-7.20209
-2.67528
2.54399
3.42546
0.820195
-1.92327
-2.21232
-0.496731
1.32501
1.74761
0.550506
-0.705106
-1.47265
-0.790716
0.180168
0.91393
1.14552
0.220694
-0.207933
-0.865084
-0.881038
-0.0746565
100.002
100.092
99.9081
99.8067
100.16
100.322
99.8153
99.5131
100.136
100.679
100.03
99.1366
99.6433
100.957
100.871
99.1789
98.4623
100.257
102.201
100.977
97.4912
96.8246
101.718
107.112
102.746
82.3077
49.9198
17.9448
-2.18328
-7.28919
-3.0019
2.3178
3.5728
1.15419
-1.69742
-2.34558
-0.867385
1.1103
1.75559
0.962461
-0.449992
-1.38492
-1.00539
-0.309229
0.858198
1.0172
0.639475
0.195152
-0.854299
-0.619484
99.9596
100.078
100.089
99.8133
99.8369
100.278
100.282
99.668
99.5422
100.313
100.687
99.8316
99.0672
99.8376
101.107
100.723
98.9514
98.5103
100.524
102.295
100.752
97.2543
96.9113
102.016
107.24
102.518
82.0219
49.9034
18.2542
-1.94024
-7.35129
-3.33986
2.08564
3.6936
1.46165
-1.4036
-2.49992
-1.12473
0.765164
1.78162
1.28519
-0.224115
-1.0849
-1.34188
-0.516004
0.579243
0.801952
1.10598
0.206542
-0.431667
99.9671
99.9762
100.152
100.032
99.7305
99.9222
100.382
100.184
99.5308
99.6326
100.492
100.633
99.6146
99.0516
100.069
101.221
100.524
98.7342
98.6109
100.809
102.352
100.489
97.0236
97.037
102.337
107.352
102.258
81.7205
49.8973
18.5951
-1.68486
-7.40447
-3.72774
1.85656
3.76498
1.84837
-1.11658
-2.60103
-1.40171
0.30847
1.88884
1.43891
0.247234
-0.871552
-1.62187
-0.630351
-0.0452238
0.882903
1.30421
0.308937
100.01
99.9092
100.042
100.197
99.9299
99.6824
100.053
100.451
100.036
99.4216
99.7781
100.656
100.521
99.3929
99.0886
100.327
101.297
100.284
98.5289
98.7517
101.111
102.384
100.198
96.7864
97.1838
102.679
107.478
101.984
81.3849
49.8731
18.9361
-1.35699
-7.44368
-4.09569
1.51847
3.78733
2.25036
-0.777727
-2.49638
-1.79808
-0.101645
1.70914
1.54484
0.886121
-0.690636
-1.38413
-1.00002
-0.69772
0.8078
0.86447
100.04
99.9463
99.8932
100.135
100.193
99.8071
99.6884
100.205
100.464
99.8589
99.3644
99.963
100.778
100.36
99.1963
99.1817
100.58
101.322
100.025
98.3624
98.9249
101.396
102.38
99.9086
96.571
97.3475
102.994
107.605
101.71
81.0875
49.8148
19.2535
-1.04552
-7.45075
-4.36237
1.11368
3.83886
2.43067
-0.333778
-2.37818
-2.04479
-0.326763
1.21452
1.75588
1.0439
-0.365934
-0.884234
-1.38167
-0.606536
0.307548
100.024
100.037
99.8722
99.9346
100.225
100.126
99.6919
99.7648
100.355
100.401
99.6707
99.385
100.181
100.831
100.14
99.0479
99.353
100.821
101.263
99.7364
98.2614
99.1643
101.658
102.296
99.5909
96.4086
97.5825
103.301
107.673
101.373
80.8306
49.7976
19.6483
-0.815339
-7.46945
-4.72079
0.78863
3.95618
2.60271
0.193921
-2.54273
-2.1162
-0.750749
0.959852
2.13242
0.975523
0.265229
-1.02998
-1.67584
-0.443322
99.9863
100.082
99.9792
99.8197
100.032
100.286
99.9978
99.6053
99.9095
100.486
100.263
99.4811
99.4814
100.428
100.82
99.8639
98.935
99.5983
101.069
101.137
99.3956
98.1915
99.4747
101.951
102.16
99.2027
96.2285
97.8822
103.693
107.745
100.97
80.4478
49.7943
20.1061
-0.41709
-7.46213
-5.21526
0.349834
3.85432
3.05301
0.788603
-2.39345
-2.22854
-1.62247
0.701134
1.95106
1.45073
1.26505
-0.983173
-1.26305
99.9633
100.044
100.104
99.8861
99.8125
100.159
100.297
99.8403
99.5687
100.089
100.573
100.083
99.3246
99.6263
100.658
100.76
99.5861
98.8613
99.8587
101.292
100.995
99.0656
98.1333
99.7692
102.244
102.04
98.8478
96.0011
98.1434
104.055
107.922
100.637
80.0483
49.6739
20.3811
0.123867
-7.39367
-5.35057
-0.27323
3.58084
3.21378
1.1316
-1.6311
-2.28975
-1.7886
0.14573
1.06065
1.71926
1.18783
-0.121753
99.9798
99.9618
100.114
100.069
99.799
99.871
100.271
100.231
99.6956
99.6194
100.268
100.564
99.879
99.2636
99.8262
100.807
100.611
99.3562
98.9007
100.123
101.401
100.788
98.8178
98.1908
100.049
102.41
101.845
98.5842
95.9042
98.4378
104.25
108.005
100.283
79.9028
49.6103
20.6619
0.381115
-7.49804
-5.32259
-0.786161
3.85098
3.02821
1.42002
-1.44983
-2.65098
-1.2931
-0.375851
1.37788
1.84934
0.418355
100.012
99.9283
100.019
100.157
99.9696
99.751
100.005
100.343
100.075
99.5788
99.777
100.447
100.44
99.6335
99.309
100.117
100.887
100.332
99.127
99.078
100.473
101.418
100.43
98.555
98.4003
100.462
102.521
101.464
98.1992
95.9283
98.9335
104.584
107.899
99.7009
79.5993
49.7246
21.3222
0.728161
-7.58438
-5.94467
-1.41929
4.0226
3.30835
2.53879
-1.47622
-2.82685
-2.07228
-1.59205
1.87971
1.86325
100.033
99.9526
99.9154
100.118
100.153
99.8321
99.7527
100.181
100.369
99.8681
99.4947
99.9921
100.615
100.258
99.3724
99.3975
100.447
100.955
100.008
98.8706
99.2742
100.876
101.468
100.04
98.2045
98.577
100.939
102.778
101.096
97.7025
95.7427
99.4275
105.128
108.027
99.2121
78.8723
49.6385
21.685
1.64407
-7.24376
-6.31009
-2.15422
2.98907
3.49234
3.12846
-0.405314
-1.63205
-2.69382
-2.08971
0.185973
100.023
100.028
99.8847
99.954
100.203
100.093
99.7214
99.8173
100.324
100.322
99.6909
99.4968
100.191
100.685
100.069
99.2147
99.5269
100.679
100.942
99.7562
98.7334
99.4496
101.134
101.466
99.7777
97.9996
98.6961
101.215
102.948
100.885
97.4718
95.5308
99.7156
105.296
108.314
98.9832
78.6111
49.4655
21.4774
2.23426
-7.33516
-5.65171
-2.48977
2.65579
3.35975
2.09793
0.330085
-1.68938
-1.92091
-0.556749
99.9927
100.064
99.9709
99.8624
100.048
100.22
99.9655
99.6921
99.9726
100.387
100.153
99.5731
99.6556
100.377
100.577
99.8198
99.2258
99.8026
100.804
100.711
99.4957
98.8276
99.7844
101.246
101.191
99.4635
98.0674
99.0664
101.445
102.732
100.477
97.3448
95.8237
100.18
105.29
108.056
98.3727
78.7456
49.6916
22.1315
2.34185
-7.93915
-5.90385
-3.36951
3.6215
3.73309
2.83938
0.837826
-3.49865
-2.14044
99.9755
100.052
100.049
99.8779
99.9095
100.181
100.159
99.7843
99.7395
100.205
100.389
99.879
99.4808
99.936
100.593
100.354
99.475
99.3032
100.224
100.954
100.336
99.0992
98.978
100.317
101.466
100.771
98.9099
98.0575
99.6861
101.955
102.57
99.7198
96.8372
96.1195
101.004
105.95
107.676
97.5102
77.8502
49.8113
23.2445
3.26826
-7.21831
-7.06543
-4.66222
2.51627
3.229
5.00055
2.10056
-1.53162
99.9709
99.9999
100.114
99.9841
99.7976
100.004
100.292
100.053
99.6281
99.8306
100.414
100.349
99.6268
99.4304
100.197
100.767
100.15
99.1787
99.3622
100.58
101.111
100.052
98.7405
99.019
100.745
101.741
100.555
98.4124
97.8649
100.044
102.47
102.776
99.2121
96.3411
95.7628
101.597
106.551
108.122
97.2714
76.7513
49.4928
22.691
4.5046
-6.27719
-6.50545
-4.18971
0.365115
2.44894
3.50677
1.47193
99.9988
99.9419
100.058
100.121
99.9013
99.8007
100.111
100.294
99.9239
99.6029
99.974
100.48
100.209
99.5081
99.5374
100.367
100.727
99.9548
99.124
99.5348
100.729
101.024
99.8487
98.7047
99.1844
100.907
101.667
100.397
98.2996
98.0224
100.128
102.553
102.592
99.1822
96.3737
95.7872
101.763
106.157
108.43
96.963
77.3332
49.5151
22.2749
4.65542
-7.64465
-5.51283
-4.0842
1.22328
4.32219
1.56944
100.016
99.951
99.9827
100.111
100.034
99.83
99.9247
100.217
100.151
99.7634
99.7394
100.203
100.392
99.9143
99.4964
99.8662
100.526
100.436
99.6297
99.2704
99.9761
100.833
100.607
99.4595
98.8883
99.7459
101.122
101.236
99.7971
98.2783
98.6451
100.71
102.46
101.761
98.653
96.4152
96.8762
102.341
106.188
107.384
95.7354
77.5579
49.8741
24.4894
4.9414
-8.05886
-6.76509
-7.28456
1.94958
4.39261
100.027
99.9661
99.926
100.086
100.133
99.8802
99.7897
100.121
100.305
99.9282
99.5971
99.9515
100.47
100.248
99.5494
99.4967
100.277
100.736
100.091
99.1997
99.3902
100.529
101.068
100.17
98.8704
98.9342
100.402
101.65
100.93
98.9891
97.8319
99.1091
101.713
102.831
101.314
97.3562
95.9632
97.2646
103.7
107.374
106.827
94.885
75.2603
49.6806
25.4429
6.55388
-4.75393
-7.60331
-7.95473
-1.17213
100.019
100.03
99.8966
99.9476
100.181
100.101
99.7552
99.8138
100.277
100.313
99.7499
99.5314
100.129
100.613
100.113
99.3311
99.534
100.533
100.841
99.8808
98.9525
99.4499
100.831
101.232
99.975
98.5367
98.8655
100.673
102.025
100.906
98.7197
97.332
99.2105
101.933
103.481
101.36
96.9917
95.4831
96.4643
104.475
107.456
108.322
94.9029
74.3964
49.2804
22.6495
7.62657
-4.47136
-5.81366
-2.8731
99.9914
100.053
99.9853
99.8834
100.023
100.184
99.9962
99.7485
99.9453
100.306
100.162
99.6796
99.6859
100.257
100.484
99.9227
99.3947
99.77
100.575
100.606
99.7146
99.111
99.7229
100.82
100.946
99.7774
98.7413
99.1696
100.756
101.653
100.656
98.7653
97.793
99.4808
101.624
103.137
100.796
97.7584
95.6807
97.2455
103.849
106.328
108.347
94.017
77.1121
49.5885
23.2861
7.44876
-9.87286
-5.30075
99.9865
100.039
100.018
99.9115
99.9662
100.134
100.07
99.831
99.8683
100.18
100.219
99.8541
99.6806
100.046
100.399
100.132
99.5991
99.6329
100.259
100.579
100.063
99.3716
99.4945
100.359
100.859
100.255
99.2235
99.0254
100.062
101.172
101.079
99.6492
98.3787
98.6892
100.509
102.248
101.92
99.617
96.885
96.548
99.4295
104.454
106.972
105.106
92.3118
76.2998
49.8736
29.6002
8.38911
-7.20551
99.9725
100.029
100.081
99.9233
99.8542
100.104
100.226
99.9036
99.6807
100.036
100.409
100.095
99.5413
99.7018
100.413
100.543
99.7879
99.2551
99.8278
100.757
100.674
99.5683
98.9333
99.7172
101.026
101.115
99.7518
98.4849
98.9536
100.814
101.921
101.102
98.5889
97.654
98.4902
101.879
103.2
102.229
98.5833
94.7698
96.5346
99.1969
107.675
108.412
105.152
91.8401
69.9766
49.372
27.7231
10.4682
99.9864
99.9619
100.088
100.072
99.8467
99.871
100.2
100.216
99.7891
99.6677
100.161
100.461
99.9767
99.4397
99.7841
100.557
100.53
99.6326
99.1809
99.9382
100.904
100.665
99.4174
98.8236
99.7714
101.194
101.194
99.7139
98.2583
98.9078
100.745
102.296
101.127
98.8029
97.2002
98.1727
101.826
103.143
103.577
98.1598
95.6526
94.7245
98.1424
107.92
107.359
110.371
91.799
71.8164
49.1274
11.0826
100.007
99.9615
100.007
100.085
99.9905
99.8671
99.9927
100.18
100.052
99.7856
99.8693
100.218
100.239
99.8357
99.6463
100.028
100.427
100.193
99.6143
99.5493
100.161
100.626
100.241
99.4641
99.3091
100.093
100.839
100.643
99.5535
98.9044
99.437
100.726
101.452
100.484
99.1839
97.9384
99.4024
100.821
102.601
101.778
98.7504
97.6431
95.3972
100.652
103.235
106.04
107.574
90.1042
88.3075
49.652
)
;

boundaryField
{
    left
    {
        type            fixedValue;
        value           uniform 100;
    }
    right
    {
        type            zeroGradient;
    }
    up
    {
        type            zeroGradient;
    }
    down
    {
        type            fixedValue;
        value           uniform 0;
    }
    frontAndBack
    {
        type            empty;
    }
}


// ************************************************************************* //
