/*--------------------------------*- C++ -*----------------------------------*\
  =========                 |
  \\      /  F ield         | OpenFOAM: The Open Source CFD Toolbox
   \\    /   O peration     | Website:  https://openfoam.org
    \\  /    A nd           | Version:  8
     \\/     M anipulation  |
\*---------------------------------------------------------------------------*/
FoamFile
{
    version     2.0;
    format      ascii;
    class       volScalarField;
    location    "0.744";
    object      T;
}
// * * * * * * * * * * * * * * * * * * * * * * * * * * * * * * * * * * * * * //

dimensions      [0 0 0 1 0 0 0];

internalField   nonuniform List<scalar> 
2500
(
50
4.65375
-4.65328
-1.18564
1.18344
0.460387
-0.453997
-0.234418
0.220263
0.147987
-0.121797
-0.111119
0.0687411
0.0934771
-0.0322715
-0.0816594
0.00242982
0.068232
0.0228062
-0.0491512
-0.0409722
0.0235588
0.0480165
0.00453967
-0.0399756
-0.0280843
0.0184492
0.0375862
0.00854065
-0.0270732
-0.02922
0.0037389
0.0282409
0.0205786
-0.0076102
-0.0278666
-0.0144928
0.00758696
0.0239281
0.0160971
-0.00892816
-0.0171665
-0.018034
0.00123326
0.0186986
0.0122791
0.00917607
-0.00957196
-0.0194272
-0.00500874
95.3463
49.9998
10.4924
-4.65174
-2.82899
1.17811
1.14827
-0.441358
-0.602292
0.196058
0.380983
-0.0817698
-0.2742
0.00994545
0.209336
0.0450029
-0.155326
-0.0878616
0.0983049
0.11403
-0.0352093
-0.115703
-0.0272649
0.0881917
0.0734546
-0.0342504
-0.0885394
-0.025996
0.061401
0.0675721
-0.0046084
-0.0677863
-0.0455764
0.0189191
0.0628215
0.0353026
-0.0270511
-0.0507079
-0.035217
0.0239838
0.0482913
0.0273458
-0.00294417
-0.0480367
-0.0319119
1.85431e-05
0.01778
0.0478039
0.0136498
-0.0145525
104.654
89.5077
49.9995
12.1356
-4.64857
-3.51682
1.16855
1.51661
-0.421027
-0.836805
0.160344
0.547173
-0.0270279
-0.3951
-0.0646437
0.289863
0.135235
-0.192979
-0.182922
0.0909145
0.196277
0.0131515
-0.165849
-0.0995491
0.0909177
0.142935
0.0085756
-0.124867
-0.0903773
0.0448477
0.119674
0.0477252
-0.0696656
-0.0985682
-0.0278382
0.0774805
0.0820914
0.0166585
-0.0618663
-0.0855993
-0.00919761
0.0425358
0.0737183
0.0394046
-0.0443863
-0.0484072
-0.0524744
-0.0063154
0.0640408
0.0331356
101.185
104.653
87.8644
49.9991
12.8235
-4.64321
-3.88587
1.15373
1.75319
-0.391706
-1.00725
0.111976
0.675159
0.0427187
-0.485635
-0.153483
0.339348
0.234291
-0.196687
-0.275473
0.049299
0.261029
0.0877714
-0.184084
-0.180086
0.0551459
0.198078
0.07779
-0.124117
-0.158604
-0.00805783
0.144635
0.112849
-0.0273227
-0.136265
-0.0909071
0.0479682
0.110807
0.0881132
-0.0404221
-0.106527
-0.0675078
-0.00469
0.101163
0.0780588
0.0072859
-0.0316339
-0.105675
-0.040243
0.0274211
98.8161
102.829
104.65
87.1764
49.9985
13.1931
-4.63511
-4.12433
1.13269
1.92798
-0.352256
-1.14311
0.0501345
0.777623
0.127131
-0.55055
-0.254227
0.359268
0.337046
-0.168016
-0.357946
-0.0220824
0.30101
0.178177
-0.165383
-0.256316
-0.0133757
0.224358
0.160303
-0.0818622
-0.213488
-0.0834485
0.125335
0.175015
0.0478584
-0.138644
-0.145237
-0.0281698
0.110744
0.151255
0.0150401
-0.0762377
-0.130545
-0.068546
0.0795377
0.0857708
0.092408
0.00985631
-0.113781
-0.0582481
99.5399
98.8206
103.517
104.646
86.8067
49.9978
13.4327
-4.62377
-4.30265
1.10451
2.07121
-0.301694
-1.25792
-0.0256488
0.860064
0.225253
-0.591255
-0.363825
0.350203
0.437461
-0.108669
-0.423536
-0.116351
0.309654
0.273624
-0.109476
-0.315631
-0.10408
0.210029
0.243365
-0.00577491
-0.234869
-0.166652
0.0581919
0.217967
0.130482
-0.0878068
-0.176016
-0.128126
0.0763879
0.167869
0.098793
-0.00416188
-0.163911
-0.114862
-0.00381163
0.0574862
0.165646
0.0527012
-0.0478845
100.455
98.8517
98.829
103.886
104.639
86.5669
49.9969
13.6131
-4.60869
-4.45162
1.06836
2.19721
-0.239192
-1.35803
-0.115435
0.92439
0.335647
-0.607796
-0.478334
0.312419
0.529367
-0.0216015
-0.466107
-0.2247
0.281812
0.364382
-0.0226348
-0.343838
-0.206751
0.152801
0.311053
0.0898085
-0.205223
-0.246647
-0.039722
0.218935
0.198658
0.0166743
-0.17783
-0.208284
0.00118646
0.123761
0.1879
0.0764262
-0.130483
-0.124258
-0.12531
0.00859641
0.171175
0.0773131
100.234
100.443
98.4828
98.8424
104.125
104.63
86.3863
49.9959
13.7653
-4.58937
-4.58616
1.02343
2.31312
-0.164112
-1.44617
-0.218919
0.970686
0.456388
-0.599813
-0.592926
0.246117
0.607414
0.0876711
-0.478989
-0.339055
0.21727
0.439069
0.0860331
-0.329197
-0.311929
0.0624225
0.341159
0.194679
-0.123845
-0.307481
-0.141307
0.155755
0.24499
0.144468
-0.141394
-0.230003
-0.11357
0.0389632
0.237697
0.134108
-0.0167059
-0.100773
-0.22471
-0.0417069
0.0790227
99.7789
100.603
100.424
98.2454
98.8619
104.304
104.617
86.2337
49.9948
13.9047
-4.56535
-4.71406
0.968986
2.42253
-0.0760661
-1.52304
-0.335592
0.998378
0.584687
-0.566465
-0.702889
0.15282
0.666163
0.212295
-0.456388
-0.452309
0.122054
0.482733
0.210314
-0.270934
-0.403517
-0.0487219
0.314774
0.302581
-0.0121154
-0.320117
-0.230849
0.0296817
0.265739
0.245242
-0.0498591
-0.187433
-0.239436
-0.0503681
0.199958
0.160119
0.143465
-0.0588982
-0.233688
-0.0848326
99.8521
99.8018
100.838
100.396
98.0695
98.8884
104.454
104.599
86.094
49.9935
14.0393
-4.53618
-4.83957
0.904356
2.52706
0.0251845
-1.58827
-0.464638
1.00661
0.716982
-0.506583
-0.804329
0.0366289
0.698474
0.347222
-0.39791
-0.553642
0.00249871
0.483364
0.343968
-0.17948
-0.455952
-0.177184
0.234107
0.395185
0.104766
-0.256722
-0.308821
-0.121158
0.241329
0.283163
0.10038
-0.108462
-0.316663
-0.123
0.0602577
0.16401
0.272826
-0.00376851
-0.121617
100.123
99.6179
99.8363
101.01
100.358
97.9248
98.9227
104.59
104.578
85.9589
49.9922
14.1738
-4.50136
-4.96504
0.828981
2.62709
0.139901
-1.64118
-0.604406
0.993717
0.850141
-0.420454
-0.892298
-0.0979761
0.697982
0.487784
-0.308576
-0.626958
-0.140313
0.441733
0.469293
-0.0622131
-0.449464
-0.321036
0.123114
0.434185
0.221649
-0.121719
-0.36812
-0.242823
0.14005
0.262933
0.270907
-0.0233743
-0.284209
-0.184169
-0.134775
0.148326
0.291336
0.0728536
100.111
100.084
99.45
99.8836
101.148
100.309
97.7969
98.9657
104.719
104.551
85.8238
49.9906
14.311
-4.46047
-5.09166
0.742313
2.72236
0.268026
-1.6807
-0.752617
0.957596
0.981712
-0.310968
-0.959041
-0.249409
0.664677
0.622759
-0.190374
-0.660958
-0.302545
0.367524
0.556787
0.0865286
-0.390706
-0.455784
-0.000126819
0.387121
0.34638
0.0385798
-0.371545
-0.30832
-0.0440524
0.215639
0.382694
0.066078
-0.129955
-0.242228
-0.290239
0.0921431
0.171134
99.93
100.276
100.03
99.3199
99.9445
101.265
100.248
97.6788
99.0181
104.847
104.519
85.686
49.9889
14.4525
-4.41328
-5.21979
0.643678
2.81271
0.408569
-1.70479
-0.90799
0.898201
1.10723
-0.180107
-0.998566
-0.415225
0.602664
0.735262
-0.0384971
-0.65944
-0.463462
0.260201
0.588839
0.267532
-0.304547
-0.533091
-0.145446
0.266044
0.462637
0.172419
-0.272178
-0.336162
-0.256638
0.155679
0.365993
0.180694
0.0819043
-0.275781
-0.320788
-0.0311452
99.9059
99.9882
100.399
99.9607
99.2149
100.02
101.368
100.174
97.5667
99.0807
104.974
104.481
85.5437
49.9871
14.5998
-4.35941
-5.34975
0.532516
2.89773
0.560589
-1.71112
-1.07004
0.81741
1.2194
-0.0256944
-1.01206
-0.584469
0.508546
0.817257
0.145145
-0.629721
-0.592549
0.103497
0.578937
0.448541
-0.194777
-0.522343
-0.327087
0.122879
0.512352
0.273149
-0.0676525
-0.355031
-0.403417
0.0541508
0.221499
0.32172
0.246832
-0.228412
-0.216288
100.033
99.7876
100.063
100.493
99.8761
99.1294
100.109
101.459
100.087
97.4592
99.1541
105.104
104.436
85.3957
49.985
14.7533
-4.29798
-5.48176
0.40875
2.97532
0.724792
-1.69925
-1.23484
0.71346
1.31395
0.151387
-1.00033
-0.742029
0.371314
0.875241
0.337028
-0.558024
-0.679629
-0.10344
0.54571
0.574485
-0.0305256
-0.446358
-0.51195
-0.00801404
0.434998
0.375569
0.171006
-0.344161
-0.417785
-0.129178
0.0265526
0.426516
0.295318
-0.0472805
100.083
99.9558
99.7044
100.152
100.561
99.7771
99.0617
100.213
101.54
99.9858
97.3556
99.2386
105.235
104.385
85.2417
49.9822
14.9137
-4.22888
-5.61474
0.272249
3.04338
0.90092
-1.66984
-1.3948
0.580935
1.39355
0.337646
-0.951966
-0.885216
0.195379
0.90931
0.507019
-0.418048
-0.744723
-0.31437
0.469358
0.622301
0.200295
-0.356226
-0.613822
-0.148136
0.240027
0.48777
0.336477
-0.233898
-0.316683
-0.366277
-0.117583
0.387235
0.235648
99.9968
100.159
99.8643
99.6522
100.255
100.604
99.6652
99.0119
100.331
101.609
99.8713
97.2567
99.3347
105.369
104.327
85.082
49.9787
15.0816
-4.15371
-5.74681
0.121617
3.10398
1.0842
-1.62005
-1.54885
0.4222
1.45859
0.519387
-0.853987
-1.02584
0.0105895
0.894887
0.657452
-0.21834
-0.799309
-0.4724
0.305445
0.633697
0.438703
-0.264172
-0.575934
-0.340727
0.0264282
0.549373
0.380877
0.0115187
-0.199307
-0.543076
-0.165286
0.158491
99.93
100.089
100.199
99.763
99.63
100.367
100.624
99.542
98.981
100.461
101.666
99.7424
97.163
99.4437
105.505
104.259
84.9154
49.9752
15.2587
-4.07216
-5.87869
-0.0450414
3.15902
1.27183
-1.54381
-1.70418
0.247687
1.49571
0.705652
-0.714126
-1.16023
-0.167032
0.804943
0.820003
-0.00963533
-0.801277
-0.586542
0.0501797
0.652808
0.59639
-0.107051
-0.442975
-0.575357
-0.120195
0.463824
0.375713
0.337774
-0.138512
-0.540451
-0.194635
99.9772
99.898
100.187
100.204
99.6567
99.6373
100.485
100.618
99.4096
98.9697
100.604
101.711
99.5992
97.0743
99.5652
105.645
104.183
84.7405
49.9698
15.4448
-3.97972
-6.0115
-0.226288
3.19927
1.46974
-1.4422
-1.85242
0.0561569
1.4898
0.90856
-0.553765
-1.24548
-0.365593
0.654285
0.978354
0.177724
-0.684184
-0.711986
-0.220655
0.624981
0.638594
0.173481
-0.303187
-0.72722
-0.223703
0.178825
0.399515
0.591112
-0.0677998
-0.292005
100.051
99.8829
99.9041
100.283
100.177
99.5516
99.6736
100.605
100.587
99.2722
98.9789
100.755
101.741
99.4439
96.9926
99.6964
105.789
104.099
84.5618
49.9592
15.6381
-3.8783
-6.13974
-0.417238
3.21571
1.67952
-1.32966
-1.96436
-0.166846
1.45699
1.09706
-0.377152
-1.2506
-0.60414
0.505268
1.0443
0.371342
-0.471307
-0.843848
-0.396358
0.449564
0.620865
0.484983
-0.205479
-0.646588
-0.349636
-0.177756
0.42851
0.578544
0.0894176
100.042
100.038
99.797
99.9455
100.37
100.118
99.455
99.7392
100.72
100.53
99.1343
99.0121
100.912
101.754
99.2768
96.9232
99.8384
105.932
104.001
84.3839
49.9462
15.8428
-3.78003
-6.25941
-0.620497
3.224
1.89117
-1.2129
-2.0397
-0.42532
1.43549
1.22946
-0.15613
-1.22957
-0.843473
0.38461
0.987074
0.626157
-0.290553
-0.910312
-0.483544
0.139501
0.662718
0.662586
-0.111455
-0.39407
-0.559275
-0.371248
0.407858
0.353574
99.9749
100.12
99.9886
99.7288
100.019
100.439
100.028
99.3727
99.8347
100.825
100.443
98.9973
99.0727
101.077
101.747
99.0933
96.8667
99.9973
106.079
103.885
84.1981
49.9345
16.0669
-3.67875
-6.38049
-0.848771
3.23351
2.10538
-1.06422
-2.11504
-0.705615
1.39968
1.33062
0.139168
-1.23144
-1.03209
0.194467
0.887412
0.937501
-0.160533
-0.829515
-0.644661
-0.210502
0.73939
0.686839
0.157681
-0.143905
-0.819407
-0.416189
0.160718
99.9499
100.028
100.174
99.9103
99.6851
100.118
100.486
99.9136
99.3079
99.9566
100.92
100.331
98.8607
99.157
101.248
101.726
98.8924
96.8167
100.168
106.238
103.759
83.9976
49.913
16.3014
-3.54636
-6.50557
-1.09079
3.19798
2.33347
-0.870685
-2.17042
-0.978644
1.26036
1.44265
0.446315
-1.15518
-1.14651
-0.135425
0.789535
1.12895
0.06023
-0.568397
-0.875326
-0.473754
0.576103
0.584759
0.601651
0.0641076
-0.773246
-0.395382
99.9957
99.9063
100.104
100.196
99.8147
99.6718
100.232
100.505
99.7836
99.2668
100.096
100.997
100.201
98.7346
99.2599
101.412
101.695
98.6868
96.7798
100.332
106.405
103.628
83.8093
49.8723
16.5279
-3.39859
-6.61957
-1.3013
3.08999
2.57698
-0.710811
-2.13558
-1.22945
1.05544
1.54916
0.624137
-0.913533
-1.23956
-0.42101
0.688797
1.05108
0.387754
-0.341073
-0.946658
-0.495117
0.15392
0.478837
0.807704
0.0864389
-0.31271
100.043
99.9235
99.9014
100.188
100.179
99.7153
99.6973
100.351
100.485
99.6463
99.2628
100.249
101.039
100.051
98.6335
99.3928
101.559
101.636
98.4789
96.7793
100.498
106.558
103.464
83.6467
49.8392
16.7703
-3.28415
-6.73763
-1.49397
2.98154
2.85264
-0.62794
-2.04204
-1.53247
0.932073
1.63766
0.736538
-0.614626
-1.45833
-0.52832
0.553349
0.960767
0.772392
-0.378937
-0.863791
-0.524342
-0.237309
0.679546
0.747886
0.0696136
100.029
100.037
99.8501
99.9393
100.268
100.119
99.6198
99.7668
100.47
100.421
99.4989
99.3002
100.425
101.047
99.8665
98.5496
99.5706
101.705
101.539
98.2416
96.8082
100.702
106.717
103.258
83.4501
49.8265
17.0603
-3.14725
-6.88852
-1.7539
2.88386
3.15841
-0.461597
-1.96253
-1.92577
0.792462
1.6616
1.03538
-0.308728
-1.68683
-0.684197
0.176375
1.05145
1.18566
-0.282026
-0.618903
-0.934765
-0.656989
0.766597
0.632043
99.9803
100.094
99.9908
99.7888
100.014
100.336
100.024
99.534
99.8702
100.586
100.325
99.3456
99.3626
100.617
101.039
99.6635
98.4617
99.7714
101.863
101.445
97.9697
96.8287
100.915
106.922
103.064
83.2006
49.7844
17.3245
-2.88863
-7.03742
-2.0163
2.6608
3.40207
-0.145207
-1.84987
-2.16586
0.425185
1.54849
1.35771
0.0149329
-1.49402
-0.939586
-0.340892
0.953108
1.20974
0.235628
-0.120057
-1.12549
-0.820064
0.124445
99.9591
100.027
100.137
99.9173
99.7547
100.11
100.375
99.9114
99.4772
99.9906
100.675
100.211
99.2174
99.4442
100.789
101.009
99.4804
98.3947
99.9617
101.985
101.371
97.7202
96.8641
101.065
107.13
102.895
83.0124
49.7174
17.4945
-2.61282
-7.18243
-2.09706
2.33011
3.60441
0.0384277
-1.7219
-2.12349
-0.00481158
1.54359
1.31976
0.202763
-1.08272
-1.15514
-0.346135
0.663263
0.845706
0.61643
-0.104679
-0.789557
-0.374943
99.9919
99.932
100.095
100.138
99.8324
99.7678
100.214
100.361
99.7866
99.4766
100.133
100.708
100.062
99.1397
99.5788
100.925
100.91
99.3078
98.4031
100.176
102.04
101.239
97.5085
96.9861
101.219
107.263
102.649
82.8894
49.7263
17.7169
-2.45214
-7.41481
-2.15105
2.08278
3.97942
0.0638036
-1.64815
-2.25172
-0.350562
1.83667
1.23416
0.494849
-1.07832
-1.57063
-0.119473
0.421817
1.0883
0.985797
-0.593906
-0.646615
100.029
99.9284
99.9512
100.168
100.089
99.7427
99.8353
100.328
100.29
99.64
99.531
100.313
100.696
99.8541
99.086
99.7835
101.071
100.739
99.0887
98.4564
100.473
102.094
101.017
97.2384
97.1503
101.501
107.395
102.332
82.6156
49.7846
18.0781
-2.19894
-7.66097
-2.49332
1.84171
4.37145
0.387094
-1.42302
-2.6701
-0.813832
1.77228
1.43011
1.24781
-1.0204
-1.82458
-0.61458
-0.291514
1.53695
1.48063
-0.0255012
100.032
100.004
99.8685
100.011
100.234
100.002
99.6588
99.9368
100.443
100.189
99.486
99.6066
100.509
100.674
99.6291
99.0236
100
101.242
100.575
98.8413
98.4686
100.792
102.202
100.838
96.889
97.2428
101.79
107.644
102.124
82.2065
49.7502
18.2889
-1.6895
-7.75415
-2.82167
1.44527
4.31893
0.951603
-1.0813
-2.62607
-1.2134
1.05939
1.47746
1.58559
-0.421365
-1.19332
-1.13947
-0.889373
0.91812
0.898088
99.9952
100.077
99.9478
99.8349
100.091
100.267
99.9035
99.6139
100.048
100.513
100.078
99.3806
99.6983
100.655
100.625
99.4572
99.0016
100.175
101.345
100.446
98.6697
98.4894
101.011
102.262
100.744
96.633
97.3292
101.896
107.876
101.987
82.0098
49.6971
18.2612
-1.26898
-7.90022
-2.7062
1.09978
4.16643
1.21608
-1.1762
-2.1053
-1.38573
0.809652
1.49869
0.971483
-0.00524985
-0.888411
-1.08153
-0.134661
0.322485
99.9683
100.048
100.081
99.8801
99.8549
100.176
100.235
99.7983
99.6454
100.176
100.499
99.929
99.3599
99.8563
100.729
100.476
99.3261
99.1017
100.365
101.316
100.246
98.5836
98.6676
101.187
102.184
100.53
96.5348
97.5696
102.021
107.912
101.644
81.9803
49.7919
18.5016
-1.13824
-8.30038
-2.68121
0.86151
4.62825
1.38388
-1.40819
-2.08344
-2.01612
1.20676
1.84925
0.980844
0.439618
-1.81514
-1.45503
0.116346
99.9779
99.9794
100.106
100.03
99.8116
99.9367
100.265
100.134
99.6759
99.7485
100.342
100.419
99.7152
99.386
100.104
100.794
100.224
99.1514
99.2899
100.656
101.251
99.906
98.45
98.9607
101.512
102.078
100.12
96.3416
97.8865
102.447
107.934
101.177
81.6047
49.8924
19.1048
-0.82961
-8.50004
-3.31422
0.410205
5.06207
1.90767
-0.748677
-2.38686
-2.93722
0.799263
1.52846
2.02715
1.51728
-1.79147
-1.48913
100.008
99.9288
100.035
100.154
99.9404
99.754
100.053
100.348
100.003
99.5522
99.8738
100.518
100.33
99.4853
99.4048
100.361
100.891
99.9745
98.9405
99.4316
100.989
101.256
99.5842
98.2115
99.1657
101.918
102.102
99.7984
95.9219
98.0752
102.868
108.238
100.953
80.9664
49.7977
19.3073
-0.118807
-8.243
-3.83749
-0.0649378
4.45512
2.37699
0.146918
-2.06836
-2.68744
-0.309537
0.500949
2.08755
1.57751
-0.19339
100.033
99.9591
99.9071
100.106
100.166
99.8492
99.7393
100.161
100.379
99.8838
99.4908
99.9911
100.619
100.236
99.3408
99.4492
100.529
100.929
99.8052
98.8343
99.514
101.196
101.231
99.447
98.0369
99.2957
102.084
102.17
99.6917
95.6447
98.1942
102.858
108.61
100.829
80.8254
49.6898
19.006
0.40021
-8.3066
-3.51783
-0.117277
3.76639
2.58741
-0.296192
-1.58794
-1.84443
-0.654475
0.939764
1.20028
0.339538
100.015
100.034
99.9084
99.9376
100.162
100.112
99.7811
99.8085
100.249
100.306
99.769
99.5505
100.135
100.593
100.069
99.3148
99.6203
100.625
100.786
99.6389
98.9127
99.7168
101.24
101.004
99.3339
98.1146
99.5882
102.028
102.015
99.4574
95.7889
98.4946
102.828
108.575
100.316
81.1034
49.8035
19.3008
0.453396
-9.04178
-3.33074
-0.330159
4.37254
3.18157
-1.03606
-1.56567
-2.77628
-0.796868
2.39393
1.26558
99.9916
100.056
99.9821
99.8782
100.03
100.193
99.9829
99.732
99.9662
100.336
100.135
99.6239
99.7101
100.351
100.485
99.785
99.3203
99.9394
100.763
100.505
99.3372
99.0615
100.124
101.33
100.612
98.9836
98.2992
100.098
102.202
101.613
98.9055
95.8576
99.0109
103.391
108.333
99.6106
80.7016
49.9299
20.3688
0.760596
-9.2314
-4.22045
-1.36861
5.02589
3.84388
0.16923
-1.07282
-4.45248
-1.66971
1.2218
99.9721
100.043
100.07
99.8928
99.8749
100.156
100.202
99.8214
99.6956
100.155
100.424
99.9382
99.4614
99.8803
100.596
100.395
99.4701
99.2788
100.264
100.977
100.271
98.9553
99.1123
100.526
101.609
100.278
98.5479
98.2267
100.597
102.661
101.379
98.4042
95.3471
99.4691
104.031
108.647
99.3342
79.6185
49.7934
20.6565
1.68854
-8.31152
-5.02617
-2.06688
3.89762
3.46662
1.94399
-0.212035
-3.39732
-1.68168
99.9802
99.97
100.105
100.051
99.8139
99.9044
100.256
100.176
99.7006
99.7024
100.294
100.455
99.7945
99.3767
100.006
100.736
100.329
99.2801
99.2667
100.435
101.119
100.141
98.7656
99.0811
100.725
101.8
100.151
98.3909
97.9867
100.883
102.791
101.567
98.2068
94.9247
99.6162
103.901
109.376
99.2716
79.3969
49.6278
19.7764
2.41333
-8.08928
-4.53143
-1.32045
2.44457
3.15786
1.2699
-0.861367
-0.954304
100.012
99.9416
100.006
100.13
99.9917
99.797
99.9843
100.275
100.078
99.6671
99.8114
100.353
100.345
99.6999
99.4703
100.139
100.68
100.168
99.2716
99.4421
100.507
100.995
99.9612
98.8689
99.233
100.822
101.554
100.048
98.4648
98.1961
101.019
102.412
101.586
98.0206
95.4509
99.6723
103.612
109.316
98.6596
80.25
49.7598
19.8747
2.44033
-9.56542
-4.01055
-1.10776
3.01151
4.9143
-0.303239
-1.75529
100.02
99.9697
99.9507
100.075
100.088
99.8906
99.8576
100.125
100.214
99.8923
99.7028
100.043
100.376
100.084
99.5848
99.7248
100.371
100.495
99.823
99.3129
99.8396
100.686
100.646
99.5742
98.9891
99.7523
101.039
101.119
99.5562
98.4347
98.9128
101.374
102.218
100.789
97.5892
96.1156
100.262
104.292
108.406
97.6976
80.0451
49.9497
21.8003
2.664
-10.1463
-4.99814
-3.43516
4.07083
6.4727
1.04509
100.022
100.001
99.9107
100.011
100.158
99.9969
99.7719
99.9638
100.292
100.117
99.667
99.7542
100.322
100.412
99.778
99.4223
99.9972
100.682
100.336
99.4081
99.2414
100.286
100.994
100.398
99.0217
98.9208
100.295
101.482
100.978
98.761
98.2028
99.2686
102.222
102.482
99.9662
96.9649
95.6243
101.333
105.295
108.436
97.2977
78.0952
49.8097
22.6464
3.74728
-7.89997
-6.19382
-5.25877
2.71994
3.79888
99.9986
100.061
99.9489
99.8708
100.089
100.209
99.9008
99.6972
100.066
100.403
100.027
99.5151
99.8052
100.511
100.428
99.5804
99.3074
100.165
100.883
100.279
99.1441
99.1479
100.515
101.222
100.382
98.6393
98.8328
100.38
101.959
100.991
98.4742
97.8824
99.0196
102.953
102.564
100.341
96.3082
94.892
101.685
105.163
109.934
97.3211
77.3004
49.5626
20.6091
4.77102
-6.40994
-5.69539
-2.55488
0.387908
99.9756
100.039
100.06
99.9029
99.893
100.142
100.174
99.837
99.738
100.144
100.366
99.9333
99.5357
99.9119
100.518
100.316
99.5406
99.4057
100.25
100.797
100.186
99.1498
99.3088
100.492
101.154
100.252
98.7632
98.9601
100.302
101.919
100.719
98.891
97.7879
99.2057
102.609
102.212
100.947
96.0854
95.7384
100.939
104.491
110.307
96.7063
79.3162
49.664
19.5501
4.87877
-9.62973
-4.70712
0.527442
99.9854
99.9984
100.059
99.9947
99.8959
99.9991
100.15
100.028
99.8092
99.9185
100.216
100.165
99.7932
99.7277
100.14
100.379
100.005
99.5603
99.773
100.391
100.478
99.8349
99.3329
99.7824
100.595
100.713
99.7769
99.0514
99.4715
100.689
101.272
100.15
98.8496
98.4139
100.178
101.993
101.739
99.8257
96.518
97.2566
101.108
105.08
108.057
95.476
80.2852
49.9278
23.3232
4.96033
-12.9705
-5.48451
99.9879
99.9788
100.067
100.037
99.8818
99.9318
100.161
100.121
99.8149
99.8001
100.176
100.298
99.8871
99.6019
99.9795
100.457
100.233
99.5729
99.5247
100.225
100.694
100.129
99.3046
99.383
100.381
101.013
100.228
99.1459
98.8415
100.303
101.33
101.065
99.3225
97.9145
99.2349
100.957
102.96
101.12
98.0125
96.3642
97.0477
103.514
106.478
106.766
94.8215
76.478
49.8351
27.1277
6.08102
-7.03301
100.012
99.9367
100.009
100.14
99.985
99.7813
99.9914
100.296
100.074
99.6403
99.8098
100.382
100.357
99.6725
99.4517
100.153
100.709
100.159
99.2577
99.4324
100.511
100.996
99.9559
98.9437
99.181
100.83
101.328
100.26
98.5648
98.4596
100.676
101.727
101.766
98.4765
97.4954
98.7168
101.318
104.547
100.749
98.3246
94.5166
95.8727
105.082
106.548
110.018
94.8872
72.6884
49.5086
21.6577
7.44618
100.026
99.982
99.9137
100.053
100.153
99.9306
99.7703
100.054
100.312
100.007
99.6131
99.8741
100.424
100.304
99.6152
99.4871
100.212
100.707
100.092
99.2627
99.4458
100.565
100.931
99.9992
98.9163
99.2081
100.78
101.255
100.485
98.4262
98.7132
100.139
101.919
101.82
98.6551
98.075
97.568
101.704
103.735
101.489
99.8508
93.3402
96.7132
102.397
105.474
113.235
94.3828
78.1227
49.5247
7.79281
100.007
100.02
99.9556
99.9619
100.078
100.066
99.897
99.8916
100.112
100.165
99.9056
99.7698
100.037
100.289
100.067
99.6924
99.7815
100.257
100.376
99.9081
99.5165
99.8152
100.459
100.464
99.8613
99.2616
99.7731
100.486
100.834
99.9727
99.0581
99.3579
100.107
101.511
100.486
99.5318
98.4499
98.7544
101.56
101.417
101.851
98.8953
96.0524
99.1239
99.602
105.676
107.317
92.949
91.9183
49.8411
)
;

boundaryField
{
    left
    {
        type            fixedValue;
        value           uniform 100;
    }
    right
    {
        type            zeroGradient;
    }
    up
    {
        type            zeroGradient;
    }
    down
    {
        type            fixedValue;
        value           uniform 0;
    }
    frontAndBack
    {
        type            empty;
    }
}


// ************************************************************************* //
