/*--------------------------------*- C++ -*----------------------------------*\
  =========                 |
  \\      /  F ield         | OpenFOAM: The Open Source CFD Toolbox
   \\    /   O peration     | Website:  https://openfoam.org
    \\  /    A nd           | Version:  8
     \\/     M anipulation  |
\*---------------------------------------------------------------------------*/
FoamFile
{
    version     2.0;
    format      ascii;
    class       volScalarField;
    location    "0.866";
    object      T;
}
// * * * * * * * * * * * * * * * * * * * * * * * * * * * * * * * * * * * * * //

dimensions      [0 0 0 1 0 0 0];

internalField   nonuniform List<scalar> 
2500
(
49.9998
4.65248
-4.65223
-1.18201
1.18051
0.455988
-0.452026
-0.226246
0.217156
0.139321
-0.122366
-0.0990071
0.0717264
0.0810273
-0.0397672
-0.0718827
0.0173655
0.0604717
0.00654647
-0.0523604
-0.0214558
0.0349287
0.0348636
-0.0159796
-0.0386175
-0.00462059
0.0314216
0.0229902
-0.0169693
-0.0290198
-0.00499665
0.0244432
0.0219135
-0.00982894
-0.0228904
-0.0124445
0.0130141
0.0245116
0.00198222
-0.0140679
-0.0173539
-0.00580763
0.0194552
0.0146436
-0.00110454
-0.00795592
-0.0193303
-0.00359822
0.0162083
0.00757146
95.3481
49.9994
10.487
-4.65179
-2.81744
1.17634
1.13486
-0.444949
-0.581406
0.200662
0.361127
-0.0967661
-0.252517
0.0332289
0.19203
0.0151021
-0.153529
-0.0465525
0.107244
0.0807117
-0.0681828
-0.0934488
0.0199311
0.090515
0.0268345
-0.0685043
-0.0609701
0.0300953
0.0703933
0.0162197
-0.0516089
-0.0545781
0.0173447
0.0573927
0.0249775
-0.025751
-0.0556505
-0.0106122
0.0417076
0.0341515
0.00937543
-0.037433
-0.0433765
0.0111053
0.0265825
0.029607
0.0144384
-0.0404038
-0.0294396
0.00361003
104.652
89.5143
49.9989
12.1235
-4.65042
-3.49456
1.16934
1.49231
-0.433033
-0.802212
0.176674
0.516874
-0.0606888
-0.368187
-0.0161904
0.273779
0.082511
-0.210026
-0.117857
0.126197
0.156184
-0.055085
-0.158736
-0.0173045
0.12376
0.087631
-0.0718278
-0.11863
0.00344046
0.0970884
0.071481
-0.0485884
-0.103206
-0.012654
0.0653485
0.0754839
-0.000528173
-0.088861
-0.0448978
0.0230305
0.0607944
0.0588061
-0.0388473
-0.0682095
-0.0199428
0.00391648
0.0649579
0.0515218
-0.0386749
-0.0337564
101.183
104.65
87.8789
49.9977
12.8026
-4.64835
-3.84978
1.15804
1.71719
-0.415971
-0.958025
0.143584
0.636621
-0.0136306
-0.459006
-0.0763935
0.331498
0.161114
-0.243653
-0.192148
0.117007
0.229442
-0.0182388
-0.207855
-0.0736475
0.130747
0.157534
-0.0504427
-0.161397
-0.0482534
0.0978274
0.136153
-0.0221899
-0.1296
-0.0636067
0.0409249
0.127194
0.0411969
-0.0891935
-0.0787189
-0.0331494
0.0728608
0.107814
-0.0140532
-0.0568391
-0.0672259
-0.0466029
0.0831055
0.0757902
-0.00193125
98.8179
102.82
104.648
87.2021
49.9958
13.1614
-4.64511
-4.07132
1.14193
1.87929
-0.392195
-1.0798
0.10196
0.732345
0.0460021
-0.531824
-0.145786
0.367597
0.246259
-0.251929
-0.268714
0.0855433
0.290872
0.039353
-0.233356
-0.145667
0.115542
0.218728
-0.00318104
-0.178986
-0.119703
0.0771145
0.186473
0.0267499
-0.120438
-0.12838
-0.00450151
0.155053
0.085096
-0.0429305
-0.104273
-0.104354
0.062094
0.122746
0.0365758
-0.00549671
-0.110163
-0.0948967
0.063229
0.0595617
99.546
98.8196
103.499
104.644
86.8472
49.9926
13.3888
-4.64144
-4.22887
1.1199
2.00965
-0.361572
-1.18215
0.0528066
0.808896
0.120076
-0.59264
-0.219145
0.380398
0.336411
-0.236315
-0.345236
0.039613
0.329559
0.118068
-0.237315
-0.223348
0.0830468
0.254842
0.0719479
-0.174718
-0.19533
0.0414227
0.201808
0.0982443
-0.0819692
-0.191162
-0.052157
0.138141
0.124396
0.0392286
-0.119721
-0.155371
0.0263059
0.0899861
0.102315
0.0591041
-0.129621
-0.107197
0.00655342
100.45
98.8693
98.8237
103.858
104.637
86.6263
49.988
13.5566
-4.63778
-4.35327
1.09134
2.12395
-0.32384
-1.27302
-0.00394334
0.869744
0.209307
-0.644568
-0.293613
0.368282
0.432508
-0.200995
-0.416442
-0.0191433
0.341244
0.217739
-0.225473
-0.293164
0.0297118
0.262439
0.17248
-0.15618
-0.255685
-0.0134953
0.178442
0.190262
-0.0294507
-0.230868
-0.0979777
0.0701974
0.164133
0.133065
-0.119306
-0.167089
-0.0412231
0.0237731
0.173174
0.110609
-0.111929
-0.0831956
100.229
100.441
98.5142
98.8295
104.086
104.626
86.4687
49.981
13.6968
-4.63361
-4.46045
1.05547
2.22943
-0.276219
-1.35741
-0.0691496
0.915963
0.313451
-0.684387
-0.371605
0.332103
0.53064
-0.145824
-0.473351
-0.0971102
0.328973
0.327197
-0.191928
-0.342918
-0.0545342
0.246756
0.280503
-0.115464
-0.282248
-0.100301
0.123813
0.282037
0.0341977
-0.217542
-0.152084
-0.0424767
0.193535
0.210845
-0.0732403
-0.13105
-0.143753
-0.0634407
0.212987
0.140233
-0.0257576
99.779
100.588
100.427
98.2943
98.8374
104.254
104.61
86.3445
49.97
13.8246
-4.62735
-4.55857
1.01286
2.32556
-0.213293
-1.43952
-0.138895
0.942427
0.430865
-0.705497
-0.4556
0.279443
0.61288
-0.0633862
-0.510647
-0.19202
0.297809
0.418004
-0.120139
-0.36834
-0.161831
0.21217
0.356621
-0.0352942
-0.265797
-0.208535
0.0537005
0.323322
0.108138
-0.132162
-0.206209
-0.159865
0.176279
0.228226
0.0326576
-0.0455659
-0.231878
-0.138455
0.161474
0.113719
99.8645
99.7908
100.813
100.404
98.1397
98.8461
104.394
104.589
86.241
49.954
13.9478
-4.62014
-4.65076
0.966427
2.40954
-0.132436
-1.52505
-0.202333
0.941999
0.561202
-0.711276
-0.541433
0.222627
0.661053
0.0517224
-0.539009
-0.28355
0.252819
0.467859
-0.00510822
-0.384687
-0.258854
0.164832
0.373155
0.0849168
-0.229852
-0.30078
-0.0035655
0.283042
0.185461
-0.0128321
-0.248004
-0.215145
0.107549
0.174266
0.157305
0.0305492
-0.253914
-0.138075
0.040221
100.119
99.6463
99.81
100.976
100.373
98.0216
98.8569
104.522
104.558
86.1511
49.9344
14.0724
-4.61478
-4.74146
0.919198
2.48457
-0.0343433
-1.62055
-0.255493
0.916476
0.708699
-0.712356
-0.626169
0.163373
0.680977
0.198691
-0.574102
-0.359202
0.189977
0.491504
0.144441
-0.411816
-0.327865
0.0983641
0.353485
0.238562
-0.209073
-0.359763
-0.0533712
0.188203
0.287183
0.0890557
-0.283898
-0.212688
-0.00301841
0.118094
0.288647
0.048218
-0.232669
-0.10633
100.103
100.09
99.4936
99.8357
101.107
100.33
97.9242
98.8701
104.649
104.516
86.0663
49.9125
14.2031
-4.60647
-4.84028
0.870525
2.55365
0.0862662
-1.72469
-0.312574
0.873397
0.872374
-0.698
-0.71421
0.083911
0.688503
0.36948
-0.594341
-0.43184
0.0879617
0.510986
0.315004
-0.41797
-0.381533
-0.0225437
0.325
0.410531
-0.169547
-0.374436
-0.156209
0.0556756
0.408651
0.1902
-0.252972
-0.208014
-0.194311
0.0649375
0.409681
0.0910982
-0.116308
99.9233
100.262
100.05
99.3791
99.8682
101.225
100.274
97.8397
98.8821
104.782
104.467
85.9818
49.8854
14.3364
-4.58113
-4.95381
0.822178
2.60233
0.240031
-1.82545
-0.383739
0.814769
1.02491
-0.632405
-0.807345
-0.0177758
0.672236
0.532283
-0.543608
-0.510308
-0.0477224
0.501678
0.461528
-0.332073
-0.417091
-0.189948
0.265807
0.517762
-0.0475049
-0.302263
-0.299305
-0.102513
0.427793
0.271067
-0.0711982
-0.161184
-0.388862
-0.0455597
0.354044
0.151197
99.9225
99.9575
100.383
99.9984
99.2884
99.904
101.336
100.207
97.7687
98.8884
104.92
104.413
85.9034
49.8525
14.4614
-4.53497
-5.0795
0.789494
2.60915
0.425791
-1.92258
-0.449131
0.745976
1.13004
-0.505666
-0.910516
-0.0948794
0.614082
0.647017
-0.415302
-0.596567
-0.14408
0.437541
0.528688
-0.160422
-0.442799
-0.301287
0.18515
0.479143
0.121702
-0.189737
-0.380262
-0.171477
0.288615
0.257606
0.142315
-0.09692
-0.391561
-0.0901661
0.112832
100.038
99.8128
100.004
100.48
99.9348
99.2197
99.9453
101.438
100.125
97.7146
98.8945
105.059
104.344
85.8343
49.825
14.5781
-4.48311
-5.21996
0.786197
2.58573
0.63142
-2.03891
-0.495136
0.683281
1.20268
-0.350418
-1.04668
-0.119492
0.532871
0.738492
-0.26726
-0.719353
-0.164362
0.347496
0.564362
0.0248791
-0.52554
-0.32259
0.123664
0.389689
0.306418
-0.175721
-0.424753
-0.126226
0.123595
0.277035
0.271453
-0.17882
-0.299929
-0.0544589
100.075
99.9811
99.7316
100.061
100.556
99.8544
99.1689
99.998
101.535
100.021
97.6698
98.9128
105.205
104.259
85.7549
49.8144
14.7013
-4.42568
-5.39102
0.791266
2.57004
0.857009
-2.16887
-0.563948
0.623564
1.2948
-0.175451
-1.20518
-0.163706
0.440802
0.872989
-0.106532
-0.861367
-0.209764
0.225126
0.664606
0.233463
-0.627402
-0.365222
-0.0134478
0.358615
0.567872
-0.177165
-0.468863
-0.193208
-0.0911196
0.432246
0.45763
-0.22092
-0.244626
99.9808
100.158
99.9123
99.6738
100.131
100.621
99.7565
99.1283
100.062
101.638
99.8981
97.6206
98.9394
105.366
104.175
85.6437
49.8119
14.8266
-4.32607
-5.59413
0.770695
2.55781
1.10225
-2.24174
-0.700542
0.545046
1.3806
0.0456521
-1.29274
-0.300346
0.316422
0.995506
0.108599
-0.885853
-0.352778
0.0272192
0.740322
0.463883
-0.538537
-0.427583
-0.294441
0.266386
0.757287
0.00457776
-0.309877
-0.366173
-0.431143
0.405026
0.557692
0.0526809
99.9385
100.046
100.217
99.8326
99.6318
100.21
100.677
99.6503
99.0937
100.127
101.748
99.7699
97.5711
98.9539
105.535
104.11
85.5193
49.8039
14.9186
-4.16752
-5.80345
0.747637
2.49996
1.33317
-2.21706
-0.871773
0.481207
1.36016
0.289661
-1.26081
-0.468927
0.212347
0.959183
0.328049
-0.743162
-0.499043
-0.123739
0.632462
0.566035
-0.251523
-0.414477
-0.462842
0.09849
0.603897
0.210782
0.00456678
-0.362703
-0.517328
0.13479
0.25701
99.9948
99.8878
100.12
100.251
99.7514
99.6085
100.289
100.715
99.5471
99.0744
100.187
101.843
99.6432
97.5431
98.9597
105.69
104.041
85.4199
49.8046
14.9723
-4.00531
-6.01014
0.77835
2.40487
1.52655
-2.17963
-1.02969
0.502153
1.24608
0.510695
-1.23435
-0.599218
0.232391
0.801176
0.501795
-0.631186
-0.619651
-0.0647523
0.447162
0.558925
-0.0345756
-0.489838
-0.366416
0.0723249
0.337219
0.324931
0.0321137
-0.37115
-0.221996
0.0346387
100.052
99.922
99.8655
100.197
100.256
99.6701
99.612
100.375
100.719
99.4409
99.0802
100.266
101.904
99.5006
97.5351
98.9972
105.829
103.934
85.3288
49.8362
15.0527
-3.89145
-6.24045
0.825613
2.35631
1.73327
-2.20902
-1.20807
0.551146
1.18732
0.758375
-1.30829
-0.755496
0.279143
0.714036
0.753234
-0.646649
-0.816249
0.00374911
0.3237
0.737858
0.119314
-0.746954
-0.33273
0.0083396
0.310148
0.671688
-0.0849786
-0.57156
-0.172731
100.023
100.066
99.8472
99.8731
100.28
100.229
99.5817
99.6406
100.48
100.696
99.3144
99.0999
100.382
101.954
99.3253
97.5106
99.0821
105.987
103.808
85.1817
49.8778
15.1993
-3.77298
-6.49009
0.769687
2.37427
1.99183
-2.20231
-1.43735
0.461066
1.21689
1.07243
-1.30931
-0.95847
0.112162
0.686603
1.10898
-0.543839
-0.961192
-0.219983
0.0994313
1.03544
0.420403
-0.739033
-0.448208
-0.444771
0.207821
1.07037
0.156274
-0.343216
99.9626
100.1
100.051
99.7719
99.9024
100.371
100.18
99.4873
99.6758
100.606
100.664
99.1745
99.1077
100.516
102.028
99.1362
97.4564
99.1572
106.186
103.719
84.984
49.884
15.3348
-3.56535
-6.70261
0.612837
2.36502
2.208
-2.01469
-1.64847
0.249002
1.18807
1.29693
-1.05256
-1.07789
-0.19764
0.562911
1.25255
-0.201915
-0.813112
-0.530383
-0.218878
0.963864
0.630169
-0.252469
-0.346758
-0.828458
-0.13456
0.797671
0.357427
99.9646
99.9764
100.17
100.014
99.7053
99.9421
100.457
100.121
99.4085
99.7037
100.729
100.627
99.0613
99.0999
100.631
102.108
98.972
97.4205
99.1672
106.392
103.653
84.8405
49.8599
15.3767
-3.31312
-6.87154
0.529854
2.28136
2.28475
-1.73562
-1.80987
0.168098
1.05732
1.29674
-0.700872
-1.13296
-0.290908
0.431762
1.02911
0.118272
-0.617846
-0.58376
-0.212616
0.556415
0.511939
0.114578
-0.232765
-0.585852
-0.131249
0.174922
100.017
99.906
100.013
100.221
99.9603
99.6639
99.9951
100.516
100.044
99.3665
99.7438
100.826
100.551
98.9963
99.1128
100.733
102.126
98.8322
97.4472
99.1658
106.56
103.516
84.8
49.8609
15.4087
-3.14932
-7.08493
0.593764
2.21237
2.34728
-1.58594
-2.03426
0.287955
0.96571
1.29647
-0.507749
-1.36565
-0.156237
0.441278
0.864741
0.343901
-0.816789
-0.593555
0.0749336
0.343741
0.598057
0.102489
-0.631868
-0.290907
0.0940919
100.039
99.9751
99.8716
100.07
100.243
99.8838
99.6544
100.077
100.543
99.9308
99.3529
99.8312
100.905
100.416
98.9374
99.1828
100.869
102.067
98.6585
97.4988
99.2604
106.709
103.285
84.739
49.9027
15.5856
-3.07333
-7.37827
0.597841
2.22156
2.60417
-1.54512
-2.35501
0.288818
0.933255
1.59561
-0.367123
-1.72888
-0.213499
0.341096
1.09012
0.75746
-1.11338
-0.80159
-0.0809412
0.233467
1.2179
0.314347
-0.953141
-0.445858
100.006
100.068
99.9121
99.8643
100.152
100.238
99.78
99.6643
100.194
100.558
99.7763
99.3368
99.9623
101.006
100.242
98.8301
99.285
101.059
102.021
98.4083
97.5023
99.4323
106.912
103.076
84.5231
49.9255
15.8602
-2.91117
-7.62814
0.346858
2.22155
2.95965
-1.35471
-2.55357
-0.0565715
0.795302
1.97873
-0.044082
-1.74845
-0.570785
-0.119611
1.2837
1.23026
-0.822793
-0.795437
-0.752252
-0.229497
1.4965
0.738728
-0.299562
99.9659
100.067
100.071
99.8372
99.8745
100.247
100.221
99.6675
99.6742
100.322
100.58
99.6151
99.3059
100.083
101.143
100.078
98.7028
99.3422
101.264
102.053
98.1397
97.4633
99.5222
107.197
102.978
84.2468
49.8871
15.9907
-2.57625
-7.7326
0.0178655
2.13579
3.0597
-0.946283
-2.49243
-0.451815
0.58764
1.93002
0.33274
-1.3056
-0.827295
-0.495557
0.995743
1.18405
-0.137596
-0.388015
-1.00846
-0.570386
0.823227
0.555735
99.9761
99.965
100.131
100.052
99.7712
99.8974
100.331
100.188
99.583
99.6855
100.43
100.583
99.4982
99.2871
100.161
101.258
99.9409
98.6503
99.3295
101.43
102.076
97.9701
97.4631
99.4721
107.468
102.886
84.1439
49.8412
15.9151
-2.23973
-7.83143
-0.046642
2.06073
2.85898
-0.572152
-2.47194
-0.504129
0.596941
1.50104
0.535205
-1.04281
-0.86302
-0.223172
0.589149
0.777999
0.165228
-0.383061
-0.60803
-0.125972
0.162584
100.019
99.9258
99.9903
100.175
100.008
99.7353
99.9456
100.379
100.119
99.5448
99.7328
100.507
100.514
99.4315
99.3237
100.243
101.269
99.7976
98.6973
99.347
101.557
101.947
97.9078
97.538
99.472
107.616
102.639
84.2184
49.8651
15.9268
-2.0968
-8.13842
0.107232
2.08983
2.82048
-0.38246
-2.84022
-0.381799
0.782326
1.3518
0.797013
-1.39103
-1.06451
0.225134
0.495661
0.995149
0.201071
-1.15102
-0.476172
0.210652
100.03
99.9855
99.8989
100.045
100.187
99.9303
99.7328
100.038
100.394
99.9958
99.53
99.8494
100.577
100.363
99.3505
99.4325
100.394
101.19
99.5899
98.7482
99.5093
101.693
101.689
97.7851
97.6283
99.712
107.687
102.282
84.1601
49.9337
16.2726
-2.04631
-8.55562
0.0260432
2.08922
3.25522
-0.173249
-3.30919
-0.565743
0.619984
1.7072
1.42062
-1.7106
-1.41437
-0.127211
0.292797
1.89461
0.659499
-1.46017
-0.750329
100.006
100.052
99.9259
99.8984
100.128
100.177
99.8192
99.7478
100.169
100.404
99.826
99.5048
100.011
100.68
100.18
99.2038
99.5672
100.609
101.146
99.2967
98.7213
99.7493
101.904
101.495
97.4716
97.6615
100.053
107.878
102.039
83.7764
49.9442
16.7065
-1.80057
-8.72278
-0.484219
1.89832
3.72839
0.230375
-3.21148
-1.05179
-0.0404015
1.9319
1.96606
-1.21609
-1.28772
-1.06498
-0.36619
2.13024
1.13968
-0.394118
99.9729
100.062
100.048
99.8538
99.9148
100.223
100.154
99.7036
99.762
100.302
100.426
99.6573
99.4695
100.144
100.82
100.016
99.0523
99.6386
100.817
101.2
98.9995
98.6668
99.8542
102.199
101.436
97.1255
97.6341
100.168
108.264
101.975
83.3582
49.8701
16.7592
-1.31667
-8.57548
-0.982261
1.68739
3.59199
0.634288
-2.57469
-1.36654
-0.443344
1.55175
1.74879
-0.314843
-0.731268
-1.3363
-0.655512
1.13476
0.734852
99.9761
99.9788
100.117
100.024
99.7968
99.9434
100.295
100.116
99.6294
99.7802
100.4
100.418
99.5521
99.4592
100.217
100.919
99.8855
99.0147
99.6245
100.968
101.218
98.8443
98.6828
99.781
102.465
101.343
97.0463
97.6041
100.039
108.621
101.861
83.34
49.8142
16.4665
-0.904558
-8.57848
-0.980346
1.77278
3.01653
0.846059
-2.31819
-1.4019
0.0379833
1.04263
1.20403
0.0138428
-0.863331
-0.727567
0.0660593
0.266434
100.012
99.9369
100.009
100.144
99.9785
99.7804
99.9973
100.316
100.042
99.6179
99.8425
100.447
100.325
99.5182
99.5214
100.289
100.873
99.7614
99.1038
99.6571
101.052
101.033
98.8446
98.788
99.7927
102.54
101.05
97.2148
97.6479
100.068
108.673
101.485
83.6222
49.8644
16.4603
-0.794115
-9.10049
-0.714216
2.02339
2.90411
1.12448
-2.94068
-1.58345
0.666379
0.971235
1.6107
-0.125067
-2.00604
-0.454249
0.491607
100.024
99.976
99.9296
100.064
100.128
99.9032
99.811
100.094
100.285
99.9139
99.6454
99.9877
100.462
100.139
99.4787
99.6858
100.423
100.702
99.5748
99.2098
99.8855
101.1
100.7
98.7729
98.9465
100.107
102.459
100.64
97.2057
97.8081
100.519
108.53
100.995
83.5756
49.9557
17.0962
-0.767168
-9.73151
-0.894507
1.87286
3.58644
1.76527
-3.55115
-1.99813
0.147775
0.967256
2.99226
0.196458
-2.50886
-0.943611
100.014
100.025
99.9202
99.9577
100.14
100.079
99.7988
99.8716
100.228
100.237
99.7351
99.6762
100.187
100.5
99.9068
99.3715
99.905
100.616
100.561
99.2671
99.2609
100.22
101.22
100.422
98.4396
99.1146
100.534
102.528
100.309
96.7627
98.0075
101.065
108.658
100.725
82.9088
49.9524
17.7912
-0.431859
-9.7031
-1.67672
1.19756
4.18153
2.38747
-2.98017
-2.08861
-1.29806
0.479612
3.53144
0.884463
-1.01547
99.9855
100.064
99.9963
99.8597
100.005
100.222
100.017
99.6956
99.9309
100.361
100.2
99.5593
99.6945
100.353
100.586
99.6879
99.2599
100.043
100.827
100.528
98.9341
99.2813
100.39
101.502
100.25
98.0597
99.1923
100.709
102.933
100.09
96.2812
98.0525
101.183
109.25
100.703
82.2367
49.8457
17.6977
0.205474
-9.06331
-2.3403
0.779871
3.7545
2.33293
-1.61051
-1.73188
-1.8584
0.0650021
2.1268
0.882192
99.9716
100.012
100.103
99.9538
99.822
100.054
100.272
99.9547
99.6449
99.974
100.447
100.151
99.4754
99.7082
100.441
100.638
99.5473
99.257
100.037
100.996
100.471
98.8194
99.2921
100.345
101.784
100.07
98.0508
99.1009
100.64
103.331
99.8683
96.3562
97.8707
100.937
109.801
100.565
82.3604
49.7801
16.9914
0.703873
-8.88572
-2.26221
1.31171
2.75402
1.91254
-1.09439
-1.88164
-0.699956
0.564178
0.49931
99.9994
99.9506
100.048
100.104
99.912
99.8359
100.103
100.25
99.8932
99.6781
100.034
100.437
100.049
99.5134
99.7736
100.474
100.52
99.514
99.3796
100.048
101.004
100.256
98.9811
99.342
100.361
101.719
99.8325
98.3974
99.0271
100.701
103.182
99.5941
96.8772
97.7462
100.985
109.666
100.056
83.0496
49.8527
16.8916
0.79611
-9.85201
-1.86322
2.10099
2.53653
2.4048
-2.0073
-3.12211
0.468289
1.07706
100.015
99.9647
99.9721
100.084
100.049
99.8712
99.9163
100.161
100.145
99.8127
99.789
100.157
100.329
99.8793
99.5973
99.9753
100.479
100.242
99.475
99.5881
100.264
100.811
99.934
99.1026
99.5945
100.616
101.301
99.5494
98.5732
99.3372
101.069
102.584
99.2589
97.0268
98.0734
101.666
109.056
99.426
83.0991
49.9665
18.0401
0.799851
-10.9891
-2.10158
1.63325
3.44352
4.14038
-2.78239
-4.03141
-0.406018
100.019
99.9876
99.9352
100.038
100.115
99.949
99.8267
100.047
100.231
99.9984
99.6924
99.9463
100.327
100.205
99.6384
99.6571
100.282
100.501
99.9545
99.2689
99.8668
100.595
100.659
99.5644
98.9257
100.072
100.939
101.055
99.1119
98.2975
99.9873
101.493
102.356
98.7732
96.404
98.7293
102.438
109.005
99.1156
81.9264
49.9554
19.3086
1.20895
-10.6438
-3.11771
-0.194647
4.16325
5.27304
-1.77518
-2.58897
100.007
100.043
99.9296
99.9187
100.122
100.14
99.8346
99.7906
100.175
100.306
99.8575
99.5705
100.083
100.485
100.146
99.3743
99.7059
100.502
100.628
99.7224
98.9957
100.094
100.808
100.811
99.1315
98.6977
100.378
101.174
101.323
98.5005
97.9946
100.306
101.75
102.932
98.1473
95.7388
98.972
102.562
110.025
99.127
80.6774
49.8201
18.9999
1.99357
-8.89495
-3.94786
-1.21654
3.47991
3.81224
0.276098
99.9762
100.052
100.046
99.8745
99.9225
100.186
100.14
99.7544
99.7893
100.247
100.349
99.7546
99.5383
100.132
100.587
100.099
99.2506
99.7453
100.536
100.795
99.5285
98.9752
100.062
100.904
101.027
98.8191
98.7923
100.16
101.395
101.621
98.1235
98.1593
99.8583
101.94
103.527
97.7438
95.9945
98.3734
102.176
111.087
98.9762
81.0047
49.7392
17.3089
2.60123
-8.12077
-3.81974
0.507395
2.06068
1.06631
99.9835
99.9845
100.081
100.02
99.8585
99.9582
100.201
100.086
99.7491
99.8459
100.263
100.282
99.7216
99.6327
100.14
100.557
99.9813
99.3784
99.7826
100.508
100.708
99.4594
99.2517
99.9098
100.955
100.808
98.9234
99.1144
99.8357
101.531
101.257
98.3777
98.6157
99.3419
102.118
103.044
97.8952
96.9456
97.7243
102.199
110.667
98.3494
82.6751
49.8256
16.7117
2.70773
-10.2076
-3.276
3.37216
1.65684
100.002
99.9694
100.02
100.065
99.9628
99.8966
100.04
100.15
99.97
99.8065
99.9886
100.239
100.08
99.7347
99.8291
100.23
100.324
99.8123
99.5999
99.983
100.492
100.271
99.5058
99.5475
100.129
100.805
100.204
99.2003
99.3917
100.179
101.287
100.417
98.776
98.8991
99.8797
102.076
101.728
98.1408
97.3214
98.3416
103.072
108.958
97.5702
83.2321
49.9621
19.0459
2.69371
-13.35
-3.49401
2.67053
100.009
99.9657
99.9974
100.076
100.005
99.8804
99.9798
100.16
100.054
99.8102
99.8806
100.214
100.187
99.8274
99.689
100.123
100.386
100.025
99.58
99.7229
100.447
100.42
99.8473
99.3172
99.8151
100.751
100.497
99.7471
98.9308
99.7467
101.07
100.87
99.9013
98.2862
99.0574
101.286
101.897
101.092
97.4455
96.5436
100.138
104.069
108.282
97.187
80.8806
49.9529
22.4055
3.15188
-12.7985
-4.65581
100.024
99.9813
99.9235
100.056
100.132
99.9259
99.7943
100.08
100.271
99.9702
99.6369
99.9593
100.416
100.173
99.5958
99.5867
100.42
100.503
99.9057
99.2134
99.8342
100.831
100.45
99.6671
98.7782
100.183
101.122
100.583
99.52
98.1192
100.263
101.496
101.117
99.8534
96.9709
99.3762
101.932
102.277
101.86
95.743
95.6798
101.032
104.225
110.398
97.2087
77.529
49.7951
22.0395
4.06667
-5.63159
100.004
100.05
99.9363
99.901
100.111
100.164
99.8572
99.755
100.148
100.331
99.915
99.5364
100.026
100.488
100.218
99.4203
99.5905
100.489
100.614
99.8999
98.9453
99.9804
100.778
100.767
99.4846
98.5236
100.345
100.956
101.208
99.1804
97.8384
100.373
101.112
102.142
99.6629
96.4352
99.5369
100.943
103.466
102.715
94.7809
96.0867
99.2912
103.699
113.494
97.0546
77.8943
49.6929
15.1041
4.80475
99.9796
100.036
100.047
99.9096
99.9197
100.131
100.137
99.8313
99.8043
100.157
100.301
99.8653
99.6153
100.04
100.445
100.171
99.444
99.7281
100.337
100.655
99.785
99.1736
99.9545
100.565
100.908
99.2983
99.0172
100.003
100.786
101.401
98.9472
98.639
99.7676
100.776
102.509
99.2439
97.7007
99.0913
99.7763
104.138
101.942
96.2652
97.4709
96.5412
103.636
112.919
96.3347
84.8054
49.782
4.96934
99.9908
99.9951
100.042
100.003
99.9281
99.9886
100.105
100.028
99.8701
99.9366
100.144
100.123
99.8441
99.8338
100.087
100.278
99.9459
99.7092
99.9079
100.277
100.316
99.6914
99.6904
99.9454
100.513
100.301
99.4785
99.6578
99.8737
100.796
100.433
99.2986
99.5239
99.5662
101.002
101.071
99.2148
99.2852
98.871
100.472
102.626
99.9213
98.8507
98.1449
97.3225
104.617
105.797
95.4068
94.915
49.938
)
;

boundaryField
{
    left
    {
        type            fixedValue;
        value           uniform 100;
    }
    right
    {
        type            zeroGradient;
    }
    up
    {
        type            zeroGradient;
    }
    down
    {
        type            fixedValue;
        value           uniform 0;
    }
    frontAndBack
    {
        type            empty;
    }
}


// ************************************************************************* //
