/*--------------------------------*- C++ -*----------------------------------*\
  =========                 |
  \\      /  F ield         | OpenFOAM: The Open Source CFD Toolbox
   \\    /   O peration     | Website:  https://openfoam.org
    \\  /    A nd           | Version:  8
     \\/     M anipulation  |
\*---------------------------------------------------------------------------*/
FoamFile
{
    version     2.0;
    format      ascii;
    class       volScalarField;
    location    "0.73";
    object      T;
}
// * * * * * * * * * * * * * * * * * * * * * * * * * * * * * * * * * * * * * //

dimensions      [0 0 0 1 0 0 0];

internalField   nonuniform List<scalar> 
2500
(
50
4.65397
-4.65347
-1.18611
1.18379
0.461143
-0.454379
-0.235501
0.220528
0.149405
-0.121731
-0.112795
0.0681092
0.0951898
-0.030878
-0.0830269
0.000262466
0.068729
0.0254543
-0.0482913
-0.0434253
0.0212645
0.0491548
0.00792752
-0.0392176
-0.030847
0.0152874
0.0384956
0.0124152
-0.025063
-0.0310761
-0.00101814
0.0275138
0.0231653
-0.00296868
-0.0267747
-0.0188268
0.00416716
0.0215998
0.0205754
-0.00403314
-0.0161806
-0.0192351
-0.00576875
0.0161997
0.0139312
0.0122552
-0.00242605
-0.0190792
-0.00827953
95.3461
49.9998
10.4933
-4.65185
-2.83053
1.17814
1.15046
-0.441014
-0.605055
0.194958
0.38405
-0.0795237
-0.277064
0.00631701
0.211195
0.0499133
-0.155268
-0.0932578
0.0954734
0.118568
-0.0297029
-0.117337
-0.0342812
0.0854435
0.0793957
-0.0277165
-0.0893163
-0.0347614
0.0570111
0.0716888
0.00470211
-0.0645947
-0.0534918
0.011165
0.0594339
0.0453584
-0.0183677
-0.0498743
-0.0418845
0.0104271
0.0488811
0.0332644
0.00802098
-0.0394918
-0.0411925
-0.00812757
0.00769563
0.0445295
0.0275026
-0.00661447
104.654
89.5068
49.9995
12.1375
-4.6485
-3.51981
1.16804
1.52054
-0.419533
-0.841357
0.157276
0.551687
-0.0219277
-0.398491
-0.0718084
0.290726
0.14368
-0.189986
-0.190708
0.0833852
0.200854
0.0236376
-0.163881
-0.11032
0.0825141
0.147774
0.0216888
-0.120414
-0.101541
0.0331992
0.118424
0.0634573
-0.059585
-0.101596
-0.0429445
0.0640153
0.0911259
0.0293002
-0.0466459
-0.0907572
-0.0289149
0.0332661
0.0684068
0.0590307
-0.026119
-0.0474525
-0.0553269
-0.0313169
0.0500417
0.038719
101.186
104.653
87.8625
49.999
12.8269
-4.64282
-3.89066
1.15238
1.75909
-0.388574
-1.01359
0.10631
0.680736
0.0512817
-0.488672
-0.164502
0.337937
0.245809
-0.189232
-0.28439
0.0363835
0.263074
0.103023
-0.176342
-0.192006
0.0399342
0.197804
0.0965683
-0.11269
-0.165984
-0.0285041
0.135147
0.128926
-0.00970093
-0.126437
-0.111208
0.027338
0.107075
0.100586
-0.00952674
-0.104897
-0.0792525
-0.0282119
0.0792244
0.0959555
0.0252199
-0.00882952
-0.0946561
-0.0689387
0.00896047
98.8158
102.83
104.65
87.173
49.9984
13.1983
-4.63427
-4.13125
1.13014
1.936
-0.346949
-1.1511
0.0412515
0.783681
0.139673
-0.552204
-0.269067
0.354155
0.350812
-0.15491
-0.366141
-0.0404711
0.297747
0.197184
-0.150772
-0.265012
-0.0363981
0.216762
0.180072
-0.0615138
-0.211541
-0.11121
0.107824
0.18059
0.0744845
-0.115198
-0.161431
-0.0504046
0.0841572
0.160705
0.0497706
-0.0601522
-0.121491
-0.103358
0.0476334
0.0843793
0.0977108
0.0540042
-0.089547
-0.0683454
99.5391
98.8205
103.52
104.646
86.8015
49.9976
13.4402
-4.62228
-4.31199
1.10038
2.08146
-0.293643
-1.26731
-0.0383386
0.86585
0.242133
-0.590383
-0.382056
0.339885
0.452393
-0.0894439
-0.428306
-0.140199
0.299355
0.293339
-0.0867558
-0.317207
-0.133789
0.194125
0.256557
0.0259863
-0.222619
-0.193087
0.0314843
0.205088
0.163949
-0.0573144
-0.172256
-0.149702
0.0293764
0.168452
0.118393
0.0329945
-0.132992
-0.145436
-0.031676
0.0226653
0.152488
0.0993085
-0.0201925
100.455
98.8495
98.8294
103.891
104.639
86.5594
49.9967
13.6232
-4.60634
-4.46362
1.06221
2.2097
-0.227823
-1.36841
-0.132498
0.929052
0.356924
-0.603034
-0.499343
0.295775
0.543708
0.00392652
-0.464721
-0.253207
0.263689
0.379925
0.00992404
-0.337042
-0.237187
0.125672
0.312593
0.131119
-0.183897
-0.258309
-0.0794135
0.190023
0.226049
0.0488582
-0.142853
-0.228234
-0.048367
0.103586
0.180054
0.13043
-0.0891385
-0.12617
-0.137672
-0.0563116
0.143006
0.0955943
100.235
100.443
98.4788
98.8436
104.132
104.629
86.3762
49.9957
13.7783
-4.58592
-4.60106
1.0148
2.32778
-0.148835
-1.457
-0.24082
0.973245
0.481831
-0.589657
-0.615957
0.2227
0.618395
0.120039
-0.470132
-0.368845
0.18937
0.446991
0.127257
-0.313079
-0.334594
0.0199129
0.331892
0.234186
-0.0899164
-0.297113
-0.191619
0.119436
0.245678
0.179753
-0.0813855
-0.239657
-0.143617
-0.012613
0.205493
0.182844
0.0205831
-0.0559081
-0.21849
-0.109775
0.0448415
99.7785
100.606
100.423
98.2394
98.8642
104.314
104.615
86.2207
49.9945
13.9209
-4.56053
-4.73206
0.957389
2.43916
-0.0562443
-1.53374
-0.362537
0.99753
0.614088
-0.549853
-0.726335
0.122039
0.67124
0.251078
-0.43925
-0.478268
0.0814571
0.482763
0.253047
-0.240494
-0.414549
-0.104237
0.295547
0.324819
0.0416006
-0.293293
-0.274131
-0.0118292
0.227737
0.283947
0.0124029
-0.167687
-0.240119
-0.127448
0.156665
0.17057
0.16905
0.0268435
-0.211615
-0.115928
99.8507
99.8028
100.843
100.393
98.0613
98.8921
104.466
104.597
86.0776
49.9932
14.0591
-4.5297
-4.86079
0.889277
2.5454
0.050127
-1.59812
-0.49665
1.00088
0.750048
-0.483031
-0.825465
-0.0028396
0.696798
0.388835
-0.369331
-0.573219
-0.0495584
0.473824
0.379538
-0.128543
-0.457874
-0.231585
0.197077
0.394912
0.17484
-0.221749
-0.31975
-0.174669
0.174972
0.310708
0.142875
-0.0436449
-0.294733
-0.195136
0.0158946
0.113626
0.285834
0.0876049
-0.0860415
100.123
99.6148
99.8392
101.017
100.353
97.9142
98.9284
104.605
104.574
85.9389
49.9917
14.1975
-4.49294
-4.98958
0.809847
2.64689
0.170324
-1.6491
-0.641726
0.982196
0.885543
-0.388815
-0.909121
-0.146026
0.688398
0.527536
-0.264527
-0.640805
-0.195803
0.414759
0.496235
0.00564966
-0.440954
-0.358504
0.057487
0.420062
0.284703
-0.0741061
-0.336036
-0.308349
0.0709398
0.250584
0.289262
0.0772963
-0.250636
-0.209256
-0.179842
0.0464523
0.289036
0.12081
100.113
100.082
99.4453
99.889
101.156
100.301
97.784
98.9738
104.738
104.545
85.7998
49.9901
14.3389
-4.44974
-5.11965
0.718596
2.7432
0.304361
-1.68557
-0.79544
0.939687
1.01716
-0.269019
-0.971492
-0.302362
0.642286
0.660162
-0.132663
-0.665689
-0.354347
0.315239
0.579331
0.1548
-0.357611
-0.475801
-0.0883554
0.363992
0.374363
0.112713
-0.311876
-0.362476
-0.0991425
0.143371
0.387182
0.163121
-0.0841959
-0.195471
-0.337144
-0.0184731
0.143034
99.9306
100.279
100.025
99.314
99.9532
101.275
100.237
97.6635
99.0291
104.868
104.512
85.6576
49.9884
14.485
-4.3997
-5.25145
0.615004
2.83368
0.451768
-1.70609
-0.955199
0.871842
1.14171
-0.127613
-1.00486
-0.469464
0.562092
0.772134
0.0244058
-0.64333
-0.514145
0.187892
0.601399
0.322806
-0.232475
-0.546803
-0.227527
0.21849
0.449228
0.271087
-0.208724
-0.33965
-0.303039
0.0368932
0.359254
0.225927
0.15169
-0.170032
-0.356025
-0.0980697
99.9041
99.9918
100.403
99.9522
99.2082
100.032
101.379
100.159
97.5492
99.0951
105
104.471
85.5107
49.9864
14.6369
-4.34255
-5.38499
0.498469
2.91784
0.611252
-1.70831
-1.11963
0.77971
1.25338
0.0337641
-1.00577
-0.641421
0.452262
0.847703
0.208876
-0.584199
-0.646462
0.0286868
0.560256
0.496382
-0.0942863
-0.52619
-0.375829
0.0307957
0.476556
0.360795
-0.00512773
-0.285736
-0.450947
-0.0636002
0.18418
0.290879
0.340228
-0.109345
-0.20691
100.032
99.7856
100.07
100.496
99.8636
99.1229
100.126
101.471
100.067
97.4397
99.1725
105.132
104.425
85.3578
49.9844
14.7954
-4.27773
-5.52033
0.368638
2.99459
0.782021
-1.69026
-1.28717
0.665103
1.34472
0.216495
-0.977487
-0.80322
0.30718
0.885574
0.408641
-0.492654
-0.72461
-0.173924
0.482907
0.626216
0.0649079
-0.412556
-0.53087
-0.134337
0.394033
0.405015
0.249314
-0.225509
-0.453793
-0.196019
-0.0645006
0.339644
0.379721
0.0333247
100.084
99.9509
99.7033
100.164
100.563
99.76
99.0562
100.235
101.552
99.9612
97.3345
99.2619
105.267
104.371
85.1982
49.9821
14.9609
-4.20443
-5.65733
0.22561
3.06143
0.96459
-1.65217
-1.45202
0.525248
1.41372
0.414804
-0.918301
-0.941702
0.120608
0.894591
0.591453
-0.349212
-0.7542
-0.397962
0.380983
0.663877
0.273387
-0.261016
-0.628632
-0.263164
0.179517
0.444855
0.441467
-0.117418
-0.302354
-0.371915
-0.260116
0.290688
0.259861
99.999
100.159
99.8556
99.6532
100.27
100.604
99.6434
99.0082
100.358
101.62
99.841
97.2339
99.3634
105.405
104.309
85.0319
49.9791
15.1337
-4.12289
-5.79451
0.0690435
3.11711
1.15721
-1.59401
-1.60748
0.356814
1.4637
0.611871
-0.814758
-1.06117
-0.0895194
0.866474
0.735903
-0.140101
-0.761552
-0.579541
0.220697
0.622836
0.507412
-0.122348
-0.586063
-0.399304
-0.0886679
0.460887
0.480805
0.0946172
-0.0932428
-0.511012
-0.313451
0.0758566
99.9294
100.094
100.196
99.751
99.6344
100.386
100.62
99.5158
98.9803
100.494
101.676
99.7066
97.1391
99.4778
105.544
104.239
84.8589
49.9759
15.3147
-4.03434
-5.93044
-0.102702
3.1642
1.35446
-1.51118
-1.75609
0.167084
1.48988
0.800615
-0.661449
-1.17133
-0.290238
0.771224
0.862446
0.098766
-0.738608
-0.682871
-0.0287662
0.568277
0.675273
0.0268639
-0.405605
-0.570047
-0.283514
0.368998
0.398674
0.387579
0.0460245
-0.48839
-0.260531
99.9745
99.9006
100.195
100.197
99.6423
99.647
100.507
100.609
99.3797
98.9737
100.642
101.717
99.5575
97.0506
99.6062
105.686
104.159
84.6779
49.9725
15.5049
-3.93702
-6.06632
-0.290532
3.20154
1.55573
-1.39893
-1.90213
-0.0340043
1.47508
0.995558
-0.477054
-1.25161
-0.482038
0.598119
0.992731
0.31005
-0.623659
-0.752271
-0.323595
0.510118
0.704633
0.261858
-0.188205
-0.70293
-0.368775
0.0973129
0.314308
0.633335
0.106888
-0.231659
100.05
99.8781
99.9118
100.292
100.164
99.5359
99.6903
100.629
100.571
99.2383
98.9893
100.8
101.742
99.3947
96.9689
99.7474
105.831
104.071
84.4886
49.9669
15.7034
-3.82738
-6.20157
-0.491467
3.21821
1.76679
-1.26383
-2.02785
-0.253484
1.415
1.19383
-0.280907
-1.25627
-0.697784
0.392355
1.07217
0.489556
-0.386528
-0.83079
-0.549366
0.354707
0.621167
0.564953
-0.0240522
-0.640012
-0.418518
-0.290457
0.269586
0.639292
0.19247
100.045
100.032
99.7917
99.9591
100.379
100.098
99.4389
99.7632
100.746
100.506
99.0965
99.0284
100.964
101.751
99.2205
96.8968
99.8995
105.977
103.974
84.2961
49.9571
15.9097
-3.71121
-6.32958
-0.702881
3.21348
1.98366
-1.11951
-2.11001
-0.504368
1.34112
1.34945
-0.0605687
-1.19247
-0.929194
0.215084
1.01965
0.691714
-0.125562
-0.869198
-0.639679
0.0484604
0.543259
0.765623
0.0853023
-0.344016
-0.513463
-0.551221
0.211981
0.352853
99.9772
100.122
99.9778
99.7255
100.038
100.446
100.002
99.3591
99.8651
100.85
100.412
98.9593
99.0944
101.132
101.739
99.0345
96.8391
100.065
106.122
103.861
84.1015
49.9471
16.1298
-3.5973
-6.44998
-0.932787
3.20696
2.19534
-0.95786
-2.16841
-0.780293
1.27348
1.4417
0.220843
-1.13582
-1.11474
0.0333348
0.868621
0.952811
0.0470916
-0.775849
-0.706856
-0.320598
0.546198
0.755585
0.268976
-0.00501014
-0.677416
-0.557487
0.0257998
99.9487
100.035
100.172
99.8949
99.6877
100.142
100.486
99.8813
99.3018
99.9949
100.939
100.289
98.8274
99.1892
101.305
101.704
98.8322
96.7939
100.249
106.272
103.732
83.894
49.9369
16.3678
-3.46981
-6.57251
-1.18853
3.189
2.4074
-0.749344
-2.227
-1.05761
1.14954
1.51632
0.555495
-1.07393
-1.21207
-0.265693
0.713
1.17552
0.213019
-0.49689
-0.871208
-0.620351
0.447517
0.586807
0.644215
0.243399
-0.68725
-0.440821
99.992
99.9094
100.115
100.187
99.7945
99.6833
100.263
100.495
99.7422
99.2698
100.146
101.01
100.143
98.7031
99.3068
101.479
101.655
98.6175
96.7568
100.44
106.433
103.595
83.6775
49.9123
16.6093
-3.31171
-6.69095
-1.44358
3.10893
2.63016
-0.520361
-2.23068
-1.31294
0.921972
1.59175
0.825069
-0.874869
-1.24368
-0.619324
0.561121
1.15636
0.490253
-0.146525
-0.962255
-0.70353
0.0541374
0.356911
0.921711
0.336588
-0.25584
100.042
99.9164
99.9104
100.202
100.163
99.6916
99.7161
100.386
100.469
99.5977
99.2709
100.307
101.052
99.9819
98.5993
99.4451
101.639
101.589
98.4031
96.7409
100.626
106.591
103.446
83.4819
49.8747
16.8497
-3.16145
-6.79397
-1.66918
2.98259
2.86732
-0.358197
-2.13547
-1.57562
0.712988
1.63434
0.961219
-0.546829
-1.33172
-0.792012
0.382047
0.965267
0.82317
-0.0287258
-0.821143
-0.630515
-0.392732
0.344735
0.804742
0.25851
100.032
100.031
99.8437
99.9538
100.28
100.098
99.6005
99.7921
100.5
100.398
99.4547
99.3168
100.479
101.053
99.7983
98.5266
99.6189
101.781
101.486
98.1818
96.7644
100.828
106.737
103.257
83.2945
49.8532
17.126
-3.03875
-6.90776
-1.92014
2.88169
3.13278
-0.21568
-2.01387
-1.92898
0.590265
1.61922
1.16793
-0.220086
-1.52594
-0.846886
0.0522035
0.9384
1.1704
-0.0382312
-0.526092
-0.844481
-0.741238
0.500856
0.552612
99.9835
100.095
99.978
99.7897
100.037
100.337
99.9923
99.5275
99.91
100.604
100.283
99.3105
99.4043
100.668
101.019
99.5854
98.4691
99.8335
101.926
101.353
97.9265
96.8053
101.068
106.904
103.04
83.0549
49.8335
17.434
-2.8463
-7.04113
-2.23546
2.73543
3.38844
0.0717734
-1.88883
-2.2746
0.3345
1.48424
1.53105
0.115987
-1.48101
-1.01556
-0.513662
0.918919
1.30469
0.333522
-0.00320473
-1.14918
-0.967425
0.0660569
99.9582
100.038
100.131
99.8957
99.7649
100.144
100.365
99.8636
99.4797
100.052
100.688
100.143
99.1777
99.5132
100.854
100.968
99.3711
98.4152
100.055
102.068
101.235
97.6564
96.8388
101.284
107.111
102.848
82.8054
49.7679
17.6788
-2.55742
-7.15606
-2.45801
2.43141
3.57428
0.375368
-1.7045
-2.34788
-0.107079
1.31642
1.6411
0.403649
-1.03011
-1.179
-0.793948
0.587808
0.936858
0.79352
0.332591
-0.833857
-0.60081
99.9872
99.9361
100.109
100.127
99.8063
99.7828
100.253
100.347
99.7332
99.4799
100.199
100.723
99.9892
99.0923
99.6483
101.001
100.877
99.1874
98.4085
100.268
102.15
101.113
97.429
96.9206
101.445
107.283
102.64
82.6514
49.7142
17.8813
-2.34124
-7.3029
-2.52098
2.10909
3.83594
0.439605
-1.53062
-2.34653
-0.473806
1.43596
1.43955
0.648767
-0.809773
-1.3927
-0.520702
0.236275
0.83181
1.00075
-0.0909209
-0.436145
100.028
99.9236
99.9611
100.177
100.072
99.7268
99.8574
100.354
100.267
99.6027
99.5484
100.364
100.691
99.7961
99.0649
99.8459
101.113
100.705
99.0007
98.4828
100.53
102.174
100.905
97.2082
97.0938
101.672
107.392
102.328
82.4734
49.7498
18.2138
-2.17441
-7.53308
-2.74299
1.86914
4.26092
0.569962
-1.31677
-2.69989
-0.845303
1.54897
1.45953
1.28432
-0.878967
-1.68168
-0.687844
-0.347126
1.35081
1.38478
0.0360279
100.034
99.9943
99.8717
100.032
100.229
99.97
99.6622
99.9811
100.447
100.135
99.4656
99.6653
100.552
100.621
99.5601
99.0536
100.095
101.244
100.485
98.7673
98.5669
100.868
102.228
100.652
96.8955
97.258
102.003
107.574
102.022
82.0963
49.7607
18.5666
-1.76743
-7.68391
-3.16524
1.50309
4.42152
1.08234
-0.906892
-2.9108
-1.31094
0.965659
1.5385
1.92513
-0.412843
-1.23979
-1.3068
-1.18771
1.01516
1.06886
100.001
100.073
99.9279
99.8474
100.126
100.251
99.8513
99.6267
100.118
100.513
99.9922
99.3533
99.7916
100.719
100.544
99.3479
99.0473
100.318
101.366
100.302
98.5557
98.6069
101.164
102.303
100.495
96.5699
97.3535
102.223
107.843
101.852
81.7562
49.6775
18.6404
-1.23349
-7.75065
-3.23894
1.0416
4.2094
1.4829
-0.724453
-2.41968
-1.54918
0.396639
1.39244
1.51729
0.200529
-0.561283
-1.24433
-0.803814
0.119395
99.9682
100.059
100.071
99.8575
99.8711
100.212
100.217
99.7457
99.6575
100.245
100.503
99.8476
99.3267
99.9407
100.798
100.413
99.2138
99.126
100.495
101.368
100.122
98.4601
98.7254
101.35
102.26
100.35
96.4136
97.5356
102.305
107.966
101.612
81.6914
49.6959
18.7143
-0.987095
-8.04949
-3.05747
0.732421
4.41973
1.57063
-0.968588
-2.08371
-1.96019
0.729378
1.54874
1.10437
0.554624
-1.23781
-1.26217
-0.0976704
99.9753
99.986
100.11
100.015
99.8042
99.9593
100.279
100.106
99.6524
99.777
100.379
100.396
99.6654
99.3928
100.166
100.808
100.168
99.0997
99.3382
100.723
101.253
99.8172
98.4084
99.0197
101.592
102.095
99.999
96.3133
97.8792
102.605
107.931
101.139
81.4909
49.8414
19.2393
-0.795913
-8.39636
-3.46094
0.341846
5.01551
1.94695
-0.6008
-2.36379
-2.92591
0.694353
1.4373
2.00448
1.52852
-1.68596
-1.43022
100.003
99.9341
100.051
100.14
99.9123
99.7733
100.095
100.329
99.9445
99.5617
99.948
100.529
100.245
99.4439
99.4834
100.447
100.831
99.8642
98.9343
99.577
101.041
101.169
99.4269
98.2571
99.3245
101.997
102.003
99.5726
95.9869
98.1732
103.12
108.092
100.77
80.8509
49.8334
19.6937
-0.158914
-8.25273
-4.17188
-0.237629
4.7223
2.50483
0.469089
-2.19678
-3.07438
-0.419842
0.331939
2.40073
2.00818
-0.162729
100.032
99.9459
99.9245
100.132
100.136
99.8054
99.7764
100.227
100.344
99.7929
99.5079
100.105
100.638
100.108
99.2717
99.5638
100.664
100.854
99.632
98.8014
99.7247
101.302
101.136
99.178
98.0703
99.4931
102.303
102.038
99.3743
95.6029
98.3126
103.315
108.482
100.663
80.4288
49.686
19.4856
0.540209
-8.08219
-4.08133
-0.470062
3.80492
2.72192
0.455659
-1.53676
-2.09803
-1.01013
0.226413
1.37464
0.769357
100.021
100.025
99.894
99.9605
100.187
100.079
99.7398
99.8456
100.311
100.275
99.6849
99.5622
100.239
100.617
99.9587
99.241
99.711
100.754
100.745
99.4824
98.854
99.88
101.366
100.965
99.0902
98.0886
99.7084
102.286
101.951
99.2383
95.6192
98.5422
103.21
108.595
100.315
80.6505
49.7277
19.4764
0.707166
-8.66881
-3.66714
-0.565039
4.04284
3.12888
-0.483301
-1.35347
-2.51563
-0.985256
1.752
1.07381
99.9946
100.056
99.9702
99.8797
100.051
100.193
99.9531
99.727
100.003
100.352
100.094
99.5933
99.7476
100.401
100.462
99.7194
99.3176
100.01
100.805
100.444
99.2686
99.0701
100.228
101.351
100.564
98.8658
98.3361
100.174
102.292
101.555
98.7839
95.8349
99.0461
103.56
108.312
99.5703
80.5512
49.9055
20.4591
0.862388
-9.14951
-4.30584
-1.46826
4.92643
3.86056
0.271933
-0.983804
-4.3711
-1.72991
1.14417
99.9754
100.05
100.051
99.8807
99.9081
100.178
100.158
99.7848
99.7455
100.213
100.379
99.8547
99.4882
99.9858
100.608
100.276
99.4086
99.3784
100.387
100.927
100.109
98.9225
99.2535
100.685
101.502
100.12
98.4327
98.4552
100.742
102.668
101.146
98.1915
95.5395
99.609
104.317
108.38
99.093
79.509
49.8411
21.1484
1.71319
-8.37929
-5.32896
-2.47192
4.13653
3.6798
2.29441
0.0324792
-3.81825
-1.97753
99.9743
99.9877
100.113
100.01
99.8008
99.9658
100.283
100.098
99.6488
99.7879
100.381
100.379
99.6657
99.4206
100.17
100.758
100.147
99.1789
99.4054
100.642
101.053
99.9086
98.6567
99.3054
100.964
101.729
99.873
98.1694
98.275
101.121
102.967
101.161
97.9065
94.9675
99.8879
104.449
109.091
99.0415
78.8886
49.6196
20.415
2.62645
-7.7563
-5.0548
-1.98964
2.39709
3.10173
2.05667
-0.24636
-1.0753
100.006
99.9387
100.031
100.132
99.947
99.789
100.047
100.297
100.002
99.6206
99.8922
100.434
100.277
99.5805
99.5029
100.288
100.712
100.011
99.1627
99.5475
100.705
100.967
99.7671
98.718
99.414
101.029
101.599
99.775
98.2569
98.3194
101.269
102.671
101.28
97.8019
95.2188
99.9513
104.035
109.326
98.5982
79.6305
49.6817
20.0791
2.77238
-9.00886
-4.2999
-1.44618
2.58778
4.52676
0.203753
-1.33255
100.019
99.9628
99.9589
100.089
100.074
99.8677
99.8745
100.158
100.199
99.8464
99.7078
100.099
100.389
100.023
99.5458
99.7778
100.437
100.469
99.733
99.2979
99.9221
100.761
100.589
99.474
98.9608
99.8654
101.124
101.089
99.4198
98.3715
98.997
101.507
102.271
100.66
97.469
96.0603
100.413
104.422
108.454
97.5863
79.8498
49.9229
21.8387
2.87358
-10.0235
-5.05275
-3.52153
3.83782
6.41305
1.13382
100.024
99.9881
99.9185
100.039
100.145
99.9527
99.7849
100.026
100.288
100.039
99.6502
99.8438
100.371
100.325
99.6875
99.4839
100.127
100.672
100.19
99.3339
99.3769
100.422
100.965
100.18
98.9759
99.0472
100.517
101.44
100.747
98.6363
98.2591
99.6212
102.228
102.391
99.6253
96.8802
95.9245
101.51
105.532
108.089
96.9791
78.0339
49.8463
23.1977
3.89905
-8.02278
-6.41144
-5.82611
2.72326
4.07408
100.008
100.05
99.9226
99.8993
100.135
100.169
99.8289
99.7382
100.168
100.376
99.8949
99.5067
99.9597
100.576
100.276
99.4399
99.4222
100.37
100.868
100.03
99.0366
99.3469
100.762
101.168
100.046
98.5286
99.0068
100.793
101.883
100.721
98.1087
98.0094
99.5083
103.089
102.556
99.6335
96.2253
95.0489
102.165
105.687
109.444
96.9993
76.7278
49.5529
21.426
5.07692
-6.00189
-6.06046
-3.51295
0.147683
99.9782
100.053
100.037
99.8764
99.9325
100.186
100.123
99.7679
99.7882
100.244
100.332
99.8035
99.5328
100.063
100.58
100.17
99.4025
99.5085
100.449
100.802
99.9475
99.0359
99.4569
100.771
101.109
99.9944
98.5529
99.129
100.661
101.955
100.529
98.4256
97.9125
99.4624
103.009
102.203
100.396
95.9103
95.5511
101.554
104.905
110.24
96.5243
78.4956
49.598
19.8526
5.28324
-8.84629
-4.89201
0.053692
99.9829
100.008
100.06
99.973
99.894
100.032
100.157
99.984
99.7902
99.9686
100.253
100.116
99.733
99.7627
100.223
100.374
99.9084
99.5202
99.8592
100.484
100.432
99.7089
99.3032
99.9006
100.711
100.655
99.6316
98.9677
99.6141
100.828
101.31
99.9673
98.6877
98.4646
100.326
102.226
101.62
99.6693
96.3126
97.2526
101.411
105.199
108.178
95.248
79.9694
49.8993
23.3091
5.30252
-12.6856
-5.5259
99.984
99.9916
100.071
100.008
99.8755
99.9759
100.176
100.065
99.7834
99.8637
100.232
100.239
99.8011
99.6406
100.093
100.461
100.104
99.5111
99.6315
100.361
100.635
99.967
99.2415
99.5535
100.528
100.959
100.016
99.0311
99.0358
100.478
101.419
100.77
99.149
97.9381
99.4715
101.271
102.765
100.946
97.6752
96.4266
97.4551
103.662
106.657
106.371
94.4206
76.4636
49.8455
27.6706
6.42183
-7.14875
100.003
99.9405
100.043
100.126
99.9255
99.797
100.079
100.291
99.9598
99.6197
99.944
100.448
100.22
99.5466
99.5598
100.346
100.668
99.928
99.1812
99.6558
100.717
100.867
99.6653
98.8638
99.5091
101.044
101.27
99.803
98.4744
98.6879
101.096
101.828
101.254
98.2437
97.3092
99.3796
101.644
104.48
100.4
97.5459
94.7889
96.1975
105.698
106.942
109.28
94.4651
72.1177
49.4836
22.646
7.89361
100.026
99.9626
99.9314
100.094
100.123
99.8656
99.8047
100.148
100.288
99.8833
99.6091
100.022
100.478
100.15
99.4931
99.6104
100.41
100.655
99.8552
99.1768
99.6879
100.762
100.84
99.6554
98.8656
99.4653
101.09
101.18
100.055
98.2896
98.8238
100.721
101.918
101.58
98.1673
97.8875
98.1682
101.961
104.104
100.919
99.2385
93.3095
96.7596
103.352
105.78
112.981
94.0264
77.1064
49.4729
8.27549
100.011
100.01
99.9468
99.9865
100.094
100.03
99.8695
99.9362
100.157
100.12
99.8379
99.803
100.129
100.282
99.9598
99.6524
99.889
100.348
100.309
99.7608
99.5207
99.9677
100.56
100.355
99.6739
99.2715
99.9362
100.679
100.692
99.7955
98.9047
99.5545
100.37
101.515
100.37
99.1209
98.5427
98.9083
101.886
101.566
101.448
98.7168
95.7695
99.3307
100.107
105.779
107.45
92.5311
91.397
49.8192
)
;

boundaryField
{
    left
    {
        type            fixedValue;
        value           uniform 100;
    }
    right
    {
        type            zeroGradient;
    }
    up
    {
        type            zeroGradient;
    }
    down
    {
        type            fixedValue;
        value           uniform 0;
    }
    frontAndBack
    {
        type            empty;
    }
}


// ************************************************************************* //
