/*--------------------------------*- C++ -*----------------------------------*\
  =========                 |
  \\      /  F ield         | OpenFOAM: The Open Source CFD Toolbox
   \\    /   O peration     | Website:  https://openfoam.org
    \\  /    A nd           | Version:  8
     \\/     M anipulation  |
\*---------------------------------------------------------------------------*/
FoamFile
{
    version     2.0;
    format      ascii;
    class       volVectorField;
    location    "49";
    object      U;
}
// * * * * * * * * * * * * * * * * * * * * * * * * * * * * * * * * * * * * * //

dimensions      [0 1 -1 0 0 0 0];

internalField   nonuniform List<vector> 
2844
(
(1.01057 -0.00742687 -0.000100817)
(1.00002 -0.00441625 0.000104757)
(1.01472 -0.00608608 0.000246282)
(1.06942 -0.0185662 3.73592e-05)
(1.10506 -0.0232372 -0.000197869)
(1.1127 -0.0172553 -0.000221675)
(1.09661 -0.00889818 -8.4679e-05)
(1.07846 -0.0155386 0.000175357)
(1.05439 -0.00638388 0.00025292)
(1.05851 -0.00186693 9.3153e-05)
(0.991681 0.000120874 5.52856e-06)
(0.973834 0.00997525 0.000122895)
(0.90988 0.011025 0.00011853)
(0.875493 0.0144747 -0.0012205)
(0.798463 -0.0222403 0.00286579)
(0.848304 -0.0290199 0.00955716)
(0.856792 -0.0340031 0.0072708)
(0.862278 -0.0508196 0.00620211)
(0.919666 -0.0125861 0.00349725)
(0.955959 -0.013688 0.00100039)
(1.00608 -0.0050271 -0.000309261)
(1.00629 0.0069872 0.000332863)
(1.02406 -0.0552245 0.000591945)
(1.07327 -0.053567 0.00022582)
(1.11048 -0.00278799 0.000191928)
(1.1338 0.0277908 -0.00122102)
(1.10282 0.0392873 0.000239485)
(1.0855 0.0477339 0.000457608)
(1.08026 0.0187521 0.000486404)
(1.07168 0.0526986 0.00131156)
(1.00469 0.0717533 -0.000973711)
(0.992808 0.0493811 0.00128387)
(0.915812 0.0717829 0.00187045)
(0.860928 0.0760184 -0.00357951)
(0.748529 0.0253352 0.00890045)
(0.79685 -0.0808523 0.0309696)
(0.813515 -0.0146906 0.0251605)
(0.85594 -0.0420676 0.0194247)
(0.96136 -0.0878409 0.0131049)
(0.964701 -0.0230898 0.00387131)
(1.01522 -0.0188859 -0.000602004)
(1.00281 -0.0193783 0.000791195)
(1.03892 -0.0706884 0.00174175)
(1.11436 -0.0986685 0.00151846)
(1.16585 -0.0643622 -0.0022591)
(1.15883 -0.00823691 -0.00198747)
(1.13614 0.030067 -0.00134538)
(1.12141 -0.00599622 -0.00108543)
(1.10003 -0.00232553 0.00515181)
(1.10188 0.0450221 0.00129379)
(1.0172 0.0709927 0.000481864)
(0.993332 0.073117 0.00698432)
(0.926331 0.10657 -0.0108513)
(0.936122 0.170472 -0.00380372)
(0.701991 -0.0258575 0.0330241)
(0.583236 -0.301131 0.0321417)
(0.685118 -0.242431 0.0306259)
(0.719828 -0.316073 0.0299608)
(0.859552 -0.189615 0.0259185)
(0.982772 -0.0347138 0.00949389)
(0.994977 -0.0216938 -0.00104132)
(1.0241 -0.00790579 0.00320936)
(1.05584 -0.157636 -0.000863956)
(1.17765 -0.148407 0.00251172)
(1.16742 -0.00404198 0.00245106)
(1.16328 0.0725896 -0.00862914)
(1.23157 0.0869551 -0.00251217)
(1.15544 0.0800799 0.000666075)
(1.18281 0.00630772 0.0135256)
(1.17444 0.109963 0.00279952)
(1.06038 0.164509 -0.00277616)
(1.02063 0.0605431 0.00866716)
(0.986479 0.184377 0.00504537)
(0.945762 0.278925 0.0203671)
(0.66464 0.0523531 0.0139404)
(0.471837 -0.406379 -0.0443331)
(0.506316 -0.422398 -0.0366281)
(0.564206 -0.472874 -0.0235025)
(0.857715 -0.517699 0.00520905)
(0.984273 -0.192892 0.00891911)
(0.99108 -0.0235611 0.00149658)
(1.10529 -0.122113 -0.00275798)
(1.0924 -0.18023 0.00708239)
(1.19645 -0.203872 0.0133847)
(1.30452 -0.0510547 -0.00450339)
(1.32567 -0.00936736 0.0145383)
(1.18587 0.0693813 -0.0199936)
(1.14393 0.00910783 -0.0275717)
(1.37769 -0.127806 0.0085081)
(1.17182 0.130336 0.0157243)
(1.0852 0.239731 0.0240921)
(1.11283 0.0574413 -0.000206768)
(1.01766 0.154852 -0.0305823)
(1.09236 0.36832 0.00068991)
(0.956196 0.175005 -0.00217422)
(0.589357 -0.192987 -0.0671643)
(0.744077 -0.400987 -0.0767961)
(0.633101 -0.669169 -0.0375232)
(0.629589 -0.667092 -0.0290434)
(0.862141 -0.217404 -0.00629232)
(1.00915 -0.112182 -0.000560523)
(1.11601 -0.0917568 0.00240069)
(1.18162 -0.275746 -0.0248426)
(1.29923 -0.255731 0.00775202)
(1.43186 -0.0297584 0.0593714)
(1.56938 0.0420473 0.0214087)
(1.36764 0.374603 0.00553378)
(1.16458 0.138213 0.00663486)
(1.34254 -0.00703157 -0.0501486)
(1.49186 0.211747 -0.0187069)
(1.39373 0.0176398 0.0411564)
(1.22208 0.0791435 -0.00195785)
(1.02097 0.396242 -0.026685)
(1.228 0.348232 0.00519339)
(1.10396 0.377776 -0.00926769)
(0.752341 0.0482477 -0.0520188)
(0.834081 -0.150706 -0.0796397)
(0.835856 -0.247733 -0.0143004)
(0.738145 -0.632101 -0.0217735)
(1.02503 -0.357049 -0.0261599)
(0.978055 -0.0779436 0.00838593)
(1.19375 -0.328438 0.00346605)
(1.3929 -0.261343 -0.0335274)
(1.75333 -0.491488 -0.0146437)
(1.83708 -0.62709 0.0471521)
(1.5204 -0.158744 0.038233)
(1.65512 0.302575 0.0111572)
(1.21416 0.00410533 0.00974442)
(1.43353 -0.0472177 -0.0066287)
(1.6353 0.2293 0.0264137)
(1.59563 0.27424 -0.0240384)
(1.35046 0.273844 -0.0222676)
(1.11948 0.287513 0.094785)
(0.984978 0.392355 0.0725728)
(0.829549 0.545778 -0.0406754)
(0.835263 0.312532 -0.0693607)
(0.828584 0.0944842 -0.0109497)
(0.808788 -0.348042 0.033147)
(0.944958 -0.675307 -0.00100796)
(0.987254 -0.294687 -0.00819893)
(0.973087 -0.308034 0.0544765)
(0.907923 -0.375049 -0.0814112)
(1.86695 -0.548471 0.0140151)
(2.22372 -0.831757 0.0373495)
(1.97355 -0.194879 0.00629691)
(1.60712 0.0581767 -0.0314773)
(1.67084 0.552825 -0.0668323)
(0.931193 -0.0630193 0.076232)
(1.2443 -0.228263 0.0426167)
(1.21051 0.25979 -0.0479913)
(1.48633 0.364197 0.0180914)
(1.40387 0.49411 0.0113242)
(1.28533 0.312981 0.00634511)
(1.00838 0.16472 -0.0112489)
(1.02466 0.486618 -0.0636829)
(1.28774 0.439223 -0.0320974)
(1.44498 0.132282 0.0194746)
(1.16491 -0.132086 0.0474827)
(0.966769 -0.549978 -0.00812255)
(1.14984 -0.354868 -0.0187268)
(1.08137 -0.322508 0.0536179)
(0.483799 -1.40309 -0.134184)
(1.2996 -1.35058 0.0185118)
(-0.169103 0.129492 -0.0318126)
(-0.201888 -0.0711524 0.0551006)
(0.40943 -0.534608 -0.0648269)
(0.937632 0.197494 0.0152827)
(0.594382 0.0674216 0.0649593)
(1.33398 0.592241 -0.0194094)
(1.3852 0.423865 0.0526256)
(1.16893 0.434754 0.0351199)
(1.48893 0.774434 -0.013128)
(1.30672 0.462069 0.0557829)
(1.22811 0.099513 0.0216076)
(1.23424 -0.346982 0.0118814)
(1.08395 -0.632091 0.0208594)
(1.05929 -0.382206 -0.0321569)
(1.03303 -0.288952 0.0262652)
(-0.463889 -0.687457 0.0550559)
(-0.302986 -0.428848 -0.258931)
(0.0485527 -0.052479 -0.00359729)
(-0.20417 -0.228337 0.0179655)
(-0.0908778 -0.468247 0.0466436)
(-0.122876 0.0829298 0.0737496)
(-0.378161 -0.434708 -0.0790167)
(0.706254 0.0755281 0.0264719)
(0.383811 0.200233 0.0391161)
(0.624367 0.243261 -0.00504865)
(0.986007 0.667398 0.0178594)
(1.02519 0.214466 0.0449291)
(1.065 0.0353059 0.0503187)
(1.27892 -0.251939 0.0110702)
(1.20306 -0.562802 0.0159204)
(0.949451 -0.0560463 0.0165745)
(0.833368 0.1197 0.0680788)
(-1.11853 -0.195961 -0.0996826)
(-0.0183815 0.0117661 -0.00617091)
(-0.49163 -0.0433731 0.0165669)
(-0.749554 -0.635864 -0.0320025)
(-0.223432 0.0983543 -0.00914619)
(-0.0660326 -0.379762 -0.034633)
(0.134949 -0.402577 -0.00780294)
(0.277543 -0.0403528 -0.0382477)
(0.40312 -0.132906 -0.00743684)
(0.520031 0.233687 0.00868776)
(0.907297 -0.020072 -0.048281)
(1.14063 -0.339226 -0.0342399)
(1.35072 -0.419953 0.025102)
(1.48706 -0.629042 -0.00341834)
(1.20393 -0.385585 -0.0123488)
(1.26918 0.293642 0.000582573)
(0.736479 0.324536 0.12944)
(0.361964 0.686437 -0.13197)
(0.252612 0.262629 -0.00986837)
(0.658618 -0.328043 0.0441293)
(-0.368276 -0.417191 -0.0298518)
(0.531756 -0.216445 -0.121307)
(0.797122 -0.266508 0.0262266)
(0.226729 -0.205973 -0.0290835)
(0.356286 -0.0446382 -0.103427)
(0.633807 -0.253804 -0.0738437)
(0.97523 0.100733 -0.0381649)
(1.3319 0.0496905 0.00590809)
(1.32647 -0.0807548 -0.033961)
(1.18584 -0.577925 -0.000568723)
(1.09027 -0.453159 0.0478609)
(0.89151 0.127174 -0.00754255)
(0.992223 0.195656 0.026147)
(1.2745 0.0438686 0.0257271)
(0.983891 1.4036 0.0236772)
(0.183768 -0.0179368 0.0170625)
(1.03888 -0.0403604 -0.0214582)
(1.40238 -0.271602 -0.0177629)
(1.71353 -0.515353 0.0546678)
(1.07074 -0.147616 0.00140693)
(1.48953 -0.222825 -0.00727159)
(1.09192 -0.0212635 0.0288748)
(0.816673 0.175927 -0.07184)
(1.08663 -0.194031 -0.115117)
(1.33298 -0.146252 -0.0344818)
(1.5663 -0.35354 0.0471011)
(1.33726 -0.0732295 0.0218037)
(1.2567 -0.209599 -0.0641985)
(1.45718 -0.779709 0.00703252)
(1.23418 -0.301869 0.0358128)
(1.05352 -0.00169058 0.00183879)
(1.10459 0.16472 -0.0279331)
(1.36663 0.539811 0.0353035)
(1.87326 0.83312 0.0394668)
(2.12299 0.38521 -0.00300064)
(1.65903 -0.0866088 -0.0253792)
(1.75876 0.00254082 0.00128365)
(1.70497 -0.428789 0.0398111)
(1.18262 -0.447473 0.00886506)
(1.06677 -0.241065 0.00846846)
(1.28315 -0.205213 -0.0214885)
(1.28739 -0.0472244 -0.00321267)
(1.45307 0.200296 0.0129713)
(1.44133 0.149646 0.0365202)
(1.15617 0.0090904 0.0266948)
(1.06001 -0.220614 -0.023036)
(1.25063 -0.129783 -0.0373539)
(1.3197 -0.382951 -0.0284196)
(1.4246 -0.41258 -0.0100921)
(1.10947 0.0543386 0.00675125)
(1.03166 0.0248392 -0.010847)
(1.03101 -0.0245311 -0.00279377)
(1.17716 0.481783 0.0153229)
(1.24915 0.406388 -0.000696238)
(1.4915 0.168808 -0.0120934)
(1.79162 0.098541 0.000899784)
(1.43925 -0.0635091 0.0479048)
(1.17463 -0.327842 -0.00261674)
(1.25624 -0.294862 -0.0308022)
(1.16282 -0.0908987 -0.00746549)
(1.11731 -0.0352847 -0.00448593)
(1.03246 -0.118412 0.00324043)
(1.18851 -0.0288565 0.0239534)
(1.14428 -0.0939668 0.0343511)
(0.882162 -0.115404 -0.00368608)
(0.7993 -0.286553 -0.0372454)
(1.01045 0.0652862 -0.0424457)
(1.26775 -0.163282 -0.0290897)
(1.21069 -0.466768 0.0202564)
(0.86228 -0.00515856 0.0248756)
(1.04435 0.00517004 -0.00663903)
(0.983122 0.0363643 -0.00231706)
(1.08156 0.291848 0.0166404)
(1.22627 0.262076 0.0105574)
(1.33984 0.181296 0.013653)
(1.34947 -0.0102828 0.0188199)
(1.30231 -0.101367 0.0124442)
(1.27002 -0.143591 -0.00527152)
(1.05212 -0.146962 -0.0165366)
(1.11635 -0.132316 -0.00801066)
(1.17475 -0.0888332 0.0192838)
(0.938462 -0.129667 0.0173764)
(0.954829 -0.0825238 -0.00244481)
(0.996469 0.0854041 -0.015544)
(1.15606 0.195661 -0.0180109)
(1.106 -0.10818 -0.00890467)
(0.970717 -0.192679 0.0235813)
(0.964021 -0.284699 0.00775205)
(0.737718 -0.266624 0.0124128)
(0.555361 0.127438 0.0256463)
(1.02281 0.046169 -0.00117495)
(0.991185 -0.000807567 -0.000709984)
(1.02329 0.127928 0.00486614)
(1.19025 0.148375 0.00424961)
(1.21049 0.0444007 0.0125619)
(1.21725 -0.0176699 0.011256)
(1.12546 -0.122581 -0.00457241)
(1.15388 -0.0763596 -0.00606529)
(1.14307 -0.0543201 0.00673897)
(0.999123 -0.0729663 0.00147396)
(1.02508 -0.0512817 0.00276132)
(0.968175 -0.0767718 0.000342969)
(0.960137 -0.0675446 -0.00552843)
(0.921091 -0.11199 0.000818697)
(1.02309 -0.0539928 0.00869289)
(1.07266 -0.0245582 0.0121626)
(0.832848 0.0302431 0.0140944)
(0.821058 -0.108428 -0.0121)
(0.67813 -0.293168 -0.0379952)
(0.704522 -0.0481426 -0.00829118)
(1.00004 -0.00100566 0.000189999)
(1.0213 0.0341152 -0.00102999)
(1.02955 0.0817881 -5.26046e-06)
(1.13423 0.0750871 0.00420221)
(1.12941 0.0511803 0.00475066)
(1.15799 -0.034693 -9.38156e-05)
(1.11344 -0.0300118 -0.00213612)
(1.07334 -0.0557062 -0.00206321)
(1.07486 -0.069182 0.00103005)
(1.01497 -0.0435493 0.0015022)
(1.00672 -0.0728717 -0.00110009)
(0.977153 -0.0393681 -0.00167753)
(0.985138 -0.00984365 0.00136804)
(0.910103 0.00645445 0.00301252)
(0.888722 0.0261597 -0.00226593)
(0.912361 -0.0519209 -0.00190811)
(0.890619 -0.0753823 0.00397341)
(0.942488 -0.0586732 0.0058023)
(0.784506 0.0373181 -0.0251524)
(0.862978 0.116484 -0.0220071)
(1.00272 0.020616 0.000208025)
(0.997535 -0.000128112 -0.000796429)
(1.03718 0.0352442 0.000305089)
(1.07602 0.0407787 0.00161127)
(1.09732 0.00451592 0.00062948)
(1.11969 0.00247663 -0.0005133)
(1.07577 -0.0387218 -0.000534321)
(1.07562 -0.0151245 0.000404648)
(1.03656 -0.0304254 0.000343187)
(1.00084 -0.0248927 0.000110211)
(0.998654 -0.0272031 0.000165054)
(0.929148 -0.0396669 0.000726995)
(0.942036 -0.0258112 -0.000476968)
(0.914083 -0.0485553 -8.66742e-05)
(0.930155 -0.0197365 0.0013377)
(0.918164 -0.0285793 0.0005858)
(0.850225 -0.0293178 -0.00238005)
(0.853082 -0.0628207 0.00223811)
(0.742411 -0.0157597 -0.00271387)
(0.898421 0.0502607 -0.00642346)
(0.999413 -0.00649424 -2.13039e-05)
(1.01348 0.0127035 -0.000262969)
(1.02386 0.0144359 0.000237154)
(1.06952 0.00507457 0.000437288)
(1.07377 0.0132981 0.000134557)
(1.10097 -0.00858704 -0.00014376)
(1.07154 -0.000931067 -0.00011983)
(1.0512 -0.016092 3.42411e-05)
(1.03527 -0.012828 0.000153223)
(0.991551 -0.01034 -0.000136798)
(0.992702 -0.0124171 -0.000231254)
(0.941054 -0.0002932 -2.39422e-05)
(0.945873 0.00305557 5.98449e-05)
(0.909725 0.0117934 1.89321e-05)
(0.901626 0.0121498 0.000174311)
(0.903421 0.00232097 0.000107402)
(0.860778 0.00644336 2.1539e-05)
(0.881328 0.00507261 0.000589689)
(0.779986 0.0312581 -0.00141947)
(0.914469 0.0467224 -0.00165847)
(1.01051 -0.00751133 -0.000192158)
(1.00018 -0.00439412 0.000243356)
(1.01475 -0.00579877 0.000411303)
(1.06922 -0.0183779 -3.01116e-05)
(1.10511 -0.0233817 -0.00038892)
(1.11275 -0.0175568 -0.000445585)
(1.09655 -0.00857806 -0.000156643)
(1.07843 -0.0155658 0.000311826)
(1.05426 -0.00622145 0.000393705)
(1.05844 -0.00140878 0.000162991)
(0.991788 -0.000100694 -1.21952e-05)
(0.973963 0.0100264 0.000216771)
(0.909458 0.0117859 1.61639e-05)
(0.875745 0.0141498 -0.00131105)
(0.802066 -0.0219629 0.00379865)
(0.851183 -0.0196833 0.0109865)
(0.857294 -0.0285817 0.00833982)
(0.861521 -0.0468163 0.00763268)
(0.91801 -0.00910682 0.00447394)
(0.955135 -0.0126329 0.00126114)
(1.0058 -0.00589212 -0.000581758)
(1.00709 0.00781094 0.000820095)
(1.02398 -0.0528829 0.000810797)
(1.07257 -0.0534 -4.61495e-05)
(1.11024 -0.00455167 5.55581e-05)
(1.13471 0.026072 -0.0021496)
(1.10288 0.0381935 7.6513e-05)
(1.08437 0.0494607 0.000785106)
(1.07924 0.021036 0.000965075)
(1.07084 0.052875 0.00165376)
(1.00488 0.0719784 -0.000914094)
(0.993587 0.0507519 0.000950289)
(0.917285 0.0717108 0.00262901)
(0.854428 0.0631105 -0.00320973)
(0.765613 0.0496842 0.00838532)
(0.844644 0.000684106 0.0375049)
(0.834339 0.0476531 0.0280135)
(0.867301 0.0138061 0.0223484)
(0.963077 -0.0592368 0.01539)
(0.964636 -0.0156266 0.00395186)
(1.01274 -0.0221533 -0.00143976)
(1.00788 -0.016472 0.00296835)
(1.04026 -0.0632066 0.00172392)
(1.10543 -0.0963293 0.000200776)
(1.16704 -0.0639728 -0.00454465)
(1.16335 -0.0194413 -0.00385931)
(1.13517 0.0343516 -0.00213542)
(1.11461 -0.00103199 -0.00138638)
(1.09034 0.00143864 0.00515258)
(1.1019 0.0566435 0.00381159)
(1.01557 0.0610306 7.69173e-05)
(1.00007 0.0832013 0.00825564)
(0.922818 0.131562 -0.0091152)
(0.906203 0.129695 -0.0109201)
(0.759233 0.00682705 0.0468289)
(0.757862 -0.00244283 0.0785453)
(0.837192 0.0184439 0.0733192)
(0.806684 -0.114178 0.0680606)
(0.878809 -0.0557165 0.0434973)
(0.978312 0.00145312 0.0124845)
(0.993232 -0.0300004 -0.00270914)
(1.03115 -0.00389544 0.00998296)
(1.05887 -0.128218 -0.00574201)
(1.15399 -0.133375 -0.00496702)
(1.18033 -0.0350797 0.00104487)
(1.19562 0.0539735 -0.0150051)
(1.21629 0.0818851 -0.00724447)
(1.15944 0.0800166 0.00255352)
(1.15864 0.0505489 0.022263)
(1.16748 0.118691 -0.00165906)
(1.03865 0.163995 -0.0113193)
(1.01462 0.119085 0.0161093)
(1.00176 0.126187 0.00170729)
(0.957556 0.179733 0.00613601)
(0.770846 0.220941 0.038479)
(0.704521 0.0210598 0.0522503)
(0.656768 0.0821825 0.0542926)
(0.650205 0.0232095 0.0317782)
(0.906809 -0.154674 0.0390149)
(1.03026 -0.0754301 0.0187152)
(0.986705 -0.0406297 -0.00188472)
(1.11336 -0.0930635 0.0136363)
(1.08247 -0.153202 0.00563584)
(1.21661 -0.188688 -0.0152816)
(1.29832 -0.0694387 -0.0201819)
(1.31728 -0.0783552 0.0222619)
(1.29452 0.0788841 -0.0166918)
(1.18045 0.0285034 -0.0520621)
(1.26582 -0.0033541 -0.00170376)
(1.12038 0.169284 0.0330676)
(1.10807 0.192798 0.0402333)
(1.13879 0.129818 0.00616883)
(0.938712 0.248109 -0.0368455)
(0.922545 0.364105 -0.0149393)
(0.862944 0.186391 0.0232713)
(0.650595 -0.0431553 -0.0130503)
(0.608095 -0.0809517 -0.0194352)
(0.574879 -0.42964 0.01162)
(0.738234 -0.352641 0.00958021)
(0.861063 -0.0738538 0.00402867)
(1.02987 -0.1163 -0.00817076)
(1.08065 -0.0981848 0.00407926)
(1.20085 -0.207387 -0.00457774)
(1.25761 -0.128173 0.0255722)
(1.39216 -0.0560175 0.0167253)
(1.6083 0.0579929 0.0295897)
(1.45382 0.182446 0.0375478)
(1.305 0.06198 -0.0205065)
(1.37573 0.221428 -0.0583138)
(1.27077 0.27415 -0.0264014)
(1.21537 0.131773 0.0125044)
(1.23605 0.257855 0.0330559)
(1.04496 0.227093 -0.00732074)
(1.30287 0.194853 -0.0368586)
(1.17814 0.506078 0.0155627)
(0.849441 0.0873313 -0.0575271)
(0.827848 -0.100429 -0.127611)
(0.735347 -0.269406 -0.07222)
(0.734184 -0.539382 -0.0418446)
(1.01336 -0.16817 -0.0386701)
(1.03239 -0.123841 0.00591905)
(1.14227 -0.234187 -0.00430872)
(1.35892 -0.434602 -0.072301)
(1.76936 -0.515067 -0.13641)
(1.72555 -0.326849 0.0973665)
(1.5601 -0.0858999 0.0122735)
(1.76257 0.272492 0.0292372)
(1.43954 0.0196293 0.0942798)
(1.42015 -0.0292461 -0.0108046)
(1.54937 0.32742 -0.0849392)
(1.49539 0.401806 -0.0332055)
(1.0199 0.264732 0.00464841)
(0.920003 0.119622 0.0299103)
(1.12904 0.364763 0.0497904)
(1.03242 0.570101 0.0416378)
(0.973272 0.115599 -0.0588597)
(0.926889 -0.205925 -0.0883765)
(0.896561 -0.393268 -0.0864347)
(1.05383 -0.697474 -0.0651411)
(1.05783 -0.381387 -0.0119613)
(1.06391 -0.290496 0.0632873)
(0.935438 -0.277597 0.0100613)
(1.60348 -0.761647 -0.142396)
(1.93588 -0.462526 0.105057)
(1.99217 -0.205517 0.0809274)
(1.81154 0.163563 0.00432041)
(1.52101 0.427636 -0.141481)
(1.01159 0.0498109 0.0119721)
(1.63178 -0.0695695 0.0565082)
(1.70152 0.327875 0.0174932)
(1.47329 0.451119 -0.0377545)
(1.61075 0.553999 -0.0460168)
(1.50193 0.4287 0.0612969)
(1.23034 0.336865 0.0544745)
(1.08149 0.515496 -0.0896841)
(1.29636 0.214283 -0.107294)
(1.55212 0.135391 0.00801647)
(1.34098 0.0622714 0.0882918)
(1.26403 -0.464071 -0.00890004)
(1.26301 -0.246273 -0.0206704)
(1.28759 0.00272608 0.0554505)
(1.07772 -1.02942 -0.19091)
(1.39284 -1.12223 0.108317)
(-0.190487 -0.0836053 -0.146786)
(-0.0180935 -1.15035e-05 0.0410855)
(0.573594 -0.400383 -0.132954)
(0.872258 0.340649 -0.00995059)
(1.02003 0.367936 0.0698979)
(1.45237 0.556497 -0.0119648)
(1.41767 0.501835 0.00635647)
(1.31357 0.51822 -0.0790991)
(1.46511 0.628031 -0.0936692)
(1.20536 0.100122 0.0685782)
(1.19037 -0.114545 0.0271606)
(1.21732 -0.157826 0.0526954)
(1.19072 -0.674794 0.0506307)
(1.16716 -0.484169 -0.0594417)
(0.690987 -0.261332 0.0264851)
(0.982923 -0.918487 0.224558)
(0.349264 -0.482116 -0.440465)
(0.0370908 -0.0988326 -0.0141836)
(0.10717 -0.138536 -0.0819337)
(-0.200529 -0.76837 -0.0405437)
(0.209408 0.0710148 0.0412857)
(0.0166584 0.0612519 -0.0120047)
(0.735516 0.0831422 0.105896)
(0.950266 0.375325 0.118716)
(1.05771 0.431612 0.0431046)
(1.20756 0.652789 0.0549347)
(0.955858 0.409634 0.0757567)
(0.979838 0.0824462 0.0380069)
(1.25068 -0.175964 -0.0205995)
(1.30277 -0.498345 0.0548608)
(1.12097 -0.211584 0.0400871)
(0.616414 -0.0576347 0.125302)
(-0.114086 -0.31812 -0.262938)
(-0.0747137 0.013347 -0.0131114)
(-0.334638 0.0590132 0.0537602)
(-0.581438 -0.226484 -0.0262751)
(-0.138079 0.286314 -0.0819796)
(-0.0759298 -0.433571 -0.104698)
(0.412807 -0.261588 0.00286498)
(0.734585 0.301797 0.0524439)
(0.65521 0.300988 0.0997659)
(0.672679 0.635401 0.0468894)
(0.84806 0.231713 -0.062907)
(1.09783 -0.161122 -0.0503935)
(1.19547 -0.260468 -0.00927846)
(1.41824 -0.653229 0.0207218)
(1.27045 -0.403039 0.02317)
(1.40575 0.137462 0.0326043)
(0.247046 0.795757 0.0940363)
(0.908301 0.954872 -0.110842)
(0.175038 0.267071 -0.037115)
(0.738722 -0.298352 0.0607136)
(0.420889 -0.756317 -0.00781615)
(0.294828 -0.158338 -0.131647)
(0.784875 -0.262202 0.0176625)
(0.505045 -0.373471 0.00519516)
(0.385373 0.251606 -0.0656744)
(0.464345 0.288546 -0.0629029)
(0.780205 0.495595 -0.0396471)
(1.28868 0.101839 0.0267999)
(1.53016 -0.227906 -0.0156902)
(1.24566 -0.346819 -0.0200806)
(1.27313 -0.537718 0.0810088)
(1.22327 -0.214973 0.0409164)
(1.08178 0.250973 0.019392)
(1.24568 0.248665 0.0195036)
(1.2574 0.3311 0.0874386)
(0.127524 0.00856293 0.108239)
(1.18221 -0.0876464 0.0164027)
(1.4225 -0.46105 -0.0879776)
(1.72268 -0.403316 0.0589634)
(1.3525 -0.26687 0.0537217)
(1.5715 -0.389934 0.000332328)
(1.41035 -0.136951 0.0788937)
(1.12737 0.180691 -0.0198028)
(1.1416 -0.152841 -0.153891)
(1.25939 -0.133291 -0.0893381)
(1.57641 -0.309259 0.0405274)
(1.61988 -0.208837 0.0809658)
(1.3776 -0.122108 -0.0327447)
(1.36489 -0.533363 -0.0249378)
(1.31592 -0.348386 0.0385394)
(1.11712 0.108498 0.0159083)
(1.07654 0.177058 -0.0300648)
(1.29268 0.326681 -0.0324086)
(1.89639 0.665472 0.082686)
(2.08056 0.41671 -0.0300762)
(1.69067 -0.115998 -0.0180407)
(1.64229 -0.0674042 -0.0161465)
(1.7126 -0.455255 0.130438)
(1.21486 -0.486931 0.0505973)
(1.25146 -0.203983 -0.0517129)
(1.17698 -0.27122 -0.0933447)
(1.02363 -0.13842 -0.0133468)
(1.23517 0.117071 0.0244352)
(1.3703 0.0700797 0.0197994)
(1.41846 0.136338 0.054897)
(1.31609 -0.0513801 -0.0110201)
(1.24366 -0.0981824 -0.0690459)
(1.16394 -0.362484 -0.058129)
(1.30186 -0.481861 -0.0305149)
(1.11047 -0.0604244 -0.00540039)
(1.04532 0.0730732 -0.00779603)
(1.0383 0.0230743 -0.00766638)
(1.11499 0.342225 -0.00234952)
(1.25866 0.232987 0.0386801)
(1.4863 -0.0370203 -0.0156767)
(1.55699 -0.0628169 0.000278982)
(1.47066 -0.0987256 0.127824)
(1.44613 -0.223362 -0.0194324)
(1.22609 -0.234097 -0.06315)
(1.11209 -0.072165 0.00377797)
(1.06743 -0.0919858 0.00691433)
(0.95087 -0.167867 0.00547372)
(1.08833 -0.0794969 0.0239254)
(1.12648 -0.130682 0.0660375)
(1.14266 -0.033639 0.0317661)
(1.1147 -0.1968 -0.0386711)
(1.15595 -0.143909 -0.063875)
(1.23265 -0.262098 -0.0631003)
(1.10714 -0.434777 0.0381504)
(0.83387 -0.0772379 0.0540836)
(1.04223 0.00989995 -0.0102451)
(0.973028 0.0784063 -0.00740367)
(1.09424 0.23395 0.0353156)
(1.25366 0.162306 0.0193649)
(1.29378 0.06664 0.0076103)
(1.30561 -0.0579385 0.0268654)
(1.2756 -0.0649644 0.0207074)
(1.30289 -0.134649 -0.00737626)
(1.07958 -0.196745 -0.0378454)
(1.06361 -0.12639 -0.0297288)
(1.12664 -0.14391 0.0267128)
(0.996219 -0.143308 0.0337976)
(1.04117 -0.000213748 -0.00225504)
(0.974576 0.0491826 -0.0245663)
(1.03223 0.0664519 -0.0310598)
(0.947801 -0.157946 -0.0211825)
(0.846997 -0.240288 0.0292993)
(0.864824 -0.302523 0.0183242)
(0.678805 -0.108386 0.0418235)
(0.522413 0.199745 0.0478254)
(1.0176 0.0469913 -0.00254474)
(0.991595 0.0180664 -0.000101551)
(1.04759 0.112865 0.00768442)
(1.18342 0.0979184 0.00266391)
(1.17844 0.0099005 0.0216227)
(1.21986 -0.00949616 0.0197616)
(1.15662 -0.106065 -0.0107485)
(1.14989 -0.0653284 -0.0178665)
(1.12942 -0.06396 0.00783487)
(1.01928 -0.073665 0.00376759)
(1.03707 -0.0387646 0.00179074)
(0.949492 -0.0743034 -0.0126268)
(0.960318 -0.0795094 -0.012975)
(0.935685 -0.136458 0.00699203)
(0.989687 -0.036348 0.0077352)
(1.05885 -0.0071127 0.0109799)
(0.893162 0.00785235 0.0185214)
(0.882088 -0.187208 -0.0250523)
(0.591575 -0.127871 -0.0345014)
(0.606938 0.13454 0.00652653)
(0.996496 -0.00270792 0.000500448)
(1.02771 0.043774 -0.00179148)
(1.03579 0.0753305 -0.00149084)
(1.12538 0.057968 0.00776252)
(1.12427 0.0491278 0.00872441)
(1.16021 -0.0303121 -0.000926418)
(1.11582 -0.0276692 -0.0057924)
(1.07228 -0.0609052 -0.00518907)
(1.06802 -0.0713129 0.00113803)
(1.01372 -0.0433044 0.000750131)
(1.01369 -0.0749222 -0.000236924)
(0.976577 -0.0464599 -0.00149553)
(0.977376 -0.00429313 0.00110885)
(0.912026 0.00742015 0.00361243)
(0.88604 0.0117661 -0.00511304)
(0.913704 -0.0598836 -0.00115368)
(0.884902 -0.050265 0.0139136)
(0.968021 -0.0794345 0.00295849)
(0.738204 0.0413378 -0.0460046)
(0.797591 0.168398 -0.0301843)
(1.00182 0.0208973 0.000425394)
(0.99892 0.00232063 -0.00159713)
(1.03865 0.0327016 0.000370331)
(1.07337 0.0371755 0.00324532)
(1.09713 0.00359685 0.00120559)
(1.12142 0.00353246 -0.00136581)
(1.07564 -0.037816 -0.00139522)
(1.07506 -0.0154206 0.000320472)
(1.03502 -0.0318662 0.000381675)
(1.00152 -0.0228706 0.000401869)
(0.999258 -0.0248416 -0.000532006)
(0.928996 -0.0397747 0.00119534)
(0.942131 -0.0262879 -0.000861451)
(0.915225 -0.0490732 -0.000120227)
(0.929853 -0.0213641 0.00283103)
(0.916912 -0.0294317 -0.000339347)
(0.847608 -0.0301777 -0.00486353)
(0.857715 -0.0684419 0.00437402)
(0.736687 -0.00374621 -0.00799943)
(0.886132 0.0653542 -0.0120928)
(0.999243 -0.00663586 -2.55141e-05)
(1.01366 0.0130672 -0.000553927)
(1.02407 0.0142153 0.000448338)
(1.06926 0.00446896 0.000908515)
(1.07374 0.0134666 0.000209316)
(1.10123 -0.00834471 -0.000377374)
(1.07146 -0.00114816 -0.000317579)
(1.05096 -0.0162245 -1.50103e-05)
(1.03501 -0.0125687 0.000258906)
(0.991476 -0.0108628 -0.000329822)
(0.992869 -0.0124475 -0.000408227)
(0.941183 -0.000183653 -4.21364e-05)
(0.945821 0.00300281 7.60573e-05)
(0.909862 0.012193 -2.78401e-05)
(0.901692 0.011937 0.000278856)
(0.903388 0.00216447 0.00030639)
(0.860545 0.00702834 0.000101314)
(0.881345 0.00544893 0.00119625)
(0.779194 0.0312737 -0.00316417)
(0.91387 0.0471466 -0.00338177)
(1.01045 -0.00757914 -9.15314e-05)
(1.00031 -0.00435237 0.000138963)
(1.01477 -0.00561047 0.000165397)
(1.06903 -0.0183192 -6.76574e-05)
(1.10517 -0.0236429 -0.000191178)
(1.11279 -0.0177723 -0.000224658)
(1.09647 -0.00841995 -7.12313e-05)
(1.07838 -0.0155876 0.000137487)
(1.05416 -0.00601023 0.000140836)
(1.0584 -0.00120698 7.22871e-05)
(0.991891 -0.000137558 -2.15735e-05)
(0.974015 0.00984834 9.51907e-05)
(0.909255 0.0122251 -6.6504e-05)
(0.876038 0.0139536 -0.000215289)
(0.802894 -0.0223639 0.001081)
(0.851442 -0.0170531 0.00228398)
(0.857329 -0.0275277 0.00166151)
(0.86137 -0.0461994 0.00177439)
(0.917458 -0.00842178 0.00112307)
(0.954827 -0.01262 0.000293421)
(1.0055 -0.00675669 -0.000274366)
(1.00768 0.00909912 0.000489718)
(1.02413 -0.0514839 0.000222662)
(1.07208 -0.0541737 -0.000276089)
(1.11008 -0.00620056 -0.000138228)
(1.13527 0.0243353 -0.000928829)
(1.10302 0.0374714 -0.00016823)
(1.0838 0.050716 0.000342409)
(1.07811 0.0219716 0.000468078)
(1.07022 0.0532165 0.000452342)
(1.00538 0.0717638 -0.000142175)
(0.994534 0.0520755 -6.25128e-05)
(0.917528 0.0704212 0.000787256)
(0.852672 0.0603531 -0.000701594)
(0.770207 0.0585454 0.00163305)
(0.853234 0.0118 0.00979069)
(0.836922 0.0570626 0.00624049)
(0.868411 0.0256875 0.00486886)
(0.962385 -0.0518199 0.00334784)
(0.965316 -0.0135773 0.000359267)
(1.01053 -0.0250743 -0.000852907)
(1.0114 -0.0119895 0.00219946)
(1.04252 -0.0603638 -1.80651e-05)
(1.09938 -0.0987287 -0.00137099)
(1.16819 -0.0663641 -0.00228445)
(1.16762 -0.0278131 -0.00210169)
(1.13578 0.033893 -0.000506374)
(1.10736 0.00270448 -0.000638117)
(1.08481 0.00606484 0.000810297)
(1.10404 0.058851 0.0020687)
(1.01505 0.059125 -0.000811971)
(0.999067 0.0812866 0.00334913)
(0.921289 0.140111 -0.00145698)
(0.898522 0.123105 -0.00480539)
(0.786214 0.00115009 0.015324)
(0.824455 0.0707986 0.0162792)
(0.883004 0.0599958 0.0176249)
(0.839875 -0.0799522 0.0218903)
(0.892466 -0.0327641 0.0125084)
(0.978512 0.0011253 0.00240556)
(0.994979 -0.0396564 -0.00163444)
(1.02917 0.0127625 0.00653958)
(1.06467 -0.120422 -0.00458282)
(1.14584 -0.146174 -0.00749853)
(1.19443 -0.0659646 -0.00267715)
(1.21988 0.0324257 -0.00499854)
(1.19401 0.084608 -0.00547943)
(1.16292 0.0819232 0.00189048)
(1.15328 0.0466562 0.0103407)
(1.15744 0.135066 -0.00457357)
(1.03511 0.160707 -0.00390418)
(1.02012 0.14525 0.00496987)
(1.00827 0.127252 -0.0130505)
(0.936258 0.101565 0.00953819)
(0.738852 0.291094 0.0165389)
(0.820885 0.218249 0.0102918)
(0.868896 0.326215 0.0127466)
(0.76466 0.288717 0.0063524)
(0.944877 -0.00194962 0.00584552)
(1.06114 -0.0410503 0.000645319)
(1.0034 -0.0593669 -0.00140701)
(1.07301 -0.0256627 0.0127102)
(1.09566 -0.191328 0.0028888)
(1.28332 -0.266333 -0.0241861)
(1.29305 -0.118239 -0.0174859)
(1.28578 -0.109447 0.0100829)
(1.35746 0.0470262 -0.00208398)
(1.20933 0.0325282 -0.0227465)
(1.1647 0.102779 -0.0196411)
(1.08514 0.127394 0.0151754)
(1.12563 0.123633 0.0241258)
(1.16337 0.166724 -0.00675705)
(0.968279 0.185214 -0.00452794)
(0.847176 0.401361 0.00407866)
(0.863137 0.238081 -0.0295694)
(0.791495 0.158522 -0.00636988)
(0.673715 0.272293 0.00666014)
(0.621818 -0.0583013 0.0390493)
(0.886387 -0.138096 0.0225515)
(0.973513 -0.039056 -0.00525544)
(1.04271 -0.125117 0.00388322)
(1.01041 0.0416905 -0.0106944)
(1.16464 -0.275074 0.01836)
(1.42142 -0.361899 0.0375626)
(1.40861 -0.175057 -0.0313634)
(1.48621 0.0594129 -0.00878581)
(1.61913 0.121174 0.0382978)
(1.4291 -0.0205204 0.0108414)
(1.36758 0.108538 -0.019557)
(1.33052 0.330369 -0.0227609)
(1.14614 0.286637 -0.0210984)
(1.17976 0.248275 0.00244523)
(1.06573 0.254788 0.0103101)
(1.23026 0.129338 -0.0288889)
(1.2987 0.294535 -0.0122412)
(0.942887 0.363719 -0.00500941)
(0.847823 0.441531 -0.00759356)
(0.686834 0.302478 0.00454394)
(0.790428 -0.195098 0.00385865)
(1.07828 -0.112058 -0.00857066)
(1.00602 -0.0945569 0.0158443)
(1.21867 -0.176773 -0.0133192)
(1.28861 -0.478565 -0.0474882)
(1.49423 -0.347204 -0.0640411)
(1.51554 -0.0152014 0.0964675)
(1.7025 -0.264973 -0.0483771)
(1.50483 0.368006 -0.0244217)
(1.38974 0.137212 0.0835456)
(1.77509 -0.0347027 0.0784043)
(1.70517 0.151682 -0.0192185)
(1.5713 0.200262 -0.0133263)
(1.41158 0.362225 0.0302333)
(1.19842 0.181595 0.00673089)
(1.27726 0.00867287 -0.00768191)
(1.127 0.488644 0.000907308)
(0.909424 0.294937 -0.0712946)
(0.895824 0.00548342 -0.0769151)
(0.835716 -0.202701 -0.079665)
(1.08576 -0.602595 -0.051849)
(1.17973 -0.444686 0.0044556)
(1.007 -0.26975 0.0328169)
(1.15435 -0.186214 0.0333296)
(1.63294 -0.893972 -0.112755)
(1.9423 -1.02091 0.0197336)
(1.86799 0.0508107 0.021977)
(1.64537 0.173789 0.0306359)
(1.4399 0.441737 -0.0553856)
(1.08122 0.227961 0.0147315)
(1.63244 0.125387 0.0108628)
(1.7263 0.192001 0.0194584)
(1.42602 0.327344 0.0201201)
(1.60575 0.62287 -0.0634472)
(1.67148 0.477345 -0.0181805)
(1.7621 0.270527 0.036712)
(1.4183 0.696567 -0.0818981)
(1.22077 0.177652 -0.114358)
(1.41083 -0.0348051 -0.0276152)
(1.44976 -0.30917 0.0501641)
(1.37737 -0.803131 0.00169415)
(1.30313 -0.242883 -0.00249057)
(1.33355 0.0992403 0.0571004)
(1.31251 -0.622586 -0.0259719)
(1.83185 -1.59332 -0.0594435)
(0.167207 0.0671356 -0.131518)
(0.220069 -0.0729314 0.106841)
(0.766977 -0.288785 -0.0166053)
(0.957737 0.464704 -0.0135891)
(0.77486 0.119172 0.0284631)
(1.17972 -0.0924872 0.0585736)
(1.47954 0.225088 0.0854887)
(1.42545 0.44048 0.00855734)
(1.35406 0.39749 -0.0388217)
(1.18811 -0.331104 0.0659943)
(1.23064 -0.24209 0.0373372)
(1.23786 0.244657 0.0744167)
(1.31484 -0.530726 0.0651592)
(1.25347 -0.509645 -0.0218094)
(0.610567 -0.294462 0.0342133)
(2.64189 -0.662883 -0.205545)
(0.211713 -0.304907 -0.0102837)
(-0.00381215 -0.115611 -0.0154388)
(0.417808 -0.177063 0.0074045)
(-0.404538 -0.821708 -0.0543342)
(0.12916 0.158222 0.0621506)
(0.0412762 0.380451 0.0293477)
(0.690407 0.289641 0.0658916)
(1.09945 0.477317 0.0208103)
(1.13738 0.181218 0.0126429)
(1.43209 0.472657 0.048982)
(1.1132 0.648897 0.0450895)
(1.00288 0.101425 -0.00163119)
(1.14028 -0.0183166 -0.0327615)
(1.35034 -0.415704 0.0372384)
(1.33541 -0.429527 0.0331712)
(0.925334 0.0889723 0.0762676)
(0.418104 -0.0841764 -0.0774988)
(-0.126566 0.0187369 0.0289975)
(0.126443 -0.0849399 0.102995)
(-0.20658 -0.381762 -0.0450746)
(-0.00957785 0.419173 -0.077308)
(0.0788074 -0.340654 -0.0579386)
(0.435185 -0.402259 -0.0733114)
(0.903863 0.252323 -0.0558226)
(0.960107 0.364423 0.0572732)
(1.05116 0.71273 0.02792)
(0.880081 0.318201 -0.0415583)
(1.01918 -0.128279 -0.0147156)
(1.02826 -0.189661 -0.00640075)
(1.31218 -0.456057 0.000135506)
(1.36128 -0.308023 0.0200977)
(1.40251 0.204705 -0.0446732)
(0.321128 0.707938 -0.062265)
(0.766986 1.03485 0.13337)
(0.257719 0.245876 -0.0326347)
(0.63199 0.234405 0.000305373)
(0.991567 -0.847279 0.10181)
(0.730165 -0.608575 -0.0165685)
(1.04723 -0.437453 -0.0222978)
(0.770432 -0.617727 0.0184397)
(0.600216 0.0482448 -0.0265366)
(0.578605 0.511001 -0.00971313)
(0.85728 0.793404 -0.0137279)
(1.22272 0.358193 0.00157681)
(1.56931 -0.204509 -0.00577388)
(1.23733 -0.320702 0.00797339)
(1.33621 -0.593791 0.02787)
(1.3793 -0.35464 0.00426623)
(1.03826 0.0736496 -0.0190688)
(1.11151 0.460123 0.0425649)
(1.14849 0.475172 0.00294017)
(0.190899 -0.0915872 0.106387)
(1.29423 -0.0694652 0.017621)
(1.63434 -0.769766 -0.0362365)
(1.6634 -0.342407 -0.0156858)
(1.35793 -0.111709 0.0310691)
(1.32327 -0.33468 0.00477832)
(1.37197 -0.031365 0.0474881)
(1.2638 0.178058 0.0180822)
(1.16546 -0.0320869 -0.0528666)
(1.11118 -0.00731724 -0.0462498)
(1.39771 -0.128938 0.0150754)
(1.81278 -0.195674 0.036572)
(1.71441 -0.0762969 0.0133803)
(1.55075 -0.221509 -0.00217117)
(1.44823 -0.180877 -0.00252811)
(1.15209 0.150725 0.0166002)
(0.948409 0.1886 -0.0145245)
(1.4738 0.423005 -0.0596665)
(1.79364 0.272615 -0.00374869)
(1.89751 -0.127062 0.0187789)
(1.67832 -0.138916 -0.00537218)
(1.45234 -0.180573 -0.0132682)
(1.52817 -0.296825 0.0958393)
(1.4673 -0.428102 0.046952)
(1.50665 -0.140152 -0.035395)
(1.03157 -0.362862 -0.0414683)
(0.762678 -0.242122 -0.00156087)
(1.16686 0.149444 0.02122)
(1.33375 0.0121692 -0.00781144)
(1.49009 0.121878 0.00283752)
(1.48959 -0.0240338 0.00251526)
(1.34878 -0.0965244 -0.0124481)
(1.15272 -0.18196 -0.0178788)
(1.30687 -0.482642 -0.0195492)
(1.20323 -0.185332 -0.0151917)
(1.06257 0.109818 5.29015e-05)
(1.07277 0.0750281 -0.00601106)
(1.04611 0.18952 -0.0147925)
(1.25778 0.0798975 0.0392491)
(1.58787 -0.0374236 0.00123318)
(1.35175 -0.0851265 -0.00492718)
(1.52713 -0.0595452 0.0697851)
(1.76619 -0.117594 -0.0107881)
(1.21487 -0.142656 -0.0317033)
(1.13632 -0.028403 0.00428922)
(1.18605 -0.120984 0.00246471)
(0.92105 -0.179806 -0.00200664)
(0.99072 -0.108299 0.00514987)
(1.04431 -0.237233 0.0323495)
(1.31813 0.0182704 0.0247322)
(1.35794 -0.0104506 -0.0138044)
(1.25766 -0.154203 -0.021746)
(1.23534 -0.335631 -0.0324559)
(1.02932 -0.405932 0.00930891)
(0.810317 -0.106917 0.0236049)
(1.04662 0.0149187 -0.0042937)
(0.971859 0.111044 -0.00630173)
(1.08033 0.195506 0.0221428)
(1.27803 0.103008 0.0121106)
(1.27713 -0.0152656 -0.00710936)
(1.27948 -0.0783038 0.0066395)
(1.27664 0.0142242 0.0109617)
(1.38776 -0.0691915 -0.00239334)
(1.16766 -0.20231 -0.0226679)
(1.00593 -0.102669 -0.0174208)
(1.0331 -0.150155 0.0168096)
(1.04532 -0.0827831 0.0192059)
(1.13491 0.095907 0.00176407)
(0.981291 0.0331134 -0.00391436)
(0.960543 0.0332502 -0.0135851)
(0.85702 -0.159625 -0.0174861)
(0.805316 -0.258625 0.00712983)
(0.868056 -0.297845 0.0119426)
(0.728675 -0.00158136 0.00866378)
(0.53448 0.246018 0.0112359)
(1.01403 0.0460678 -0.00141653)
(0.987675 0.0360693 0.000236141)
(1.07298 0.112125 0.00377661)
(1.17368 0.0511221 -0.000486324)
(1.14391 -0.0164186 0.00937812)
(1.21615 0.010893 0.00936535)
(1.18998 -0.0728483 -0.00544605)
(1.16636 -0.0421067 -0.0112828)
(1.10669 -0.0660996 0.00084714)
(1.0328 -0.0606788 0.00177707)
(1.06726 -0.0434872 -0.000771683)
(0.93986 -0.080457 -0.0103416)
(0.948285 -0.0740871 -0.00689838)
(0.964668 -0.149261 0.00469141)
(1.0075 -0.0135915 -0.00230828)
(1.03961 0.00324633 -0.00156528)
(0.885062 -0.0440419 0.0035994)
(0.846234 -0.22733 -0.00758278)
(0.513857 0.0191128 -0.0141095)
(0.553979 0.254418 -0.00159115)
(0.992966 -0.00444234 0.000308359)
(1.0332 0.0536694 -0.000771457)
(1.04336 0.0714282 -0.00138684)
(1.11589 0.0406489 0.00366394)
(1.11645 0.0476532 0.00416968)
(1.16344 -0.021881 -0.000760048)
(1.12013 -0.0216368 -0.0037425)
(1.07126 -0.0614366 -0.00322677)
(1.06568 -0.0703776 0.000190535)
(1.01366 -0.0443316 -0.000706379)
(1.01647 -0.0688281 0.00072581)
(0.977092 -0.0512579 0.00011618)
(0.97405 -0.000550318 -0.000494601)
(0.912596 0.00860699 0.000800015)
(0.875817 -0.00265618 -0.00282175)
(0.912216 -0.0548973 0.00130806)
(0.901939 -0.0230716 0.00828404)
(1.00211 -0.103308 -8.13587e-05)
(0.699062 0.0818615 -0.0204566)
(0.755684 0.225294 -0.01304)
(1.00089 0.0210986 0.000219995)
(1.00032 0.00491402 -0.000803681)
(1.04023 0.0306077 6.50806e-05)
(1.07067 0.0333506 0.00164439)
(1.09665 0.00319225 0.000589682)
(1.12336 0.00526291 -0.000864955)
(1.0757 -0.0362686 -0.000883764)
(1.07488 -0.0150789 -8.46801e-05)
(1.0333 -0.0330793 3.93023e-05)
(1.00218 -0.0202598 0.000293679)
(1.00028 -0.0234364 -0.000696846)
(0.928959 -0.0399553 0.000449866)
(0.942172 -0.0263026 -0.00034972)
(0.916168 -0.0488719 -2.21671e-05)
(0.93064 -0.0221212 0.00142463)
(0.915197 -0.0316967 -0.000893053)
(0.844322 -0.0318287 -0.00247257)
(0.859823 -0.0748354 0.00219618)
(0.727936 0.0120276 -0.00544827)
(0.876626 0.0816075 -0.00618563)
(0.999075 -0.00675689 -3.99672e-06)
(1.01383 0.013412 -0.000291527)
(1.02431 0.0140342 0.000210991)
(1.06896 0.00386776 0.000472429)
(1.07369 0.013635 7.46512e-05)
(1.10152 -0.00796916 -0.000235313)
(1.07138 -0.00125955 -0.000198756)
(1.05076 -0.0162453 -4.95703e-05)
(1.03475 -0.0122097 0.000106712)
(0.991435 -0.0114001 -0.000194232)
(0.993036 -0.0122315 -0.00017749)
(0.94128 -5.6132e-06 -1.73696e-05)
(0.945794 0.00294717 1.56311e-05)
(0.909975 0.0125235 -4.68652e-05)
(0.901781 0.0116503 0.000104726)
(0.903361 0.00238615 0.000204043)
(0.860474 0.00792664 7.56244e-05)
(0.88123 0.00571634 0.000620575)
(0.778112 0.0322654 -0.00176142)
(0.913613 0.0482083 -0.00176065)
(1.54133 -0.409463 0.0294412)
(1.16036 -0.413744 0.0186246)
(1.10022 -0.836988 -0.0131192)
(1.8971 -0.718567 -0.0722907)
(1.50218 -0.189056 0.0688463)
(1.02104 -0.0831704 0.0476693)
(1.43615 -1.0256 0.113751)
(2.06682 -0.462391 0.000582398)
(2.0433 -0.315116 0.127161)
(2.21538 -0.21701 0.0439907)
(1.22663 -0.386353 -0.0273532)
(2.07091 -0.119317 0.0811367)
(1.71014 -0.0347796 -0.0946256)
(0.810552 -0.0956057 0.0317094)
(-0.0327639 -0.0120019 0.0230942)
(-0.624936 -0.343609 -0.0122667)
(1.75038 0.0437758 -0.0220425)
(0.957839 -0.113228 0.0620527)
(0.0466791 0.0553813 0.157627)
(-0.336252 -0.288407 -0.0595724)
(1.28022 -0.052587 -0.0175931)
(0.769277 0.27107 0.00219484)
(0.495988 -0.375581 0.0262181)
(0.829354 -1.21693 -0.276562)
(0.903756 -0.0561409 -0.0708804)
(0.325382 -0.126244 -0.052615)
(0.74642 -0.214658 0.104346)
(0.165831 -0.884787 -0.0862537)
(1.4207 -1.01696 0.104351)
(0.630424 -0.988025 -0.195381)
(-0.374718 -0.153929 -0.00871107)
(-0.0600171 -0.0371056 0.00222134)
(-0.279707 -0.279735 -0.0648552)
(-0.0495329 -0.0449124 0.0092809)
(0.650343 0.254343 -0.0120057)
(-0.128546 -0.0711705 0.0118054)
(0.139252 0.24942 0.00939351)
(-0.217231 0.0124538 -0.0826327)
(0.76533 0.328411 0.011461)
(-0.114978 -0.137385 0.0210748)
(0.176628 0.265895 0.0689751)
(0.179538 -0.664016 -0.10351)
(-0.100765 -0.038001 -0.0407521)
(-0.450708 0.290916 -0.144191)
(0.400635 -0.716272 0.300299)
(0.744363 -0.488181 -0.332818)
(1.39704 0.104086 0.0733984)
(0.559581 0.164639 -0.147507)
(0.262358 -0.452262 -0.523394)
(-0.0259895 -0.00618429 -0.000777263)
(-0.0222897 -0.0181318 -0.00453125)
(-0.0515172 0.0551776 0.0272689)
(0.0457704 0.000673124 -0.00407146)
(-0.392374 -0.0304493 0.0117094)
(0.0422138 -0.0891531 -0.0124795)
(-0.0807318 0.0391405 0.103504)
(-0.00590835 -0.0191905 -0.0139357)
(-0.421012 -0.0420031 0.045734)
(-0.607007 0.201189 -0.0167375)
(-0.0473235 0.940167 -0.0238913)
(-0.442874 -0.446278 -0.159464)
(-0.444934 -0.356113 -0.192556)
(-0.204024 0.587815 -0.137791)
(1.28179 1.05976 -0.0357425)
(0.803436 0.332262 -0.228933)
(-0.179688 0.0136286 -0.357753)
(0.125741 0.222214 -0.413539)
(-0.0856901 0.273018 -0.00154056)
(-0.0834911 0.27032 -0.0148506)
(-0.62757 0.146133 0.01625)
(-0.174364 0.306244 0.000168909)
(-0.380236 0.184464 0.0145592)
(-0.0641925 0.011976 -0.0170193)
(-0.676947 0.152863 0.0380893)
(-0.189773 0.304405 0.00910056)
(-0.41669 0.181971 0.0557215)
(0.555018 1.03335 -0.251966)
(1.10685 0.603572 0.0455546)
(1.11131 0.83924 0.0682576)
(0.199333 0.428809 0.201281)
(1.59306 0.340891 -0.304895)
(0.855455 1.0943 -0.0637804)
(1.12606 0.181936 0.226731)
(0.963342 2.13382 0.00584412)
(0.951989 0.876044 -0.165698)
(1.78743 1.07418 -0.116509)
(-0.0533571 0.308175 0.00143197)
(-0.583388 0.296637 -0.0022823)
(-0.0516402 0.304414 -0.00484321)
(-0.442655 0.288139 0.0185793)
(-0.176691 0.278169 0.0287404)
(-0.324029 0.346363 -0.0385662)
(0.169964 -0.181727 -0.0373415)
(0.209632 0.264247 -0.02294)
(-0.220607 0.305974 0.0673858)
(-0.20484 0.35907 -0.0895312)
(-0.0558599 0.0471927 -0.0784249)
(1.15244 1.01325 -0.0822146)
(1.70398 0.895829 0.070187)
(1.50868 1.1291 0.00276693)
(1.21054 0.77105 0.123782)
(1.51548 1.11854 -0.213384)
(1.85655 0.613004 0.146077)
(1.62632 0.729493 0.0722892)
(2.11264 1.45091 0.0118895)
(2.12847 0.617461 -0.0299391)
(2.17822 1.10118 0.0382729)
(2.39119 0.584116 -0.0237734)
(1.86045 0.487845 -0.0470355)
(1.88355 0.257209 -0.0095347)
(1.86343 0.39052 -0.146973)
(1.94984 0.162878 -0.0852261)
(0.281795 0.0293958 0.028604)
(1.02015 0.12588 -0.0420837)
(2.05902 -0.377032 0.0043306)
(0.136276 0.00895497 0.093425)
(0.330535 0.0051015 0.0736181)
(0.977169 0.129479 -0.10554)
(2.0223 -0.33589 -0.00502568)
(1.31566 -0.38024 0.00337047)
(0.993585 -0.365137 -0.0416431)
(1.41747 -1.03374 0.215809)
(1.50814 -0.898256 -0.154834)
(1.3128 -0.706126 -0.0224356)
(1.07596 -0.848126 -0.039981)
(1.38435 -1.15472 0.349394)
(2.16567 -0.334726 0.0631245)
(1.88292 -0.884969 0.0304489)
(2.07238 -0.372153 0.0592017)
(1.70861 0.10004 -0.0971653)
(1.87787 -0.00304817 0.0316875)
(1.64033 0.460235 -0.0457836)
(1.26435 -0.0126182 0.130038)
(0.0755664 0.0922549 0.185145)
(0.0412778 -0.155216 -0.0657798)
(1.77379 0.308057 0.0289084)
(1.5212 0.115508 0.172188)
(0.044353 0.178705 0.21899)
(0.330884 -0.0186412 -0.0500711)
(0.695979 -0.40823 -0.160734)
(0.414323 -0.620618 -0.123051)
(1.11648 -0.217007 0.0373856)
(0.960685 -1.15026 -0.0904438)
(0.903077 -0.584618 -0.146944)
(0.992769 -0.672504 -0.0879836)
(1.239 -0.469923 0.131805)
(0.650008 -1.08446 -0.175577)
(1.48213 -1.61399 -0.0207259)
(0.600849 -1.14608 -0.0646277)
(-0.224736 -0.311025 -0.0734928)
(-0.0470538 -0.051227 0.0068716)
(-0.0218504 -0.256561 -0.0604329)
(-0.0511079 -0.0653303 -0.00246503)
(0.774024 0.349166 -0.0330693)
(-0.111645 -0.215695 -0.00253619)
(0.238115 0.295963 0.113139)
(0.0382275 -0.0180824 -0.177146)
(0.518349 0.242469 -0.0665568)
(-0.115672 -0.242322 -0.0534162)
(0.238154 0.295899 0.137064)
(0.941521 -0.588007 -0.313767)
(1.06027 0.634651 -0.219797)
(0.66964 0.275475 0.00839445)
(2.18388 -1.05858 -0.0879022)
(0.950148 -0.417162 -0.0300558)
(0.245751 0.669933 -0.29907)
(-0.00685379 0.223481 0.421929)
(0.250864 -0.381356 -0.00726077)
(-0.0206145 -0.0237575 -0.00718353)
(-0.0234705 -0.0429197 -0.0131676)
(-0.0223428 0.0836505 0.153369)
(-0.0198347 -0.0246939 -0.010983)
(-0.294998 0.0227214 0.0442797)
(0.00571662 -0.115849 -0.0201862)
(0.0942931 0.135954 0.165134)
(-0.0533727 -0.0398041 0.00541286)
(-0.153467 0.101652 0.0225268)
(-0.12231 0.532821 -0.114586)
(2.11253 0.935112 0.058193)
(0.992047 0.483781 -0.271817)
(-0.0995165 -0.145127 -0.118679)
(-0.0325249 0.0755534 -0.0288621)
(1.57413 0.851232 -0.018426)
(1.22725 0.633978 -0.135716)
(0.195123 0.342554 -0.325842)
(0.325449 0.483265 0.0191793)
(-0.0811574 0.27206 -0.0172172)
(-0.0775869 0.286716 -0.0181486)
(-0.544618 0.159283 0.0481378)
(-0.190856 0.303023 0.0137657)
(-0.271292 0.203628 0.0713009)
(-0.130042 0.0200126 0.0113709)
(-0.49997 0.166413 0.053561)
(-0.218904 0.309059 0.0171693)
(-0.255512 0.197635 0.0835151)
(1.26311 0.516201 -0.284185)
(1.1371 1.41781 -0.0288611)
(1.01233 -0.0185556 0.0687462)
(0.0419904 0.984799 0.0512686)
(1.16515 0.373567 -0.20123)
(0.976089 1.48003 0.0168251)
(0.915207 -0.024312 0.15961)
(1.78865 0.689401 -0.124346)
(0.842969 1.05615 0.0747223)
(1.5868 0.632602 -0.0416604)
(-0.0533829 0.300877 -0.00906369)
(-0.34551 0.257934 0.0233346)
(-0.0651037 0.288273 -0.0110574)
(-0.0389035 0.129628 0.0318674)
(-0.197022 0.307766 0.0552289)
(-0.00908806 0.309301 -0.0782551)
(-0.200043 0.248332 -0.109308)
(0.193471 0.265495 -0.0445188)
(-0.146036 0.275744 -0.00297083)
(0.227797 0.187268 -0.0367537)
(-0.16066 0.284479 -0.123926)
(1.59205 1.174 -0.167972)
(1.87621 0.436969 0.128292)
(1.64276 0.49542 0.0663743)
(1.3409 0.195408 0.0689781)
(1.73306 1.29006 0.0739904)
(1.93207 0.475626 0.0959369)
(1.69131 0.406105 0.0667613)
(2.18141 0.993999 0.025971)
(2.45323 0.578984 -0.0315087)
(2.04796 0.738687 -0.0274756)
(2.37227 0.244368 -0.124542)
(1.94373 0.370563 -0.161232)
(1.91338 0.102671 -0.105093)
(1.95711 0.0289517 -0.162149)
(1.98457 -0.172176 -0.102687)
(0.301509 0.010915 0.0904348)
(1.12544 0.0232958 -0.142485)
(1.84411 -0.251859 -0.0159326)
(0.163373 -0.0498754 0.115231)
(0.496812 -0.0685534 0.0656477)
(1.25394 -0.0375197 -0.120857)
(1.80581 -0.238043 -0.00522829)
(1.43694 -0.868776 -0.0424965)
(1.2729 -0.940907 -0.0521457)
(1.39226 -1.268 0.275836)
(1.45502 -0.970996 -0.0634288)
(1.33161 -1.267 0.0243787)
(1.06892 -1.25488 0.0211009)
(1.18274 -0.874881 0.0184071)
(2.0972 -0.310811 0.0605997)
(1.99661 -1.52636 0.0191286)
(2.0325 -0.575935 0.0359286)
(1.74704 0.495487 -0.0360145)
(1.8863 -0.24005 0.0224058)
(1.84602 0.0590005 -0.00698842)
(1.71308 0.115968 0.142348)
(0.0658136 0.193208 0.221475)
(0.598008 0.10862 -0.0325795)
(1.33025 -0.15394 0.0064483)
(1.59862 0.0408453 0.0846017)
(-0.140274 0.19017 0.0587471)
(0.755089 0.209581 0.0073157)
(1.43067 -0.489404 -0.24538)
(1.04281 -0.46067 -0.17455)
(1.7103 -0.534224 0.139247)
(1.53715 0.0538854 -0.0409601)
(1.43167 -0.452553 -0.0582732)
(0.604131 -0.285797 -0.0698478)
(0.846937 -0.904297 0.144839)
(0.738872 -1.1234 -0.0149702)
(1.32546 -1.83336 -0.0335203)
(0.250241 -0.928101 0.0549199)
(-0.00470351 -0.225295 -0.0561609)
(-0.0566289 -0.0655976 -0.00407266)
(0.0241944 -0.150716 -0.012744)
(-0.0675316 -0.0675393 -0.00128098)
(0.0198841 0.0486738 -0.0438578)
(-0.076054 -0.182301 -0.0548971)
(-0.000427774 0.214429 0.129124)
(0.101069 0.0350659 -0.0504526)
(-0.228257 -0.114327 -0.0225909)
(-0.0819456 -0.16392 -0.0150557)
(-0.165826 0.0799971 0.0433436)
(1.08153 -0.261251 0.0169918)
(0.615246 0.107498 -0.238458)
(-0.0734322 0.282039 0.325772)
(0.166648 -0.376667 -0.00129842)
(0.572589 0.248972 0.0897677)
(1.66928 0.0326188 -0.0497052)
(-0.553241 0.282859 0.0301166)
(-0.0200277 -0.228593 0.0970362)
(-0.0262641 -0.0484292 -0.0107277)
(-0.029132 -0.0527585 -0.000509837)
(0.143943 0.255628 0.136993)
(-0.048858 -0.0410105 0.0143782)
(-0.107349 0.193377 0.000321306)
(0.00451656 -0.105235 0.00055923)
(0.174152 0.290198 0.0392155)
(0.00854456 -0.0310146 0.00703076)
(-0.129577 0.168203 -0.0155416)
(-0.023609 0.086686 0.0135376)
(1.25747 0.857742 -0.202939)
(1.12543 0.472552 -0.077057)
(1.25818 -0.131884 -0.0142761)
(-0.0458778 -0.0166501 -0.0158949)
(1.37608 0.806315 -0.0374815)
(0.268431 0.525624 -0.00282676)
(0.324469 0.449339 0.154346)
(-0.192766 0.160863 0.290812)
(-0.0760094 0.293651 -0.0140207)
(-0.0744298 0.309521 -0.00263485)
(-0.362749 0.117862 0.0573426)
(-0.227501 0.313605 0.0169321)
(-0.128518 0.228918 0.0948038)
(-0.0525078 0.0140997 0.015679)
(-0.2711 0.054996 0.00624582)
(-0.226051 0.326379 0.00457877)
(0.0152199 0.321971 0.0221079)
(0.895586 0.100848 -0.228809)
(1.13501 1.28015 0.103415)
(0.787436 -0.224648 0.0475334)
(0.735839 -0.137388 0.0382006)
(0.612919 0.137561 -0.062348)
(0.859689 1.45517 0.127476)
(0.978472 -0.352431 0.0304969)
(1.47242 0.764762 -0.063056)
(0.13079 1.04677 0.131448)
(1.26379 1.22745 -0.0289488)
(-0.0740541 0.286252 -0.00934411)
(0.0239228 0.0897085 0.0337611)
(-0.0902853 0.288449 -0.00240409)
(0.0329576 0.033153 0.00418404)
(-0.0732248 0.254102 -0.0268121)
(0.523317 0.0211494 0.0070414)
(0.0184688 0.189832 -0.0957655)
(0.326875 0.214109 -0.00753024)
(0.0180479 0.294722 -0.0193061)
(0.717108 -0.0821796 0.0156476)
(0.181432 0.144213 -0.0379474)
(1.7106 1.35287 0.135589)
(1.83384 0.889779 0.0319692)
(1.6411 0.699378 0.0144656)
(0.949549 0.764651 -0.00530316)
(1.4916 1.46856 0.0976339)
(1.7719 1.09016 0.00170376)
(1.59827 0.85733 0.019661)
(1.99487 0.76612 -0.0287867)
(2.28859 0.107365 -0.115901)
(1.99492 0.681802 0.0044641)
(2.27767 -0.0385675 -0.0099214)
(1.93283 -0.0939309 -0.132408)
(1.97243 -0.247286 -0.0911827)
(2.00984 -0.218545 -0.0104847)
(2.0275 -0.345003 -0.00599245)
(0.62742 -0.176314 0.00789798)
(1.41222 -0.0622835 -0.0658436)
(1.75973 -0.303672 0.00289246)
(0.397621 -0.241385 0.0283583)
(0.846299 -0.287597 -0.00679035)
(1.41423 -0.0270191 -0.0202982)
(1.80244 -0.39085 0.00819293)
(1.80356 -0.36756 0.0046016)
(1.75619 -0.248002 0.0251725)
(1.99015 -0.198293 0.00514352)
(1.75049 -0.482857 -0.0757816)
(1.82643 -0.360629 -0.0270152)
(1.6861 -0.118866 -0.0217535)
(1.91842 -0.0733511 -0.0741019)
(1.56256 -0.0977815 0.0384453)
(2.28849 -0.471162 -0.0218628)
(1.81475 -0.435707 0.052142)
(1.8213 -0.576076 0.0836727)
(1.67421 -0.237422 0.120847)
(2.25628 -0.253828 -0.0925962)
(1.94105 -0.398651 0.114712)
(1.96986 -0.578499 0.00726412)
(2.1665 -0.70205 0.0292306)
(2.39581 -0.90919 0.0198028)
(2.23961 -0.776888 0.0690559)
(2.19537 -0.66471 0.0724805)
(2.48733 -0.83045 0.0314206)
(1.8443 -0.617576 0.000318939)
(1.05768 -0.0481852 0.046155)
(1.5878 -0.0796726 -0.0210916)
(1.78852 -0.156924 -0.0040364)
(2.03866 -0.173608 0.0251037)
(1.64772 -0.11618 -0.0507492)
(1.91634 -0.155455 0.00794042)
(1.00706 0.013822 0.0161245)
(0.468336 -0.82488 -0.135232)
(1.2143 -1.1169 -0.0139246)
(0.593195 -1.12922 0.00567926)
(1.45582 -1.20588 0.0756671)
(1.38363 -1.07597 -0.00142853)
(0.824924 -1.08724 0.0354716)
(0.313933 -0.739156 -0.0808522)
(-0.0588522 -0.0672203 0.00405194)
(-0.0621109 -0.072422 0.00949076)
(0.038687 -0.426004 -0.4702)
(-0.0362601 -0.149895 0.0209855)
(-0.0113428 -0.169235 0.0087336)
(0.103956 -0.0612111 -0.00314962)
(0.0479538 -0.0604859 -0.0056072)
(-0.0167254 -0.170085 0.0272265)
(0.0928641 -0.0704729 -0.00907334)
(-0.0258974 -0.146939 0.0077431)
(-0.357053 0.167404 0.0257853)
(-0.136138 0.0429543 0.0106522)
(-0.11344 0.208933 -0.00211282)
(-0.0293857 0.0113012 -0.0173415)
(-0.153367 0.0448195 0.0240941)
(-0.129036 0.207418 -0.00825101)
(-0.340979 0.16763 0.0122456)
(0.339061 1.30433 -0.117955)
(0.7228 0.851133 -0.303206)
(0.690928 1.22992 -0.27176)
(1.57227 0.837597 -0.197338)
(1.75154 1.4737 -0.0661155)
(2.01556 1.53021 -0.168436)
(1.3416 0.736724 -0.0754003)
(0.550741 0.00408157 0.0751765)
(-0.0885705 0.282183 0.0211505)
(0.472873 -0.0936991 0.0098356)
(0.17129 -0.0111338 0.0469862)
(-0.0860308 0.280051 0.0566568)
(0.436431 -0.0888853 0.0205288)
(0.565031 0.00210546 0.0245372)
(1.99487 0.419554 0.00933714)
(1.47535 0.578434 0.0208555)
(1.73832 0.557276 -0.00845921)
(1.89118 0.713955 0.0858662)
(2.04717 0.423459 0.0328922)
(1.4921 0.583229 0.0202918)
(1.77052 0.535461 -0.0575317)
(1.86552 0.239707 0.0300119)
(1.8025 0.595743 0.00599183)
(1.80878 0.350443 0.00602684)
(2.11049 0.380475 -0.0211791)
(1.9223 0.322988 0.0569815)
(1.78386 0.588969 -0.0147859)
(1.82372 0.3533 -0.00834079)
(1.80448 -0.342106 -0.0603042)
(1.73157 -0.390009 -0.10438)
(1.90568 -0.185155 -0.161062)
(1.72856 -0.450975 -0.0958845)
(1.70153 -0.18533 0.00588892)
(1.77534 -0.564614 -0.132205)
(1.91687 -0.152002 -0.130284)
(1.59919 -0.0305716 0.176087)
(2.15247 -0.164558 -0.149016)
(1.85761 -0.225187 0.0984831)
(1.52808 -0.0146657 0.149345)
(1.49709 0.0975535 0.175396)
(1.9473 0.154675 -0.0861224)
(1.62894 0.187374 0.138082)
(2.07475 -0.439192 0.165462)
(2.12988 -0.365571 0.136051)
(2.51191 -0.580876 0.114862)
(1.88784 -0.540856 0.0764147)
(2.10922 -0.424788 0.136971)
(2.12145 -0.468523 0.115191)
(2.49181 -0.633041 0.12289)
(1.48765 -0.010938 -0.0396264)
(1.93064 -0.19314 -0.0703262)
(2.0527 0.0105632 0.0874345)
(1.92671 -0.184353 0.0402463)
(1.37225 -0.0513136 -0.00309383)
(1.98488 -0.0490712 -0.093549)
(1.98398 0.0362499 0.0763256)
(0.666676 -0.958836 0.037421)
(1.461 -1.07658 0.12843)
(1.16709 -1.06355 0.0519035)
(1.37469 -1.23831 0.0709127)
(0.659243 -0.986355 -0.0173497)
(1.46396 -1.14575 0.157258)
(1.15192 -1.11741 0.0268302)
(-0.00230054 -0.0424358 0.0232782)
(0.057007 -0.0113052 0.0140537)
(0.41066 -0.50724 -0.307114)
(-0.0929816 -0.161928 0.0630048)
(-0.0453016 -0.167029 0.0686661)
(0.0344536 -0.113508 -0.0110199)
(0.0269283 -0.108653 -0.0190451)
(-0.0808828 -0.161917 0.0585846)
(-0.0606912 -0.16288 0.0687255)
(0.020003 -0.121217 -0.00813887)
(-0.359579 0.16159 0.0889879)
(-0.195571 0.0521356 0.0734926)
(-0.170707 0.204398 0.0204011)
(-0.0922357 0.0155907 -0.0107709)
(-0.379478 0.164407 0.0849504)
(-0.196799 0.0533263 0.0745106)
(-0.177435 0.204587 0.0246992)
(0.807753 1.20561 -0.110168)
(0.900584 0.998417 -0.0617103)
(0.79707 1.21065 -0.0703657)
(1.86057 0.771082 -0.409523)
(2.37149 1.25632 -0.273971)
(1.87345 0.788681 -0.41734)
(2.38329 1.19951 -0.24723)
(0.398395 0.0330758 0.203475)
(-0.0580318 0.244151 0.10567)
(0.280133 -0.0613418 0.0532968)
(0.127396 -0.000719377 0.11621)
(0.406564 0.0433908 0.175931)
(-0.0232736 0.212647 0.110197)
(0.223732 -0.053678 0.0689671)
(2.18213 0.589811 0.0454828)
(1.45283 0.532532 0.017779)
(1.78404 0.545086 -0.0503436)
(1.83375 0.511855 0.0306095)
(2.13308 0.444726 0.038668)
(1.52374 0.537403 0.0101214)
(1.71135 0.417496 -0.00619034)
(1.90243 0.363263 0.0627673)
(1.68549 0.49119 0.00547701)
(1.74078 0.228184 0.0205001)
(1.96225 0.161926 0.00487787)
(1.81362 0.16456 0.081232)
(1.57734 0.251278 0.0634415)
(1.6394 0.0785706 0.0550672)
(1.69909 -0.134468 0.0155775)
(1.75689 -0.660711 -0.104597)
(1.9493 -0.218967 -0.0840427)
(1.52013 -0.475904 -0.0454838)
(1.73129 -0.211165 -0.0141117)
(1.84008 -0.904302 -0.0388876)
(1.94619 -0.474912 -0.0336833)
(1.61407 -0.108539 0.0702362)
(1.8834 0.282733 -0.0383949)
(1.69223 0.269128 0.0761075)
(1.77592 -0.246808 0.0191611)
(1.83851 -0.356317 -0.00736802)
(2.00384 0.027377 0.000404337)
(1.97183 -0.114457 0.0273638)
(1.79209 -0.635637 0.146245)
(2.07405 -0.811475 0.06939)
(2.4157 -1.06215 0.0872486)
(1.98076 -1.11196 0.0326498)
(1.82973 -0.59294 0.164909)
(2.09746 -0.897679 0.0731456)
(2.38304 -1.13834 0.0987699)
(1.57405 0.130296 0.00518351)
(2.03286 0.240988 -0.076423)
(1.92043 0.0337735 0.0439691)
(1.88737 0.0109697 0.0584574)
(1.63376 0.145605 -0.0258521)
(2.04365 0.106086 -0.0403231)
(1.92403 0.0182 0.047185)
(0.741998 -0.79025 0.115964)
(1.55601 -1.41424 0.110677)
(1.28772 -1.30931 -0.00432483)
(1.84528 -1.62888 -0.0541159)
(0.627221 -0.772019 0.0535605)
(1.63883 -1.44651 0.128615)
(1.37624 -1.34417 0.0153791)
(0.137764 -0.0212753 -0.0457381)
(0.200744 0.00764762 -0.0489798)
(0.278047 -0.312424 0.14101)
(-0.0884256 -0.170931 0.0283352)
(-0.121434 -0.147797 0.0353637)
(0.0198373 -0.119004 0.00612783)
(-0.003593 -0.113281 -0.00776439)
(-0.107359 -0.163405 0.0394176)
(-0.122843 -0.154956 0.0255658)
(0.0352357 -0.111634 0.00907825)
(-0.303927 0.136984 0.0734162)
(-0.238972 0.0536356 0.0642581)
(-0.202849 0.203857 0.0571239)
(-0.10734 0.0162907 0.0406922)
(-0.353392 0.145277 0.0883624)
(-0.194736 0.0405328 0.0523468)
(-0.17539 0.203868 0.0631068)
(0.731604 1.09211 0.112007)
(0.656582 1.02883 0.177054)
(0.702139 1.0091 0.124435)
(1.70983 0.618344 -0.186302)
(2.19293 1.12647 -0.101279)
(1.73961 0.673455 -0.268803)
(2.14522 1.05896 -0.0643944)
(0.480849 -0.0251537 0.168497)
(0.120315 0.0854697 0.0513551)
(0.13319 -0.0511189 0.111234)
(0.230063 -0.143547 0.0901375)
(0.342979 0.0351596 0.20365)
(0.230242 0.0140684 0.0294265)
(0.138545 -0.0697852 0.112777)
(2.07794 0.166361 0.0318726)
(1.58481 0.367715 -0.000207929)
(1.69561 0.20633 0.0172146)
(1.76345 0.169294 0.00362185)
(2.04653 0.00900156 0.0208775)
(1.48523 0.259662 0.00330731)
(1.60147 0.107467 0.0258744)
(1.82765 -0.008638 0.0500114)
(1.57252 0.0766588 0.0547464)
(1.64975 0.0692767 0.024065)
(1.9485 -0.174304 0.0161935)
(1.84951 -0.0135216 0.0195698)
(1.61606 0.0815155 0.022813)
(1.63471 0.0539219 0.00827661)
(2.00096 -1.24809 0.0080654)
(1.58181 -0.96239 -0.00650109)
(1.35668 -1.09205 -0.00162671)
(1.2174 -0.917158 -0.0144174)
(1.66763 -0.913784 -0.00413484)
(1.47961 -1.08638 0.00400255)
(1.87307 -1.44355 0.00458036)
(2.02299 -0.801078 0.0312717)
(1.34668 -1.02293 0.0179194)
(1.72606 -0.633195 0.110649)
(1.57417 -0.965246 0.108538)
(1.69579 -0.746176 0.0317371)
(1.53163 -1.0385 0.0352727)
(2.03725 -0.605989 0.0740971)
(2.1176 -0.482427 -0.0304342)
(2.16836 -0.571715 0.0113186)
(1.7426 -0.31438 -0.0194416)
(2.15176 -0.409427 0.00882263)
(2.20809 -0.519667 0.0316506)
(1.87097 -0.316316 -0.0370756)
(1.9636 -0.475211 -0.0139405)
(1.58817 -0.717201 -0.117655)
(1.81003 -1.22033 -0.0175478)
(1.95118 -1.15147 -0.0307672)
(1.43374 -0.717032 -0.0600078)
(2.09171 -0.431468 0.0287433)
(2.13765 -0.461965 0.116343)
(2.14848 -0.259051 0.141402)
(2.576 -0.429164 0.111016)
(2.16824 -0.410958 0.121244)
(2.54711 -0.549015 0.0662643)
(2.15232 -0.351415 0.0952079)
(2.28302 -0.406138 -0.0255316)
(2.21514 -0.265786 0.0227374)
(2.19822 -0.194771 0.0790476)
(2.03631 -0.234899 0.0227142)
(2.21035 -0.310171 0.0604288)
(2.00061 -0.268916 -0.0334329)
(2.36823 -0.34736 0.0392328)
(1.72114 -0.681921 -0.106058)
(2.14774 -0.856174 0.106587)
(2.07804 -0.991559 0.0026967)
(1.77642 -0.62591 0.0108239)
(1.28268 0.05337 0.0525487)
(1.75941 0.0418173 -0.0156661)
(0.417124 -0.00433789 -0.0351834)
(1.43483 -0.323581 -0.057431)
(1.83667 0.106007 -0.0460593)
(0.686046 -0.0698439 -0.0976095)
(1.12562 0.117969 0.0230426)
(0.7742 0.176013 0.0724432)
(0.413429 -0.03282 0.00269707)
(0.426779 -0.030522 -8.34429e-05)
(0.68459 0.193762 0.0280869)
(1.15805 -0.0883446 0.0425271)
(2.0991 -0.125793 0.056112)
(1.84976 -0.195992 -0.0567551)
(2.11553 -0.0362825 0.0700172)
(1.75402 -0.175446 -0.0634741)
(2.06682 -0.0936143 0.0239862)
(1.26618 -0.0864877 0.033573)
(1.4548 -0.0094048 0.066955)
(1.60361 -0.20319 -0.0874624)
(1.89982 0.202269 -0.10306)
(1.25564 -0.118361 -0.146642)
(1.88865 0.152879 -0.0754611)
(1.00899 -0.135143 -0.133319)
(1.54829 0.01619 0.0543337)
(0.925939 0.160492 0.0707918)
(0.581987 -0.000603255 -0.0165563)
(0.470796 -0.0220606 -0.00946248)
(1.09241 0.184559 0.0277231)
(0.423107 -0.00307663 0.13322)
(0.221798 0.0316782 0.011067)
(-0.120797 -0.103551 0.0275103)
(-0.019399 -0.00216928 0.076121)
(0.24046 0.0417021 0.0286395)
(-0.112633 -0.108139 0.089879)
(0.414186 -0.010066 0.0455558)
(0.477892 0.0157011 0.222518)
(0.0129706 0.0221915 0.122572)
(0.299334 0.0682759 0.0475846)
(0.0620526 -0.0803952 0.192818)
(0.262513 0.0519071 0.041765)
(-0.0222827 -0.0976808 0.145627)
(0.556922 0.0560006 0.279364)
(1.14062 -1.28777 -0.0545992)
(1.2985 -1.22423 -0.054662)
(0.141741 -1.04414 -0.0619077)
(0.455915 -0.906863 -0.168429)
(0.343703 -1.01734 -0.154699)
(0.587585 -0.861464 -0.109084)
(1.37941 -1.1777 0.0846667)
(1.46809 -1.00927 0.0715747)
(1.08093 -1.01252 0.0355716)
(1.44123 -1.06831 0.0161741)
(0.979567 -1.02004 0.0402815)
(0.616319 -0.976336 -0.076441)
(1.36946 -1.20088 0.0779093)
(1.35196 -1.23971 -0.0040602)
(0.586223 -0.904391 -0.183829)
(0.481658 -1.05453 -0.185605)
(0.464319 -1.00542 -0.166802)
(-0.104559 0.0126406 0.0134546)
(-0.117251 -0.338416 -0.00669978)
(-0.235502 -0.0881262 0.00122873)
(-0.356795 -0.180798 -0.0275865)
(-0.118388 -0.342932 -0.03335)
(-0.225108 -0.0859477 0.00629945)
(-0.113528 0.0127861 0.0046816)
(-0.0782592 -0.0819291 -0.00146258)
(-0.0582096 -0.0378106 0.00727375)
(-0.0765133 -0.0846415 -0.00276002)
(-0.0447157 -0.0669362 0.0277532)
(-0.0675071 -0.0841107 0.0187698)
(-0.088547 0.0115981 0.0110422)
(-0.342719 -0.240507 -0.0487094)
(-0.0747718 -0.316235 -0.0838225)
(-0.18329 -0.0794381 0.00582603)
(-0.137849 -0.349429 -0.0561284)
(-0.203736 -0.0856875 0.00513946)
(-0.0766902 0.000878432 0.00277903)
(-0.0524683 -0.0421012 0.00977986)
(-0.0678329 -0.0974658 -0.00894079)
(-0.0707789 -0.0913256 -0.00545203)
(-0.298073 -0.131668 0.0479231)
(-0.846456 0.140442 -0.0528483)
(0.0534685 0.127746 -0.0908617)
(0.409779 -0.472169 -0.220591)
(-0.532515 0.24747 -0.189421)
(0.0919677 -0.174059 -0.233331)
(-0.613128 -0.0595836 0.0384226)
(0.073734 -0.252122 -0.0737544)
(-0.0107752 -0.287634 -0.0708632)
(-0.388563 -0.0101063 -0.0181377)
(-0.077623 0.0965752 -0.346897)
(-0.0703009 -0.288754 -0.18734)
(0.518028 -0.10402 -0.165054)
(-0.611224 -0.444009 0.000928707)
(0.132883 -0.256878 0.110432)
(0.577957 -0.427516 -0.301025)
(0.0155057 -0.180329 -0.280457)
(0.620911 -0.258434 -0.256607)
(-0.27157 0.0647383 -0.241203)
(0.372092 -0.24708 -0.255036)
(0.386863 -0.317383 0.126267)
(1.01618 -0.0776923 0.0184327)
(0.540997 0.0791838 -0.283521)
(0.385653 -0.173394 0.0220353)
(1.53952 0.0525967 -0.0796731)
(0.295086 -0.227095 -0.122593)
(1.53347 -0.0293367 -0.129969)
(1.14938 -0.0733458 0.148948)
(0.125654 -0.428045 -0.521543)
(-0.0251796 -0.0084684 -0.000650649)
(-0.0232295 -0.0127137 -0.0022854)
(-0.0695108 -0.129247 0.0255083)
(0.0232059 -0.0746145 -0.00345916)
(-0.108246 -0.04776 0.00987931)
(0.033218 -0.00412033 -0.0123167)
(0.0115467 -0.0806272 -0.00948094)
(-0.120179 -0.0502292 0.0248069)
(-0.0570443 -0.127879 0.00975642)
(-0.0538214 -0.154943 0.0357879)
(0.0472102 -0.0748606 -0.0101043)
(-0.038839 -0.171633 0.0594545)
(0.0525262 -0.101051 -0.0126452)
(-0.025867 -0.171175 0.0442002)
(0.0736113 -0.0862112 -0.0126208)
(-0.0733738 -0.159089 0.0501658)
(-0.095095 -0.131628 0.0438265)
(0.0132442 -0.0117713 -0.0158853)
(-0.0248828 -0.0974499 -0.00817935)
(-0.164238 -0.0594226 0.0569909)
(-0.00704262 -0.0895963 -0.0113979)
(-0.145091 -0.0555385 0.0417963)
(-0.115945 -0.132125 0.0617711)
(-0.231013 0.658082 -0.075942)
(-0.358893 0.275585 -0.0365906)
(-0.42714 -0.250342 -0.0321823)
(-0.495617 0.450095 -0.0728901)
(-0.111736 0.454103 -0.193901)
(-0.271458 -0.0488065 -0.0238835)
(-0.271063 0.640022 -0.00103634)
(-0.45136 0.215381 0.249617)
(-0.00264202 -0.290715 -0.0132349)
(-0.0998239 -0.584307 0.0556463)
(0.639031 -0.270423 -0.186792)
(0.350896 -0.252634 0.04917)
(0.367448 0.0137781 -0.0667012)
(-0.437113 0.0899258 0.11866)
(-0.305023 0.548894 -0.083628)
(-0.2971 0.597072 -0.13529)
(0.0841794 0.553124 -0.32974)
(-0.14558 0.112785 0.037344)
(0.0811433 0.527935 -0.280037)
(-0.190938 0.10605 0.0099526)
(-0.258962 0.463932 -0.0641837)
(-0.559226 0.192564 0.293749)
(0.743455 0.198826 -0.251027)
(0.521394 -0.0924843 -0.0452391)
(0.2787 0.810826 -0.104514)
(0.439409 -0.177119 0.0363226)
(0.41613 0.657973 -0.140503)
(-0.68937 0.0889233 0.307221)
(0.00230831 -0.0334017 -0.458006)
(0.0592008 0.17703 -0.435583)
(-0.0846418 0.270637 -0.00779736)
(-0.0839907 0.268792 -0.0118085)
(-0.148085 0.25702 0.0240236)
(-0.056918 0.317762 -0.00177979)
(-0.0673713 0.242203 0.00806529)
(-0.178975 0.305941 0.000312745)
(-0.0679667 0.317896 -0.00594811)
(-0.0723374 0.24018 0.0172142)
(-0.137009 0.257343 0.01022)
(-0.399226 0.168001 0.0475812)
(-0.0479799 0.0114685 -0.0212244)
(-0.21901 0.0538452 0.060997)
(-0.172089 0.20474 0.00870458)
(-0.194202 0.0501826 0.043163)
(-0.155463 0.205782 -0.0045607)
(-0.419927 0.166904 0.0683386)
(-0.17284 0.256018 0.0437909)
(-0.183232 0.303694 0.00404354)
(-0.101327 0.32093 0.00259841)
(-0.0777185 0.23083 0.0483924)
(-0.0866596 0.319076 -0.00472453)
(-0.0796729 0.234386 0.0325764)
(-0.187138 0.25508 0.0624703)
(0.729793 1.06482 -0.268562)
(0.641432 1.27295 -0.042166)
(0.969731 1.4467 -0.0688403)
(1.46536 1.87882 -0.0603127)
(1.10703 1.2835 -0.133409)
(1.41909 1.49989 -0.181244)
(0.506384 0.970066 -0.136563)
(1.13716 1.80472 -0.217708)
(1.55223 1.73863 -0.409042)
(1.01129 0.801599 -0.296051)
(0.866097 1.13517 -0.150166)
(1.00274 1.05716 -0.258367)
(0.902184 1.09783 -0.239473)
(1.72158 1.38483 -0.092457)
(1.35726 1.22761 -0.160492)
(1.66737 1.34037 -0.228185)
(1.45094 1.1688 -0.169853)
(1.64878 1.44457 -0.229198)
(0.816726 1.26348 -0.222966)
(1.7345 1.50588 -0.386575)
(1.69488 1.64988 -0.419077)
(-0.113633 0.06601 -0.00288268)
(-0.0524743 0.307813 -0.000893962)
(-0.112056 0.0730114 -0.00883893)
(-0.261872 0.172429 0.0215803)
(-0.251291 0.166364 0.0615709)
(-0.0622058 -0.00681388 0.0354382)
(-0.307559 0.138615 0.00283333)
(-0.442903 0.266062 0.00676492)
(-0.5614 0.295757 0.0107996)
(-0.294741 0.142542 0.0163997)
(-0.425503 0.265739 0.0227384)
(-0.0669193 -0.00732354 0.0115672)
(-0.0520066 0.305957 -0.00265159)
(-0.110977 0.100554 -0.0204235)
(-0.111428 0.0871968 -0.0147537)
(-0.201085 0.136705 0.119944)
(-0.229281 0.153824 0.095067)
(-0.0483442 -0.00748424 0.0519601)
(-0.498887 0.295551 0.00876543)
(-0.224628 0.153686 0.0280442)
(-0.324652 0.252522 0.0432679)
(-0.255456 0.147591 0.0217304)
(-0.381732 0.261889 0.0324113)
(-0.0345925 -0.00670574 0.0594792)
(1.93693 2.21237 -0.0813487)
(1.32708 1.43637 -0.0686531)
(1.54889 1.26691 -0.0493955)
(1.35234 1.08475 -0.18263)
(1.63525 1.46976 -0.15791)
(1.73768 1.29955 -0.133407)
(1.64071 2.2831 -0.0167065)
(2.14839 1.8869 -0.111173)
(1.47377 1.0927 -0.214688)
(1.86692 1.36715 -0.218296)
(1.94056 1.16685 -0.190999)
(1.80945 1.39929 -0.201809)
(1.86226 1.23777 -0.175676)
(2.24023 1.66763 -0.141462)
(1.90536 0.767033 -0.0979967)
(2.31903 1.33969 -0.000560854)
(2.28751 1.11662 -0.00319629)
(2.15466 1.41887 0.0118857)
(2.46283 1.3581 -0.024219)
(2.38134 1.12069 -0.00208098)
(1.70829 0.699124 -0.0463854)
(1.89623 0.509711 -0.118949)
(1.71561 0.283453 -0.0437384)
(1.99383 0.934049 -0.0140448)
(2.20789 0.618643 -0.0474104)
(1.83616 0.341893 -0.107807)
(2.08914 0.953072 -0.0136395)
(1.75529 0.430114 -0.0479334)
(1.7132 0.861297 -0.32654)
(2.27496 1.39489 -0.281467)
(2.17231 1.50563 -0.240576)
(1.8097 0.821937 -0.401636)
(2.0839 0.757146 -0.132616)
(2.17984 1.16146 0.0346588)
(2.67278 1.17963 0.0127518)
(2.52124 0.935277 0.00974799)
(2.59723 1.22686 -0.00585843)
(2.47477 0.996622 0.00278225)
(2.19658 0.738595 -0.150129)
(2.03501 0.552795 -0.184065)
(2.30831 0.585034 -0.0466685)
(2.06075 0.370356 -0.194448)
(2.22847 0.845785 0.00534438)
(1.97459 0.382539 -0.162038)
(2.17868 0.892017 -0.0100701)
(2.12976 0.537043 -0.231406)
(0.389126 -0.10138 -0.0518417)
(0.648638 -0.134044 -0.0283698)
(0.600641 -0.130469 -0.0785508)
(0.400203 -0.0972412 -0.0226437)
(1.34476 0.00182764 -0.0117207)
(1.59015 0.114694 -0.0431139)
(2.14311 0.214676 -0.0176271)
(1.84057 0.457104 -0.0989443)
(1.621 0.15692 -0.106033)
(2.12829 0.209105 -0.0367462)
(1.31135 -0.0349078 -0.00327574)
(1.05473 -0.0619141 -0.012589)
(1.22207 -0.122332 -0.0304298)
(1.55992 0.182336 -0.016584)
(1.92742 0.256674 -0.0312736)
(1.19773 -0.13471 -0.1004)
(1.59103 0.159838 -0.0297324)
(0.982447 -0.0685759 -0.00587194)
(0.386436 -0.106809 -0.0635805)
(0.485378 -0.118305 -0.13148)
(0.542221 -0.127008 -0.114233)
(0.421495 -0.113569 -0.0564584)
(1.37825 0.020509 -0.043584)
(1.82135 0.409142 -0.135552)
(1.71282 0.140813 -0.191358)
(2.0721 0.241063 -0.0915174)
(1.65467 0.171213 -0.165276)
(2.10698 0.209724 -0.0644281)
(1.37319 0.00131912 -0.0797856)
(1.13454 -0.0531577 -0.010985)
(1.96786 0.212472 -0.0523851)
(1.25717 -0.142147 -0.165597)
(1.60722 0.130967 -0.106859)
(1.21172 -0.154586 -0.136594)
(1.59011 0.138831 -0.068613)
(1.20632 -0.0613742 -0.00502257)
(0.494604 0.0218525 0.114087)
(0.153227 0.000445671 0.0727465)
(-0.0783176 0.266468 0.0993651)
(0.325067 -0.0701473 0.0414561)
(-0.0881167 0.278341 0.0838833)
(0.383835 -0.0800531 0.0309803)
(0.446674 0.0345968 0.14743)
(1.94415 -0.910143 0.0897965)
(1.7195 -0.720745 0.164032)
(1.54644 -1.03775 0.158857)
(1.41732 -1.02622 0.293006)
(2.00451 -0.808833 0.0762849)
(1.68552 -0.768601 0.193691)
(1.53629 -1.07718 0.194025)
(1.87377 -1.21171 0.104932)
(1.42002 -1.08168 0.342507)
(1.60641 -1.0095 0.196011)
(1.44849 -1.25796 0.203721)
(1.65886 -0.913594 0.209821)
(1.51435 -1.19006 0.210516)
(1.77749 -1.32671 0.0956157)
(2.26952 -0.342047 0.134714)
(2.14916 -0.311225 0.0952299)
(1.97103 -0.232369 0.0661129)
(2.11388 -0.407524 0.0627886)
(2.34039 -0.369007 0.0955155)
(2.05774 -0.426563 0.0979977)
(1.91048 -0.224861 0.0934221)
(1.73716 -0.630717 0.235443)
(2.13443 -0.906246 0.199196)
(1.76617 -0.626666 0.141145)
(2.09562 -0.941675 0.257925)
(2.00779 -0.499427 0.179846)
(1.89441 -0.790786 0.0428345)
(2.04174 -0.732585 0.0842038)
(2.43572 -0.926107 0.0951111)
(2.08286 -0.636415 0.0953118)
(2.47522 -0.839051 0.110772)
(1.91243 -0.531526 0.177314)
(2.15987 -0.360065 0.157488)
(2.07274 -0.420724 0.0524384)
(1.91407 -0.563347 0.0913839)
(1.83734 -0.268511 0.0977293)
(1.96305 -0.538289 0.0904404)
(1.85429 -0.252139 0.105881)
(2.06223 -0.384064 0.154435)
(1.67634 -0.629742 0.318427)
(1.96509 -1.10995 0.302879)
(2.03337 -1.01349 0.303469)
(1.60067 -0.662378 0.357731)
(1.62901 0.16762 0.00948256)
(1.92589 0.243488 -0.123703)
(1.37607 -0.0342905 -0.158312)
(1.67707 0.298319 -0.104627)
(1.59164 0.10289 0.0331527)
(1.93751 0.307795 -0.150066)
(1.45659 0.084814 -0.140469)
(1.14615 0.30499 -0.00809187)
(0.74324 0.0398524 -0.0136081)
(1.17942 0.248508 -0.00415394)
(0.896692 0.0958066 0.000397839)
(1.55253 0.0392195 -0.0574876)
(1.89984 -0.0930977 0.0175336)
(2.01001 0.190037 -0.0844605)
(1.9252 0.0551085 0.047972)
(2.00551 0.0839282 -0.0957576)
(1.93936 0.0547683 0.0578342)
(1.59795 0.0937089 -0.0546509)
(1.65725 0.217187 0.00866213)
(1.63534 0.421454 -0.0885429)
(1.88314 0.312029 -0.0905778)
(1.53791 0.163514 -0.0692891)
(1.90837 0.347692 -0.12294)
(1.50221 0.132332 -0.112226)
(1.66808 0.207574 0.0146577)
(1.05455 0.328199 0.0150234)
(1.06223 0.191103 -0.00395969)
(1.00702 0.154839 0.00827903)
(0.929516 0.301808 0.0429942)
(0.736505 0.125626 0.388621)
(0.369446 0.0739738 0.0597512)
(0.164266 -0.0485531 0.23449)
(0.0667748 0.12391 0.201995)
(0.628245 0.0751882 0.343284)
(0.411423 0.0848137 0.0867349)
(0.302313 0.00477576 0.250032)
(0.793174 0.136153 0.427314)
(0.053521 0.15443 0.211887)
(0.526672 0.102912 0.16614)
(0.492024 0.108175 0.233328)
(0.481941 0.0953991 0.126125)
(0.392269 0.048044 0.246137)
(0.930363 0.193883 0.46156)
(1.36157 -1.20564 0.183661)
(1.35836 -1.25934 0.246313)
(0.622635 -1.02555 -0.148737)
(0.651722 -1.13618 -0.131926)
(0.602134 -1.0774 -0.0915394)
(0.603121 -0.932405 0.0659226)
(1.40419 -1.44366 0.0322903)
(1.40114 -1.36345 0.138856)
(1.07869 -1.26675 -0.00493535)
(1.42376 -1.2456 0.169986)
(1.11172 -1.23139 0.0211217)
(0.559187 -0.795127 0.0501674)
(1.29003 -1.35229 0.279327)
(1.33907 -1.27952 0.290053)
(0.643338 -1.18183 -0.0762404)
(0.698437 -1.11043 -0.0355635)
(0.637676 -1.13272 -0.0484143)
(-0.0324227 -0.0039894 -0.0140016)
(-0.0291972 -0.269545 -0.0987096)
(-0.157837 -0.0783445 -0.00355561)
(-0.135413 -0.301487 -0.0676166)
(-0.0571095 -0.0056324 -0.00693577)
(0.050638 -0.207938 -0.104676)
(-0.141978 -0.0757533 -0.00466913)
(-0.0655123 -0.106677 -0.0121219)
(-0.0464004 -0.055844 0.00346567)
(-0.0653945 -0.111968 -0.0149314)
(0.117982 -0.0148798 -0.0280585)
(0.0952659 -0.0065049 -0.00822408)
(-0.00122308 0.0122976 -0.0180029)
(-0.0656298 -0.278975 -0.0615965)
(0.0919727 -0.150337 -0.10617)
(-0.108783 -0.0631745 -0.0160731)
(0.0840253 -0.165843 -0.105722)
(-0.118278 -0.0705658 -0.0082863)
(0.0178821 0.0303253 -0.02401)
(-0.0485969 -0.0614461 -0.000835908)
(-0.0734135 -0.120131 -0.0174418)
(-0.0694305 -0.119578 -0.0180491)
(1.60047 -0.68928 -0.0790301)
(0.441019 -0.495038 -0.257204)
(0.987302 -0.306563 -0.19644)
(1.11153 -0.645387 -0.233982)
(1.00773 -0.525027 0.0811765)
(0.735766 -0.652782 -0.22221)
(1.30784 -0.33905 -0.0829206)
(1.20869 0.594317 0.119348)
(0.492974 0.00797951 0.127888)
(1.56891 0.344511 -0.0684382)
(0.601793 0.294357 0.229432)
(1.12092 0.27678 0.17018)
(0.794017 0.224648 0.271787)
(1.35857 0.321079 0.019622)
(1.73399 -0.633602 -0.337638)
(1.20031 -0.594367 -0.132345)
(0.93902 -0.604216 -0.0494945)
(1.0388 -0.147909 0.209107)
(1.19849 -0.739704 -0.195347)
(1.44231 -0.309111 0.0446342)
(0.811434 -0.333188 -0.305715)
(0.194052 0.520497 -0.0290796)
(0.216563 0.246725 0.410712)
(0.560758 0.282951 0.360107)
(-0.426068 -0.18219 0.101687)
(0.667006 0.326222 0.383164)
(0.309341 0.0984175 0.11702)
(-0.92717 -0.0923073 -0.160294)
(0.417508 -0.465849 -0.117455)
(-0.0205492 -0.0302107 -0.0105789)
(-0.0214073 -0.0365789 -0.0125008)
(-0.111406 -0.119732 0.0736563)
(-0.0369183 -0.102118 -0.00455653)
(-0.154486 -0.0565683 0.064464)
(-0.0346252 -0.0300645 -0.00730718)
(-0.108251 -0.125608 0.0715479)
(-0.0471644 -0.105285 -0.000635685)
(-0.159492 -0.0567884 0.065828)
(-0.102788 -0.16314 0.0592877)
(0.0167496 -0.112457 -0.0187628)
(-0.102428 -0.150048 0.049419)
(0.0114804 -0.124005 0.000896395)
(-0.0810492 -0.156205 0.0641587)
(0.0123097 -0.124747 -0.00423264)
(-0.109356 -0.16185 0.0502978)
(-0.10486 -0.110959 0.0688184)
(-0.0462137 -0.0353362 -0.00213673)
(-0.0532123 -0.10832 0.008726)
(-0.174042 -0.0550055 0.0460563)
(-0.0522106 -0.107013 0.00375923)
(-0.161519 -0.0544638 0.059789)
(-0.106261 -0.105092 0.0561867)
(-0.354574 0.183065 0.0613229)
(0.0186645 0.541865 -0.319257)
(-0.0603416 0.0667987 0.0626613)
(-0.0943181 0.380284 -0.0749172)
(-0.254298 0.36471 -0.00990423)
(-0.281825 0.483609 -0.267044)
(0.0610345 -0.101094 0.0602835)
(-0.40415 -0.0167422 0.279168)
(0.634003 0.0163795 -0.148884)
(0.448967 0.964679 -0.147344)
(1.04223 0.544087 -0.25684)
(-0.681405 -0.0248534 0.272629)
(0.807271 0.212633 -0.271826)
(0.396904 0.983413 -0.159361)
(-0.465775 -0.233237 0.0853414)
(-0.0519557 0.191257 -0.0563283)
(-0.647733 0.280145 -0.175228)
(0.217694 -0.526436 -0.157716)
(-0.588127 0.338493 -0.218842)
(0.201494 -0.363607 -0.0101351)
(-0.312586 -0.539191 -0.0468485)
(0.274807 0.262154 0.196146)
(1.15939 0.626571 -0.233267)
(1.17142 0.588811 -0.345727)
(0.396801 0.77055 -0.243162)
(1.02796 0.432172 -0.320197)
(0.325502 0.934118 -0.24279)
(1.05346 0.700282 -0.0297387)
(0.170802 0.378104 -0.249566)
(0.273886 0.461397 -0.156083)
(-0.0798178 0.275939 -0.0202293)
(-0.078845 0.281186 -0.0202264)
(-0.158863 0.259372 0.0763118)
(-0.1079 0.323142 0.00923906)
(-0.0419944 0.226404 0.0579914)
(-0.198049 0.304757 0.014146)
(-0.16577 0.258186 0.0755677)
(-0.117342 0.324396 0.0129402)
(-0.0217179 0.223859 0.0570121)
(-0.363137 0.161074 0.0928762)
(-0.114007 0.018169 -0.00385006)
(-0.255398 0.0638057 0.0722688)
(-0.210948 0.205651 0.0439963)
(-0.221691 0.058222 0.0750706)
(-0.194879 0.205222 0.031299)
(-0.382647 0.159667 0.0944326)
(-0.169164 0.259719 0.0781485)
(-0.210137 0.305433 0.0154959)
(-0.13609 0.324749 0.0275867)
(-0.00297373 0.219446 0.0569467)
(-0.129121 0.324882 0.0184175)
(-0.0140685 0.219749 0.0569395)
(-0.184344 0.261456 0.0793606)
(0.945243 1.34849 -0.0815199)
(1.41282 1.14965 -0.136063)
(1.74772 1.19006 -0.178885)
(1.80089 0.535717 -0.091191)
(0.963513 1.30629 -0.176401)
(1.41451 1.11847 -0.0722665)
(1.73033 1.14299 -0.101339)
(1.77935 1.40602 -0.284048)
(1.75698 1.35682 -0.161326)
(0.864362 1.03317 0.00577334)
(0.818584 1.16598 0.0476256)
(0.771104 1.19346 -0.0116331)
(1.01216 1.29063 0.0232672)
(1.68242 0.541849 -0.0536707)
(1.35692 1.05067 0.0322801)
(1.71065 1.15776 0.0543583)
(1.37745 1.06951 0.00462283)
(1.72265 1.11126 -0.0152381)
(1.09332 1.22792 0.146353)
(1.73205 1.35561 0.108347)
(1.7423 1.33359 -0.0193124)
(-0.115426 0.113757 -0.0268785)
(-0.054852 0.297151 -0.0104557)
(-0.11769 0.117914 -0.0286783)
(-0.163576 0.115284 0.133857)
(-0.123228 0.0933601 0.133656)
(0.00806441 -0.0126463 0.0504487)
(-0.178666 0.148301 0.0326535)
(-0.240904 0.231143 0.0473163)
(-0.256851 0.229091 0.0227019)
(-0.0139104 -0.00913401 0.0590736)
(-0.144243 0.140809 0.0351124)
(-0.144805 0.204312 0.0422026)
(-0.0604628 0.292878 -0.0128942)
(-0.126573 0.110338 -0.024128)
(-0.123314 0.117353 -0.0301736)
(-0.0639293 0.0565761 0.0829276)
(-0.0865564 0.0720289 0.117317)
(0.0382614 -0.0207583 0.0367299)
(-0.146582 0.175893 0.0302792)
(-0.0807361 0.0989506 0.0427258)
(0.0497465 0.135684 0.0210754)
(-0.111574 0.120677 0.039059)
(-0.0368498 0.166892 0.0373842)
(0.0652676 -0.0281536 0.0163481)
(2.2891 1.05498 -0.153621)
(1.93309 1.28343 -0.185819)
(2.00609 1.03114 -0.17628)
(1.62092 1.22883 -0.106892)
(2.30391 1.21857 -0.151411)
(1.91624 1.27466 -0.132343)
(2.00475 0.971408 -0.151352)
(2.28147 0.833501 -0.131515)
(1.70142 1.26024 -0.0269492)
(1.89816 1.24906 0.021391)
(1.93295 0.922701 -0.0313313)
(1.94028 1.22613 -0.0590327)
(2.00685 0.894909 -0.102731)
(2.17197 0.798438 -0.0886254)
(2.3427 0.68249 -0.170082)
(2.756 1.05651 0.0111589)
(2.55894 0.886194 0.0076831)
(2.15587 0.939787 -0.00319782)
(2.30428 0.700799 -0.160239)
(2.78513 1.02502 -0.00540202)
(2.54896 0.847908 -0.00732377)
(2.2514 0.442849 -0.287082)
(2.12768 0.325637 -0.227626)
(2.25376 0.808078 -0.00269027)
(2.48514 0.542999 -0.0734033)
(2.21514 0.481874 -0.266261)
(2.16353 0.288333 -0.258992)
(2.24477 0.762947 -0.0395652)
(1.83615 0.737038 -0.372911)
(2.2868 1.14893 -0.137079)
(2.37363 1.15799 -0.195439)
(1.77972 0.703942 -0.32095)
(2.35062 0.618789 -0.160186)
(2.10609 0.806367 -0.0182652)
(2.70145 0.890557 0.00401894)
(2.42184 0.654084 -0.0265224)
(2.77224 0.938013 -0.0128911)
(2.49895 0.743165 -0.0103022)
(2.31307 0.565638 -0.135808)
(2.27294 0.407786 -0.282422)
(2.45454 0.419968 -0.105643)
(2.20564 0.247811 -0.261012)
(2.16069 0.472966 -0.0880018)
(2.19469 0.265422 -0.272027)
(2.21207 0.641049 -0.0650375)
(2.26162 0.379727 -0.259403)
(0.505612 -0.119285 -0.028135)
(0.439294 -0.107482 -0.138029)
(0.467382 -0.116658 -0.0398571)
(0.411307 -0.105183 -0.136295)
(1.52049 0.0277632 -0.154343)
(1.83041 0.128172 -0.206592)
(2.06568 0.24428 -0.124947)
(1.99864 0.31105 -0.171869)
(1.40884 0.00189374 -0.120842)
(1.95238 0.126182 -0.224279)
(2.10674 0.167449 -0.14957)
(1.3197 0.0162595 -0.0204171)
(1.36675 -0.0941306 -0.175699)
(1.64183 0.096666 -0.156342)
(1.93749 -0.0038589 -0.127446)
(1.2658 -0.0431942 -0.0127676)
(1.52643 -0.0608765 -0.180559)
(1.66837 0.0449494 -0.185638)
(0.540142 -0.127133 -0.0251815)
(0.411344 -0.12013 -0.105665)
(0.397753 -0.109329 -0.125932)
(0.583044 -0.137966 -0.0251723)
(1.6429 0.0155126 -0.172834)
(1.99949 0.199947 -0.171589)
(2.07193 0.0744629 -0.228862)
(2.1604 -0.0785406 -0.1295)
(2.03215 0.100879 -0.236162)
(2.15806 0.0718852 -0.142897)
(1.72252 -0.021621 -0.168937)
(1.38697 0.0596588 -0.0262054)
(1.95721 -0.0779617 -0.122158)
(1.73261 -0.0339713 -0.147304)
(1.7008 -0.0489944 -0.164573)
(1.63489 -0.0302929 -0.172733)
(1.69465 0.00780295 -0.180495)
(1.46796 0.0767928 -0.0301705)
(0.349928 0.0449176 0.224192)
(0.141257 -0.0195293 0.117617)
(0.0448727 0.136752 0.0773501)
(0.149987 -0.0459865 0.0980609)
(-0.0103082 0.185213 0.0999649)
(0.184196 -0.0456037 0.0820838)
(0.3235 0.0407838 0.218457)
(1.79771 -1.50704 0.134154)
(1.59095 -1.08556 0.186594)
(1.47908 -1.33979 0.178489)
(1.44293 -1.32928 0.171211)
(1.76243 -1.41383 0.108972)
(1.63905 -1.15365 0.186744)
(1.55779 -1.40054 0.177269)
(1.77076 -1.80389 0.130081)
(1.33087 -1.16309 0.0740399)
(1.53839 -1.10838 0.0732508)
(1.27992 -1.26189 0.0652772)
(1.63828 -1.14739 0.168717)
(1.48409 -1.38901 0.155538)
(1.61368 -2.01447 0.0427666)
(1.99081 -0.453537 0.11376)
(1.93414 -0.548027 0.0775134)
(1.85364 -0.276093 0.0921364)
(2.10475 -0.344771 0.0806682)
(2.00548 -0.430423 0.136722)
(1.97123 -0.565876 0.0877628)
(1.84067 -0.283454 0.0882508)
(1.46255 -0.791369 0.256936)
(1.88628 -1.21489 0.280982)
(1.49649 -0.70384 0.343163)
(1.87884 -1.36509 0.241638)
(1.74364 -0.651461 0.110325)
(1.99627 -1.4311 0.046101)
(2.04472 -1.12376 0.0260255)
(2.19705 -1.27332 0.0391842)
(2.07449 -1.06786 0.0560582)
(2.30389 -1.29672 0.104635)
(1.66447 -0.587011 0.0497314)
(1.93833 -0.446443 0.0770444)
(2.0825 -0.473163 0.0704838)
(1.94322 -0.747526 0.0330374)
(1.65908 -0.225079 0.0259932)
(1.96767 -0.678052 0.0688955)
(1.76263 -0.277861 0.0635111)
(1.85227 -0.383365 0.0324135)
(1.45776 -0.774886 0.12957)
(1.71092 -1.30795 0.0596359)
(1.8444 -1.3694 0.169437)
(1.38091 -0.706649 0.0449895)
(1.59127 0.161397 0.0594233)
(1.81655 0.269584 -0.0598009)
(1.62384 0.198009 -0.0278132)
(1.79467 0.353538 0.00431777)
(1.62593 0.183915 0.0298682)
(1.75826 0.163589 -0.000341054)
(1.57452 0.0779624 -0.000168252)
(0.805801 0.21173 0.0435539)
(1.03355 0.205489 -0.0344795)
(0.821641 0.252958 0.0408147)
(0.870693 0.179726 -0.0650126)
(1.44109 0.145002 0.00957593)
(1.88914 -0.138973 0.0501592)
(1.90774 -0.199919 -0.00394744)
(1.72102 0.0673565 0.0120171)
(2.01773 -0.0865009 -0.0186389)
(1.83509 0.0168539 0.0244674)
(1.27652 0.16298 0.00750787)
(1.43306 0.0278349 0.0449783)
(1.91383 0.218469 0.0131795)
(1.5626 -0.115333 -0.00381226)
(1.29361 -0.0741966 0.0113094)
(1.61907 -0.0348641 0.00323331)
(1.52518 0.0216097 0.0178812)
(1.33209 -0.0582308 0.00957866)
(0.670141 0.156169 0.0273562)
(0.496895 0.116696 -0.0279518)
(0.660534 0.149364 -0.0727303)
(0.544386 0.137442 0.00578715)
(1.04069 0.207106 0.454863)
(0.540869 0.0852106 0.19301)
(0.516508 0.146001 0.212114)
(0.036969 0.188222 0.203248)
(0.967032 0.190404 0.472106)
(0.430209 0.0500226 0.193767)
(0.614161 0.23401 0.191966)
(1.05093 0.198091 0.359527)
(-0.0553194 0.180555 0.1532)
(-0.250268 -0.100263 0.0646155)
(0.784205 0.415208 0.0536674)
(0.097133 -0.0178724 0.168672)
(0.694125 0.32542 0.135558)
(1.15231 0.215911 0.140987)
(1.36477 -1.40761 0.227546)
(1.47065 -1.46512 0.208413)
(0.932472 -1.06222 0.0129055)
(0.75621 -1.1268 0.140719)
(1.00724 -1.01702 0.144157)
(0.580811 -0.84524 0.166879)
(1.637 -1.70198 -0.0368583)
(1.1356 -1.32907 0.0305211)
(0.762551 -1.3309 0.000462281)
(1.46748 -1.40069 0.0972932)
(1.0573 -1.38483 0.00199851)
(0.404394 -0.865512 0.0970734)
(1.09239 -1.48468 0.10049)
(1.38279 -1.43234 0.195314)
(0.486332 -1.10578 0.183536)
(0.447928 -1.18406 0.0702702)
(0.680219 -1.12611 0.180933)
(0.0290417 0.0609004 -0.0298667)
(0.0846037 -0.134561 -0.104828)
(-0.10858 -0.0545979 -0.0161417)
(0.00652446 -0.201661 -0.0557766)
(0.02791 0.0475971 -0.0286296)
(0.0824014 -0.123612 -0.0932691)
(-0.109529 -0.0470361 -0.0231457)
(-0.0803679 -0.117408 -0.0166551)
(-0.060388 -0.0671132 -0.0060277)
(-0.0848517 -0.115334 -0.0152298)
(0.321186 0.0787695 -0.0174398)
(0.267524 0.0454117 -0.0420157)
(0.02774 0.0710106 -0.0227311)
(0.0223677 -0.159522 -0.0411687)
(0.106286 -0.0862911 -0.0242664)
(-0.115748 -0.0384146 -0.00592626)
(0.0985196 -0.0924002 -0.0658375)
(-0.114414 -0.0409456 -0.0180502)
(0.0271238 0.076508 -0.00742516)
(-0.0659229 -0.0672939 -0.00406155)
(-0.0923213 -0.111387 -0.00301469)
(-0.090489 -0.112139 -0.00986019)
(-0.323803 -0.218912 0.000368145)
(1.53107 -0.477193 0.0303041)
(0.781725 -0.0622662 0.232547)
(1.24816 -0.312692 0.181511)
(0.461802 -0.246943 -0.223986)
(1.80146 -0.611486 0.182449)
(0.45086 0.0225623 0.243997)
(-0.486242 -0.509226 -0.33325)
(0.566106 0.258576 0.205914)
(-0.60385 -0.166825 0.0147379)
(-0.220186 0.339542 0.209335)
(-1.11583 -0.437218 -0.227285)
(0.35759 0.149359 0.0583396)
(-0.402675 -0.0224945 -0.140849)
(-0.997577 -0.125426 0.0280419)
(0.74911 -0.00173413 0.241692)
(-0.542307 0.342884 0.0466218)
(0.727279 0.175724 0.0119259)
(0.513321 -0.233515 0.284411)
(0.517192 0.0829008 0.0975794)
(-1.19491 0.0208483 -0.057609)
(0.122691 -0.453618 -0.241823)
(-0.447751 0.313934 0.107863)
(-0.0668889 0.0586701 0.0263146)
(0.129899 0.0754272 -0.042696)
(0.0888413 0.0541659 0.034243)
(0.087524 0.0552473 -0.149542)
(-0.00412132 -0.424875 -0.0799511)
(0.133043 -0.182243 0.233438)
(-0.0276986 -0.0512988 -0.00655122)
(-0.0287645 -0.0522756 -0.00318306)
(-0.0734167 -0.10985 0.0280786)
(-0.0461383 -0.108423 0.0144858)
(-0.170812 -0.0541 0.0314975)
(-0.0319276 -0.0395581 0.0199029)
(-0.097398 -0.102195 0.0427099)
(-0.0313296 -0.107128 0.017396)
(-0.146108 -0.0624192 0.0184868)
(-0.0661578 -0.183041 0.0171556)
(0.000381213 -0.108071 -0.00362018)
(-0.109748 -0.177223 0.00553822)
(0.063738 -0.0963079 0.00321591)
(-0.119085 -0.167405 0.0133282)
(0.0523524 -0.102799 0.00830037)
(-0.0450718 -0.189933 0.00576598)
(-0.0420124 -0.122377 0.0157995)
(-0.00874112 -0.0351637 0.0180953)
(-0.00177158 -0.100985 0.00573778)
(-0.0751026 -0.0780264 0.00254627)
(-0.0138697 -0.104057 0.0148788)
(-0.108262 -0.0724443 0.00919916)
(-0.0150976 -0.130288 0.00497335)
(0.426157 0.205938 -0.159782)
(-0.727954 0.361183 -0.134819)
(0.215856 -0.387384 -0.260935)
(-0.0201599 0.112659 0.00727439)
(0.101186 -0.161134 -0.146534)
(-0.796212 0.381129 -0.156844)
(0.301352 -0.204217 -0.247318)
(0.813739 0.528816 -0.170689)
(1.02252 0.485887 -0.312098)
(0.0305008 0.361094 -0.243238)
(1.02821 0.375434 0.0216382)
(0.938914 0.680457 -0.218449)
(0.948239 0.329228 -0.240234)
(-0.278665 0.0614994 -0.188571)
(0.77405 0.234057 -0.111636)
(-0.0487019 0.0771794 -0.0190276)
(-0.546322 0.3376 -0.0428785)
(0.33277 -0.25623 -0.0464611)
(-0.618836 0.344755 -0.140501)
(0.393708 -0.171301 -0.150415)
(0.690993 0.186409 -0.037393)
(0.968395 0.501156 -0.0819658)
(0.782227 0.422873 -0.0409137)
(0.987469 0.133785 -0.0530486)
(-0.349426 0.207017 -0.0669872)
(0.978775 0.217707 -0.132559)
(-0.358701 0.0635913 -0.159445)
(1.10543 0.545726 -0.0362158)
(0.20878 0.340439 0.282873)
(0.264364 0.329472 0.306023)
(-0.0745079 0.298551 -0.00934113)
(-0.0738795 0.305114 -0.00550404)
(-0.141147 0.28091 0.0589464)
(-0.125759 0.323997 0.0355129)
(0.0215259 0.223068 0.048939)
(-0.227956 0.31877 0.0151851)
(-0.169511 0.269446 0.0727383)
(-0.10475 0.323609 0.0373914)
(0.0472463 0.228294 0.0390202)
(-0.208352 0.131983 0.0475057)
(-0.075238 0.0143175 0.0381785)
(-0.0311565 0.0118236 0.0113552)
(-0.0926693 0.212984 0.019923)
(-0.103852 0.0217635 0.0342936)
(-0.128549 0.207756 0.0529258)
(-0.132818 0.136251 0.0155808)
(-0.0935473 0.298681 0.0377391)
(-0.22851 0.323505 0.00956346)
(-0.0542588 0.324809 0.0106972)
(0.07831 0.233331 0.00675588)
(-0.0748387 0.323718 0.0298676)
(0.0655541 0.231153 0.0242742)
(-0.0567908 0.308946 0.0113588)
(0.930405 1.12363 0.315213)
(1.21802 1.07224 0.0398939)
(1.58326 1.2596 0.0986548)
(1.40165 0.916285 -0.0794344)
(1.00467 1.18641 0.27965)
(1.09905 1.12983 0.00940913)
(1.45566 1.34122 0.0947835)
(1.65912 1.38388 0.218021)
(1.57037 1.42062 0.231434)
(0.534278 1.07104 0.167366)
(0.373243 0.998907 0.0797457)
(0.627097 1.01052 0.139263)
(0.753356 1.16505 0.328646)
(1.4085 0.971733 -0.0878105)
(0.595146 1.33919 -0.000597973)
(0.914153 1.5372 0.0448956)
(0.883429 1.24257 -0.0230906)
(1.29232 1.41069 0.0628942)
(0.364094 1.04805 0.203297)
(1.24808 1.47446 0.164651)
(1.51831 1.41173 0.237174)
(-0.137346 0.103765 -0.0182134)
(-0.0791215 0.284564 -0.00590958)
(-0.146042 0.0988733 -0.00913308)
(-0.0510668 0.0485316 0.0416622)
(-0.0278105 0.0373993 0.0118969)
(0.0664268 -0.0264693 -0.0226092)
(-0.0874871 0.0835681 0.045289)
(0.0995669 0.11244 0.005865)
(0.0577618 0.060838 0.0262879)
(0.078547 -0.0322703 -0.00511268)
(-0.103886 0.0730195 0.0371136)
(0.103655 0.105691 -0.0100985)
(-0.0874898 0.287604 -0.00231271)
(-0.166711 0.0973648 -0.00126465)
(-0.160793 0.0969619 -0.00228553)
(0.0184954 0.0132685 -0.00501461)
(-0.00609502 0.0271102 -0.00351292)
(0.0457323 -0.0200278 -0.0248725)
(0.0474226 0.0417865 0.0172002)
(-0.203335 0.0760949 0.00680058)
(0.098011 0.0993306 -0.00639234)
(-0.165976 0.0745622 0.0272099)
(0.105525 0.0983917 -0.0172777)
(0.0288294 -0.0141051 -0.010135)
(1.88284 0.955074 -0.0480313)
(1.74636 1.35039 0.0780321)
(1.79456 0.988183 0.00569863)
(1.69912 1.3528 0.153411)
(1.97164 0.93392 -0.0718482)
(1.65564 1.35893 0.0972054)
(1.71199 0.9876 0.0246671)
(1.67989 1.12396 -0.0414625)
(1.64936 1.39779 0.162051)
(1.24636 1.51914 0.0476793)
(1.40327 1.0677 0.0209813)
(1.52171 1.43224 0.0757372)
(1.56188 1.02685 0.0286205)
(1.52131 1.20916 -0.0212896)
(2.26946 0.453649 -0.0870458)
(2.60433 0.889495 0.00572027)
(2.33347 0.582104 -0.0289651)
(1.979 0.716396 -0.00962259)
(2.27779 0.518582 -0.118177)
(2.55153 0.811809 0.00941592)
(2.29645 0.493009 -0.012984)
(2.23037 0.300016 -0.167687)
(2.22432 0.213923 -0.225975)
(2.10371 0.315379 -0.0852569)
(2.26524 0.0200493 -0.0908549)
(2.24132 0.341766 -0.223411)
(2.24716 0.186298 -0.1703)
(2.09055 0.195202 -0.0629562)
(1.6241 0.604296 -0.0951064)
(1.95012 1.03102 -0.00193776)
(2.03358 1.02672 -0.0284883)
(1.58042 0.612049 -0.0162642)
(2.24703 0.409949 -0.0584437)
(1.99013 0.695037 -0.00915623)
(2.50399 0.734025 0.00663567)
(2.29845 0.40414 0.00436282)
(2.52016 0.76637 0.00145448)
(2.29708 0.426498 -0.0160167)
(2.22997 0.39302 -0.00797872)
(2.21223 0.264777 -0.105158)
(2.27495 -0.0329875 -0.063164)
(2.25739 0.163687 -0.0245961)
(2.1314 0.0992234 -0.00524045)
(2.25863 0.158185 -0.105106)
(2.1177 0.114987 -0.0473955)
(2.19507 0.266444 -0.0230166)
(0.585939 -0.159255 -0.0167392)
(0.449051 -0.132444 -0.0770321)
(0.599436 -0.149478 -0.0219683)
(0.501158 -0.145601 -0.0451978)
(1.81261 -0.0982986 -0.11059)
(2.08784 0.0459158 -0.19982)
(2.14087 -0.187198 -0.107362)
(1.9553 -0.170075 -0.0944443)
(1.77393 -0.0703563 -0.146131)
(2.09794 0.0320566 -0.154344)
(2.14905 -0.24636 -0.0756519)
(1.58496 0.0643214 -0.0148869)
(1.77816 -0.0502916 -0.127193)
(1.72583 -0.082797 -0.126283)
(1.99813 -0.287737 -0.0555611)
(1.54589 0.0698658 -0.0207332)
(1.84821 -0.0740257 -0.0853246)
(1.7483 -0.0918531 -0.0894033)
(0.56892 -0.166987 -0.0123259)
(0.55641 -0.16096 -0.00207368)
(0.544452 -0.156776 -0.0205808)
(0.549353 -0.168632 0.000960312)
(1.83331 -0.119938 -0.0721315)
(1.99222 -0.219069 -0.0641493)
(2.08997 0.0353709 -0.0192032)
(2.15766 -0.285352 -0.00903597)
(2.10004 0.0182071 -0.0967233)
(2.16119 -0.284231 -0.0527732)
(1.82995 -0.114479 -0.0169139)
(1.60209 0.0629336 -0.00758908)
(2.02355 -0.335692 -0.0427303)
(1.91147 -0.118655 -0.0135471)
(1.7815 -0.096371 -0.0139559)
(1.90152 -0.111074 -0.0601828)
(1.77169 -0.0992386 -0.0537743)
(1.60296 0.0699853 -0.00200578)
(0.623915 -0.0731667 0.114168)
(0.317716 -0.201882 0.067775)
(0.398731 -0.0940931 -0.00132012)
(0.259486 -0.0916922 0.0352356)
(0.310025 -0.0412937 0.0112954)
(0.197596 -0.0857365 0.0929253)
(0.767452 -0.115531 0.038935)
)
;

boundaryField
{
    inlet
    {
        type            fixedValue;
        value           uniform (1 0 0);
    }
    outlet
    {
        type            zeroGradient;
    }
    up
    {
        type            slip;
    }
    down
    {
        type            slip;
    }
    frontAndBack
    {
        type            slip;
    }
    cylinder
    {
        type            fixedValue;
        value           uniform (0 0 0);
    }
}


// ************************************************************************* //
