/*--------------------------------*- C++ -*----------------------------------*\
  =========                 |
  \\      /  F ield         | OpenFOAM: The Open Source CFD Toolbox
   \\    /   O peration     | Website:  https://openfoam.org
    \\  /    A nd           | Version:  8
     \\/     M anipulation  |
\*---------------------------------------------------------------------------*/
FoamFile
{
    version     2.0;
    format      ascii;
    class       volScalarField;
    location    "0.373";
    object      T;
}
// * * * * * * * * * * * * * * * * * * * * * * * * * * * * * * * * * * * * * //

dimensions      [0 0 0 1 0 0 0];

internalField   nonuniform List<scalar> 
10000
(
50
4.65371
-4.65325
-1.18557
1.18339
0.460284
-0.453931
-0.23427
0.2202
0.147787
-0.121759
-0.110868
0.0687603
0.0931824
-0.0323827
-0.0813494
0.00266552
0.067973
0.0223983
-0.0489789
-0.0405017
0.0237259
0.0473717
0.00421801
-0.0396814
-0.0272894
0.0185209
0.0365782
0.00824197
-0.0271351
-0.0274527
0.00352456
0.0276229
0.0194432
-0.00853958
-0.0250292
-0.0147688
0.0089407
0.0217972
0.0132001
-0.00637356
-0.0183432
-0.0135301
0.00182531
0.0139942
0.0140288
0.0036922
-0.0079801
-0.0126546
-0.00833742
0.000662712
0.00793435
0.00945602
0.00545108
-0.000786736
-0.00551804
-0.00669057
-0.00454492
-0.000849081
0.00239582
0.00395096
0.00365374
0.00214104
0.000320739
-0.00108212
-0.00173834
-0.0016916
-0.00120257
-0.000574908
-3.68063e-05
0.000301854
0.000434158
0.000413802
0.00031238
0.000190631
8.64207e-05
1.52136e-05
-2.3197e-05
-3.68594e-05
-3.5614e-05
-2.76698e-05
-1.84131e-05
-1.05963e-05
-5.10936e-06
-1.80387e-06
-1.18292e-07
5.49054e-07
6.73095e-07
5.64698e-07
3.96181e-07
2.45545e-07
1.36752e-07
6.82339e-08
2.97002e-08
1.03411e-08
1.88769e-09
-1.12204e-09
-1.60487e-09
-1.45863e-09
-7.52387e-10
95.3464
49.9998
10.4923
-4.65172
-2.82877
1.17809
1.14795
-0.441367
-0.601879
0.196145
0.380489
-0.0819865
-0.273666
0.0103605
0.208818
0.0443674
-0.154977
-0.0869497
0.0982329
0.112969
-0.0356218
-0.114753
-0.0260724
0.0873533
0.0722387
-0.0350093
-0.0864107
-0.0249326
0.0607472
0.0655605
-0.00649056
-0.0642044
-0.0449996
0.021203
0.0586318
0.0319734
-0.0242411
-0.0512479
-0.026814
0.0199612
0.0440114
0.0271849
-0.0108042
-0.0357653
-0.0295761
-0.00147587
0.0243145
0.0295426
0.0138081
-0.0089172
-0.0227775
-0.0207245
-0.0068912
0.00856285
0.0168372
0.0150708
0.00632131
-0.00363118
-0.00993691
-0.0107357
-0.00711692
-0.00171652
0.00290974
0.00531377
0.00535032
0.00377118
0.00161968
-0.000251322
-0.00139979
-0.00177829
-0.00158763
-0.00110952
-0.00058591
-0.000164993
9.89634e-05
0.000217255
0.000232501
0.000191993
0.000132946
7.79956e-05
3.69953e-05
1.12923e-05
-2.0323e-06
-7.1143e-06
-7.62833e-06
-6.1677e-06
-4.24994e-06
-2.58766e-06
-1.39988e-06
-6.59505e-07
-2.515e-07
-5.55388e-08
2.15512e-08
4.06194e-08
3.62627e-08
2.56668e-08
1.5861e-08
8.76431e-09
4.62447e-09
1.64333e-09
104.653
89.5078
49.9995
12.1353
-4.64857
-3.51638
1.16859
1.51602
-0.421163
-0.83609
0.160658
0.546376
-0.0276068
-0.394318
-0.0637174
0.289232
0.13397
-0.192802
-0.18125
0.0912386
0.194786
0.0116264
-0.164445
-0.0974684
0.0908568
0.140543
0.00628896
-0.12187
-0.0885959
0.0469334
0.114509
0.0451898
-0.0676885
-0.0962943
-0.020249
0.0693583
0.080578
0.0118799
-0.0613045
-0.0704181
-0.0153531
0.0473144
0.0632756
0.0257
-0.0279571
-0.0539348
-0.0369135
0.00427984
0.0371722
0.0410582
0.0183368
-0.0122084
-0.0309285
-0.0293594
-0.012386
0.00788676
0.0205575
0.0212564
0.0124892
0.000431947
-0.00902957
-0.012828
-0.0111215
-0.00615617
-0.000657038
0.00338539
0.00518249
0.00497667
0.00355832
0.00178381
0.000271669
-0.000691175
-0.00109355
-0.00108131
-0.000844096
-0.000541762
-0.000274655
-8.5589e-05
2.2871e-05
6.86821e-05
7.51609e-05
6.23317e-05
4.37582e-05
2.67746e-05
1.41884e-05
6.17732e-06
1.7667e-06
-2.61119e-07
-9.31831e-07
-9.51314e-07
-7.34084e-07
-4.86063e-07
-2.87189e-07
-1.53076e-07
-7.29778e-08
-3.01449e-08
-9.45167e-09
-1.22935e-09
1.89567e-09
1.68045e-09
101.185
104.653
87.8647
49.9991
12.823
-4.64324
-3.88516
1.15386
1.75229
-0.392029
-1.00621
0.1126
0.674077
0.0416615
-0.484655
-0.151965
0.338797
0.23225
-0.196819
-0.273188
0.0504563
0.259194
0.0849117
-0.182579
-0.177402
0.0572011
0.193768
0.0749592
-0.122937
-0.154538
-0.00306092
0.137094
0.111307
-0.0327189
-0.128224
-0.0822396
0.0418889
0.112845
0.069385
-0.0338375
-0.0960471
-0.0680255
0.0144447
0.0759853
0.0703744
0.0115678
-0.0486611
-0.0666547
-0.0365471
0.0136225
0.0480694
0.0481697
0.0201407
-0.0146236
-0.0357157
-0.0348842
-0.0172833
0.0048476
0.0202878
0.0239298
0.0172997
0.00581394
-0.0047917
-0.0109337
-0.0118657
-0.00895986
-0.0044262
-0.000209008
0.0025806
0.00370335
0.00351207
0.0025921
0.00148287
0.000538684
-8.94091e-05
-0.000401664
-0.000477726
-0.000416718
-0.000301529
-0.000185654
-9.48214e-05
-3.52035e-05
-2.40535e-06
1.16764e-05
1.48274e-05
1.28283e-05
9.23306e-06
5.83148e-06
3.27732e-06
1.62213e-06
6.74141e-07
1.96469e-07
-7.00114e-09
-7.01744e-08
-7.23687e-08
-5.47368e-08
-3.55338e-08
-2.04579e-08
-1.14316e-08
-4.36949e-09
98.8162
102.829
104.65
87.1769
49.9985
13.1923
-4.63519
-4.12331
1.13295
1.92673
-0.352828
-1.14173
0.051168
0.776279
0.125504
-0.549483
-0.252018
0.358986
0.334153
-0.168602
-0.355377
-0.0194281
0.298589
0.174581
-0.165285
-0.252182
-0.0094107
0.219131
0.15727
-0.0855018
-0.204464
-0.0791167
0.121846
0.171119
0.0346098
-0.124281
-0.142772
-0.0198363
0.109673
0.124649
0.0261612
-0.0847361
-0.112097
-0.0447227
0.0503839
0.0957749
0.0648998
-0.00834412
-0.0663164
-0.0726363
-0.0319669
0.0221844
0.055059
0.0518919
0.0215669
-0.0143692
-0.036647
-0.0376497
-0.0219373
-0.00051232
0.0162042
0.022827
0.019693
0.0108206
0.00105047
-0.00609877
-0.00924804
-0.00884471
-0.00630115
-0.0031393
-0.000454202
0.00124945
0.00195604
0.00192727
0.00150105
0.000961325
0.000485807
0.000149908
-4.23453e-05
-0.000123196
-0.000134241
-0.000111112
-7.79013e-05
-4.76094e-05
-2.51915e-05
-1.09375e-05
-3.09822e-06
5.00004e-07
1.68483e-06
1.7128e-06
1.32123e-06
8.76118e-07
5.19383e-07
2.78537e-07
1.3435e-07
5.6831e-08
1.91035e-08
3.70388e-09
-2.24878e-09
-2.38276e-09
99.54
98.8206
103.517
104.646
86.8075
49.9978
13.4316
-4.62393
-4.30126
1.10495
2.06958
-0.302583
-1.25622
-0.0240972
0.858482
0.223008
-0.590308
-0.36073
0.35022
0.433977
-0.110274
-0.420584
-0.112177
0.307109
0.269609
-0.112346
-0.308742
-0.100247
0.208037
0.236927
-0.0127201
-0.222915
-0.164771
0.0662355
0.204533
0.118424
-0.0781002
-0.178734
-0.0992893
0.0638267
0.152729
0.0991861
-0.0323284
-0.122805
-0.105759
-0.00980105
0.0817451
0.103539
0.0514227
-0.0275909
-0.0779454
-0.0734214
-0.0267465
0.0273523
0.0577303
0.0533382
0.0238901
-0.0108209
-0.033636
-0.037505
-0.0257022
-0.00715815
0.00918174
0.0180495
0.0186848
0.013531
0.00616294
-0.000412661
-0.00457361
-0.0060715
-0.00554954
-0.00396631
-0.00216825
-0.000689106
0.000261942
0.000708386
0.000789486
0.000666757
0.000470514
0.000282085
0.000138514
4.6656e-05
-2.29128e-06
-2.20698e-05
-2.52899e-05
-2.10501e-05
-1.47957e-05
-9.16993e-06
-5.05954e-06
-2.44977e-06
-9.83508e-07
-2.61052e-07
3.63241e-08
1.21125e-07
1.16529e-07
8.5172e-08
5.36606e-08
3.00519e-08
1.60509e-08
5.75055e-09
100.455
98.852
98.829
103.886
104.639
86.568
49.9969
13.6116
-4.60893
-4.44982
1.06902
2.19519
-0.240485
-1.35601
-0.113293
0.922667
0.332673
-0.60712
-0.474269
0.312837
0.525665
-0.0250166
-0.462237
-0.220022
0.281222
0.358318
-0.0273957
-0.335968
-0.202945
0.157264
0.297403
0.085395
-0.200073
-0.240337
-0.022605
0.196808
0.196823
0.00449667
-0.172636
-0.172075
-0.0171386
0.136264
0.15795
0.0480419
-0.0873178
-0.139935
-0.0827867
0.0261502
0.102923
0.101321
0.0356527
-0.0420577
-0.0832757
-0.0713613
-0.0233804
0.028014
0.0562676
0.0530344
0.0272196
-0.0043139
-0.0269299
-0.0340331
-0.0273067
-0.0132688
0.000972538
0.0106485
0.0142362
0.0127812
0.00854308
0.00375923
-6.82578e-05
-0.00233358
-0.00312473
-0.00289059
-0.00214835
-0.00130668
-0.000605361
-0.000132969
0.000121402
0.000214967
0.000212837
0.000167615
0.000113165
6.6629e-05
3.36147e-05
1.33997e-05
2.761e-06
-1.7895e-06
-3.01789e-06
-2.7483e-06
-2.00811e-06
-1.28004e-06
-7.31192e-07
-3.75663e-07
-1.70453e-07
-6.46413e-08
-1.57788e-08
1.9018e-09
7.91479e-09
5.61526e-09
100.234
100.443
98.4834
98.8423
104.124
104.63
86.3878
49.9959
13.7634
-4.58973
-4.58392
1.02437
2.31069
-0.1659
-1.44382
-0.21615
0.969018
0.452441
-0.599328
-0.588251
0.247657
0.603106
0.0827161
-0.474911
-0.333937
0.220151
0.42926
0.082256
-0.325929
-0.302871
0.0695424
0.324385
0.193414
-0.133712
-0.286681
-0.129045
0.142213
0.247113
0.106469
-0.118006
-0.213064
-0.112454
0.0721168
0.177101
0.12991
-0.0110744
-0.126701
-0.1375
-0.0525288
0.0555961
0.113178
0.0933738
0.022135
-0.0500027
-0.0833064
-0.0683172
-0.0229829
0.0240964
0.05093
0.0507694
0.0306409
0.00393919
-0.0173492
-0.0271157
-0.0255384
-0.0167902
-0.00604177
0.00275563
0.00775858
0.00900644
0.00763829
0.00507452
0.00246411
0.000465435
-0.000720788
-0.00119546
-0.00119037
-0.000942608
-0.000629782
-0.000354373
-0.000156615
-3.7259e-05
2.14052e-05
4.11333e-05
4.02271e-05
3.11124e-05
2.07726e-05
1.2286e-05
6.42693e-06
2.87983e-06
9.8583e-07
1.15446e-07
-1.98271e-07
-2.5086e-07
-2.05594e-07
-1.40415e-07
-8.55461e-08
-4.70987e-08
-2.52347e-08
-9.35034e-09
99.7789
100.602
100.424
98.2463
98.8617
104.303
104.617
86.2356
49.9948
13.9023
-4.56585
-4.71135
0.970281
2.41965
-0.0783767
-1.52047
-0.332032
0.996802
0.579734
-0.566297
-0.697892
0.156298
0.660462
0.20717
-0.454765
-0.44409
0.126106
0.472184
0.206162
-0.274852
-0.384812
-0.0465829
0.308009
0.292809
-0.0299554
-0.289024
-0.231847
0.0458758
0.251417
0.203381
-0.0220122
-0.204035
-0.193903
-0.0263855
0.142726
0.182664
0.0828364
-0.0633887
-0.146994
-0.122201
-0.0233876
0.0751121
0.114647
0.0838229
0.0134786
-0.0512945
-0.079174
-0.0650933
-0.0253863
0.0162723
0.042004
0.0458674
0.0325634
0.0119672
-0.00656184
-0.0175759
-0.0201218
-0.0163916
-0.0097515
-0.00315432
0.00164362
0.00412872
0.00465034
0.00393617
0.00271189
0.00149877
0.000568098
-1.01993e-05
-0.00028607
-0.000355841
-0.000313907
-0.000230231
-0.000146268
-8.04887e-05
-3.67389e-05
-1.16209e-05
5.15917e-07
4.91006e-06
5.39144e-06
4.32612e-06
2.9545e-06
1.79814e-06
9.90126e-07
4.92472e-07
2.16757e-07
7.95804e-08
1.88769e-08
-2.29979e-09
-8.72215e-09
-5.78823e-09
99.8523
99.8018
100.838
100.396
98.0707
98.888
104.452
104.6
86.0964
49.9936
14.0364
-4.53683
-4.83636
0.906092
2.52367
0.0223492
-1.58568
-0.459939
1.00487
0.711513
-0.507688
-0.798179
0.0413518
0.692497
0.341417
-0.399895
-0.540426
0.00428397
0.478976
0.331609
-0.183742
-0.434818
-0.177636
0.244579
0.364841
0.0973456
-0.240109
-0.308301
-0.0766395
0.201431
0.26929
0.095471
-0.139741
-0.234229
-0.132538
0.0584104
0.182855
0.161342
0.0319588
-0.100931
-0.151015
-0.1018
-0.000772778
0.0844438
0.110276
0.0754344
0.0104883
-0.046627
-0.0715907
-0.0614039
-0.0293639
0.00590507
0.0301228
0.0377884
0.0313535
0.0174737
0.00302346
-0.00743287
-0.0123172
-0.0123747
-0.00948382
-0.00559359
-0.00210201
0.000312643
0.00156062
0.00189301
0.00167149
0.00121798
0.000750028
0.000377726
0.000131344
-4.15452e-06
-6.10977e-05
-7.17913e-05
-6.07568e-05
-4.32875e-05
-2.71399e-05
-1.51202e-05
-7.37476e-06
-2.96934e-06
-7.77177e-07
1.31187e-07
3.89149e-07
3.71345e-07
2.69981e-07
1.69039e-07
9.39883e-08
4.69751e-08
2.10917e-08
5.78511e-09
100.123
99.6184
99.836
101.009
100.359
97.9264
98.9221
104.588
104.578
85.9618
49.9922
14.1703
-4.50223
-4.96127
0.831209
2.62324
0.136352
-1.63856
-0.598514
0.991979
0.84434
-0.423671
-0.884059
-0.0935447
0.694884
0.477594
-0.310596
-0.613336
-0.137358
0.444492
0.444759
-0.0585174
-0.441998
-0.306768
0.1375
0.393636
0.228571
-0.142142
-0.338891
-0.202043
0.101205
0.283363
0.20629
-0.0306075
-0.215802
-0.213952
-0.054397
0.123658
0.19353
0.126166
-0.0116814
-0.122108
-0.144343
-0.0824518
0.0129892
0.0849799
0.102446
0.0692819
0.0125825
-0.0370888
-0.0608402
-0.0562104
-0.0329444
-0.00493721
0.016693
0.0268691
0.0262244
0.0187333
0.0090542
0.000708651
-0.00458736
-0.00670121
-0.00644165
-0.0049047
-0.00302925
-0.0014073
-0.000286764
0.00032793
0.000556416
0.000548919
0.000432537
0.000291818
0.000170852
8.47094e-05
3.19839e-05
4.47911e-06
-6.92313e-06
-9.55973e-06
-8.31132e-06
-5.93442e-06
-3.71404e-06
-2.07676e-06
-1.03261e-06
-4.41077e-07
-1.43046e-07
-1.42021e-08
3.03852e-08
3.46031e-08
3.06387e-08
1.62559e-08
100.111
100.084
99.4509
99.883
101.147
100.31
97.799
98.9648
104.717
104.552
85.8272
49.9907
14.3068
-4.46159
-5.08735
0.745102
2.71819
0.26351
-1.67788
-0.746059
0.95695
0.974459
-0.315064
-0.950636
-0.243728
0.664494
0.607238
-0.189486
-0.654339
-0.288569
0.367184
0.531972
0.0903491
-0.400068
-0.415837
-0.00274887
0.368985
0.341389
-0.0071021
-0.311598
-0.303883
-0.0327683
0.235665
0.280982
0.0988906
-0.136969
-0.242684
-0.162208
0.0189265
0.162885
0.183178
0.0890204
-0.0425652
-0.129258
-0.132461
-0.0677289
0.0178333
0.0785232
0.0924072
0.0649249
0.0181575
-0.0241353
-0.047198
-0.0483593
-0.033953
-0.0137202
0.0040176
0.0147827
0.0179937
0.0156099
0.0104629
0.00500767
0.000741029
-0.00181549
-0.00282393
-0.00276797
-0.00216849
-0.00142657
-0.000777935
-0.000316127
-4.22517e-05
8.66268e-05
0.000123328
0.000112343
8.37849e-05
5.43599e-05
3.11357e-05
1.55271e-05
6.33425e-06
1.61261e-06
-4.06029e-07
-1.00113e-06
-9.6546e-07
-7.25578e-07
-4.75847e-07
-2.8328e-07
-1.55948e-07
-7.9269e-08
-3.92611e-08
-1.37628e-08
99.93
100.276
100.031
99.321
99.9435
101.263
100.249
97.6812
99.0169
104.843
104.52
85.69
49.9891
14.4477
-4.41449
-5.21519
0.647308
2.80792
0.403507
-1.70223
-0.900554
0.898856
1.09789
-0.183429
-0.993372
-0.403589
0.599637
0.721698
-0.0415048
-0.656755
-0.437478
0.249471
0.581192
0.248702
-0.308444
-0.48779
-0.159654
0.28843
0.414479
0.144744
-0.225001
-0.358115
-0.174375
0.130647
0.296616
0.215999
-0.0140085
-0.204717
-0.229933
-0.100018
0.074887
0.178436
0.162039
0.0578868
-0.0596091
-0.126093
-0.119206
-0.0587402
0.0150557
0.0666942
0.0803693
0.0608543
0.0248625
-0.00977486
-0.0315465
-0.0374194
-0.030868
-0.0181995
-0.00529601
0.004169
0.00900886
0.00985054
0.00816423
0.00545884
0.00283253
0.000856418
-0.000331351
-0.000852701
-0.000929064
-0.000774351
-0.000544949
-0.000331187
-0.000170661
-6.79561e-05
-1.19308e-05
1.2716e-05
1.94171e-05
1.76586e-05
1.30934e-05
8.52778e-06
5.00763e-06
2.66875e-06
1.28093e-06
5.37894e-07
1.8168e-07
3.31774e-08
-1.58987e-08
-2.30025e-08
-1.91257e-08
-8.63421e-09
99.9062
99.9878
100.399
99.9617
99.2162
100.018
101.366
100.176
97.5696
99.0792
104.97
104.482
85.5482
49.9873
14.594
-4.36051
-5.34496
0.53743
2.89153
0.555829
-1.71014
-1.05968
0.817101
1.21052
-0.0311083
-1.00829
-0.566725
0.500249
0.812578
0.126238
-0.616292
-0.57144
0.0977871
0.583274
0.400026
-0.17273
-0.509054
-0.312637
0.15829
0.431341
0.287975
-0.0894723
-0.348572
-0.293153
-0.0126989
0.243519
0.288285
0.122216
-0.105682
-0.232705
-0.194212
-0.0432799
0.109659
0.176877
0.138554
0.0365487
-0.0643059
-0.115961
-0.106343
-0.0546806
0.00674187
0.0509427
0.0660449
0.0551481
0.0299812
0.00338762
-0.0157998
-0.024389
-0.0237451
-0.0175283
-0.00958186
-0.00265895
0.00194001
0.00410845
0.00442435
0.00367226
0.00253191
0.00144804
0.000630682
0.000119994
-0.000136223
-0.000221022
-0.000211454
-0.000163227
-0.000109243
-6.47038e-05
-3.3724e-05
-1.48693e-05
-4.80569e-06
-2.39693e-07
1.326e-06
1.49606e-06
1.16403e-06
7.55498e-07
4.28077e-07
2.13555e-07
8.87452e-08
2.83087e-08
-7.50207e-10
-7.57597e-09
100.034
99.7882
100.062
100.492
99.8777
99.131
100.107
101.457
100.089
97.4625
99.1521
105.099
104.438
85.4009
49.9855
14.7464
-4.29922
-5.4766
0.415142
2.96797
0.719766
-1.70016
-1.22084
0.7115
1.3082
0.138761
-0.99215
-0.726131
0.368016
0.872227
0.304762
-0.531524
-0.678003
-0.0777185
0.533118
0.527116
-0.00451207
-0.471647
-0.439763
-0.00662663
0.383567
0.396342
0.0738935
-0.271166
-0.361005
-0.164285
0.129
0.292852
0.234307
0.0292914
-0.16514
-0.230433
-0.151411
-0.000663938
0.12512
0.165194
0.117914
0.0255232
-0.0591724
-0.101129
-0.0938606
-0.0534483
-0.00445849
0.032944
0.0494566
0.0463491
0.0311525
0.0126437
-0.00264095
-0.0116809
-0.0145058
-0.0129078
-0.00914284
-0.00506416
-0.00177504
0.000331381
0.00134274
0.00157145
0.00136212
0.000987227
0.000615847
0.000326193
0.000135249
2.81312e-05
-2.06004e-05
-3.49077e-05
-3.24548e-05
-2.41337e-05
-1.5535e-05
-8.84184e-06
-4.41175e-06
-1.83399e-06
-5.16412e-07
5.27044e-08
2.32415e-07
2.37392e-07
1.86125e-07
1.23164e-07
8.1965e-08
3.76067e-08
100.083
99.9565
99.7051
100.151
100.559
99.7794
99.0636
100.211
101.537
99.9887
97.3594
99.2364
105.23
104.387
85.2473
49.9834
14.9055
-4.23022
-5.6098
0.280186
3.03604
0.894409
-1.67093
-1.38122
0.582345
1.3869
0.322275
-0.942646
-0.874448
0.206413
0.894203
0.483652
-0.404195
-0.745932
-0.26382
0.430496
0.613939
0.179592
-0.374707
-0.520843
-0.18467
0.272985
0.447598
0.236595
-0.135816
-0.358911
-0.289442
-0.0231406
0.223593
0.289024
0.162055
-0.0446443
-0.193514
-0.210614
-0.11269
0.0252654
0.12556
0.148653
0.102086
0.0232119
-0.0469247
-0.0828887
-0.0806809
-0.0522824
-0.0154667
0.015003
0.0316939
0.0343905
0.0273846
0.0162676
0.00560937
-0.00203315
-0.00602135
-0.00697647
-0.00603333
-0.00428723
-0.00251524
-0.00112386
-0.000226468
0.000237628
0.000398243
0.0003859
0.000299609
0.000200194
0.000116994
5.87351e-05
2.33457e-05
4.77858e-06
-3.19564e-06
-5.40781e-06
-5.0061e-06
-3.75602e-06
-2.49212e-06
-1.51209e-06
-8.52856e-07
-4.50638e-07
-2.24755e-07
-1.05167e-07
-4.877e-08
-1.70015e-08
99.9966
100.159
99.8656
99.6529
100.253
100.603
99.6681
99.0137
100.327
101.606
99.8749
97.2605
99.3324
105.363
104.329
85.0869
49.9813
15.0715
-4.15309
-5.74417
0.132377
3.09447
1.07866
-1.62122
-1.53779
0.43044
1.44276
0.514814
-0.858538
-1.00424
0.0206757
0.873728
0.651614
-0.239326
-0.766215
-0.445179
0.280455
0.647518
0.359552
-0.225199
-0.540537
-0.350207
0.112227
0.427985
0.367808
0.0344898
-0.282102
-0.357115
-0.177553
0.0942554
0.267586
0.252635
0.0928718
-0.0929755
-0.198141
-0.184219
-0.0837668
0.03578
0.115379
0.130143
0.0905325
0.0267716
-0.0303332
-0.0621989
-0.0656193
-0.048565
-0.0232029
-2.23863e-05
0.0151021
0.0210224
0.0197577
0.0145425
0.00833066
0.00305472
-0.00046343
-0.00222747
-0.00267519
-0.0023525
-0.0017183
-0.0010714
-0.000558154
-0.000216445
-2.45467e-05
6.11117e-05
8.34168e-05
7.4811e-05
5.56703e-05
3.65912e-05
2.17302e-05
1.17252e-05
5.70661e-06
2.44146e-06
8.55374e-07
1.84573e-07
-4.0842e-08
-8.18376e-08
-6.04394e-08
-3.29123e-08
-1.115e-08
1.03549e-09
99.9303
100.088
100.199
99.765
99.6303
100.364
100.623
99.5458
98.9824
100.457
101.663
99.7473
97.1664
99.4408
105.498
104.264
84.9195
49.9789
15.2446
-4.06742
-5.8792
-0.0283966
3.14193
1.27122
-1.54997
-1.68736
0.257137
1.47226
0.711131
-0.739788
-1.1083
-0.182331
0.808072
0.797129
-0.0451112
-0.732964
-0.605567
0.0932404
0.619623
0.514091
-0.0376425
-0.491006
-0.477355
-0.076531
0.335518
0.440366
0.207556
-0.142335
-0.347849
-0.295791
-0.0639339
0.172366
0.271886
0.203977
0.0389189
-0.11692
-0.187565
-0.158342
-0.0659436
0.0339813
0.0980592
0.110541
0.0811493
0.0326843
-0.012423
-0.0404924
-0.0484247
-0.0408377
-0.0255186
-0.00959812
0.00246026
0.00912667
0.0110051
0.00971748
0.0069829
0.00409648
0.00177916
0.000264531
-0.000521008
-0.000784556
-0.000746218
-0.000578094
-0.000388202
-0.000229529
-0.000118038
-4.98761e-05
-1.37101e-05
2.22266e-06
7.09896e-06
6.92283e-06
5.06683e-06
3.12244e-06
1.65341e-06
7.27275e-07
2.223e-07
-7.62937e-09
-9.13894e-08
-9.43762e-08
-8.54217e-08
-4.77126e-08
99.9776
99.898
100.185
100.205
99.6597
99.6371
100.481
100.618
99.4151
98.9709
100.598
101.707
99.6063
97.078
99.5617
105.635
104.19
84.7446
49.9765
15.425
-3.97281
-6.01428
-0.202173
3.17708
1.47062
-1.45636
-1.82664
0.0643502
1.47229
0.905458
-0.587652
-1.17998
-0.39432
0.696871
0.909174
0.167429
-0.644148
-0.729266
-0.116306
0.528091
0.623183
0.167188
-0.3737
-0.544072
-0.26457
0.181348
0.436526
0.348184
0.0335032
-0.25953
-0.346286
-0.209858
0.0276261
0.211553
0.252097
0.157623
0.00435349
-0.121347
-0.168623
-0.136073
-0.0575664
0.0236194
0.0761825
0.089627
0.0712947
0.0373053
0.00347793
-0.0201364
-0.0304599
-0.0296407
-0.0222398
-0.0128118
-0.00454053
0.00108654
0.00393535
0.00463736
0.00405713
0.00295115
0.00182542
0.000933282
0.000342206
1.48798e-05
-0.000125604
-0.000155648
-0.000133232
-9.46329e-05
-5.83909e-05
-3.13593e-05
-1.40664e-05
-4.43046e-06
1.36166e-07
1.78896e-06
2.00403e-06
1.65188e-06
1.17748e-06
7.63154e-07
4.64646e-07
2.62396e-07
1.52583e-07
6.42113e-08
100.051
99.8841
99.9039
100.28
100.177
99.5557
99.6734
100.6
100.587
99.2789
98.9805
100.749
101.736
99.4524
96.9964
99.6957
105.774
104.108
84.5623
49.9739
15.6128
-3.86886
-6.14877
-0.388913
3.19855
1.67519
-1.33979
-1.95228
-0.14544
1.44031
1.09165
-0.404727
-1.21348
-0.605884
0.542325
0.977972
0.385018
-0.502078
-0.802542
-0.329861
0.377577
0.670619
0.364521
-0.19994
-0.536002
-0.421046
-0.0112261
0.352322
0.425574
0.208491
-0.109217
-0.31329
-0.303575
-0.126466
0.0881726
0.220462
0.221991
0.121293
-0.0118879
-0.111772
-0.145492
-0.117391
-0.0552756
0.00867821
0.0520598
0.0672741
0.0589419
0.0377075
0.0142987
-0.00403607
-0.0144221
-0.0174178
-0.0153753
-0.0109663
-0.00628016
-0.00251573
-7.80503e-05
0.00114511
0.00149904
0.00135704
0.00101298
0.000650762
0.000358586
0.000159969
4.40663e-05
-1.23555e-05
-3.23416e-05
-3.34669e-05
-2.69761e-05
-1.89704e-05
-1.21233e-05
-7.1761e-06
-3.97536e-06
-2.07345e-06
-1.02429e-06
-4.81225e-07
-2.19619e-07
-9.73269e-08
-4.77103e-08
-2.0336e-08
100.042
100.038
99.7986
99.9448
100.367
100.119
99.459
99.7385
100.715
100.529
99.1407
99.0128
100.908
101.748
99.2861
96.9229
99.8428
105.914
104.018
84.3724
49.9711
15.808
-3.75516
-6.28197
-0.5885
3.20502
1.8831
-1.19994
-2.06091
-0.369195
1.37442
1.26332
-0.194967
-1.2042
-0.806861
0.349287
0.995718
0.592903
-0.313578
-0.815063
-0.527174
0.17962
0.646323
0.528582
0.00990735
-0.449418
-0.518168
-0.210144
0.199467
0.420392
0.343585
0.0697771
-0.202191
-0.317888
-0.245232
-0.061007
0.118867
0.209583
0.190664
0.0970431
-0.013523
-0.0929454
-0.120079
-0.100446
-0.054986
-0.00671597
0.028412
0.0444853
0.0437809
0.0327782
0.01839
0.00565056
-0.0029855
-0.00722319
-0.0080381
-0.0068215
-0.00480972
-0.00283353
-0.00130393
-0.000319534
0.000197432
0.000389679
0.000395732
0.000319187
0.000223639
0.000140379
7.96783e-05
4.06977e-05
1.82891e-05
6.78962e-06
1.64934e-06
-2.07711e-07
-5.99745e-07
-4.74567e-07
-2.50776e-07
-8.15681e-08
1.86087e-08
5.0851e-08
6.53241e-08
4.36626e-08
99.9748
100.119
99.9899
99.7302
100.017
100.437
100.031
99.3762
99.8313
100.821
100.445
99.0044
99.0687
101.073
101.743
99.1083
96.8586
100.003
106.054
103.918
84.1748
49.9681
16.0107
-3.63131
-6.4131
-0.800734
3.19514
2.09236
-1.03682
-2.14924
-0.603339
1.27347
1.41406
0.0363565
-1.14904
-0.986786
0.125203
0.957252
0.775808
-0.0898145
-0.761141
-0.687961
-0.0480572
0.548132
0.635999
0.228673
-0.292717
-0.536312
-0.379943
0.0041939
0.329902
0.406705
0.235223
-0.0394114
-0.24701
-0.293096
-0.189346
-0.0187006
0.125644
0.187505
0.162309
0.0831351
-0.00531161
-0.0687315
-0.0931311
-0.0829733
-0.052869
-0.0186584
0.00843469
0.0236596
0.0276173
0.0238417
0.016489
0.00885818
0.00284555
-0.000930189
-0.00269153
-0.00303785
-0.00260552
-0.0018887
-0.00118996
-0.000646971
-0.000287579
-8.31268e-05
1.33396e-05
4.56747e-05
4.61658e-05
3.47939e-05
2.19272e-05
1.17451e-05
5.08908e-06
1.37207e-06
-3.59327e-07
-9.43414e-07
-9.68688e-07
-7.76558e-07
-5.54784e-07
-3.52735e-07
-2.31705e-07
-1.0694e-07
99.9506
100.026
100.173
99.9138
99.6871
100.113
100.483
99.9198
99.3135
99.9492
100.913
100.335
98.8741
99.1492
101.24
101.717
98.92
96.805
100.177
106.195
103.808
83.9694
49.965
16.221
-3.49689
-6.54139
-1.02533
3.16765
2.30081
-0.850722
-2.21405
-0.843791
1.13718
1.5376
0.28274
-1.04659
-1.13538
-0.120093
0.860624
0.919012
0.154249
-0.64066
-0.793975
-0.283013
0.382747
0.669198
0.425853
-0.086073
-0.468145
-0.488263
-0.197042
0.169796
0.380908
0.346234
0.133569
-0.109464
-0.255204
-0.256016
-0.14531
0.00182712
0.115406
0.159689
0.137347
0.0757069
0.00766629
-0.0426669
-0.0655542
-0.0636835
-0.0464871
-0.0243892
-0.00509947
0.00762327
0.0133995
0.0138552
0.0112608
0.00761044
0.00421719
0.00169718
0.000154783
-0.000585973
-0.000793646
-0.000715179
-0.000527872
-0.000335015
-0.000182542
-8.06653e-05
-2.20487e-05
6.19002e-06
1.61492e-05
1.67624e-05
1.36203e-05
9.71086e-06
6.33578e-06
3.86092e-06
2.22546e-06
1.22172e-06
6.46662e-07
3.26029e-07
1.70333e-07
6.71361e-08
99.9961
99.9076
100.101
100.193
99.8195
99.6759
100.226
100.499
99.7899
99.2766
100.089
100.986
100.201
98.754
99.2546
101.408
101.671
98.7225
96.7636
100.365
106.334
103.688
83.7562
49.9617
16.4388
-3.3515
-6.666
-1.26194
3.1213
2.50615
-0.642318
-2.25232
-1.08601
0.96613
1.62801
0.536588
-0.897402
-1.24307
-0.374739
0.707496
1.00949
0.400762
-0.459581
-0.83107
-0.500231
0.165669
0.619323
0.571931
0.140903
-0.320936
-0.512348
-0.364418
-0.0280167
0.269519
0.374014
0.270936
0.0561984
-0.143101
-0.240107
-0.217713
-0.115472
0.00528012
0.0942491
0.128964
0.114093
0.0701637
0.0203791
-0.0185053
-0.0393726
-0.0432675
-0.0357545
-0.023328
-0.0110823
-0.00185266
0.00356723
0.00570335
0.00563914
0.0044635
0.00298897
0.0016862
0.000742932
0.000166193
-0.00012305
-0.000224429
-0.000223383
-0.000179245
-0.000126442
-8.10411e-05
-4.79067e-05
-2.6293e-05
-1.34223e-05
-6.36445e-06
-2.79665e-06
-1.13971e-06
-4.42512e-07
-1.76394e-07
-9.14543e-08
-5.80618e-08
-5.28608e-08
-3.45299e-08
100.042
99.9244
99.9026
100.186
100.177
99.7183
99.7007
100.347
100.481
99.6484
99.2702
100.245
101.035
100.044
98.6484
99.3848
101.572
101.603
98.5172
96.7356
100.566
106.472
103.558
83.5352
49.9582
16.6642
-3.19472
-6.78605
-1.51008
3.05492
2.70594
-0.412626
-2.26126
-1.32506
0.76192
1.67994
0.7894
-0.704113
-1.30156
-0.625355
0.503349
1.03701
0.630224
-0.229913
-0.791027
-0.674772
-0.0800122
0.488208
0.642939
0.353307
-0.116382
-0.444224
-0.462928
-0.221602
0.096602
0.310166
0.335308
0.202195
0.00802575
-0.148447
-0.212355
-0.183173
-0.0975915
-0.00238829
0.0672544
0.0969052
0.090612
0.0626075
0.0286022
7.72928e-05
-0.0176259
-0.0243837
-0.0230977
-0.0175326
-0.010873
-0.00511931
-0.00111184
0.00113034
0.00201048
0.00204119
0.00166243
0.00117314
0.000735153
0.000409691
0.000198838
7.84727e-05
1.88976e-05
-5.07938e-06
-1.10581e-05
-9.61943e-06
-6.22987e-06
-3.20001e-06
-1.17297e-06
-7.35595e-08
3.92427e-07
4.94124e-07
4.42707e-07
3.2128e-07
2.3804e-07
1.1952e-07
100.029
100.038
99.8513
99.9371
100.266
100.122
99.6226
99.763
100.465
100.426
99.5036
99.2981
100.414
101.056
99.868
98.5618
99.5391
101.731
101.512
98.3056
96.7226
100.78
106.608
103.417
83.3063
49.9544
16.8972
-3.02613
-6.90063
-1.76923
2.96742
2.89762
-0.163043
-2.23836
-1.55568
0.527143
1.68883
1.032
-0.471494
-1.30434
-0.857673
0.257475
0.995191
0.822968
0.0308555
-0.672944
-0.78466
-0.325891
0.289033
0.624601
0.516353
0.112211
-0.293371
-0.470202
-0.368019
-0.0977803
0.170042
0.308855
0.285826
0.150182
-0.013764
-0.134325
-0.178561
-0.152849
-0.0870344
-0.0150156
0.0389778
0.0652363
0.0662775
0.0512078
0.0301845
0.0108788
-0.00273294
-0.00989416
-0.0118335
-0.0105165
-0.00777583
-0.00489793
-0.00256442
-0.000985802
-9.17446e-05
0.000304572
0.000399423
0.000346886
0.000246108
0.000149276
7.6582e-05
3.03483e-05
5.20351e-06
-5.94245e-06
-9.12628e-06
-8.52026e-06
-6.58679e-06
-4.55652e-06
-2.91426e-06
-1.74971e-06
-1.00191e-06
-5.3928e-07
-2.98153e-07
-1.20158e-07
99.9798
100.092
99.9948
99.7931
100.007
100.329
100.033
99.5446
99.8609
100.57
100.335
99.3642
99.3625
100.586
101.044
99.6764
98.4982
99.7165
101.88
101.397
98.0897
96.726
101.007
106.741
103.264
83.0694
49.9505
17.1378
-2.84531
-7.0088
-2.03875
2.8578
3.07854
0.104641
-2.18152
-1.77235
0.265431
1.65109
1.25484
-0.206462
-1.24718
-1.05731
-0.0172964
0.882324
0.960834
0.300924
-0.484017
-0.813749
-0.541462
0.045454
0.515403
0.601315
0.325177
-0.0861547
-0.382302
-0.433357
-0.266737
-0.0101355
0.199433
0.283029
0.238223
0.116493
-0.0155936
-0.108237
-0.142073
-0.124766
-0.0784795
-0.0267695
0.013867
0.036572
0.0423799
0.0366191
0.0255035
0.0139602
0.00482905
-0.000951174
-0.00369875
-0.00430145
-0.00371044
-0.00267056
-0.0016429
-0.000841424
-0.00031345
-1.89698e-05
0.0001117
0.000144981
0.000130495
9.93477e-05
6.78694e-05
4.2675e-05
2.50152e-05
1.37625e-05
7.13222e-06
3.48758e-06
1.61366e-06
7.08216e-07
3.01976e-07
1.26019e-07
6.05263e-08
2.68975e-08
99.9608
100.026
100.131
99.9214
99.764
100.104
100.361
99.9165
99.4956
99.9895
100.651
100.208
99.2396
99.4638
100.757
100.997
99.474
98.4615
99.9152
102.015
101.258
97.8714
96.747
101.247
106.869
103.1
82.8245
49.9463
17.3861
-2.65181
-7.10958
-2.31789
2.72513
3.24595
0.388245
-2.08903
-1.96941
-0.0185619
1.56437
1.44832
0.0820594
-1.12859
-1.21061
-0.305151
0.701939
1.0289
0.555914
-0.239491
-0.754192
-0.697992
-0.210962
0.327898
0.59105
0.483561
0.138393
-0.215872
-0.401545
-0.36842
-0.182398
0.0393416
0.196832
0.245566
0.19746
0.0974746
-0.00505137
-0.0763759
-0.104882
-0.0968935
-0.0676923
-0.0330392
-0.00403621
0.0143137
0.0219821
0.0217491
0.0171714
0.0112603
0.00594014
0.00207145
-0.000245621
-0.00131572
-0.00156725
-0.00138509
-0.00104272
-0.000698684
-0.000423321
-0.000232192
-0.000113832
-4.80396e-05
-1.55839e-05
-1.93091e-06
2.37258e-06
2.74148e-06
1.8911e-06
9.70879e-07
3.28173e-07
-1.30573e-08
-1.58014e-07
-1.69424e-07
-1.61105e-07
-9.32774e-08
99.9915
99.9338
100.095
100.134
99.8321
99.7737
100.216
100.353
99.7829
99.4846
100.141
100.699
100.052
99.1387
99.6007
100.917
100.913
99.2661
98.4552
100.133
102.134
101.094
97.6529
96.7871
101.5
106.993
102.923
82.5716
49.9418
17.642
-2.44518
-7.20195
-2.60582
2.56862
3.39702
0.685191
-1.9597
-2.14118
-0.319191
1.42764
1.60312
0.383339
-0.950098
-1.30551
-0.588086
0.463001
1.01702
0.771005
0.0383034
-0.608075
-0.772478
-0.444725
0.0877653
0.483847
0.556642
0.335919
-0.00556093
-0.279205
-0.377341
-0.300324
-0.123966
0.0567854
0.173679
0.203841
0.163235
0.0871263
0.0104471
-0.0441831
-0.0693208
-0.0691391
-0.0534288
-0.0323012
-0.0130812
0.000565671
0.0080117
0.0104435
0.0096976
0.00747497
0.00497862
0.00286577
0.00136768
0.00045709
-7.31693e-06
-0.000185826
-0.000210023
-0.000168753
-0.000112416
-6.40341e-05
-3.03961e-05
-1.04289e-05
-3.73727e-07
3.58769e-06
4.34493e-06
3.72882e-06
2.73829e-06
1.81906e-06
1.13043e-06
6.48725e-07
3.81692e-07
1.60497e-07
100.03
99.9291
99.9478
100.167
100.095
99.7442
99.8267
100.326
100.3
99.646
99.518
100.304
100.706
99.8733
99.07
99.7702
101.06
100.792
99.0586
98.4822
100.366
102.233
100.905
97.4364
96.8475
101.764
107.111
102.733
82.3105
49.9371
17.9057
-2.22498
-7.28484
-2.9016
2.3876
3.52889
0.992482
-1.79289
-2.28201
-0.629852
1.24147
1.71062
0.68512
-0.71653
-1.33244
-0.8469
0.179782
0.921253
0.923295
0.321674
-0.388104
-0.751228
-0.621276
-0.169226
0.29494
0.528419
0.465641
0.202738
-0.0952037
-0.291781
-0.332259
-0.242053
-0.0905422
0.0512667
0.138731
0.160962
0.132565
0.079122
0.0244621
-0.0163383
-0.0381216
-0.0430911
-0.037029
-0.0260848
-0.0149068
-0.00607556
-0.000394601
0.00246266
0.00331551
0.00302556
0.00226501
0.00145416
0.00079605
0.00034687
8.42778e-05
-4.3088e-05
-8.70224e-05
-8.74883e-05
-7.03473e-05
-4.98112e-05
-3.22094e-05
-1.93499e-05
-1.08959e-05
-5.77502e-06
-2.88583e-06
-1.35783e-06
-6.01447e-07
-2.48873e-07
-9.96016e-08
-3.10214e-08
100.03
100.008
99.8746
100.002
100.224
100.017
99.6759
99.9207
100.417
100.204
99.5207
99.598
100.467
100.668
99.6809
99.0409
99.9669
101.176
100.635
98.8581
98.5448
100.612
102.308
100.693
97.2245
96.9295
102.04
107.222
102.531
82.0412
49.9321
18.1771
-1.99075
-7.35716
-3.20417
2.18155
3.63865
1.30673
-1.58861
-2.3865
-0.943091
1.00812
1.76333
0.974067
-0.436076
-1.2852
-1.06248
-0.128739
0.74483
0.994404
0.580207
-0.117094
-0.632753
-0.712445
-0.402322
0.055252
0.402139
0.499575
0.361917
0.105204
-0.135717
-0.271454
-0.280806
-0.196822
-0.0756455
0.032408
0.0987582
0.118359
0.102396
0.0683096
0.0318416
0.0029887
-0.0144787
-0.0213726
-0.0208146
-0.0163376
-0.0107644
-0.00582215
-0.0022439
-8.41968e-05
0.000948177
0.00124101
0.0011363
0.000875523
0.000599445
0.000372367
0.0002111
0.000108645
4.97387e-05
1.91812e-05
5.16585e-06
-1.95697e-07
-1.57524e-06
-1.44196e-06
-9.2931e-07
-4.78093e-07
-1.77265e-07
-3.11762e-08
4.39103e-08
4.66993e-08
99.9958
100.071
99.9512
99.8483
100.085
100.246
99.9089
99.6434
100.047
100.476
100.069
99.422
99.723
100.616
100.58
99.4861
99.0571
100.184
101.259
100.444
98.6712
98.6447
100.866
102.356
100.457
97.0197
97.0342
102.327
107.326
102.314
81.7637
49.9267
18.4563
-1.74199
-7.41778
-3.51238
1.95008
3.72344
1.62418
-1.34753
-2.44962
-1.25077
0.73157
1.75524
1.23632
-0.120109
-1.16165
-1.21724
-0.440079
0.498531
0.972828
0.784162
0.174207
-0.429001
-0.701536
-0.572664
-0.193489
0.200953
0.429894
0.435516
0.271944
0.0471448
-0.139162
-0.232664
-0.229964
-0.16204
-0.0708254
0.00928735
0.059991
0.0786315
0.0727239
0.0534852
0.0309928
0.0118297
-0.0011678
-0.00795709
-0.00999394
-0.00914395
-0.00701614
-0.00469721
-0.00275669
-0.00138154
-0.000535786
-8.96418e-05
9.90187e-05
0.0001455
0.000127681
9.03882e-05
5.50217e-05
2.89666e-05
1.26134e-05
3.71016e-06
-3.84096e-07
-1.78528e-06
-1.90142e-06
-1.52796e-06
-1.08008e-06
-6.7786e-07
-4.34968e-07
-1.95326e-07
99.9692
100.05
100.076
99.8774
99.8635
100.181
100.223
99.7887
99.6582
100.192
100.487
99.906
99.3636
99.8867
100.736
100.446
99.3009
99.1221
100.413
101.301
100.223
98.5049
98.7825
101.124
102.374
100.2
96.8248
97.1626
102.624
107.42
102.084
81.4777
49.921
18.7435
-1.47819
-7.46549
-3.82495
1.69297
3.78034
1.94067
-1.07104
-2.46677
-1.54412
0.417616
1.68221
1.458
0.217079
-0.964203
-1.29636
-0.729657
0.200329
0.855606
0.907815
0.450361
-0.1646
-0.586594
-0.649976
-0.405998
-0.0360102
0.271318
0.406854
0.363394
0.206078
0.0225883
-0.118146
-0.18486
-0.181523
-0.132924
-0.0685248
-0.0112045
0.0271645
0.0447172
0.0458855
0.0374037
0.0254325
0.0141748
0.00569706
0.000426037
-0.00215404
-0.00290336
-0.00264323
-0.00198151
-0.00128385
-0.000720563
-0.000335596
-0.000107881
6.42279e-06
5.05154e-05
5.73713e-05
4.82745e-05
3.50147e-05
2.30053e-05
1.39987e-05
7.97823e-06
4.28462e-06
2.17332e-06
1.04333e-06
4.70674e-07
2.07591e-07
6.78671e-08
99.9784
99.9757
100.108
100.038
99.8092
99.9241
100.267
100.151
99.6761
99.7256
100.337
100.445
99.7304
99.3563
100.079
100.816
100.269
99.138
99.237
100.644
101.299
99.9768
98.3661
98.958
101.38
102.359
99.9224
96.6426
97.3158
102.929
107.505
101.839
81.1833
49.915
19.0385
-1.19887
-7.49905
-4.14042
1.4102
3.80653
2.25167
-0.761362
-2.43401
-1.81395
0.0739489
1.54238
1.62585
0.558618
-0.700286
-1.28932
-0.972502
-0.12529
0.649707
0.932879
0.675174
0.125175
-0.382246
-0.618508
-0.541475
-0.260229
0.0594567
0.284073
0.357293
0.296953
0.163056
0.0209242
-0.0839082
-0.133948
-0.134833
-0.104467
-0.062549
-0.0239465
0.00356763
0.0184133
0.0228733
0.0207191
0.0155329
0.00988619
0.00519303
0.00194179
4.94512e-05
-0.000821868
-0.00105108
-0.000948592
-0.000723117
-0.000491265
-0.000303712
-0.000171981
-8.88656e-05
-4.12056e-05
-1.64102e-05
-4.89776e-06
-3.47443e-07
9.67124e-07
1.00516e-06
6.92541e-07
3.72767e-07
1.64643e-07
4.01422e-08
-1.27286e-08
100.01
99.9338
100.022
100.145
99.9625
99.7696
100.023
100.322
100.036
99.5924
99.8428
100.461
100.347
99.5602
99.4068
100.285
100.844
100.058
99.0099
99.4003
100.865
101.247
99.7123
98.2613
99.1699
101.63
102.309
99.6266
96.4761
97.4945
103.243
107.578
101.578
80.8803
49.9085
19.3416
-0.903497
-7.51722
-4.45727
1.102
3.79932
2.55233
-0.421568
-2.34831
-2.05097
-0.290009
1.33663
1.72817
0.885937
-0.382446
-1.1913
-1.14571
-0.44921
0.372464
0.85198
0.817087
0.39894
-0.119076
-0.48195
-0.573056
-0.424294
-0.156148
0.100409
0.259359
0.29722
0.239835
0.135473
0.0300591
-0.0470602
-0.0859641
-0.0913968
-0.0752981
-0.0503063
-0.0259109
-0.00726776
0.00419399
0.00940314
0.0102866
0.00880592
0.00646433
0.00418194
0.00238294
0.00116023
0.000433227
6.1558e-05
-8.98718e-05
-0.000123767
-0.000106461
-7.474e-05
-4.55085e-05
-2.42474e-05
-1.09576e-05
-3.68062e-06
-2.58193e-07
1.01087e-06
1.22315e-06
1.04173e-06
7.2643e-07
5.11622e-07
2.45734e-07
100.029
99.964
99.9207
100.093
100.142
99.8669
99.7759
100.144
100.328
99.893
99.5562
99.9992
100.546
100.198
99.4147
99.5164
100.488
100.813
99.8244
98.9276
99.6074
101.066
101.143
99.4372
98.1966
99.4161
101.866
102.221
99.3152
96.3282
97.6995
103.565
107.64
101.302
80.5684
49.9016
19.6528
-0.591485
-7.51864
-4.77387
0.768698
3.75609
2.83758
-0.055482
-2.20752
-2.246
-0.663359
1.0685
1.75543
1.17974
-0.0277147
-1.00394
-1.23059
-0.740429
0.0501102
0.670202
0.85407
0.615734
0.16128
-0.263435
-0.494301
-0.493672
-0.325293
-0.0956218
0.101198
0.213523
0.235149
0.190603
0.115402
0.0404927
-0.0153918
-0.0462482
-0.0551357
-0.0493845
-0.0367032
-0.0229688
-0.0115659
-0.00372419
0.000732322
0.00264156
0.00296669
0.0025054
0.00179338
0.00112368
0.000614257
0.000279963
8.8394e-05
-5.14684e-06
-4.01833e-05
-4.51573e-05
-3.76767e-05
-2.71598e-05
-1.77812e-05
-1.08133e-05
-6.1829e-06
-3.3449e-06
-1.72358e-06
-8.3863e-07
-4.0899e-07
-1.46926e-07
100.017
100.028
99.9078
99.9512
100.163
100.091
99.7758
99.836
100.263
100.275
99.7427
99.5801
100.177
100.575
100.01
99.3123
99.6805
100.671
100.721
99.5821
98.9005
99.8509
101.236
100.988
99.1605
98.1774
99.6929
102.084
102.094
98.9908
96.2021
97.9313
103.892
107.687
101.009
80.2477
49.8942
19.9722
-0.262245
-7.50186
-5.08832
0.41094
3.67432
3.10192
0.332117
-2.01055
-2.39003
-1.03366
0.744569
1.70076
1.42068
0.34271
-0.735819
-1.21438
-0.968385
-0.283917
0.405494
0.776899
0.740555
0.411876
-0.0023517
-0.320785
-0.453729
-0.408227
-0.252506
-0.0696576
0.0769399
0.157811
0.174122
0.145323
0.0958521
0.0458531
0.00721285
-0.0161614
-0.0258491
-0.0259993
-0.0210648
-0.0145376
-0.00855761
-0.00406942
-0.00120584
0.000322063
0.000935357
0.00102007
0.000859363
0.000627608
0.000413456
0.000249741
0.000139025
7.10914e-05
3.29437e-05
1.33777e-05
4.34374e-06
7.25962e-07
-3.9284e-07
-5.32931e-07
-3.72031e-07
-2.00077e-07
-7.45146e-08
-2.90833e-09
99.9895
100.059
99.9868
99.8693
100.022
100.207
99.9962
99.7154
99.9453
100.353
100.165
99.611
99.6683
100.353
100.538
99.8013
99.2685
99.8888
100.815
100.567
99.3476
98.9353
100.121
101.362
100.783
98.8921
98.2081
99.996
102.277
101.927
98.6571
96.1009
98.1905
104.223
107.72
100.699
79.9178
49.8862
20.2999
0.0847636
-7.46545
-5.3986
0.0297131
3.55181
3.33968
0.735428
-1.75778
-2.47482
-1.38727
0.374767
1.56114
1.59078
0.704295
-0.403212
-1.09279
-1.10649
-0.591739
0.0886269
0.592902
0.751244
0.588113
0.250859
-0.0901319
-0.316061
-0.387101
-0.329263
-0.20158
-0.0639349
0.042785
0.102138
0.117318
0.102116
0.0725017
0.0412507
0.0159182
-0.000768167
-0.00935886
-0.0119846
-0.0110662
-0.00859024
-0.00586196
-0.00355603
-0.00189591
-0.000846722
-0.000265062
8.35022e-06
0.000104445
0.000113455
8.91461e-05
5.89549e-05
3.40802e-05
1.71561e-05
7.133e-06
1.9433e-06
-3.3038e-07
-1.04101e-06
-1.07503e-06
-8.15334e-07
-6.12499e-07
-3.06658e-07
99.9745
100.031
100.072
99.9194
99.8716
100.115
100.202
99.8774
99.7075
100.087
100.392
100.011
99.5229
99.8151
100.502
100.431
99.5942
99.2941
100.125
100.904
100.36
99.1379
99.0353
100.404
101.436
100.533
98.6424
98.2919
100.32
102.439
101.718
98.3176
96.0277
98.4771
104.558
107.737
100.372
79.5787
49.8777
20.636
0.450181
-7.40794
-5.70263
-0.373806
3.38663
3.54518
1.14792
-1.45101
-2.4933
-1.71003
-0.0280744
1.33788
1.67508
1.03122
-0.0290567
-0.871321
-1.13614
-0.836327
-0.24069
0.326251
0.644356
0.658223
0.446518
0.146672
-0.116937
-0.273536
-0.311376
-0.259845
-0.164271
-0.0654778
0.0107817
0.055174
0.0704969
0.0656483
0.050528
0.0329952
0.0178156
0.00694842
0.000435273
-0.00265533
-0.00351475
-0.00318378
-0.00239484
-0.00157308
-0.000910476
-0.000453987
-0.000178202
-3.32393e-05
2.95194e-05
4.72048e-05
4.4038e-05
3.37794e-05
2.3113e-05
1.45734e-05
8.60687e-06
4.80114e-06
2.54944e-06
1.27634e-06
6.41831e-07
2.35056e-07
99.9845
99.9763
100.083
100.04
99.8533
99.9242
100.202
100.139
99.7622
99.7632
100.235
100.364
99.8337
99.4988
100.005
100.601
100.263
99.413
99.3929
100.37
100.926
100.11
98.97
99.1998
100.686
101.448
100.244
98.422
98.4307
100.657
102.563
101.47
97.9765
95.9855
98.7915
104.894
107.736
100.026
79.23
49.8686
20.9808
0.834742
-7.32766
-5.99807
-0.798194
3.17699
3.71253
1.56219
-1.09342
-2.43952
-1.98746
-0.448457
1.03662
1.66234
1.29775
0.358394
-0.565108
-1.04865
-0.985539
-0.538633
0.0146416
0.43564
0.60876
0.545631
0.337301
0.0934776
-0.102381
-0.211335
-0.234624
-0.197574
-0.132278
-0.0654303
-0.0130354
0.0193599
0.0335102
0.0346967
0.0287454
0.0203224
0.0123639
0.00623609
0.00221057
-3.18436e-05
-0.00101715
-0.00124886
-0.00110829
-0.000838496
-0.000569333
-0.00035437
-0.000203922
-0.000108556
-5.30822e-05
-2.33936e-05
-8.87553e-06
-2.51709e-06
-1.5495e-07
4.75473e-07
4.66121e-07
3.04869e-07
1.61289e-07
4.58002e-08
100.008
99.9475
100.018
100.114
99.9692
99.8183
100.02
100.253
100.027
99.6817
99.8794
100.357
100.266
99.6637
99.5501
100.213
100.629
100.047
99.2815
99.5612
100.6
100.872
99.8326
98.8594
99.4237
100.951
101.395
99.926
98.2415
98.6246
101.001
102.645
101.182
97.6385
95.9775
99.1333
105.231
107.717
99.6615
78.8714
49.8587
21.3342
1.23911
-7.22288
-6.28232
-1.24154
2.92153
3.83569
1.96982
-0.690061
-2.30928
-2.20505
-0.868084
0.668204
1.54647
1.47986
0.726556
-0.19953
-0.84797
-1.01656
-0.762058
-0.293848
0.160425
0.449423
0.5286
0.43872
0.26095
0.0747782
-0.0669636
-0.14412
-0.162168
-0.140075
-0.0992532
-0.0566438
-0.0221893
0.000564064
0.0123923
0.0161504
0.0150749
0.0118304
0.00818102
0.00505317
0.00276891
0.00129947
0.000463986
5.41155e-05
-0.000105003
-0.000136222
-0.000114475
-7.93311e-05
-4.8044e-05
-2.57089e-05
-1.18882e-05
-4.33931e-06
-7.39931e-07
6.4205e-07
9.82346e-07
8.31677e-07
6.65703e-07
3.43869e-07
100.022
99.9673
99.9429
100.082
100.102
99.8809
99.8362
100.135
100.245
99.8864
99.6616
100.038
100.426
100.107
99.532
99.6765
100.41
100.577
99.8081
99.2198
99.7872
100.791
100.741
99.5488
98.8189
99.698
101.184
101.272
99.5901
98.1109
98.8722
101.342
102.678
100.856
97.3085
96.0067
99.5022
105.565
107.676
99.277
78.5028
49.8479
21.6965
1.66397
-7.09189
-6.55264
-1.70155
2.61943
3.9089
2.36163
-0.247894
-2.10067
-2.34944
-1.26679
0.248687
1.32818
1.55819
1.04169
0.191434
-0.552248
-0.921311
-0.876747
-0.54924
-0.131737
0.213765
0.403374
0.43203
0.345952
0.20828
0.0729096
-0.0279336
-0.0841089
-0.101083
-0.0916882
-0.0694569
-0.0448173
-0.0239136
-0.00913343
-0.000358807
0.00376195
0.00487579
0.00439658
0.00331011
0.00218543
0.00127833
0.000650918
0.000268747
6.47581e-05
-2.64901e-05
-5.51636e-05
-5.41971e-05
-4.24983e-05
-2.94222e-05
-1.86722e-05
-1.10559e-05
-6.16238e-06
-3.25218e-06
-1.6117e-06
-7.90487e-07
-2.77702e-07
100.017
100.013
99.9229
99.9825
100.136
100.039
99.8082
99.9125
100.235
100.169
99.7512
99.7159
100.209
100.418
99.9125
99.4663
99.8651
100.565
100.443
99.5736
99.2413
100.052
100.921
100.537
99.2805
98.8571
100.009
101.367
101.081
99.2494
98.0394
99.1699
101.671
102.658
100.495
96.9919
96.0759
99.8976
105.895
107.614
98.8719
78.1238
49.8364
22.0679
2.11011
-6.93285
-6.80614
-2.17563
2.27027
3.92655
2.72787
0.224387
-1.81423
-2.40882
-1.62338
-0.201281
1.01526
1.51986
1.27194
0.568293
-0.192396
-0.708229
-0.862963
-0.708239
-0.386586
-0.0484888
0.202197
0.325315
0.332954
0.265286
0.16732
0.0739273
0.00436317
-0.0362024
-0.0518116
-0.050504
-0.0404482
-0.0278822
-0.0165553
-0.00808002
-0.0026399
0.000315033
0.00155941
0.00180059
0.00156027
0.00116419
0.000782526
0.000482719
0.000275082
0.000144546
6.92262e-05
2.93264e-05
1.01266e-05
1.97761e-06
-8.26432e-07
-1.36209e-06
-1.11977e-06
-7.21781e-07
-4.29689e-07
-1.6563e-07
99.9978
100.044
99.9682
99.9065
100.055
100.151
99.9406
99.7827
100.033
100.287
100.037
99.6575
99.8413
100.356
100.328
99.7149
99.485
100.091
100.65
100.24
99.3746
99.3507
100.329
100.973
100.274
99.0504
98.9779
100.339
101.486
100.824
98.9186
98.0345
99.5122
101.978
102.58
100.103
96.6943
96.1878
100.319
106.219
107.527
98.4453
77.7341
49.8238
22.4485
2.57842
-6.74375
-7.03963
-2.66075
1.87417
3.88328
3.05813
0.716183
-1.45329
-2.37371
-1.91638
-0.656781
0.623313
1.36062
1.39057
0.889286
0.189475
-0.403883
-0.720943
-0.742826
-0.554854
-0.279572
-0.0225298
0.154786
0.236583
0.239118
0.19285
0.127988
0.0664467
0.0197698
-0.00911929
-0.0226541
-0.0254982
-0.0223593
-0.0168724
-0.0113116
-0.0067802
-0.00358202
-0.00158366
-0.000482443
3.40991e-05
0.000215781
0.000232651
0.000185688
0.000126643
7.70104e-05
4.22256e-05
2.06873e-05
8.70655e-06
2.73795e-06
1.81355e-07
-6.96862e-07
-7.61156e-07
-6.75417e-07
-3.63119e-07
99.9826
100.037
100.035
99.912
99.9376
100.132
100.108
99.8381
99.8235
100.165
100.266
99.8772
99.635
100.016
100.442
100.165
99.552
99.5927
100.32
100.646
99.9894
99.24
99.5422
100.59
100.934
99.9694
98.8808
99.1788
100.669
101.529
100.511
98.6134
98.1019
99.8917
102.253
102.442
99.6831
96.4219
96.345
100.765
106.534
107.415
97.9962
77.3331
49.8101
22.8386
3.06978
-6.5224
-7.24958
-3.15333
1.43183
3.77409
3.3415
1.21502
-1.02422
-2.2376
-2.12526
-1.08986
0.175441
1.08629
1.37979
1.11593
0.545617
-0.0499216
-0.472746
-0.648421
-0.606359
-0.431471
-0.21612
-0.0290222
0.095525
0.153261
0.158472
0.132139
0.0935109
0.0560008
0.0265751
0.00712509
-0.00352119
-0.00781088
-0.00826466
-0.00687385
-0.004939
-0.00315676
-0.0018
-0.000896055
-0.000361
-8.25961e-05
3.84762e-05
7.45937e-05
7.16486e-05
5.52321e-05
3.76252e-05
2.34763e-05
1.36342e-05
7.42797e-06
3.8021e-06
1.81655e-06
8.34505e-07
2.66488e-07
99.9822
100.002
100.068
99.9848
99.8792
100.013
100.176
100.013
99.7703
99.928
100.268
100.17
99.7297
99.698
100.205
100.444
99.9563
99.4584
99.7784
100.514
100.547
99.7235
99.1928
99.7993
100.805
100.802
99.6489
98.7905
99.4514
100.976
101.487
100.153
98.3498
98.2452
100.299
102.486
102.242
99.2423
96.1809
96.5498
101.233
106.838
107.275
97.5238
76.9205
49.7951
23.2383
3.58501
-6.26661
-7.43211
-3.64908
0.944952
3.59457
3.56657
1.70623
-0.53712
-1.99788
-2.23128
-1.47012
-0.297814
0.713819
1.23297
1.21651
0.826912
0.301037
-0.159532
-0.443746
-0.533417
-0.473375
-0.333136
-0.176576
-0.0461099
0.0399263
0.0817702
0.0899555
0.0779897
0.0576494
0.0369653
0.0201422
0.00847835
0.00153606
-0.00186725
-0.00300795
-0.00292823
-0.00233912
-0.00165219
-0.00106122
-0.000626399
-0.000339753
-0.000167454
-7.26917e-05
-2.54142e-05
-4.61423e-06
2.82753e-06
4.31961e-06
3.64152e-06
2.50312e-06
1.49714e-06
8.70241e-07
3.43427e-07
99.9951
99.9691
100.048
100.062
99.9163
99.8963
100.107
100.161
99.893
99.7682
100.071
100.307
100.016
99.6361
99.8398
100.364
100.351
99.7396
99.4583
100.015
100.639
100.359
99.4792
99.2462
100.096
100.945
100.583
99.3409
98.7935
99.7808
101.238
101.357
99.7645
98.1436
98.4651
100.722
102.665
101.978
98.7866
95.9778
96.8042
101.723
107.127
107.105
97.0268
76.4959
49.7787
23.6478
4.12504
-5.97424
-7.5834
-4.1433
0.416189
3.34159
3.72244
2.17365
-0.00609869
-1.65751
-2.22031
-1.76757
-0.759646
0.272997
0.959957
1.17405
0.991388
0.591715
0.160026
-0.175334
-0.361036
-0.405399
-0.351173
-0.249296
-0.141504
-0.0532338
0.00573515
0.0366593
0.0464226
0.0432349
0.0340761
0.0237057
0.0147125
0.0080579
0.0037201
0.00122441
-8.41021e-06
-0.000481346
-0.000558261
-0.000467589
-0.000333832
-0.000213482
-0.000124484
-6.63507e-05
-3.1947e-05
-1.33954e-05
-4.34888e-06
-5.11382e-07
8.137e-07
9.57732e-07
8.60253e-07
4.60993e-07
100.01
99.9615
99.9952
100.087
100.01
99.8656
99.9679
100.178
100.08
99.7908
99.843
100.21
100.261
99.841
99.6274
100.033
100.453
100.177
99.5597
99.5596
100.265
100.668
100.105
99.2934
99.4008
100.398
100.99
100.292
99.0753
98.8969
100.146
101.432
101.137
99.3648
98.0094
98.759
101.147
102.78
101.651
98.3234
95.8193
97.11
102.232
107.4
106.902
96.504
76.0585
49.7607
24.0677
4.6912
-5.64256
-7.69912
-4.631
-0.15146
3.01246
3.79845
2.60038
0.552112
-1.22409
-2.08355
-1.95564
-1.1719
-0.198238
0.585316
0.99016
1.01492
0.776769
0.429112
0.100002
-0.136246
-0.258937
-0.284687
-0.247158
-0.180819
-0.111763
-0.0549888
-0.0158883
0.00649113
0.0161608
0.0177691
0.0152421
0.011292
0.00746596
0.0044384
0.00234455
0.00105241
0.000342716
5.94454e-06
-0.000118756
-0.000138303
-0.000115467
-8.25198e-05
-5.32801e-05
-3.17928e-05
-1.77041e-05
-9.23556e-06
-4.49057e-06
-2.02038e-06
-8.35086e-07
-2.24835e-07
100.017
99.9813
99.9515
100.049
100.086
99.9308
99.8658
100.071
100.192
99.9553
99.7474
99.9788
100.3
100.134
99.6945
99.7143
100.232
100.445
99.953
99.4571
99.7505
100.483
100.587
99.8205
99.198
99.6431
100.669
100.926
99.9543
98.881
99.0995
100.521
101.54
100.836
98.9749
97.9597
99.1213
101.56
102.824
101.264
97.8615
95.7119
97.4683
102.758
107.651
106.666
95.9543
75.6076
49.7407
24.4978
5.28455
-5.26862
-7.77398
-5.10564
-0.753419
2.60541
3.78347
2.96705
1.11629
-0.710938
-1.8175
-2.01031
-1.49398
-0.653509
0.147423
0.683234
0.889687
0.823254
0.597038
0.324725
0.0876162
-0.0746536
-0.157212
-0.1762
-0.155368
-0.116748
-0.076123
-0.0422532
-0.0182422
-0.00362137
0.00374996
0.00635817
0.0063185
0.00512236
0.003662
0.00237571
0.00141293
0.000769383
0.000378186
0.000161269
5.27074e-05
5.29839e-06
-1.09913e-05
-1.34128e-05
-1.08716e-05
-7.41336e-06
-4.5406e-06
-2.52386e-06
-1.37708e-06
-5.18729e-07
100.011
100.011
99.9448
99.9831
100.098
100.035
99.8639
99.9285
100.164
100.131
99.8299
99.7868
100.136
100.305
99.9566
99.6207
99.8818
100.388
100.333
99.7256
99.4596
99.9999
100.626
100.405
99.5489
99.2139
99.9463
100.871
100.753
99.6034
98.7825
99.3911
100.877
101.547
100.465
98.6176
98.0044
99.5423
101.945
102.787
100.822
97.4105
95.6626
97.8798
103.297
107.879
106.393
95.3763
75.1427
49.7185
24.9383
5.90585
-4.85004
-7.80304
-5.56002
-1.38306
2.12163
3.66872
3.25401
1.66065
-0.14033
-1.42997
-1.91733
-1.68893
-1.04017
-0.297961
0.298259
0.638911
0.727349
0.634106
0.449545
0.250655
0.0860652
-0.0243442
-0.0817597
-0.0986213
-0.0904419
-0.0707254
-0.0488425
-0.0299627
-0.0160264
-0.00697996
-0.00183062
0.000642473
0.00150839
0.00154607
0.00124685
0.000878382
0.000560377
0.000328144
0.000176591
8.64053e-05
3.72369e-05
1.28799e-05
2.20212e-06
-1.58852e-06
-2.38958e-06
-1.96362e-06
-1.49876e-06
-7.39618e-07
99.9994
100.031
99.974
99.9354
100.045
100.105
99.9489
99.8477
100.035
100.204
100.011
99.7526
99.9044
100.263
100.216
99.7792
99.6472
100.091
100.457
100.137
99.5462
99.5741
100.262
100.662
100.144
99.3353
99.3465
100.272
100.974
100.484
99.2763
98.7971
99.7524
101.183
101.444
100.043
98.3163
98.1495
100.009
102.284
102.663
100.329
96.9808
95.678
98.345
103.845
108.078
106.08
94.7682
74.663
49.6941
25.3901
6.55683
-4.38371
-7.78112
-5.98713
-2.03371
1.56323
3.44726
3.4433
2.15906
0.461163
-0.93765
-1.67463
-1.73196
-1.31341
-0.69432
-0.107819
0.309304
0.518312
0.549673
0.465992
0.331739
0.195799
0.0860962
0.0122556
-0.028235
-0.0437126
-0.0436354
-0.0359239
-0.0259999
-0.0169004
-0.00988035
-0.00510011
-0.00218841
-0.0006146
0.000111184
0.000359936
0.0003764
0.000303289
0.000213182
0.000136373
8.08566e-05
4.47804e-05
2.31798e-05
1.11699e-05
4.91187e-06
1.93341e-06
5.92274e-07
5.99911e-08
99.9893
100.029
100.016
99.9328
99.9716
100.102
100.055
99.8694
99.9001
100.143
100.164
99.8734
99.7587
100.065
100.313
100.053
99.6558
99.7742
100.288
100.415
99.8987
99.4593
99.7835
100.485
100.578
99.8457
99.219
99.5835
100.576
100.956
100.143
99.0112
98.9318
100.155
101.41
101.23
99.5932
98.0936
98.3965
100.505
102.561
102.448
99.7937
96.5838
95.7643
98.8635
104.399
108.244
105.724
94.1281
74.1671
49.6665
25.853
7.23907
-3.86562
-7.70125
-6.37769
-2.69655
0.933767
3.11232
3.51534
2.58142
1.06049
-0.365888
-1.28969
-1.60673
-1.4334
-0.984931
-0.471939
-0.0411406
0.239807
0.367827
0.377808
0.317206
0.228659
0.141827
0.0723816
0.0249852
-0.00245733
-0.0150143
-0.0181354
-0.0162925
-0.0125484
-0.00866988
-0.00546712
-0.00315761
-0.00165647
-0.000767962
-0.000290852
-6.33115e-05
2.72352e-05
5.08131e-05
4.66639e-05
3.44061e-05
2.24114e-05
1.33575e-05
7.39001e-06
3.78512e-06
1.88246e-06
6.4603e-07
99.9866
100.011
100.043
99.9698
99.9237
100.041
100.116
99.9648
99.8401
100.006
100.202
100.053
99.772
99.8541
100.215
100.262
99.8642
99.6286
99.9716
100.417
100.266
99.6741
99.4911
100.048
100.62
100.381
99.5621
99.2261
99.8948
100.811
100.812
99.7697
98.843
99.1819
100.565
101.531
100.911
99.1447
97.97
98.7415
101.01
102.758
102.14
99.2275
96.2319
95.9276
99.4337
104.954
108.373
105.322
93.4545
73.6541
49.6354
26.327
7.95336
-3.29272
-7.55672
-6.72109
-3.35947
0.241677
2.66218
3.45341
2.89583
1.61617
0.24457
-0.790624
-1.31912
-1.37933
-1.12404
-0.730394
-0.340621
-0.0382769
0.14863
0.230617
0.237044
0.200524
0.147773
0.0962841
0.0548461
0.0258981
0.00818737
-0.00107582
-0.0048325
-0.00548668
-0.00470436
-0.00348289
-0.00232595
-0.00142537
-0.000805104
-0.000416695
-0.000193551
-7.6255e-05
-2.07999e-05
1.66838e-06
8.31134e-06
8.35399e-06
6.41055e-06
4.16654e-06
2.7061e-06
1.20655e-06
99.9918
99.9886
100.043
100.019
99.9247
99.9641
100.104
100.067
99.8772
99.884
100.122
100.18
99.9109
99.7518
100.01
100.298
100.121
99.709
99.7123
100.186
100.438
100.042
99.5202
99.6413
100.312
100.634
100.103
99.3461
99.3633
100.236
100.939
100.552
99.4073
98.7984
99.5296
100.943
101.528
100.505
98.7288
97.9622
99.175
101.501
102.859
101.74
98.6428
95.9381
96.1737
100.054
105.504
108.459
104.87
92.7451
73.1229
49.6004
26.8126
8.70143
-2.66145
-7.34084
-7.0069
-4.00976
-0.502373
2.09919
3.24578
3.07406
2.0862
0.845685
-0.221083
-0.89833
-1.1593
-1.09693
-0.848873
-0.541977
-0.264053
-0.058782
0.0653648
0.121185
0.129929
0.112492
0.0849382
0.0573837
0.0348145
0.0186625
0.00836284
0.00253292
-0.000302263
-0.00135994
-0.00149883
-0.00125138
-0.000906676
-0.000596364
-0.000362999
-0.000206118
-0.000109288
-5.38079e-05
-2.41955e-05
-9.58945e-06
-2.94737e-06
-4.08975e-07
5.2089e-07
4.72779e-07
100.001
99.9758
100.02
100.051
99.9656
99.9173
100.038
100.12
99.9746
99.8401
99.9884
100.193
100.078
99.7955
99.8274
100.17
100.279
99.9331
99.6412
99.8873
100.353
100.338
99.8001
99.4802
99.8805
100.516
100.516
99.7961
99.2421
99.6149
100.552
100.933
100.205
99.104
98.8921
99.9445
101.248
101.39
100.036
98.3786
98.0814
99.6809
101.953
102.851
101.252
98.0544
95.7156
96.5072
100.721
106.044
108.497
104.365
91.9971
72.5717
49.5607
27.3103
9.48536
-1.967
-7.04499
-7.22225
-4.63187
-1.28454
1.42904
2.88351
3.08877
2.4259
1.38148
0.361388
-0.392923
-0.804277
-0.912367
-0.813915
-0.613407
-0.393674
-0.205465
-0.0700313
0.0121079
0.0514968
0.0620956
0.0565941
0.0443624
0.0311966
0.0199915
0.0116955
0.00617507
0.0028406
0.00102156
0.000147704
-0.000194758
-0.000272512
-0.000239803
-0.000175909
-0.000115537
-6.98817e-05
-3.93827e-05
-2.07829e-05
-1.02127e-05
-4.64122e-06
-1.92931e-06
-5.10595e-07
100.008
99.977
99.9901
100.053
100.018
99.9191
99.9629
100.104
100.071
99.8835
99.8796
100.107
100.182
99.9365
99.7585
99.9745
100.273
100.159
99.7616
99.6883
100.102
100.421
100.141
99.6043
99.5702
100.155
100.61
100.285
99.5199
99.2766
99.9426
100.79
100.784
99.815
98.9045
99.1227
100.385
101.444
101.119
99.5376
98.126
98.3316
100.237
102.339
102.723
100.685
97.4797
95.5782
96.9321
101.431
106.565
108.479
103.801
91.2076
71.9984
49.5148
27.8196
10.3066
-1.20484
-6.65992
-7.35224
-5.20641
-2.08511
0.664941
2.3658
2.91952
2.59362
1.79261
0.887357
0.12731
-0.375169
-0.615676
-0.652249
-0.563653
-0.421242
-0.275656
-0.154886
-0.0687436
-0.0154831
0.012147
0.0226252
0.0232808
0.0194004
0.0142496
0.00951648
0.00584884
0.00331234
0.00171261
0.000786838
0.000297852
6.71332e-05
-2.44321e-05
-4.88018e-05
-4.548e-05
-3.39414e-05
-2.24274e-05
-1.36839e-05
-7.68161e-06
-4.3491e-06
-1.74017e-06
100.01
99.9892
99.9698
100.029
100.054
99.9597
99.9167
100.041
100.118
99.9764
99.8452
99.9824
100.182
100.087
99.8161
99.8206
100.137
100.275
99.9785
99.6686
99.8397
100.29
100.364
99.8998
99.5118
99.7727
100.398
100.565
99.9863
99.3342
99.4508
100.291
100.903
100.508
99.437
98.8434
99.4715
100.803
101.501
100.73
99.0511
97.9997
98.7085
100.815
102.631
102.466
100.051
96.9388
95.5398
97.4509
102.179
107.059
108.4
103.175
90.3737
71.4012
49.4617
28.3403
11.1663
-0.370719
-6.17628
-7.38082
-5.71098
-2.87877
-0.171389
1.70275
2.55781
2.55871
2.02743
1.28991
0.588836
0.0572234
-0.26703
-0.408369
-0.419813
-0.357661
-0.267265
-0.178212
-0.105539
-0.0537017
-0.0209515
-0.00285889
0.00539554
0.00785249
0.00739535
0.00582097
0.00409778
0.00265034
0.00159337
0.000893452
0.000465677
0.000222835
9.49813e-05
3.32302e-05
6.58988e-06
-2.87653e-06
-5.00712e-06
-4.19695e-06
-3.20981e-06
-1.5773e-06
100.007
100.004
99.9665
99.9956
100.059
100.012
99.916
99.9688
100.104
100.065
99.8869
99.8855
100.1
100.174
99.9483
99.7728
99.9597
100.247
100.171
99.8028
99.691
100.047
100.387
100.195
99.6841
99.5528
100.038
100.546
100.387
99.6843
99.2834
99.7374
100.595
100.864
100.141
99.1292
98.9394
99.9022
101.146
101.4
100.249
98.6204
98.022
99.1982
101.381
102.804
102.078
99.3678
96.4535
95.614
98.0653
102.956
107.517
108.25
102.479
89.4915
70.7776
49.4002
28.8725
12.0665
0.540194
-5.58421
-7.2908
-6.1202
-3.63398
-1.04757
0.919859
2.01423
2.31101
2.05302
1.51573
0.923849
0.418453
0.0603832
-0.147796
-0.235681
-0.243443
-0.208059
-0.156966
-0.107005
-0.0662747
-0.0369562
-0.0179594
-0.00687554
-0.00116402
0.00127853
0.00195389
0.00181377
0.00139441
0.000957732
0.00060531
0.000356712
0.000196966
0.000101814
4.88519e-05
2.13933e-05
8.07053e-06
2.37508e-06
8.91467e-09
-4.83475e-07
100.002
100.015
99.9783
99.9699
100.038
100.05
99.9516
99.9226
100.048
100.111
99.9703
99.8544
99.988
100.171
100.081
99.8308
99.8297
100.118
100.258
99.9995
99.6997
99.8242
100.24
100.358
99.9637
99.5604
99.7206
100.296
100.557
100.113
99.449
99.3852
100.083
100.795
100.671
99.7394
98.9445
99.1897
100.363
101.366
101.141
99.7192
98.2901
98.2056
99.7764
101.898
102.835
101.563
98.6566
96.0471
95.8135
98.7749
103.755
107.929
108.021
101.708
88.5557
70.1236
49.3277
29.4155
13.0091
1.53402
-4.87131
-7.06125
-6.40342
-4.31157
-1.92012
0.0583523
1.32042
1.86637
1.86614
1.5427
1.09488
0.661336
0.315984
0.0811617
-0.0531581
-0.111823
-0.122092
-0.106807
-0.0819665
-0.057019
-0.0364099
-0.0213686
-0.0114126
-0.00538661
-0.00206594
-0.000434333
0.000238996
0.000425135
0.00039886
0.000304101
0.000206364
0.000129012
7.54776e-05
4.165e-05
2.17372e-05
1.06451e-05
5.09567e-06
1.71084e-06
99.9967
100.018
99.9967
99.9611
100.005
100.061
100.001
99.9162
99.9817
100.103
100.051
99.888
99.901
100.099
100.157
99.9473
99.7917
99.9633
100.225
100.162
99.8285
99.7111
100.021
100.348
100.21
99.7442
99.57
99.9695
100.474
100.424
99.8084
99.3394
99.6239
100.418
100.844
100.352
99.371
98.9209
99.5676
100.793
101.426
100.74
99.1911
98.1016
98.5508
100.408
102.324
102.704
100.932
97.9449
95.7449
96.1497
99.5766
104.565
108.282
107.703
100.855
87.5613
69.4349
49.2406
29.9667
13.994
2.61553
-4.02474
-6.66787
-6.52266
-4.86032
-2.72835
-0.818396
0.534187
1.26932
1.49263
1.37598
1.08778
0.756485
0.460661
0.235366
0.0854646
-0.000757235
-0.0410211
-0.0524847
-0.0486363
-0.038573
-0.0275731
-0.0181505
-0.0110998
-0.00631225
-0.00331568
-0.00157858
-0.000649545
-0.000198119
-6.5809e-06
5.632e-05
6.32033e-05
5.06432e-05
3.48489e-05
2.19093e-05
1.25863e-05
7.31354e-06
2.99678e-06
99.9937
100.013
100.013
99.969
99.9768
100.047
100.04
99.9432
99.9354
100.057
100.097
99.9582
99.8684
100.003
100.159
100.062
99.8404
99.8516
100.112
100.233
99.999
99.7289
99.8345
100.208
100.332
99.9919
99.6097
99.7129
100.226
100.519
100.176
99.5513
99.3875
99.9502
100.668
100.724
99.9592
99.104
99.0733
100.024
101.128
101.304
100.233
98.7234
98.0881
99.0439
101.049
102.62
102.401
100.202
97.2648
95.5734
96.6329
100.465
105.371
108.56
107.283
99.9097
86.5017
68.707
49.1357
30.5249
15.0223
3.78973
-3.03235
-6.08732
-6.43984
-5.22582
-3.40313
-1.63129
-0.262532
0.596881
0.99791
1.065
0.934519
0.719553
0.49676
0.307787
0.167739
0.0752517
0.0210344
-0.00625746
-0.0167645
-0.0181252
-0.0153798
-0.0114511
-0.00778243
-0.00491253
-0.00290183
-0.00160602
-0.000828871
-0.000393599
-0.000166619
-5.7737e-05
-1.09814e-05
5.54062e-06
9.22632e-06
7.70972e-06
5.94797e-06
2.96499e-06
99.9935
100.005
100.021
99.9864
99.9624
100.018
100.057
99.9851
99.9217
100
100.098
100.029
99.8896
99.9252
100.103
100.132
99.9367
99.8152
99.9817
100.206
100.136
99.8401
99.7433
100.02
100.312
100.195
99.7806
99.6073
99.9452
100.412
100.413
99.882
99.4115
99.5868
100.29
100.774
100.453
99.5678
98.9941
99.3868
100.49
101.31
101.002
99.6738
98.3755
98.2686
99.6549
101.646
102.747
101.922
99.4005
96.6531
95.5589
97.2704
101.432
106.158
108.747
106.747
98.8615
85.3678
67.9326
49.0079
31.0874
16.0947
5.06241
-1.88071
-5.29521
-6.11647
-5.35388
-3.87549
-2.30047
-0.985012
-0.0683555
0.45597
0.670427
0.680066
0.579768
0.439619
0.302844
0.190527
0.108638
0.0546227
0.0223388
0.00511962
-0.00268829
-0.00522547
-0.00519413
-0.00417398
-0.00297842
-0.00195477
-0.00119932
-0.000693201
-0.000378443
-0.000194866
-9.39665e-05
-4.18875e-05
-1.65558e-05
-5.48204e-06
-8.07077e-07
4.9714e-07
99.9956
99.9965
100.02
100.005
99.9638
99.9897
100.051
100.023
99.9374
99.9554
100.067
100.075
99.9434
99.8889
100.025
100.142
100.034
99.8485
99.8845
100.116
100.199
99.9816
99.7566
99.8649
100.192
100.292
99.9896
99.6532
99.7388
100.19
100.466
100.186
99.6244
99.4307
99.8904
100.56
100.704
100.083
99.258
99.0717
99.8155
100.89
101.299
100.547
99.1316
98.2011
98.6441
100.337
102.142
102.673
101.276
98.5656
96.151
95.7269
98.0658
102.463
106.905
108.825
106.079
97.6981
84.1497
67.103
48.8496
31.6475
17.2062
6.43155
-0.566046
-4.27812
-5.52545
-5.20087
-4.08472
-2.75037
-1.54761
-0.636946
-0.0464289
0.27083
0.391023
0.390049
0.328576
0.247757
0.171159
0.109313
0.064541
0.0348946
0.0168285
0.00674099
0.00167444
-0.000502406
-0.00117638
-0.00116933
-0.000922035
-0.000642942
-0.000412271
-0.000247518
-0.000140346
-7.54757e-05
-3.8492e-05
-1.84597e-05
-8.60908e-06
-2.80335e-06
99.9986
99.9914
100.013
100.017
99.9763
99.9711
100.03
100.045
99.9692
99.9348
100.021
100.087
100.003
99.8958
99.9564
100.106
100.099
99.9217
99.8452
100.01
100.186
100.098
99.8428
99.7855
100.039
100.277
100.157
99.7964
99.6572
99.9573
100.364
100.369
99.9078
99.4811
99.6072
100.22
100.689
100.468
99.6929
99.1006
99.3323
100.286
101.147
101.082
99.9958
98.683
98.2398
99.1927
101.027
102.478
102.378
100.486
97.7443
95.8032
96.101
99.0177
103.542
107.587
108.768
105.261
96.4044
82.8347
66.2065
48.6489
32.1928
18.3433
7.88349
0.899607
-3.04317
-4.66505
-4.75275
-4.00265
-2.93915
-1.89752
-1.04946
-0.448235
-0.0757881
0.11877
0.193008
0.196777
0.16668
0.126043
0.0875453
0.0565635
0.0341493
0.0192314
0.0100095
0.00470688
0.00188843
0.000528574
-4.04278e-05
-0.000219031
-0.000228552
-0.000180505
-0.000124649
-7.88332e-05
-4.68876e-05
-2.59511e-05
-1.46331e-05
-5.89151e-06
100.001
99.9901
100.004
100.022
99.9928
99.9656
100.006
100.048
100.002
99.9384
99.9805
100.07
100.047
99.9317
99.9173
100.047
100.119
100
99.8605
99.926
100.122
100.158
99.9543
99.7868
99.9102
100.186
100.24
99.9653
99.6926
99.7895
100.182
100.406
100.154
99.6675
99.4977
99.8922
100.483
100.638
100.12
99.3744
99.1381
99.7319
100.71
101.206
100.679
99.4253
98.4022
98.5094
99.868
101.652
102.599
101.856
99.5914
96.994
95.6566
96.7011
100.119
104.642
108.175
108.549
104.27
94.9606
81.4039
65.223
48.3829
32.6961
19.4741
9.38205
2.47811
-1.62659
-3.56483
-4.02778
-3.63301
-2.85494
-2.00858
-1.26864
-0.705435
-0.32316
-0.0921134
0.0286524
0.077983
0.0865636
0.0756097
0.0580805
0.0408274
0.0267397
0.0164569
0.00954648
0.00521207
0.00266019
0.00124956
0.00052128
0.000174914
2.79628e-05
-2.31695e-05
-3.27814e-05
-2.80418e-05
-1.92564e-05
-1.3167e-05
-6.13448e-06
100.003
99.9918
99.9962
100.019
100.007
99.971
99.9862
100.037
100.026
99.958
99.9558
100.039
100.067
99.9769
99.911
99.9908
100.102
100.059
99.9097
99.8836
100.041
100.16
100.05
99.8451
99.8378
100.067
100.239
100.102
99.801
99.7185
99.9954
100.326
100.301
99.8966
99.5454
99.6699
100.2
100.603
100.417
99.7461
99.2089
99.3713
100.191
100.996
101.039
100.147
98.9289
98.3489
98.9972
100.599
102.129
102.462
101.121
98.6475
96.3807
95.758
97.5417
101.355
105.734
108.632
108.135
103.073
93.337
79.8261
64.1173
48.0107
33.1098
20.5431
10.8638
4.09974
-0.100985
-2.29545
-3.08957
-3.02794
-2.53564
-1.90372
-1.3037
-0.816102
-0.461546
-0.227417
-0.0872078
-0.0125226
0.0208405
0.0308209
0.0293156
0.0234119
0.0168367
0.0112188
0.00702269
0.00415805
0.00233467
0.00124201
0.000622952
0.000291414
0.000124103
4.56649e-05
1.17265e-05
-2.46408e-07
-4.30351e-06
-3.2416e-06
100.003
99.9952
99.9915
100.012
100.015
99.9823
99.9755
100.02
100.037
99.9829
99.9493
100.006
100.064
100.015
99.9289
99.9523
100.063
100.086
99.9682
99.882
99.9718
100.122
100.107
99.9263
99.825
99.964
100.179
100.177
99.9298
99.7349
99.8586
100.188
100.337
100.092
99.6903
99.5827
99.9404
100.434
100.543
100.086
99.448
99.2448
99.7518
100.606
101.075
100.665
99.5764
98.6008
98.5555
99.6551
101.291
102.379
102.044
100.211
97.73
95.9784
96.1518
98.6282
102.7
106.773
108.912
107.479
101.628
91.4876
78.0501
62.831
47.4655
33.3578
21.4656
12.2364
5.66707
1.43476
-0.952573
-2.02558
-2.26249
-2.04112
-1.62667
-1.183
-0.795425
-0.495912
-0.285023
-0.148239
-0.0665022
-0.0219968
-0.000594843
0.00771243
0.00937659
0.00819147
0.00616813
0.00423177
0.00270971
0.00163923
0.000942812
0.000517085
0.000270395
0.000134579
6.3217e-05
2.77537e-05
1.12836e-05
2.99591e-06
100.003
99.9987
99.9902
100.004
100.017
99.9945
99.9739
100.003
100.035
100.004
99.9568
99.9817
100.047
100.039
99.9584
99.9364
100.021
100.085
100.017
99.9085
99.9293
100.066
100.123
100.001
99.8563
99.8984
100.095
100.191
100.038
99.8068
99.7919
100.046
100.288
100.214
99.8644
99.6112
99.7636
100.215
100.517
100.318
99.7432
99.3125
99.4788
100.188
100.875
100.914
100.149
99.0782
98.5189
99.0142
100.398
101.838
102.333
101.348
99.1949
96.9345
95.8676
96.8768
99.9537
104.112
107.7
108.947
106.516
99.8665
89.3434
76.0017
61.2829
46.6581
33.3429
22.1358
13.3865
7.06055
2.85832
0.343093
-0.950068
-1.43991
-1.46025
-1.25011
-0.962876
-0.684625
-0.454551
-0.282949
-0.164851
-0.0891397
-0.0438372
-0.0186632
-0.00586515
-0.00012618
0.00191688
0.00223185
0.00187701
0.00136474
0.000906412
0.000563288
0.000331586
0.000186055
0.000100087
5.09834e-05
2.62281e-05
9.71591e-06
100.002
100.001
99.9915
99.9983
100.015
100.004
99.9787
99.9909
100.026
100.018
99.9715
99.9692
100.025
100.046
99.9877
99.9396
99.9881
100.066
100.047
99.9467
99.9155
100.014
100.108
100.053
99.9088
99.8747
100.016
100.16
100.106
99.8975
99.7887
99.937
100.194
100.255
100.015
99.7104
99.6859
100.016
100.395
100.421
100.005
99.4955
99.3831
99.8494
100.564
100.922
100.539
99.5991
98.7657
98.7236
99.6672
101.107
102.13
101.952
100.421
98.1762
96.3734
96.1276
97.9576
101.489
105.524
108.427
108.643
105.148
97.6938
86.8067
73.5808
59.3701
45.4835
32.9581
22.4453
14.2041
8.16962
4.05996
1.48511
0.0369276
-0.650845
-0.871818
-0.83959
-0.695403
-0.523122
-0.365818
-0.240481
-0.149359
-0.0877143
-0.0485498
-0.0251054
-0.0118997
-0.00494759
-0.0015806
-0.000133711
0.000364834
0.000444265
0.000370642
0.000264665
0.000171901
0.00010505
5.96316e-05
3.48481e-05
1.45857e-05
100.001
100.003
99.9942
99.9946
100.01
100.009
99.9863
99.9848
100.015
100.023
99.9871
99.9674
100.005
100.042
100.01
99.9542
99.9686
100.04
100.057
99.9828
99.9235
99.976
100.075
100.076
99.962
99.8837
99.9607
100.108
100.13
99.9785
99.8275
99.8753
100.093
100.235
100.115
99.8323
99.6911
99.8768
100.239
100.416
100.186
99.7126
99.4253
99.6389
100.247
100.769
100.723
100.036
99.1467
98.7264
99.1985
100.405
101.645
102.08
101.241
99.355
97.2915
96.1697
96.8247
99.3886
103.165
106.825
108.826
107.87
103.25
94.989
83.7622
70.6763
56.9858
43.8389
32.1042
22.2972
14.5935
8.89893
4.94495
2.38073
0.846753
0.0226358
-0.349111
-0.458044
-0.43252
-0.35209
-0.26106
-0.180547
-0.117863
-0.0730729
-0.0431368
-0.024241
-0.012926
-0.00649162
-0.00302452
-0.00126571
-0.000437054
-8.50226e-05
4.04125e-05
6.76029e-05
6.01848e-05
4.21375e-05
2.94127e-05
1.39812e-05
100
100.003
99.997
99.9934
100.005
100.011
99.9938
99.984
100.005
100.022
99.9995
99.9726
99.9918
100.03
100.022
99.9723
99.9622
100.015
100.052
100.009
99.9431
99.9565
100.041
100.077
100.003
99.9112
99.9322
100.054
100.123
100.035
99.8837
99.8575
100.011
100.18
100.16
99.9415
99.7476
99.8055
100.096
100.343
100.276
99.9049
99.5467
99.555
99.9942
100.545
100.737
100.329
99.5362
98.9171
98.9918
99.859
101.074
101.878
101.645
100.27
98.2992
96.7036
96.439
97.991
101.114
104.858
107.854
108.722
106.459
100.669
91.6167
80.0918
67.1864
54.0435
41.6517
30.7204
21.6393
14.5077
9.20374
5.4688
2.98499
1.43447
0.536868
0.0670461
-0.142058
-0.205605
-0.197293
-0.160552
-0.118448
-0.0814507
-0.0529343
-0.0327579
-0.0193801
-0.0109783
-0.00595175
-0.00307955
-0.0015117
-0.000696143
-0.00029372
-0.000108103
-2.8622e-05
-5.26994e-07
9.05336e-06
7.03633e-06
99.9995
100.003
99.9993
99.9939
100.001
100.01
99.9995
99.9865
99.998
100.017
100.007
99.9809
99.9852
100.018
100.025
99.9884
99.9654
99.9978
100.04
100.023
99.9655
99.9524
100.012
100.064
100.028
99.9437
99.9265
100.012
100.096
100.064
99.9384
99.8705
99.9577
100.116
100.162
100.02
99.8238
99.7916
99.9895
100.243
100.29
100.042
99.6925
99.5668
99.8317
100.322
100.641
100.474
99.8553
99.1885
98.9883
99.5146
100.556
101.509
101.715
100.856
99.1827
97.4467
96.5783
97.2598
99.5945
103.003
106.374
108.39
107.902
104.221
97.2497
87.4547
75.7035
63.0453
50.4991
38.8953
28.7926
20.4653
13.9433
9.07955
5.62341
3.28511
1.78288
0.871514
0.354849
0.0867887
-0.0346246
-0.0761646
-0.078749
-0.0656277
-0.0488004
-0.0336212
-0.0218504
-0.0135264
-0.00802021
-0.00456867
-0.00250339
-0.00131922
-0.000667102
-0.000322626
-0.000147763
-6.33961e-05
-2.51047e-05
-6.44923e-06
99.9993
100.002
100.001
99.9953
99.9987
100.007
100.003
99.9904
99.9943
100.011
100.01
99.9892
99.9841
100.008
100.022
99.9998
99.9734
99.988
100.026
100.028
99.9844
99.9585
99.9935
100.045
100.037
99.9722
99.9356
99.9851
100.065
100.07
99.9804
99.8991
99.9334
100.06
100.138
100.063
99.8961
99.8149
99.9279
100.147
100.257
100.119
99.824
99.634
99.7556
100.142
100.498
100.503
100.072
99.4581
99.1086
99.3552
100.164
101.103
101.571
101.141
99.8391
98.1891
97.008
97.0454
98.6359
101.511
104.836
107.445
108.166
106.132
100.973
92.8613
82.4231
70.5599
58.25
46.3764
35.6127
26.3759
18.8355
12.9598
8.58012
5.45347
3.31523
1.91568
1.04098
0.521324
0.230224
0.0787866
0.00788356
-0.0196907
-0.0260104
-0.0233235
-0.0178768
-0.0124898
-0.00817288
-0.00507895
-0.00302105
-0.00172799
-0.000952939
-0.000507157
-0.000260986
-0.000128213
-6.36795e-05
-2.29664e-05
99.9994
100.001
100.001
99.9969
99.9976
100.005
100.004
99.9943
99.9934
100.006
100.01
99.9955
99.9864
100.001
100.017
100.006
99.9824
99.9849
100.014
100.025
99.9973
99.9688
99.9846
100.027
100.036
99.9922
99.9513
99.9731
100.038
100.062
100.007
99.9307
99.9305
100.02
100.103
100.077
99.9514
99.855
99.9041
100.073
100.202
100.145
99.9218
99.7205
99.7442
100.021
100.354
100.459
100.188
99.6778
99.2795
99.3321
99.9137
100.747
101.327
101.202
100.254
98.8084
97.5357
97.1632
98.1501
100.458
103.503
106.304
107.752
106.901
103.197
96.5769
87.4385
76.5149
64.6983
52.8687
41.7634
31.9028
23.5728
16.8492
11.6485
7.78518
5.02513
3.1274
1.87156
1.07234
0.584075
0.298685
0.140013
0.0569496
0.0167878
-0.000414503
-0.00620759
-0.00690494
-0.00572255
-0.00414796
-0.00276799
-0.00173987
-0.00104302
-0.000599837
-0.00033401
-0.000176897
-9.6858e-05
-3.86591e-05
99.9995
100.001
100.001
99.9983
99.9975
100.002
100.004
99.9973
99.9942
100.002
100.008
99.9995
99.99
99.9971
100.011
100.008
99.9901
99.9861
100.005
100.019
100.004
99.9795
99.9828
100.014
100.029
100.004
99.9673
99.9716
100.018
100.048
100.019
99.9577
99.9401
99.9968
100.07
100.072
99.9866
99.8967
99.906
100.025
100.146
100.139
99.9824
99.8019
99.7713
99.9561
100.236
100.38
100.228
99.8305
99.4495
99.3904
99.7872
100.479
101.066
101.126
100.463
99.2587
98.0351
97.4491
98.0038
99.8089
102.483
105.227
107.036
106.961
104.344
98.947
90.979
81.0075
69.8163
58.2445
47.0501
36.8189
27.9249
20.5357
14.6475
10.1351
6.80275
4.42798
2.79322
1.70564
1.00637
0.572098
0.311937
0.161938
0.0790253
0.0353696
0.0137179
0.00381463
-0.000171508
-0.00139748
-0.00147711
-0.00117634
-0.000823146
-0.000530515
-0.000324881
-0.000185698
-0.000110486
-4.73993e-05
99.9997
100
100.001
99.9993
99.9979
100.001
100.003
99.9992
99.9957
100
100.006
100.001
99.9936
99.9961
100.006
100.007
99.9954
99.9893
100
100.013
100.006
99.9881
99.9853
100.005
100.021
100.008
99.9804
99.9762
100.006
100.033
100.02
99.9768
99.9546
99.9872
100.044
100.058
100.004
99.9314
99.9216
100
100.1
100.116
100.011
99.8655
99.8146
99.9332
100.153
100.298
100.218
99.9198
99.5896
99.4834
99.7501
100.304
100.84
100.988
100.527
99.5444
98.44
97.7819
98.0639
99.4766
101.783
104.342
106.266
106.647
104.783
100.325
93.3337
84.2336
73.6968
62.5005
51.3928
40.9923
31.7336
23.8559
17.4243
12.3707
8.54005
5.73388
3.74438
2.37789
1.46793
0.88024
0.512106
0.288524
0.15698
0.082122
0.0410197
0.0193313
0.00840392
0.00320478
0.000916315
2.60573e-05
-0.000242738
-0.00026318
-0.000209497
-0.000139817
-9.50119e-05
-4.47954e-05
99.9998
100
100.001
99.9998
99.9986
100
100.002
100
99.9973
99.9993
100.003
100.002
99.9965
99.9966
100.003
100.005
99.9985
99.9929
99.9985
100.008
100.006
99.9939
99.9895
100.001
100.013
100.008
99.9892
99.9829
100
100.021
100.017
99.9881
99.9689
99.9867
100.026
100.042
100.009
99.9557
99.9416
99.9925
100.067
100.088
100.018
99.9081
99.8587
99.9367
100.103
100.227
100.184
99.9599
99.6896
99.5791
99.7666
100.208
100.67
100.838
100.503
99.6975
98.7314
98.0878
98.2233
99.3603
101.355
103.687
105.58
106.189
104.807
101.025
94.7996
86.4393
76.5151
65.7356
54.8198
44.3948
34.9316
26.721
19.8836
14.4008
10.1568
6.97894
4.67345
3.05074
1.94154
1.2046
0.728454
0.429175
0.24616
0.137295
0.0743372
0.0389727
0.0197079
0.00955479
0.00439658
0.00188578
0.000725052
0.000226465
3.10361e-05
-2.64838e-05
-4.13762e-05
-2.63566e-05
99.9999
100
100
100
99.9992
99.9999
100.001
100
99.9985
99.9993
100.002
100.001
99.9983
99.9978
100.001
100.003
99.9997
99.996
99.9985
100.004
100.004
99.9971
99.9937
99.9998
100.008
100.005
99.9942
99.9894
99.9994
100.013
100.011
99.9932
99.9802
99.9909
100.017
100.028
100.006
99.9701
99.9598
99.9948
100.047
100.063
100.013
99.9322
99.8951
99.953
100.079
100.175
100.143
99.968
99.752
99.6596
99.8076
100.168
100.556
100.708
100.439
99.7585
98.9186
98.3318
98.4082
99.3709
101.128
103.246
105.038
105.726
104.626
101.301
95.6406
87.8693
78.4733
68.0956
57.4179
47.0597
37.5094
29.0919
21.9691
16.1631
11.5921
8.10875
5.53493
3.6882
2.39998
1.52546
0.947251
0.574671
0.340587
0.197145
0.111405
0.0614162
0.0329966
0.0172508
0.00875661
0.00430192
0.00203466
0.000920007
0.000390895
0.000153414
5.1516e-05
9.00791e-06
100
100
100
100
99.9997
99.9999
100
100
99.9994
99.9996
100.001
100.001
99.9993
99.999
100.001
100.001
99.9999
99.9982
99.9994
100.002
100.002
99.9984
99.997
100
100.004
100.002
99.9963
99.9946
100.001
100.008
100.005
99.9943
99.988
99.9965
100.013
100.017
100.001
99.9771
99.9739
100.001
100.038
100.043
100.002
99.9429
99.9213
99.9727
100.072
100.142
100.106
99.9589
99.7851
99.7191
99.854
100.163
100.488
100.609
100.364
99.7641
99.0249
98.5075
98.5774
99.4424
101.034
102.974
104.645
105.329
104.373
101.336
96.0724
88.7457
79.7776
69.7546
59.3198
49.0764
39.5171
30.9867
23.6759
17.6379
12.819
9.09464
6.30189
4.26702
2.82448
1.82844
1.15795
0.717595
0.435239
0.258393
0.150155
0.0854013
0.0475281
0.0258719
0.0137666
0.00715443
0.00362661
0.00178982
0.000858551
0.000395721
0.000182859
6.16162e-05
100
100
100
100
100
100
100
99.9999
99.9999
100
100
99.9999
99.9997
100
100
100
99.9994
99.9996
100.001
100.001
99.9998
99.9985
99.9993
100.002
100.002
99.9994
99.9966
99.9981
100.003
100.005
100.001
99.9932
99.9925
100.002
100.012
100.011
99.9945
99.9791
99.9834
100.009
100.035
100.031
99.9912
99.9451
99.9377
99.9907
100.075
100.123
100.078
99.9428
99.7983
99.7582
99.8951
100.176
100.455
100.541
100.297
99.742
99.0748
98.6218
98.7119
99.5318
101.018
102.825
104.383
105.023
104.125
101.256
96.2544
89.2458
80.6054
70.874
60.6601
50.5473
41.0244
32.446
25.0211
18.8254
13.8272
9.92052
6.95648
4.77011
3.2001
2.1013
1.35107
0.850916
0.525104
0.317589
0.188291
0.109446
0.0623738
0.0348524
0.0190917
0.0102504
0.00539283
0.0027771
0.00140287
0.000684659
0.000344479
0.000128396
100
100
99.9999
99.9999
100
100
99.9998
99.9996
100
100.001
100
99.9993
99.9998
100.001
100.001
99.9993
99.9988
100
100.002
100.001
99.9984
99.9981
100.001
100.003
100.001
99.9974
99.996
100
100.005
100.005
99.9975
99.9914
99.9946
100.006
100.014
100.007
99.9894
99.9784
99.9889
100.016
100.035
100.023
99.9818
99.943
99.9466
100.004
100.082
100.115
100.058
99.9266
99.7999
99.7809
99.9264
100.194
100.443
100.498
100.245
99.7109
99.0907
98.6895
98.8089
99.6149
101.04
102.755
104.221
104.805
103.916
101.137
96.299
89.508
81.1071
71.6032
61.5757
51.5887
42.1236
33.5377
26.0508
19.7536
14.6308
10.5912
7.49759
5.19322
3.52135
2.33856
1.52176
0.970673
0.607144
0.372514
0.224259
0.132501
0.076849
0.0437596
0.0244666
0.0134319
0.0072419
0.00383049
0.00199574
0.00100553
0.000528457
0.000206254
100
100
99.9999
99.9998
100
100
99.9997
99.9994
100
100.001
100
99.9989
99.9996
100.001
100.001
99.9989
99.9983
100
100.002
100.001
99.9976
99.9975
100.001
100.004
100.001
99.9961
99.9952
100.001
100.007
100.005
99.9957
99.9896
99.9953
100.009
100.015
100.005
99.9857
99.9768
99.9915
100.021
100.037
100.02
99.9751
99.9395
99.9505
100.014
100.089
100.112
100.046
99.9133
99.7961
99.7923
99.9479
100.212
100.443
100.475
100.208
99.6811
99.0885
98.7248
98.873
99.6818
101.076
102.732
104.129
104.66
103.758
101.018
96.2765
89.6269
81.3927
72.0571
62.1768
52.2995
42.8972
34.3262
26.8117
20.4538
15.2487
11.1162
7.92851
5.53572
3.78557
2.53674
1.66651
1.07377
0.678821
0.421214
0.256623
0.153554
0.090265
0.0521395
0.0296005
0.0165178
0.00906395
0.00488504
0.00259945
0.00133742
0.000722537
0.000289938
100
100
99.9999
99.9997
100
100.001
99.9997
99.9992
100
100.001
100
99.9987
99.9995
100.001
100.001
99.9988
99.9979
100
100.003
100.001
99.9972
99.997
100.001
100.005
100.002
99.9953
99.9944
100.001
100.008
100.005
99.9947
99.9882
99.9952
100.01
100.017
100.005
99.9834
99.9749
99.9925
100.024
100.04
100.018
99.9708
99.9359
99.9516
100.019
100.095
100.113
100.04
99.9035
99.7906
99.7968
99.9614
100.226
100.448
100.464
100.185
99.6568
99.079
98.7403
98.9122
99.7305
101.111
102.732
104.082
104.57
103.646
100.919
96.2298
89.6683
81.546
72.3302
62.5613
52.773
43.4292
34.8828
27.3611
20.9699
15.7127
11.5174
8.2632
5.80597
3.99723
2.69784
1.78588
1.15999
0.73961
0.463089
0.284835
0.172159
0.102284
0.059751
0.0343286
0.0193997
0.0107899
0.00589826
0.00318835
0.00166567
0.000917826
0.000375527
100
100
99.9999
99.9996
100
100.001
99.9998
99.9991
100
100.001
100
99.9986
99.9993
100.002
100.001
99.9988
99.9976
100
100.003
100.001
99.997
99.9966
100.001
100.005
100.002
99.995
99.9938
100.001
100.009
100.006
99.9944
99.9872
99.9948
100.011
100.018
100.005
99.982
99.9734
99.9925
100.026
100.042
100.018
99.9682
99.9329
99.9511
100.022
100.099
100.115
100.037
99.8971
99.7853
99.7974
99.9689
100.237
100.454
100.461
100.171
99.6392
99.0678
98.7444
98.9339
99.7631
101.141
102.743
104.063
104.518
103.572
100.844
96.1803
89.6701
81.6191
72.4846
62.7955
53.0756
43.781
35.2614
27.7437
21.3368
16.0489
11.8131
8.51399
6.01161
4.16068
2.82404
1.88068
1.22939
0.789191
0.49769
0.308447
0.18793
0.112602
0.0663679
0.0384912
0.0219691
0.0123486
0.00682486
0.00373421
0.0019736
0.00110379
0.000458184
100
100
99.9999
99.9996
100
100.001
99.9998
99.9991
100
100.001
100
99.9985
99.9992
100.002
100.002
99.9988
99.9975
100
100.003
100.002
99.997
99.9963
100.001
100.005
100.002
99.9949
99.9934
100.001
100.009
100.007
99.9943
99.9866
99.9943
100.011
100.019
100.005
99.9814
99.9723
99.9921
100.027
100.043
100.019
99.967
99.9309
99.9501
100.024
100.102
100.117
100.036
99.8933
99.7812
99.7964
99.9726
100.243
100.46
100.461
100.164
99.6277
99.0583
98.7435
98.9449
99.7835
101.163
102.755
104.057
104.49
103.526
100.792
96.1385
89.6571
81.6504
72.5695
62.9361
53.2663
44.0107
35.5153
28.0063
21.5937
16.2885
12.0275
8.69864
6.16525
4.28452
2.92095
1.95444
1.28409
0.828751
0.525637
0.32775
0.200978
0.12124
0.071973
0.042059
0.0241974
0.0137164
0.00764755
0.00422489
0.00225347
0.00127515
0.000535333
100
100
99.9999
99.9996
100
100.001
99.9998
99.9991
100
100.001
100
99.9985
99.9991
100.002
100.002
99.9989
99.9974
100
100.003
100.002
99.997
99.9962
100.001
100.006
100.002
99.9949
99.9932
100.001
100.009
100.007
99.9944
99.9863
99.994
100.011
100.019
100.006
99.9812
99.9716
99.9917
100.027
100.044
100.02
99.9665
99.9296
99.9492
100.024
100.104
100.119
100.036
99.8913
99.7784
99.7949
99.9741
100.247
100.464
100.462
100.16
99.6205
99.0509
98.7405
98.9494
99.7953
101.178
102.767
104.058
104.477
103.499
100.757
96.1063
89.6394
81.6583
72.611
63.0143
53.3797
44.1531
35.6779
28.1789
21.7663
16.4527
12.1769
8.82942
6.27572
4.37485
2.9926
2.00969
1.32557
0.85913
0.547356
0.342928
0.211356
0.12819
0.0765334
0.0449945
0.0260512
0.0148671
0.00834717
0.004647
0.00249667
0.00142594
0.000604022
100
100
99.9999
99.9996
100
100.001
99.9998
99.9991
100
100.001
100
99.9985
99.9991
100.001
100.002
99.9989
99.9974
100
100.003
100.002
99.997
99.9961
100.001
100.006
100.002
99.9949
99.993
100.001
100.009
100.007
99.9945
99.9861
99.9937
100.011
100.02
100.006
99.9812
99.9712
99.9913
100.027
100.045
100.02
99.9664
99.9288
99.9485
100.024
100.105
100.12
100.037
99.8903
99.7765
99.7935
99.9745
100.25
100.467
100.464
100.159
99.6164
99.0459
98.7375
98.9508
99.8017
101.187
102.775
104.061
104.471
103.484
100.735
96.084
89.6242
81.6578
72.6313
63.0587
53.4479
44.2423
35.7825
28.2925
21.8821
16.5648
12.2806
8.92149
6.35457
4.44015
3.04504
2.05062
1.35666
0.882153
0.563998
0.354685
0.219481
0.133688
0.0801796
0.0473659
0.0275641
0.015816
0.00892993
0.00500239
0.00270335
0.00155558
0.000663723
100
100
99.9999
99.9996
100
100.001
99.9999
99.9991
100
100.001
100
99.9985
99.999
100.001
100.002
99.9989
99.9973
100
100.003
100.002
99.9971
99.996
100.001
100.006
100.003
99.995
99.9929
100.001
100.009
100.007
99.9946
99.986
99.9935
100.011
100.02
100.006
99.9812
99.9709
99.991
100.027
100.045
100.02
99.9664
99.9284
99.9479
100.024
100.105
100.121
100.037
99.89
99.7754
99.7924
99.9743
100.251
100.469
100.465
100.159
99.6143
99.0426
98.7347
98.9505
99.8048
101.193
102.782
104.065
104.469
103.476
100.723
96.069
89.6115
81.6526
72.6379
63.0799
53.4847
44.2933
35.845
28.3625
21.9553
16.6372
12.3488
8.98314
6.4082
4.48522
3.08174
2.07963
1.37898
0.898875
0.576227
0.363421
0.225585
0.137863
0.0829771
0.0492043
0.028749
0.0165668
0.00939553
0.0052893
0.0028717
0.00166236
0.000713415
100
100
99.9999
99.9996
100
100.001
99.9999
99.9991
100
100.001
100
99.9986
99.999
100.001
100.002
99.999
99.9974
100
100.003
100.002
99.9971
99.996
100.001
100.006
100.003
99.995
99.9929
100.001
100.009
100.007
99.9947
99.986
99.9934
100.011
100.02
100.006
99.9813
99.9709
99.9908
100.027
100.045
100.021
99.9666
99.9283
99.9476
100.024
100.105
100.121
100.037
99.8899
99.7749
99.7917
99.9739
100.251
100.47
100.466
100.159
99.6134
99.0408
98.733
98.9499
99.8061
101.196
102.785
104.067
104.469
103.472
100.715
96.0599
89.6033
81.6485
72.6407
63.0919
53.5066
44.3248
35.8845
28.4075
22.0032
16.6852
12.3947
9.02511
6.44514
4.51662
3.10759
2.10029
1.39503
0.911024
0.585198
0.369892
0.230149
0.141014
0.0851085
0.0506179
0.0296684
0.0171547
0.00976336
0.0055181
0.00300706
0.0017491
0.000754163
100
100
99.9999
99.9996
100
100.001
99.9999
99.9991
100
100.001
100
99.9986
99.999
100.001
100.002
99.999
99.9974
100
100.003
100.002
99.9971
99.996
100.001
100.006
100.003
99.995
99.993
100.001
100.009
100.007
99.9947
99.9861
99.9934
100.011
100.02
100.006
99.9814
99.9709
99.9907
100.027
100.045
100.021
99.9667
99.9282
99.9474
100.024
100.105
100.122
100.038
99.89
99.7746
99.7913
99.9737
100.251
100.47
100.467
100.159
99.6129
99.0397
98.7316
98.9491
99.8065
101.198
102.788
104.07
104.47
103.471
100.712
96.0541
89.5971
81.6437
72.6394
63.0956
53.5163
44.3406
35.9057
28.4329
22.0312
16.7141
12.4229
9.05147
6.46877
4.53704
3.12466
2.11411
1.40591
0.919368
0.591434
0.374442
0.233394
0.143278
0.0866557
0.0516545
0.0303493
0.0175943
0.010041
0.00569252
0.00311111
0.00181646
0.000786122
100
100
99.9999
99.9996
100
100.001
99.9999
99.9991
100
100.001
100
99.9986
99.999
100.001
100.002
99.999
99.9974
100
100.003
100.002
99.9971
99.996
100.001
100.006
100.003
99.995
99.9929
100.001
100.009
100.007
99.9948
99.9861
99.9934
100.011
100.02
100.006
99.9814
99.9708
99.9907
100.027
100.045
100.021
99.9667
99.9282
99.9473
100.024
100.105
100.122
100.038
99.89
99.7745
99.791
99.9734
100.251
100.471
100.467
100.16
99.6129
99.0392
98.7309
98.9486
99.8065
101.199
102.789
104.071
104.471
103.47
100.71
96.0512
89.5939
81.6414
72.6392
63.0985
53.5229
44.351
35.9196
28.4496
22.0496
16.7333
12.4418
9.06922
6.4848
4.551
3.13641
2.12371
1.41353
0.925252
0.595866
0.377701
0.235737
0.144926
0.0877905
0.0524207
0.0308565
0.0179244
0.010251
0.00582556
0.00319103
0.00186867
0.000811097
100
100
99.9999
99.9996
100
100.001
99.9999
99.9991
100
100.001
100
99.9986
99.999
100.001
100.002
99.999
99.9974
99.9999
100.003
100.002
99.9971
99.996
100.001
100.006
100.003
99.9951
99.9929
100.001
100.009
100.007
99.9948
99.9861
99.9933
100.011
100.02
100.007
99.9814
99.9708
99.9906
100.027
100.045
100.021
99.9668
99.9282
99.9472
100.023
100.105
100.122
100.038
99.8901
99.7744
99.7908
99.9732
100.251
100.471
100.468
100.16
99.6129
99.0389
98.7304
98.9481
99.8064
101.199
102.79
104.072
104.472
103.471
100.709
96.0493
89.5913
81.6387
72.6372
63.0979
53.5243
44.3547
35.9255
28.4574
22.059
16.7435
12.4522
9.07936
6.49421
4.55938
3.14361
2.1297
1.41836
0.929042
0.59876
0.379858
0.237306
0.146043
0.0885682
0.0529515
0.0312115
0.0181578
0.010401
0.0059215
0.00324915
0.00190703
0.000829625
100
100
99.9999
99.9996
100
100.001
99.9999
99.9991
100
100.001
100
99.9986
99.999
100.001
100.002
99.999
99.9974
100
100.003
100.002
99.9971
99.996
100.001
100.006
100.003
99.9951
99.993
100.001
100.009
100.007
99.9948
99.9861
99.9934
100.011
100.02
100.007
99.9815
99.9709
99.9906
100.027
100.045
100.021
99.9668
99.9283
99.9472
100.023
100.105
100.122
100.038
99.8902
99.7745
99.7908
99.9732
100.251
100.471
100.468
100.16
99.613
99.0388
98.7303
98.9479
99.8063
101.199
102.79
104.073
104.472
103.47
100.708
96.0486
89.5905
81.6381
72.6372
63.0989
53.5266
44.3584
35.9306
28.4636
22.0659
16.7509
12.4597
9.0865
6.50079
4.56522
3.14863
2.13388
1.42174
0.931696
0.600795
0.38138
0.238419
0.146838
0.0891253
0.0533339
0.0314687
0.0183279
0.0105109
0.00599228
0.00329226
0.00193569
0.000843562
100
100
99.9999
99.9996
100
100.001
99.9999
99.9991
100
100.001
100
99.9986
99.999
100.001
100.002
99.999
99.9974
100
100.003
100.002
99.9971
99.996
100.001
100.006
100.003
99.9951
99.993
100.001
100.009
100.007
99.9948
99.9861
99.9934
100.011
100.02
100.007
99.9815
99.9709
99.9906
100.027
100.045
100.021
99.9668
99.9282
99.9472
100.023
100.105
100.122
100.038
99.8902
99.7745
99.7908
99.9731
100.251
100.471
100.468
100.16
99.613
99.0387
98.73
98.9477
99.8062
101.199
102.791
104.073
104.473
103.471
100.708
96.0479
89.5893
81.6366
72.6357
63.0976
53.5259
44.3584
35.9314
28.4653
22.0684
16.7538
12.4629
9.08987
6.50407
4.56827
3.15134
2.13621
1.42367
0.933252
0.602013
0.382308
0.239109
0.14734
0.0894814
0.0535816
0.0316374
0.0184409
0.0105847
0.00604036
0.00332183
0.00195557
0.000853337
100
100
99.9999
99.9996
100
100.001
99.9999
99.9991
100
100.001
100
99.9986
99.999
100.001
100.002
99.999
99.9974
100
100.003
100.002
99.9971
99.996
100.001
100.006
100.003
99.9951
99.993
100.001
100.009
100.007
99.9948
99.9861
99.9934
100.011
100.02
100.007
99.9815
99.9709
99.9906
100.027
100.045
100.021
99.9668
99.9283
99.9472
100.023
100.105
100.122
100.038
99.8902
99.7745
99.7908
99.9731
100.251
100.471
100.468
100.16
99.613
99.0388
98.7301
98.9477
99.8061
101.199
102.791
104.073
104.473
103.471
100.708
96.0479
89.5894
81.6369
72.6362
63.0985
53.5272
44.3601
35.9336
28.4679
22.0712
16.7568
12.4659
9.09277
6.50676
4.57068
3.15343
2.13796
1.4251
0.934393
0.602899
0.38298
0.239607
0.147701
0.0897375
0.0537598
0.0317589
0.0185223
0.010638
0.0060752
0.00334331
0.00197007
0.000860493
100
100
99.9999
99.9996
100
100.001
99.9999
99.9991
100
100.001
100
99.9986
99.999
100.001
100.002
99.999
99.9974
100
100.003
100.002
99.9971
99.996
100.001
100.006
100.003
99.9951
99.993
100.001
100.009
100.007
99.9948
99.9861
99.9934
100.011
100.02
100.007
99.9815
99.9709
99.9906
100.027
100.045
100.021
99.9669
99.9283
99.9472
100.023
100.105
100.122
100.038
99.8903
99.7745
99.7907
99.9731
100.251
100.471
100.468
100.16
99.6131
99.0387
98.7299
98.9475
99.806
101.199
102.791
104.073
104.473
103.471
100.708
96.0476
89.5888
81.6359
72.635
63.0972
53.526
44.3592
35.933
28.4676
22.0713
16.7572
12.4665
9.09354
6.50762
4.57156
3.15427
2.13872
1.42577
0.934952
0.603351
0.383336
0.239879
0.147903
0.089885
0.0538647
0.0318318
0.0185722
0.0106712
0.00609726
0.00335709
0.00197953
0.000865225
100
100
99.9999
99.9996
100
100.001
99.9999
99.9991
100
100.001
100
99.9986
99.999
100.001
100.002
99.999
99.9974
100
100.003
100.002
99.9971
99.996
100.001
100.006
100.003
99.9951
99.993
100.001
100.009
100.007
99.9948
99.9861
99.9934
100.011
100.02
100.007
99.9815
99.9709
99.9906
100.027
100.045
100.021
99.9669
99.9283
99.9472
100.023
100.105
100.122
100.038
99.8903
99.7745
99.7908
99.9731
100.251
100.471
100.468
100.16
99.6131
99.0388
98.73
98.9476
99.806
101.199
102.791
104.073
104.473
103.471
100.708
96.0478
89.5891
81.6365
72.6358
63.0982
53.5271
44.3605
35.9344
28.469
22.0728
16.7587
12.468
9.09487
6.50882
4.57261
3.15517
2.13948
1.42638
0.935441
0.603732
0.383625
0.240094
0.14806
0.0899973
0.0539434
0.031886
0.0186089
0.0106955
0.00611323
0.00336703
0.00198631
0.000868613
100
100
99.9999
99.9996
100
100.001
99.9999
99.9991
100
100.001
100
99.9986
99.999
100.001
100.002
99.999
99.9974
100
100.003
100.002
99.9971
99.996
100.001
100.006
100.003
99.9951
99.993
100.001
100.009
100.007
99.9948
99.9861
99.9934
100.011
100.02
100.007
99.9815
99.9709
99.9906
100.027
100.045
100.021
99.9669
99.9283
99.9472
100.023
100.105
100.122
100.038
99.8903
99.7745
99.7907
99.9731
100.251
100.471
100.468
100.16
99.6131
99.0387
98.7299
98.9475
99.806
101.199
102.791
104.073
104.473
103.471
100.708
96.0476
89.5886
81.6357
72.6348
63.0971
53.5259
44.3593
35.9333
28.4682
22.0721
16.7582
12.4677
9.09475
6.50882
4.5727
3.15531
2.13964
1.42655
0.935595
0.603868
0.383739
0.240186
0.148132
0.0900519
0.0539836
0.0319148
0.0186291
0.0107093
0.00612269
0.00337304
0.00199056
0.000870776
100
100
99.9999
99.9996
100
100.001
99.9999
99.9991
100
100.001
100
99.9986
99.999
100.001
100.002
99.999
99.9974
100
100.003
100.002
99.9971
99.996
100.001
100.006
100.003
99.9951
99.993
100.001
100.009
100.007
99.9948
99.9861
99.9934
100.011
100.02
100.007
99.9815
99.9709
99.9906
100.027
100.045
100.021
99.9669
99.9283
99.9472
100.023
100.105
100.122
100.038
99.8903
99.7745
99.7908
99.9731
100.251
100.471
100.468
100.16
99.6131
99.0388
98.73
98.9476
99.806
101.199
102.791
104.073
104.473
103.471
100.708
96.0477
89.589
81.6363
72.6355
63.0979
53.5269
44.3604
35.9344
28.4692
22.0731
16.7591
12.4685
9.09545
6.50942
4.57321
3.15573
2.13998
1.42682
0.935803
0.604027
0.383858
0.240274
0.148196
0.0900968
0.054015
0.0319363
0.0186437
0.0107189
0.00612902
0.00337702
0.00199324
0.000872153
100
100
99.9999
99.9996
100
100.001
99.9999
99.9991
100
100.001
100
99.9986
99.999
100.001
100.002
99.999
99.9974
100
100.003
100.002
99.9971
99.996
100.001
100.006
100.003
99.9951
99.993
100.001
100.009
100.007
99.9948
99.9861
99.9934
100.011
100.02
100.007
99.9815
99.9709
99.9906
100.027
100.045
100.021
99.9669
99.9283
99.9472
100.023
100.105
100.122
100.038
99.8903
99.7745
99.7908
99.9731
100.251
100.471
100.468
100.16
99.6131
99.0388
98.73
98.9476
99.806
101.199
102.791
104.073
104.473
103.471
100.708
96.0479
89.5892
81.6366
72.6359
63.0984
53.5275
44.361
35.9351
28.4699
22.0738
16.7597
12.4691
9.09601
6.50992
4.57363
3.15609
2.14028
1.42706
0.935995
0.604176
0.383972
0.240359
0.148258
0.0901416
0.0540467
0.0319584
0.0186588
0.010729
0.00613579
0.00338127
0.00199621
0.000873651
)
;

boundaryField
{
    left
    {
        type            fixedValue;
        value           uniform 100;
    }
    right
    {
        type            zeroGradient;
    }
    up
    {
        type            zeroGradient;
    }
    down
    {
        type            fixedValue;
        value           uniform 0;
    }
    frontAndBack
    {
        type            empty;
    }
}


// ************************************************************************* //
