/*--------------------------------*- C++ -*----------------------------------*\
  =========                 |
  \\      /  F ield         | OpenFOAM: The Open Source CFD Toolbox
   \\    /   O peration     | Website:  https://openfoam.org
    \\  /    A nd           | Version:  8
     \\/     M anipulation  |
\*---------------------------------------------------------------------------*/
FoamFile
{
    version     2.0;
    format      ascii;
    class       volScalarField;
    location    "0.81";
    object      T;
}
// * * * * * * * * * * * * * * * * * * * * * * * * * * * * * * * * * * * * * //

dimensions      [0 0 0 1 0 0 0];

internalField   nonuniform List<scalar> 
2500
(
50
4.65283
-4.65247
-1.18373
1.18203
0.457357
-0.452402
-0.23005
0.21904
0.14229
-0.121837
-0.104258
0.070888
0.0863057
-0.0374059
-0.0755691
0.0108404
0.0650812
0.0121788
-0.0511989
-0.0302966
0.0317297
0.0408529
-0.00787768
-0.0412313
-0.0142704
0.0279413
0.0302753
-0.00624616
-0.0328904
-0.0142455
0.0169521
0.0281631
0.00466282
-0.023651
-0.0193014
8.99107e-05
0.0225408
0.0186436
-0.00759017
-0.0165649
-0.0168747
0.00230001
0.0217452
0.010018
0.00138902
-0.0117254
-0.020943
0.0014818
0.00890062
95.3472
49.9998
10.4888
-4.65129
-2.82273
1.17788
1.13939
-0.442584
-0.590993
0.200075
0.368394
-0.09038
-0.261888
0.0239112
0.200596
0.0255535
-0.153695
-0.0652414
0.106746
0.0941886
-0.0560103
-0.104364
0.000749355
0.0933367
0.0473805
-0.0592335
-0.0736999
0.00566142
0.0742511
0.0405981
-0.0400611
-0.0616981
-0.0156786
0.0535775
0.0491076
-0.00766325
-0.0457377
-0.0448533
0.01711
0.0475951
0.0262529
-0.00368494
-0.0489906
-0.0305238
0.0151675
0.0237798
0.0397598
0.00480766
-0.0393248
-0.0182367
104.653
89.5112
49.9996
12.1277
-4.64883
-3.50466
1.17042
1.50066
-0.426733
-0.818014
0.171954
0.528341
-0.0470035
-0.379606
-0.0366229
0.284042
0.10059
-0.201422
-0.148901
0.11707
0.173799
-0.0297364
-0.163165
-0.0558644
0.120133
0.111593
-0.042415
-0.125174
-0.0443678
0.0927705
0.0934126
-0.00981073
-0.0967528
-0.0682414
0.0480626
0.0832881
0.0420115
-0.0473357
-0.089564
-0.0140899
0.0410589
0.0699207
0.0364161
-0.0575398
-0.0536017
-0.0274534
0.00933565
0.0781701
0.030644
-0.0182314
101.184
104.652
87.8723
49.9992
12.8097
-4.64467
-3.86635
1.15882
1.72919
-0.403806
-0.980833
0.133696
0.651352
0.00887339
-0.470219
-0.109755
0.341414
0.185298
-0.220855
-0.235198
0.0984464
0.243297
0.0243395
-0.20154
-0.127425
0.11591
0.173023
0.00732923
-0.159381
-0.106739
0.0752105
0.139857
0.0506584
-0.10872
-0.118061
0.00396241
0.0954965
0.107751
-0.0235377
-0.104279
-0.0651784
-0.0029498
0.103271
0.0775474
-0.0252167
-0.0486568
-0.0900403
-0.0234482
0.0826568
0.0436172
98.8176
102.823
104.65
87.1903
49.9988
13.1718
-4.63842
-4.09606
1.14229
1.89524
-0.372948
-1.10932
0.0844628
0.750849
0.0772991
-0.539411
-0.193794
0.374032
0.277146
-0.214154
-0.317295
0.0520769
0.297168
0.099907
-0.215217
-0.201574
0.0764359
0.224553
0.0785623
-0.164994
-0.16739
0.018194
0.172379
0.120795
-0.0850991
-0.148504
-0.0740587
0.0843695
0.158348
0.0250819
-0.0731821
-0.123782
-0.0638319
0.101739
0.0947775
0.0483386
-0.0169673
-0.137916
-0.053696
0.0322756
99.5429
98.8211
103.505
104.647
86.8282
49.9982
13.4025
-4.62972
-4.26434
1.12003
2.02947
-0.333482
-1.21735
0.0234147
0.83343
0.157442
-0.588775
-0.287389
0.382811
0.372103
-0.182698
-0.388395
-0.0206952
0.332686
0.186151
-0.197717
-0.270306
0.00479841
0.258984
0.155153
-0.129869
-0.220027
-0.0664541
0.180463
0.178233
-0.0166524
-0.156032
-0.162374
0.049467
0.164611
0.0967746
-0.00514086
-0.166709
-0.112791
0.0466489
0.0798387
0.139383
0.0252444
-0.133292
-0.0652969
100.453
98.8607
98.8276
103.867
104.642
86.5975
49.9974
13.5726
-4.61817
-4.40211
1.09133
2.14649
-0.28458
-1.3118
-0.0498074
0.901749
0.248352
-0.61811
-0.389056
0.369023
0.463931
-0.125669
-0.44488
-0.114111
0.345287
0.272485
-0.14357
-0.330137
-0.0854795
0.262455
0.22726
-0.0516946
-0.260094
-0.154615
0.146687
0.212686
0.0894739
-0.142398
-0.224394
-0.0154272
0.117293
0.178973
0.0724828
-0.16186
-0.13125
-0.0602705
0.0415398
0.203383
0.0613059
-0.0550497
100.23
100.444
98.499
98.838
104.097
104.634
86.4276
49.9963
13.7133
-4.60339
-4.52431
1.05545
2.25361
-0.225413
-1.39615
-0.134577
0.955447
0.349902
-0.628088
-0.49459
0.332134
0.547081
-0.0432333
-0.485115
-0.216857
0.325641
0.354902
-0.0577253
-0.373033
-0.178336
0.219488
0.294292
0.0522754
-0.272738
-0.225035
0.0585293
0.227166
0.201227
-0.101807
-0.229955
-0.113298
0.0344396
0.238882
0.130642
-0.0846374
-0.118417
-0.183961
-0.00438031
0.19166
0.0813348
99.7802
100.591
100.429
98.2701
98.853
104.266
104.623
86.2874
49.9949
13.8399
-4.58541
-4.63839
1.01153
2.35501
-0.15607
-1.47151
-0.230166
0.993528
0.46175
-0.620729
-0.596955
0.268931
0.620799
0.0576915
-0.503775
-0.319539
0.267069
0.43393
0.0422264
-0.380998
-0.26871
0.130264
0.35375
0.152851
-0.23432
-0.274589
-0.071525
0.225259
0.274763
-0.0208218
-0.178247
-0.22711
-0.0486117
0.234625
0.156876
0.0557891
-0.0894668
-0.264202
-0.0439995
0.0861756
99.8579
99.7981
100.819
100.407
98.1035
98.8735
104.405
104.609
86.162
49.993
13.9611
-4.56445
-4.74842
0.958551
2.4538
-0.0773974
-1.53728
-0.337491
1.01705
0.581171
-0.595605
-0.69195
0.177821
0.686331
0.165986
-0.49005
-0.423275
0.17627
0.502253
0.142365
-0.337286
-0.363436
0.0169159
0.387459
0.234657
-0.131484
-0.315054
-0.204959
0.194631
0.286741
0.108537
-0.099132
-0.317192
-0.109634
0.142181
0.165272
0.213348
-0.0591618
-0.253007
-0.0816828
100.123
99.6311
99.8251
100.983
100.377
97.9688
98.9
104.529
104.591
86.0427
49.9905
14.082
-4.53995
-4.85731
0.895684
2.55095
0.0115851
-1.59296
-0.457293
1.02622
0.70409
-0.547757
-0.780914
0.0639885
0.736074
0.278339
-0.436775
-0.530837
0.0686775
0.536819
0.248453
-0.244244
-0.458406
-0.0960146
0.362454
0.308269
0.0205148
-0.343275
-0.300584
0.103975
0.247953
0.267388
-0.0194508
-0.329709
-0.159275
-0.0301901
0.169419
0.323997
-0.0119329
-0.132854
100.104
100.092
99.47
99.8621
101.114
100.338
97.8514
98.9327
104.647
104.569
85.9256
49.9862
14.2055
-4.51102
-4.96609
0.822664
2.64406
0.113788
-1.63978
-0.584544
1.01483
0.829412
-0.475945
-0.861715
-0.0625546
0.752291
0.401708
-0.354017
-0.624747
-0.0487267
0.515255
0.371162
-0.128908
-0.517227
-0.202601
0.259895
0.384376
0.172794
-0.321466
-0.336291
-0.0603004
0.18574
0.389222
0.0565324
-0.222901
-0.209655
-0.222773
0.150249
0.314793
0.0710751
99.928
100.264
100.049
99.3457
99.9097
101.225
100.289
97.7446
98.9714
104.763
104.541
85.8098
49.9792
14.3336
-4.47941
-5.07319
0.739646
2.73182
0.228873
-1.68007
-0.709963
0.975031
0.961441
-0.39245
-0.921843
-0.197908
0.72892
0.538502
-0.266262
-0.672204
-0.185313
0.448811
0.498304
-0.0244085
-0.497893
-0.316802
0.112616
0.44934
0.270075
-0.214199
-0.329472
-0.251496
0.132267
0.399498
0.133731
-0.0302526
-0.258971
-0.330428
0.0950448
0.170633
99.9135
99.974
100.383
99.9936
99.2451
99.9687
101.322
100.229
97.6453
99.0175
104.88
104.505
85.6944
49.9702
14.4694
-4.44839
-5.17854
0.645683
2.81877
0.353452
-1.71437
-0.83345
0.908023
1.10496
-0.30938
-0.9503
-0.353206
0.684329
0.676248
-0.178977
-0.663683
-0.35715
0.375665
0.598271
0.0740336
-0.402325
-0.459585
-0.02111
0.470765
0.31692
-0.0251537
-0.333348
-0.402884
0.0869248
0.297982
0.24521
0.156335
-0.307383
-0.318038
-0.0122145
100.038
99.7977
100.034
100.476
99.9243
99.162
100.04
101.411
100.155
97.5508
99.0716
105.001
104.46
85.5759
49.9588
14.6161
-4.41477
-5.2868
0.538687
2.90526
0.491674
-1.73845
-0.965019
0.818598
1.25107
-0.211468
-0.950391
-0.535519
0.626359
0.791733
-0.0565533
-0.62106
-0.553758
0.295973
0.637531
0.216803
-0.264905
-0.60898
-0.135128
0.394039
0.372555
0.215508
-0.341128
-0.471301
-0.0302924
0.121397
0.402746
0.298759
-0.270996
-0.228101
100.077
99.9748
99.7124
100.108
100.549
99.8416
99.0928
100.123
101.495
100.069
97.4597
99.1303
105.13
104.408
85.4541
49.9404
14.7714
-4.36986
-5.39971
0.422383
2.97385
0.654844
-1.75092
-1.09594
0.70204
1.37417
-0.0736099
-0.935128
-0.707151
0.523957
0.865615
0.12039
-0.563648
-0.703274
0.160719
0.598813
0.406343
-0.122336
-0.659117
-0.255458
0.191271
0.435344
0.41175
-0.256787
-0.40083
-0.242629
-0.0875529
0.467884
0.340071
-0.0467687
99.9882
100.157
99.8989
99.6527
100.191
100.603
99.7481
99.0381
100.213
101.573
99.9717
97.3765
99.1894
105.265
104.348
85.3381
49.9128
14.9299
-4.31774
-5.51189
0.310412
3.00939
0.844387
-1.76972
-1.19248
0.552803
1.46994
0.0878736
-0.922824
-0.809752
0.353963
0.920339
0.2939
-0.504365
-0.738723
-0.0449643
0.537861
0.555726
-0.0251723
-0.547147
-0.385824
-0.0223135
0.467245
0.4323
-0.0729374
-0.240448
-0.425946
-0.169243
0.353877
0.219507
99.9338
100.065
100.208
99.8131
99.6186
100.284
100.637
99.644
99.0025
100.311
101.641
99.8585
97.3071
99.254
105.404
104.268
85.2304
49.8847
15.0975
-4.27291
-5.62812
0.207055
3.03059
1.0557
-1.81511
-1.25439
0.372547
1.57964
0.240902
-0.918739
-0.865811
0.132895
1.01597
0.41645
-0.434632
-0.723617
-0.30092
0.545948
0.62962
0.0531691
-0.373814
-0.578331
-0.125857
0.481224
0.362161
0.170767
-0.19263
-0.568737
-0.10178
0.173374
99.988
99.8908
100.149
100.228
99.7188
99.611
100.385
100.65
99.5253
98.9867
100.423
101.701
99.7215
97.2464
99.3321
105.555
104.168
85.112
49.8622
15.2841
-4.21985
-5.7674
0.0922365
3.05303
1.29712
-1.85446
-1.33341
0.159083
1.70349
0.410949
-0.873467
-0.957415
-0.124579
1.11447
0.539571
-0.274315
-0.750616
-0.593068
0.537366
0.654798
0.265914
-0.197462
-0.814235
-0.229282
0.349963
0.37839
0.536669
-0.179624
-0.634763
-0.182899
100.053
99.9035
99.8799
100.239
100.222
99.6176
99.6261
100.495
100.648
99.3922
98.984
100.545
101.765
99.564
97.1853
99.4118
105.727
104.065
84.973
49.8317
15.4699
-4.11587
-5.93011
-0.0322345
3.0298
1.56701
-1.83017
-1.43706
-0.0627255
1.73242
0.632313
-0.747594
-1.05228
-0.373261
1.04965
0.689548
-0.0113794
-0.740935
-0.792499
0.324479
0.579172
0.561786
0.0135656
-0.80116
-0.36948
-0.0434086
0.34533
0.775112
0.0137826
-0.311692
100.031
100.059
99.82
99.8969
100.326
100.194
99.5187
99.6599
100.601
100.633
99.2575
98.9946
100.66
101.831
99.4013
97.1372
99.4726
105.908
103.967
84.8459
49.7901
15.6201
-3.97145
-6.09932
-0.106971
2.92138
1.83962
-1.78556
-1.50717
-0.219919
1.61617
0.87934
-0.653313
-1.04649
-0.519844
0.816395
0.839827
0.13783
-0.632004
-0.761144
0.000247723
0.493904
0.648315
0.0942584
-0.473629
-0.419871
-0.314126
0.281277
0.530841
0.12511
99.9664
100.108
100.034
99.7481
99.941
100.399
100.141
99.434
99.7197
100.693
100.594
99.131
99.0358
100.766
101.873
99.231
97.125
99.5349
106.071
103.842
84.7456
49.7721
15.7584
-3.8503
-6.29275
-0.119917
2.80006
2.12855
-1.8158
-1.55839
-0.325521
1.49769
1.16199
-0.696131
-0.99437
-0.638931
0.627309
1.07445
0.0963232
-0.523285
-0.739337
-0.278434
0.6507
0.603741
0.0717991
-0.23522
-0.647635
-0.278013
0.436252
0.277132
99.9584
99.9976
100.168
99.9787
99.6945
100.016
100.454
100.054
99.3623
99.8166
100.779
100.517
98.9974
99.1173
100.89
101.884
99.0255
97.1303
99.6444
106.233
103.678
84.6067
49.7936
15.9436
-3.73136
-6.53472
-0.187523
2.73635
2.46902
-1.82955
-1.66655
-0.530315
1.44736
1.50149
-0.670084
-0.977663
-0.938847
0.475984
1.35199
0.193525
-0.315265
-0.961455
-0.64322
0.764371
0.639937
0.421491
-0.0306073
-1.07741
-0.422163
0.255308
100.008
99.9036
100.058
100.208
99.896
99.6569
100.118
100.5
99.9406
99.2918
99.9402
100.874
100.419
98.8403
99.2134
101.041
101.906
98.7836
97.1095
99.7783
106.434
103.537
84.3858
49.806
16.1309
-3.50679
-6.77562
-0.358418
2.64689
2.77385
-1.63394
-1.79352
-0.812716
1.29137
1.73215
-0.356873
-0.904532
-1.24698
0.180311
1.304
0.516573
0.0971543
-1.02772
-0.922228
0.347674
0.460379
0.91137
0.36477
-0.878332
-0.510658
100.044
99.9497
99.8728
100.134
100.229
99.8023
99.6365
100.226
100.534
99.8227
99.2313
100.06
100.965
100.328
98.6902
99.2951
101.178
101.952
98.5572
97.0805
99.86
106.65
103.45
84.1794
49.7858
16.2139
-3.20154
-6.97168
-0.458104
2.45976
2.92677
-1.32647
-1.88713
-0.886089
0.981855
1.74319
-0.00553938
-0.837618
-1.16117
-0.118771
0.956071
0.723677
0.237915
-0.710245
-0.738653
-0.152536
0.2196
0.787616
0.331216
-0.17986
100.014
100.065
99.8832
99.8731
100.21
100.217
99.7152
99.6508
100.323
100.532
99.7115
99.2161
100.172
101.014
100.224
98.5986
99.3876
101.274
101.954
98.3746
97.1117
99.9124
106.81
103.322
84.0774
49.796
16.2628
-2.98973
-7.20063
-0.402015
2.29328
3.07315
-1.18123
-2.05433
-0.75503
0.722161
1.85454
0.121181
-1.00209
-0.905327
-0.327928
0.927224
0.898005
-0.0885403
-0.48746
-0.660716
-0.306658
0.616604
0.525335
0.00616346
99.9703
100.076
100.048
99.8213
99.915
100.276
100.16
99.6342
99.7181
100.421
100.474
99.5839
99.2622
100.314
101.015
100.059
98.5502
99.5443
101.379
101.856
98.1729
97.1943
100.062
106.929
103.087
83.9589
49.8637
16.4717
-2.87825
-7.50495
-0.457129
2.22924
3.43071
-1.10771
-2.28272
-0.871373
0.506151
2.2682
0.291791
-1.11197
-1.00677
-0.804326
1.17436
1.26165
-0.039877
-0.294407
-1.25154
-0.685934
0.96165
0.625467
99.9684
99.9946
100.13
99.9919
99.7663
99.9974
100.34
100.061
99.5452
99.8279
100.537
100.382
99.4172
99.3345
100.504
101.019
99.8333
98.471
99.7505
101.548
101.742
97.8845
97.2352
100.307
107.117
102.86
83.6693
49.8987
16.7802
-2.64107
-7.73407
-0.80516
2.13009
3.78388
-0.773418
-2.29567
-1.31415
0.157154
2.45344
0.693542
-0.675531
-1.22289
-1.41566
0.913842
1.257
0.649368
0.332352
-1.51094
-1.10341
0.179456
100.006
99.9201
100.05
100.171
99.9125
99.7217
100.097
100.398
99.9521
99.4559
99.9432
100.653
100.301
99.24
99.3956
100.682
101.065
99.6154
98.3627
99.9109
101.738
101.717
97.5741
97.2226
100.454
107.403
102.752
83.3502
49.8449
16.8933
-2.22191
-7.80835
-1.11153
1.92612
3.74479
-0.254548
-2.11659
-1.51635
-0.129985
2.00681
1.00157
-0.150157
-1.08029
-1.34532
0.242028
0.700058
0.95804
0.625067
-0.786941
-0.628784
100.036
99.9565
99.8962
100.115
100.185
99.8333
99.7085
100.189
100.421
99.8543
99.4097
100.047
100.718
100.227
99.1204
99.4699
100.781
101.097
99.447
98.3376
99.989
101.86
101.699
97.3789
97.2718
100.438
107.651
102.622
83.2711
49.8006
16.8275
-1.89542
-7.96378
-1.04016
1.78028
3.55031
0.0752474
-2.24531
-1.28123
-0.127371
1.5776
1.20018
-0.365325
-0.926632
-0.792363
-0.0831181
0.741747
0.730603
-0.0790674
-0.27113
100.014
100.046
99.9023
99.9133
100.174
100.149
99.7638
99.7549
100.273
100.374
99.7521
99.4446
100.17
100.704
100.098
99.081
99.6222
100.836
101.013
99.2801
98.4479
100.107
101.906
101.512
97.2775
97.4406
100.511
107.749
102.286
83.3208
49.8589
17.0017
-1.80451
-8.36872
-0.936493
1.72148
3.82674
0.260979
-2.71911
-1.21749
-0.300346
1.80443
1.74085
-0.810656
-1.02131
-1.05567
-0.376517
1.65232
0.93126
-0.255931
99.9821
100.064
100.011
99.854
99.9796
100.228
100.058
99.693
99.8639
100.371
100.262
99.6127
99.5396
100.356
100.65
99.8799
99.0504
99.8696
100.946
100.827
99.0308
98.5779
100.39
101.973
101.198
97.054
97.6242
100.856
107.834
101.88
83.0798
49.9305
17.5169
-1.64768
-8.69796
-1.33887
1.50721
4.42308
0.659077
-2.73177
-1.62446
-1.07674
2.04372
2.31512
-0.318543
-0.66759
-2.0249
-1.16752
1.67322
1.11576
99.9692
100.019
100.104
99.9413
99.8145
100.079
100.278
99.9368
99.615
99.9992
100.487
100.138
99.4415
99.6344
100.575
100.623
99.6343
98.9588
100.133
101.117
100.693
98.6971
98.6154
100.715
102.145
100.996
96.6331
97.7114
101.195
108.131
101.685
82.5422
49.8826
17.826
-1.15317
-8.60773
-1.98098
1.14717
4.43433
1.18386
-1.98898
-1.91886
-1.6746
1.49387
2.02251
0.697655
0.147793
-2.02104
-1.40751
0.260801
99.9946
99.9392
100.078
100.123
99.8624
99.7955
100.177
100.307
99.8285
99.5592
100.116
100.569
100.044
99.3033
99.7108
100.727
100.63
99.4509
98.8774
100.298
101.245
100.68
98.4144
98.6394
100.829
102.372
100.936
96.3138
97.74
101.187
108.56
101.619
82.2751
49.7811
17.5983
-0.593095
-8.47206
-2.10277
1.05144
3.75476
1.48783
-1.56664
-1.79096
-1.19091
0.72502
1.37485
0.897614
-0.0108566
-0.968209
-0.518374
100.027
99.9461
99.9415
100.13
100.104
99.8038
99.825
100.244
100.275
99.7504
99.5821
100.209
100.557
99.9548
99.274
99.8225
100.754
100.578
99.343
98.9563
100.371
101.244
100.604
98.3263
98.8012
100.773
102.472
100.745
96.3709
97.8374
101.077
108.736
101.312
82.5154
49.8002
17.4506
-0.385681
-8.91475
-1.76226
1.22928
3.51524
1.79182
-2.23314
-1.79403
-0.571251
0.534583
1.99722
0.583544
-1.19615
-0.615398
100.02
100.011
99.9107
99.99
100.159
100.027
99.7733
99.926
100.288
100.156
99.6791
99.7092
100.321
100.439
99.7973
99.3513
100.035
100.729
100.362
99.2385
99.201
100.529
101.141
100.292
98.3406
99.1092
100.916
102.342
100.293
96.5057
98.0822
101.402
108.572
100.734
82.6011
49.9228
18.071
-0.365005
-9.622
-1.89494
0.989867
4.26223
2.50984
-2.80467
-2.07289
-1.44142
0.344198
3.47118
0.973587
-0.939745
100
100.049
99.9531
99.8985
100.083
100.165
99.9001
99.757
100.085
100.333
99.9735
99.584
99.8949
100.488
100.275
99.5604
99.4315
100.348
100.756
100.047
99.0418
99.4506
100.886
101.048
99.88
98.158
99.4541
101.362
102.217
99.813
96.1877
98.4066
102.058
108.574
100.316
81.926
49.9447
18.9211
0.0168767
-9.57931
-2.78567
0.128964
4.80174
3.14496
-1.83315
-1.88877
-3.03763
-0.425335
3.21085
1.46455
99.9744
100.053
100.052
99.8739
99.9072
100.191
100.156
99.7649
99.7459
100.248
100.379
99.8014
99.4767
100.061
100.663
100.154
99.3274
99.4408
100.651
100.829
99.8402
98.75
99.6091
101.225
101.1
99.6215
97.7472
99.7194
101.682
102.449
99.5152
95.5939
98.5918
102.329
109.144
100.254
81.0987
49.8098
18.8502
0.784523
-8.8059
-3.44689
-0.309922
4.00128
2.91994
-0.271798
-1.33853
-2.88283
-0.718563
0.920827
99.9782
99.9788
100.106
100.03
99.8129
99.9383
100.264
100.125
99.6791
99.7647
100.351
100.377
99.7012
99.4299
100.174
100.725
100.1
99.1993
99.4697
100.778
100.857
99.7897
98.5635
99.7351
101.247
101.264
99.4911
97.5765
99.8162
101.589
102.856
99.2939
95.5318
98.5127
102.053
109.761
100.12
81.2105
49.7253
18.0549
1.326
-8.7382
-3.15081
0.400158
2.83218
2.58873
-0.298699
-1.80402
-1.01758
-0.0133605
100.01
99.9446
100.011
100.122
99.9802
99.8081
100.005
100.264
100.042
99.6728
99.8625
100.372
100.269
99.6562
99.5333
100.264
100.616
100.003
99.2287
99.66
100.729
100.734
99.6937
98.7105
99.9193
101.073
101.204
99.2972
97.9473
99.8613
101.454
102.748
98.9835
96.133
98.471
102.033
109.571
99.5166
81.9777
49.8349
18.1643
1.36293
-10.0131
-2.72699
0.942512
3.02057
3.76158
-1.63794
-3.17656
-0.562462
100.018
99.9723
99.9539
100.069
100.082
99.8977
99.8692
100.119
100.196
99.8895
99.7281
100.059
100.354
100.038
99.6016
99.7839
100.409
100.401
99.7408
99.3616
100.01
100.744
100.391
99.4222
99.0376
100.272
101.089
100.697
98.9937
98.3655
100.252
101.695
102.019
98.5568
96.4039
98.9523
102.8
108.846
98.7744
81.7996
49.9683
19.7149
1.46146
-10.9124
-3.3439
-0.42924
4.16027
5.76143
-1.59457
-2.70587
100.02
100.002
99.9198
100.008
100.142
99.9985
99.7951
99.9685
100.264
100.099
99.6936
99.7944
100.304
100.358
99.7498
99.5057
100.051
100.655
100.182
99.3942
99.41
100.418
100.95
99.9822
99.0743
99.1097
100.856
101.306
100.201
98.559
98.2519
101.058
102.097
101.637
97.9733
95.7318
99.7743
103.629
108.948
98.4781
80.2297
49.8978
20.7804
2.17185
-9.64131
-4.56696
-2.57159
4.11012
5.46824
0.624386
99.9976
100.059
99.9546
99.8757
100.08
100.201
99.9088
99.7132
100.062
100.384
100.013
99.5398
99.835
100.505
100.37
99.5464
99.3947
100.226
100.881
100.053
99.1697
99.2881
100.767
101.107
99.8677
98.7444
98.9377
101.351
101.417
100.32
97.9758
97.9709
101.529
102.267
102.233
97.2905
95.0906
99.9782
103.583
110.252
98.5048
79.1979
49.7126
19.59
3.11129
-7.68422
-4.90985
-2.11743
2.41007
2.2656
99.9732
100.036
100.072
99.9074
99.8722
100.135
100.201
99.8475
99.7082
100.128
100.4
99.9463
99.5121
99.8848
100.564
100.314
99.5138
99.3735
100.322
100.856
100.047
99.1275
99.2703
100.865
100.998
100.047
98.5423
99.0507
101.252
101.378
100.662
97.6432
98.2622
101.079
102.273
102.767
96.9543
95.6777
99.2456
103.089
111.023
98.1485
80.3943
49.6977
17.8201
3.51249
-8.54891
-4.19812
1.21132
1.23769
99.9889
99.9798
100.063
100.035
99.8893
99.9369
100.152
100.11
99.8219
99.8197
100.179
100.269
99.8656
99.6344
100.027
100.45
100.133
99.5646
99.5986
100.377
100.574
99.9586
99.2407
99.6328
100.702
100.714
99.9418
98.7426
99.5775
100.855
101.216
100.276
98.0219
98.9809
100.619
102.23
101.896
97.2319
96.8568
98.9398
103.404
109.701
97.2364
82.1148
49.8807
19.0179
3.44985
-12.2666
-3.96917
2.04518
99.9983
99.9728
100.032
100.056
99.944
99.9089
100.069
100.136
99.9349
99.8119
100.035
100.239
100.033
99.7207
99.8655
100.272
100.277
99.7965
99.5895
100.033
100.489
100.241
99.5466
99.485
100.164
100.745
100.287
99.3325
99.2019
100.116
101.135
100.688
99.3048
98.485
99.4753
101.505
101.949
100.342
97.2678
96.9127
100.439
104.606
107.856
96.4664
80.8731
49.9686
23.0712
3.78247
-13.2934
-5.09141
100.014
99.9509
99.9902
100.111
100.018
99.8283
99.9539
100.226
100.106
99.7337
99.8042
100.269
100.321
99.786
99.5389
100.088
100.546
100.184
99.3844
99.5785
100.382
100.8
99.9368
99.0582
99.5814
100.572
101.252
99.7378
98.8441
99.0998
100.631
102.03
100.065
98.8172
97.8032
99.8048
103.066
101.71
100.149
95.9229
95.8146
102.445
105.316
108.816
96.3385
76.8211
49.8011
24.3732
4.81932
-6.30528
100.026
99.9938
99.9019
100.029
100.173
99.9673
99.7461
100.005
100.332
100.071
99.5989
99.8109
100.412
100.383
99.6216
99.443
100.171
100.759
100.127
99.1824
99.4958
100.523
101.106
99.7344
98.9471
99.2744
100.925
101.544
99.6099
98.783
98.3684
101.211
102.228
100.334
98.9231
96.4699
100.266
103.081
102.366
101.373
94.1059
95.5348
101.879
104.824
112.493
96.3212
75.5249
49.6175
17.6995
5.78919
99.9979
100.05
99.962
99.8947
100.067
100.17
99.9243
99.7582
100.051
100.322
100.014
99.6145
99.8627
100.415
100.314
99.62
99.5097
100.173
100.728
100.039
99.3296
99.441
100.579
100.924
99.8315
99.1011
99.1226
101.05
101.085
100.126
98.7349
98.3554
101.223
101.421
101.285
98.7967
96.7118
100.333
101.392
103.488
101.564
94.5655
97.0099
98.668
104.318
113.461
95.6348
82.1687
49.6949
6.01652
99.9885
100.023
100.024
99.9451
99.9575
100.082
100.071
99.8992
99.8876
100.103
100.167
99.9178
99.7792
100.017
100.28
100.068
99.7297
99.7704
100.243
100.348
99.918
99.5712
99.7908
100.49
100.349
99.9054
99.2964
99.7941
100.636
100.499
100.122
98.8718
99.587
100.546
100.864
100.878
98.5717
98.8533
99.9098
100.795
102.752
99.538
97.6213
98.4467
97.9879
105.111
106.518
94.4911
93.813
49.9078
)
;

boundaryField
{
    left
    {
        type            fixedValue;
        value           uniform 100;
    }
    right
    {
        type            zeroGradient;
    }
    up
    {
        type            zeroGradient;
    }
    down
    {
        type            fixedValue;
        value           uniform 0;
    }
    frontAndBack
    {
        type            empty;
    }
}


// ************************************************************************* //
