/*--------------------------------*- C++ -*----------------------------------*\
  =========                 |
  \\      /  F ield         | OpenFOAM: The Open Source CFD Toolbox
   \\    /   O peration     | Website:  https://openfoam.org
    \\  /    A nd           | Version:  8
     \\/     M anipulation  |
\*---------------------------------------------------------------------------*/
FoamFile
{
    version     2.0;
    format      ascii;
    class       volScalarField;
    location    "0.721";
    object      T;
}
// * * * * * * * * * * * * * * * * * * * * * * * * * * * * * * * * * * * * * //

dimensions      [0 0 0 1 0 0 0];

internalField   nonuniform List<scalar> 
10000
(
50
4.64945
-4.64939
-1.17677
1.17647
0.446317
-0.445438
-0.214363
0.212397
0.121459
-0.117747
-0.0785271
0.0722897
0.0568424
-0.047239
-0.045252
0.0314765
0.0387161
-0.0201338
-0.0346054
0.0109323
0.0313438
-0.00285071
-0.0278839
-0.00440782
0.0235274
0.0106623
-0.0179061
-0.015414
0.0110344
0.0180175
-0.00337154
-0.017892
-0.004179
0.0147882
0.0103726
-0.0090239
-0.0139141
0.00166475
0.0138312
0.00559262
-0.0100055
-0.0106927
0.00338091
0.0120232
0.00387813
-0.00893908
-0.00922563
0.0026362
0.0103521
0.0044132
-0.00684483
-0.00882848
0.000204901
0.00851899
0.00600959
-0.00356045
-0.0083573
-0.00313058
0.00548279
0.00725964
0.000820579
-0.00625597
-0.00593767
0.000743524
0.00629382
0.00479502
-0.00160527
-0.00596327
-0.003985
0.00188925
0.00549204
0.00352387
-0.00172552
-0.004983
-0.00333531
0.00120678
0.00442534
0.00335697
-0.000506326
-0.00364041
-0.00354623
-0.00027438
0.00269157
0.00344482
0.00136862
-0.00182429
-0.00288609
-0.00218117
0.000376134
0.0025261
0.00209389
0.00107327
-0.00123906
-0.00240479
-0.00116899
-0.000519026
0.00142682
0.00207453
0.000436311
95.3506
50
10.4756
-4.64918
-2.79949
1.17573
1.10602
-0.443667
-0.548108
0.208943
0.317632
-0.111835
-0.207593
0.063077
0.149334
-0.0339091
-0.115545
0.0133699
0.0936884
0.00307523
-0.077269
-0.0171674
0.062623
0.0291909
-0.0476773
-0.0385657
0.0315066
0.0442286
-0.0142145
-0.0450091
-0.00311079
0.0400759
0.0185277
-0.0294187
-0.0295992
0.0142775
0.0340048
0.00271208
-0.0304133
-0.0177686
0.0192783
0.0269025
-0.00341492
-0.0271571
-0.0124377
0.018243
0.0226935
-0.00310572
-0.023401
-0.0121583
0.0139777
0.0209676
0.00120158
-0.0188919
-0.0147251
0.00710136
0.0191749
0.00782961
-0.0120112
-0.0168877
-0.00208408
0.0141211
0.0137476
-0.00186651
-0.0144349
-0.01083
0.00409298
0.0138028
0.00867343
-0.00496213
-0.0127726
-0.00739957
0.00479868
0.0116477
0.00688938
-0.00388514
-0.0103859
-0.0070469
0.00251296
0.00885802
0.00741377
-0.000490582
-0.00734518
-0.00726029
-0.00197085
0.00520361
0.00717469
0.0033846
-0.0017957
-0.00648005
-0.00477862
-0.000281096
0.00314934
0.00594533
0.00238172
-0.00129898
-0.00288761
-0.00506941
-0.000842918
0.0018218
104.649
89.5244
49.9999
12.0983
-4.64874
-3.45915
1.17439
1.43973
-0.440772
-0.744311
0.203713
0.446836
-0.103406
-0.300388
0.0505916
0.220151
-0.0166391
-0.171305
-0.00910729
0.13742
0.030671
-0.109868
-0.0490696
0.0838938
0.0636988
-0.0571249
-0.0730469
0.0290386
0.0752839
-0.000775199
-0.0689166
-0.0250705
0.0535308
0.0449069
-0.0304775
-0.0550138
0.00328707
0.052755
0.0225722
-0.0379794
-0.0407081
0.0139468
0.0458088
0.0125628
-0.0357975
-0.0329538
0.0138215
0.0395427
0.0120394
-0.0295403
-0.0308277
0.00700118
0.0339685
0.0172218
-0.0196665
-0.0306638
-0.0042478
0.0257117
0.0238391
-0.00548002
-0.0269312
-0.0166291
0.0115253
0.0254552
0.0107596
-0.0145371
-0.0229584
-0.00682057
0.0153641
0.0205222
0.00471444
-0.0146925
-0.0185717
-0.00423559
0.0131371
0.0169353
0.00512247
-0.0108535
-0.0156259
-0.00648118
0.00740633
0.0144922
0.00802518
-0.0037042
-0.0118208
-0.0102907
0.000422883
0.00817561
0.0103621
0.00456262
-0.00545507
-0.00798432
-0.00721275
-0.000631612
0.00723284
0.0058002
0.00472868
-0.000942062
-0.00737064
-0.00336706
101.177
104.649
87.9017
49.9999
12.7579
-4.64798
-3.79287
1.17229
1.63603
-0.436532
-0.87376
0.196438
0.540112
-0.0921784
-0.372005
0.0345873
0.2771
0.00470364
-0.21665
-0.0358803
0.172026
0.0622679
-0.133422
-0.0839882
0.0956716
0.0994452
-0.056695
-0.106233
0.0169329
0.102006
0.0209585
-0.0854523
-0.0526006
0.0573055
0.072832
-0.0211023
-0.0772171
-0.0166763
0.0638709
0.0475695
-0.0351946
-0.0632137
-0.00151635
0.0585001
0.0350365
-0.0343191
-0.0537302
-0.000866695
0.0500251
0.0332207
-0.0252649
-0.0483349
-0.00951754
0.0389653
0.0368727
-0.00979789
-0.0421089
-0.02268
0.0222363
0.0388187
0.0101214
-0.0284584
-0.0329283
-0.000981461
0.0302905
0.0270493
-0.00461177
-0.0295259
-0.0224954
0.00714767
0.0275796
0.0194896
-0.00710831
-0.0252688
-0.0178986
0.00529452
0.0223186
0.0178222
-0.00260607
-0.0184898
-0.0181033
-0.0015885
0.0148256
0.0169339
0.00671202
-0.00977816
-0.0160253
-0.0091357
0.00206425
0.0136987
0.0115964
0.0021325
-0.00573056
-0.0132034
-0.00654263
0.00185799
0.00562416
0.0114984
0.00308769
-0.00352028
98.8235
102.799
104.649
87.2421
49.9998
13.0917
-4.64684
-3.98927
1.16929
1.76574
-0.430733
-0.967577
0.186865
0.61266
-0.077898
-0.43038
0.0148719
0.324433
0.0301694
-0.253808
-0.0667595
0.198588
0.0973391
-0.148415
-0.12099
0.0982629
0.135089
-0.0468877
-0.136487
-0.00379852
0.122717
0.0492506
-0.0932961
-0.083222
0.0509242
0.0993415
-0.00209527
-0.0933415
-0.0433465
0.0653898
0.0742417
-0.021815
-0.0814519
-0.0251855
0.0620361
0.0602018
-0.0219676
-0.0702848
-0.0237156
0.0508435
0.0560028
-0.0102018
-0.059801
-0.0324514
0.0332027
0.0548445
0.00952023
-0.0445361
-0.0433533
0.00796216
0.0472044
0.0309066
-0.0190228
-0.0449512
-0.020596
0.0246332
0.0408127
0.0134864
-0.0262015
-0.0367312
-0.00952134
0.0250502
0.0333184
0.00856395
-0.0224537
-0.0302
-0.0101354
0.0185496
0.0276962
0.0123295
-0.0123393
-0.0256657
-0.0147368
0.00576554
0.0207165
0.018632
-0.000178403
-0.0140353
-0.0185101
-0.00857565
0.0092774
0.0140027
0.0130459
0.00153767
-0.01264
-0.0102932
-0.00858932
0.00136361
0.0130254
0.006049
99.5537
98.8241
103.459
104.648
86.9083
49.9997
13.2881
-4.64523
-4.1192
1.16522
1.86007
-0.423168
-1.04106
0.174757
0.672532
-0.0603452
-0.479892
-0.00869101
0.364502
0.0597236
-0.283948
-0.101441
0.217603
0.135225
-0.155055
-0.159016
0.0919291
0.169218
-0.0283335
-0.162214
-0.0319011
0.13596
0.0821056
-0.0915709
-0.114314
0.0345536
0.121605
0.0250126
-0.101045
-0.0738609
0.0562878
0.0989452
0.00121665
-0.092067
-0.0540694
0.0546672
0.0837967
0.000389735
-0.078689
-0.0511893
0.0402857
0.0754859
0.0139583
-0.0613482
-0.057156
0.0161328
0.0659251
0.0347397
-0.0353383
-0.0605408
-0.015029
0.0448179
0.0511842
0.000767104
-0.0475004
-0.0419046
0.00788929
0.0462172
0.0347207
-0.011733
-0.0431789
-0.0299706
0.0115618
0.0396023
0.0275057
-0.0087118
-0.0349723
-0.0275215
0.00456986
0.0289829
0.028074
0.00203087
-0.0233964
-0.0262672
-0.0101701
0.0156254
0.0249945
0.0139742
-0.00350627
-0.0215946
-0.0179101
-0.00304463
0.00916133
0.0207089
0.00994934
-0.00313389
-0.00894702
-0.0179934
-0.0045394
0.00566583
100.446
98.894
98.8253
103.793
104.647
86.7119
49.9996
13.4182
-4.64308
-4.21392
1.15995
1.93436
-0.41364
-1.10234
0.159899
0.724227
-0.0393368
-0.523021
-0.0361776
0.398584
0.0932436
-0.307624
-0.13951
0.229244
0.175145
-0.153442
-0.196912
0.0769933
0.200397
-0.00185368
-0.181933
-0.0658675
0.14058
0.117319
-0.0799066
-0.143228
0.00901447
0.137085
0.0580461
-0.0986806
-0.104969
0.0365686
0.118172
0.0318528
-0.0925219
-0.0844226
0.036041
0.101613
0.0303583
-0.0761043
-0.078806
0.0185006
0.0870788
0.0436874
-0.0507732
-0.0783063
-0.0103876
0.0659934
0.0606659
-0.0144946
-0.0688538
-0.0421753
0.029915
0.0648767
0.0271649
-0.0375232
-0.0584293
-0.017028
0.0394625
0.0522784
0.0115403
-0.03762
-0.0473164
-0.0103712
0.0337507
0.0430018
0.0128101
-0.0280557
-0.0396791
-0.0162264
0.0191336
0.0370584
0.0200509
-0.00966423
-0.0302762
-0.0260886
0.00152553
0.0209249
0.0264368
0.0113364
-0.014289
-0.0203215
-0.0183224
-0.00125505
0.0187476
0.0146828
0.0119474
-0.00279175
-0.0190331
-0.00848024
100.214
100.444
98.5602
98.8272
103.989
104.646
86.5818
49.9994
13.5131
-4.64031
-4.28881
1.15334
1.99685
-0.401963
-1.15604
0.142096
0.770344
-0.0147291
-0.561163
-0.0676006
0.427322
0.130518
-0.325031
-0.180441
0.233522
0.216211
-0.14367
-0.233453
0.0539075
0.227215
0.0315109
-0.194339
-0.103956
0.135793
0.152551
-0.0584791
-0.16742
-0.0242454
0.1437
0.0943169
-0.0854196
-0.133277
0.007277
0.128862
0.0671215
-0.0813668
-0.11214
0.00726583
0.110015
0.0642882
-0.0611859
-0.101768
-0.012456
0.0872111
0.0741755
-0.0280218
-0.0908022
-0.0423864
0.0529042
0.0814505
0.0152804
-0.0644105
-0.0674488
0.00385821
0.0668917
0.0541867
-0.0151569
-0.0643401
-0.0442399
0.0199297
0.05973
0.0379528
-0.0193738
-0.0546773
-0.0349626
0.0152024
0.0485358
0.0353815
-0.00921348
-0.0407404
-0.0367085
-5.42349e-05
0.0334156
0.0350342
0.0115471
-0.0231486
-0.0339988
-0.0174324
0.0067218
0.030197
0.0234185
0.00261129
-0.0137782
-0.0282803
-0.0122692
0.00535163
0.0130054
0.0243162
0.00491051
-0.00829914
99.7875
100.548
100.441
98.3639
98.8299
104.119
104.644
86.4868
49.9993
13.5883
-4.63686
-4.35217
1.14524
2.05221
-0.387963
-1.20487
0.121177
0.812404
0.0135811
-0.595072
-0.10291
0.450975
0.171249
-0.336156
-0.223612
0.230385
0.257449
-0.125898
-0.267385
0.0232906
0.248339
0.0704976
-0.198364
-0.144234
0.121229
0.185425
-0.028018
-0.184583
-0.0632233
0.139957
0.130799
-0.0613273
-0.155513
-0.0295759
0.128694
0.103398
-0.0584065
-0.133203
-0.0291793
0.106385
0.0977272
-0.0343257
-0.115617
-0.0488906
0.0739577
0.100052
0.00472698
-0.0906992
-0.0744417
0.0270488
0.0916865
0.0490491
-0.0458768
-0.0845594
-0.029081
0.0544727
0.0750176
0.0160033
-0.0559845
-0.0664771
-0.00928184
0.0529602
0.059993
0.00826115
-0.0475744
-0.05478
-0.0119997
0.0400892
0.0510478
0.0172303
-0.0285739
-0.048437
-0.0230353
0.0160772
0.040655
0.0318868
-0.00523358
-0.0290775
-0.0338592
-0.0119675
0.0208997
0.0268426
0.0225936
-0.000987802
-0.0256538
-0.0187036
-0.0143704
0.00587149
0.0253089
0.0103272
99.8786
99.7907
100.744
100.437
98.2341
98.8337
104.214
104.642
86.4116
49.9991
13.6522
-4.63263
-4.40875
1.13554
2.10327
-0.371473
-1.25044
0.0969918
0.851279
0.0456572
-0.625106
-0.141993
0.469568
0.215058
-0.340878
-0.268313
0.219783
0.297823
-0.100392
-0.29746
-0.0140545
0.262567
0.11364
-0.193231
-0.18464
0.096969
0.213628
0.0102158
-0.19278
-0.105469
0.125058
0.16433
-0.0273703
-0.168795
-0.0711642
0.116299
0.136745
-0.0247559
-0.144109
-0.0697048
0.0894874
0.125947
0.00235732
-0.11689
-0.0859462
0.0474058
0.116219
0.0433553
-0.0760066
-0.100548
-0.00865283
0.0875791
0.0804888
-0.0148729
-0.088351
-0.0625489
0.0280688
0.0835846
0.0496485
-0.0330729
-0.0769435
-0.0419766
0.0315933
0.0703732
0.0388094
-0.0256926
-0.0629884
-0.040202
0.017643
0.0536996
0.0432195
-0.00558709
-0.0450549
-0.0425654
-0.00988364
0.0330574
0.0424905
0.0187212
-0.0124813
-0.0396489
-0.027252
-0.000189449
0.0200949
0.0356976
0.0125683
-0.00895027
-0.018139
-0.0300968
-0.00328442
0.0116974
100.118
99.6823
99.7957
100.874
100.432
98.1397
98.8387
104.289
104.639
86.3477
49.9989
13.7094
-4.62758
-4.4614
1.1241
2.15173
-0.352341
-1.29377
0.0694135
0.887444
0.0815223
-0.651369
-0.184679
0.482983
0.261491
-0.339033
-0.313762
0.201719
0.336257
-0.0675515
-0.322473
-0.0571372
0.268865
0.159297
-0.178492
-0.223053
0.0635521
0.235019
0.05448
-0.190547
-0.148216
0.0989635
0.191826
0.0146336
-0.170854
-0.114069
0.0914195
0.163272
0.0172448
-0.142267
-0.109967
0.0596543
0.144527
0.0452281
-0.103642
-0.11823
0.00970353
0.118702
0.0823366
-0.047076
-0.115202
-0.0491063
0.0677377
0.103089
0.0241827
-0.0760049
-0.0893501
-0.00861687
0.0761504
0.0780091
0.00115741
-0.0713181
-0.0701614
-0.000735765
0.0641782
0.0644557
0.00639105
-0.0551303
-0.0608364
-0.0141517
0.0412653
0.059249
0.0224287
-0.0256217
-0.0517396
-0.0349907
0.0122291
0.0385184
0.0402777
0.00940213
-0.0295613
-0.0332459
-0.0252639
0.00611752
0.0334551
0.0219162
0.0153153
-0.0114109
-0.0317626
-0.0111555
100.078
100.112
99.553
99.8028
100.968
100.424
98.0652
98.845
104.353
104.635
86.2904
49.9987
13.7629
-4.62162
-4.51192
1.11079
2.1987
-0.330421
-1.33543
0.0383379
0.921111
0.121159
-0.673804
-0.230734
0.491022
0.310023
-0.330453
-0.359114
0.176273
0.371662
-0.0279274
-0.341296
-0.104785
0.266415
0.20569
-0.154057
-0.257367
0.0219693
0.247724
0.102622
-0.176988
-0.188535
0.0624113
0.210482
0.0621267
-0.160231
-0.154535
0.0549509
0.179494
0.0642107
-0.126295
-0.145309
0.0188028
0.149906
0.0895074
-0.0757459
-0.140573
-0.0351037
0.105263
0.115582
-0.00672428
-0.114341
-0.0878424
0.0335811
0.111432
0.0646904
-0.0476482
-0.103122
-0.0490013
0.0521088
0.0937933
0.0403824
-0.0490935
-0.0857587
-0.0374927
0.0409574
0.0776681
0.0405189
-0.0306597
-0.067446
-0.046371
0.0158427
0.0581554
0.0478966
0.00418676
-0.0455785
-0.0497605
-0.0169388
0.0213162
0.0496949
0.0285795
-0.00481801
-0.028317
-0.0425084
-0.0101097
0.0142382
0.0244309
0.0348662
-0.000944675
-0.0159684
99.9275
100.208
100.104
99.4595
99.8121
101.042
100.415
98.0026
98.8527
104.409
104.63
86.2369
49.9984
13.8145
-4.6147
-4.56149
1.09549
2.24486
-0.305583
-1.37576
0.00368428
0.952321
0.164509
-0.692249
-0.279869
0.493444
0.360062
-0.315003
-0.403474
0.14363
0.402951
0.0177708
-0.352907
-0.15566
0.254643
0.250951
-0.12021
-0.285563
-0.0263602
0.250225
0.152168
-0.151836
-0.223489
0.0168979
0.217969
0.111962
-0.136414
-0.188758
0.00892009
0.182672
0.111987
-0.0962075
-0.171261
-0.0296782
0.139829
0.129838
-0.0350588
-0.148697
-0.0815802
0.0758877
0.137323
0.0400518
-0.0960759
-0.118151
-0.0105605
0.102084
0.0992429
-0.00679257
-0.099546
-0.0848907
0.0142598
0.0922171
0.0759845
-0.0134519
-0.0831626
-0.0704344
0.00527423
0.072869
0.0677584
0.00572951
-0.0571971
-0.0683804
-0.0171286
0.0386708
0.0627287
0.0343232
-0.0230112
-0.0489641
-0.0447445
-0.00294416
0.0402563
0.0390205
0.0255768
-0.0144822
-0.0418517
-0.0238726
-0.014285
0.0195737
0.0379863
0.0106933
99.9432
99.9365
100.301
100.093
99.3867
99.8239
101.103
100.404
97.947
98.862
104.462
104.625
86.1852
49.9982
13.8655
-4.60673
-4.61087
1.0781
2.29066
-0.277702
-1.4149
-0.0346029
0.980996
0.211472
-0.706472
-0.331734
0.49
0.410954
-0.2926
-0.44591
0.104094
0.429071
0.0686713
-0.356431
-0.208273
0.233251
0.293169
-0.0776224
-0.305796
-0.079629
0.24145
0.200432
-0.115494
-0.250308
-0.0353808
0.212613
0.160601
-0.099919
-0.2132
-0.0436271
0.171084
0.156022
-0.0535182
-0.183995
-0.0812536
0.113726
0.160873
0.0147191
-0.139867
-0.123587
0.0329968
0.142916
0.086872
-0.0613775
-0.133994
-0.0582081
0.0745402
0.120954
0.0399657
-0.0771228
-0.108532
-0.0310283
0.071895
0.0991116
0.0292705
-0.0612874
-0.090941
-0.034762
0.0486314
0.080835
0.0444962
-0.0311441
-0.0719783
-0.0496195
0.00639591
0.0601878
0.0547519
0.0111223
-0.0333062
-0.0594083
-0.0265513
0.0128168
0.0381343
0.0477779
0.00439839
-0.0212249
-0.0315195
-0.0378303
0.00798275
0.0208915
100.047
99.8505
99.9488
100.373
100.079
99.3266
99.8385
101.157
100.39
97.8957
98.873
104.513
104.618
86.1341
49.9979
13.9166
-4.59765
-4.66058
1.05849
2.33636
-0.246672
-1.45291
-0.0765524
1.00698
0.261901
-0.716207
-0.385923
0.480455
0.461993
-0.263239
-0.485474
0.0581014
0.449026
0.123745
-0.351165
-0.261025
0.202248
0.330459
-0.0273459
-0.316469
-0.135701
0.22084
0.244646
-0.0690448
-0.266558
-0.0916339
0.193534
0.204354
-0.0523179
-0.224878
-0.0988489
0.144273
0.19176
-0.00115005
-0.180804
-0.130663
0.0728982
0.177911
0.0684527
-0.113478
-0.154955
-0.018897
0.129827
0.126712
-0.0140252
-0.131124
-0.101819
0.0317962
0.124507
0.0843605
-0.0380296
-0.114169
-0.0748379
0.0351606
0.103204
0.0704009
-0.0240099
-0.0921257
-0.0698319
0.00921431
0.075624
0.0739858
0.00593915
-0.0550293
-0.0721216
-0.0284675
0.0376999
0.0595065
0.0458431
-0.00809292
-0.0523908
-0.043184
-0.0225091
0.0262218
0.0499523
0.023833
0.0106173
-0.0302538
-0.043026
-0.0085122
100.045
100.034
99.7794
99.9646
100.431
100.062
99.2745
99.856
101.206
100.374
97.8469
98.8859
104.563
104.611
86.083
49.9976
13.9684
-4.5874
-4.71097
1.03657
2.3821
-0.212397
-1.48971
-0.122166
1.03005
0.31561
-0.721169
-0.441977
0.464605
0.512428
-0.227002
-0.521216
0.00622506
0.461908
0.181818
-0.336614
-0.312236
0.161959
0.361022
0.0292099
-0.316321
-0.192195
0.188399
0.282098
-0.0142242
-0.270304
-0.148634
0.16076
0.239639
0.00384607
-0.221656
-0.152385
0.103143
0.215089
0.0567869
-0.160496
-0.172416
0.0203993
0.17764
0.120003
-0.0711374
-0.17049
-0.0736075
0.0981534
0.152928
0.0399326
-0.108152
-0.133842
-0.0201064
0.107395
0.118004
0.0118845
-0.0992496
-0.107603
-0.0121758
0.085995
0.100398
0.0209134
-0.0711691
-0.0917998
-0.0356359
0.0516778
0.0847654
0.0459046
-0.0225932
-0.0757655
-0.0555989
-0.000329299
0.0482226
0.0671952
0.0198223
-0.023974
-0.0489047
-0.0499386
0.00533347
0.0296412
0.0387544
0.0375901
-0.0182138
-0.0260239
99.9683
100.116
100.017
99.7221
99.9841
100.481
100.041
99.228
99.8766
101.252
100.355
97.7996
98.9007
104.612
104.602
86.0311
49.9973
14.0212
-4.57592
-4.76227
1.01222
2.42794
-0.174798
-1.5252
-0.171417
1.04997
0.372369
-0.721074
-0.499391
0.442295
0.561479
-0.184072
-0.552209
-0.0508286
0.466923
0.241598
-0.312512
-0.360203
0.113032
0.383219
0.0903181
-0.304481
-0.246582
0.144721
0.310277
0.046657
-0.260256
-0.2029
0.115256
0.263249
0.0652051
-0.202468
-0.199696
0.0499234
0.222808
0.115281
-0.123513
-0.20149
-0.0391032
0.158517
0.163041
-0.0166508
-0.166746
-0.124039
0.0507138
0.160418
0.0929375
-0.066924
-0.148096
-0.0729452
0.070537
0.134184
0.0637705
-0.0648415
-0.121566
-0.0615967
0.050329
0.110753
0.0642646
-0.031348
-0.0950515
-0.0734367
0.0123135
0.0736686
0.0778382
0.0156471
-0.0559088
-0.0685132
-0.0418274
0.0244414
0.0647289
0.0442558
0.0148555
-0.0413804
-0.0562583
-0.0207326
-0.00348613
0.0432282
0.0453922
0.00394737
99.9612
99.9862
100.172
99.9961
99.6743
100.007
100.525
100.016
99.1855
99.9005
101.296
100.334
97.753
98.9176
104.662
104.593
85.9781
49.997
14.0755
-4.56313
-4.81463
0.985349
2.47388
-0.133804
-1.55923
-0.224257
1.06647
0.431912
-0.71565
-0.55762
0.413424
0.608347
-0.134729
-0.577564
-0.112228
0.463409
0.301694
-0.278835
-0.403236
0.0564237
0.395623
0.153991
-0.280525
-0.296293
0.0909734
0.327015
0.110817
-0.235861
-0.250905
0.0588889
0.272612
0.127763
-0.167415
-0.236487
-0.011903
0.212892
0.168961
-0.0720758
-0.213816
-0.0998622
0.121126
0.191779
0.0443797
-0.142601
-0.16316
-0.00714785
0.146395
0.137213
-0.0126639
-0.140574
-0.118077
0.0187365
0.12895
0.107461
-0.0153811
-0.11318
-0.102682
0.00281246
0.0968228
0.0973753
0.0178162
-0.0767698
-0.0938643
-0.0347101
0.0445843
0.0903289
0.0500242
-0.0161225
-0.0651773
-0.0708593
-0.00703217
0.0380434
0.0594461
0.0470618
-0.0196606
-0.0388521
-0.0451047
-0.0325077
0.0317561
0.0306754
100.02
99.9058
100.009
100.218
99.9707
99.6337
100.035
100.563
99.9883
99.1461
99.9279
101.338
100.309
97.7068
98.9368
104.713
104.582
85.9237
49.9967
14.1313
-4.54899
-4.86816
0.95587
2.51989
-0.0893585
-1.59161
-0.280611
1.07928
0.493938
-0.704643
-0.616083
0.377951
0.652225
-0.0793584
-0.596449
-0.177025
0.450858
0.360647
-0.235809
-0.439714
-0.00661871
0.397079
0.218041
-0.2445
-0.338821
0.0288636
0.330599
0.175126
-0.197353
-0.289303
-0.00562925
0.265955
0.187208
-0.117869
-0.258993
-0.077929
0.184829
0.212482
-0.00993574
-0.206845
-0.155549
0.0681668
0.201702
0.105229
-0.0996774
-0.184735
-0.0685448
0.111368
0.165505
0.0470825
-0.110473
-0.147979
-0.039569
0.101269
0.134325
0.041131
-0.0835278
-0.125191
-0.048274
0.0605245
0.112623
0.0637898
-0.0380128
-0.0925803
-0.0770614
0.00537367
0.0763224
0.073707
0.0308545
-0.0459479
-0.0753372
-0.0405295
-0.00166082
0.0591085
0.0588827
0.013585
-0.00760229
-0.0574887
-0.0434381
0.00340152
100.035
99.9973
99.8617
100.035
100.255
99.9411
99.5991
100.066
100.598
99.9564
99.1093
99.9587
101.379
100.282
97.6606
98.9582
104.765
104.57
85.8677
49.9963
14.1889
-4.53341
-4.92291
0.923688
2.56589
-0.0414157
-1.62213
-0.340382
1.08809
0.55811
-0.687821
-0.674166
0.335902
0.692301
-0.0184476
-0.608095
-0.244163
0.428925
0.416957
-0.183913
-0.468117
-0.0745814
0.386745
0.280146
-0.196936
-0.371834
-0.0394037
0.319861
0.236269
-0.145805
-0.315096
-0.0749207
0.24252
0.239122
-0.0563425
-0.264408
-0.143034
0.139634
0.241127
0.0578393
-0.179884
-0.199843
0.00411401
0.190432
0.158465
-0.0418746
-0.184619
-0.125593
0.0591088
0.172092
0.103938
-0.061198
-0.156786
-0.0943006
0.0537189
0.13923
0.0936593
-0.0370485
-0.122597
-0.0938071
0.0102753
0.104122
0.0958778
0.0142332
-0.0712574
-0.100754
-0.0359078
0.0381612
0.0820706
0.0677615
-0.0124695
-0.0539954
-0.0677131
-0.0372829
0.0382331
0.0476464
0.0490005
0.0212459
-0.0477566
-0.0338285
99.9888
100.078
99.9696
99.8266
100.066
100.286
99.9075
99.5698
100.102
100.629
99.9206
99.075
99.9932
101.419
100.251
97.6143
98.982
104.817
104.556
85.81
49.9959
14.2483
-4.51635
-4.97891
0.888715
2.61177
0.0100577
-1.65057
-0.403445
1.09263
0.624055
-0.664985
-0.731227
0.287377
0.727776
0.0474097
-0.611821
-0.312491
0.397449
0.469104
-0.123886
-0.487077
-0.145711
0.36413
0.337927
-0.138866
-0.393259
-0.11122
0.294293
0.290869
-0.0830594
-0.325891
-0.145038
0.202589
0.279389
0.0135346
-0.251073
-0.201828
0.0798715
0.251324
0.125151
-0.134066
-0.227399
-0.0648382
0.157818
0.197056
0.0248971
-0.161572
-0.170103
-0.00420377
0.154312
0.14952
5.11026e-05
-0.141073
-0.136173
-0.00673136
0.12077
0.130594
0.0194798
-0.0948737
-0.12396
-0.0422795
0.070155
0.108304
0.0665646
-0.0347029
-0.0962513
-0.0721326
-0.0114627
0.0710601
0.0813951
0.0302675
-0.0173399
-0.0772633
-0.0555544
-0.00172776
0.0224792
0.0709193
0.0354661
-0.0134686
99.9684
100.017
100.111
99.9379
99.7995
100.101
100.31
99.8701
99.5455
100.141
100.656
99.8809
99.0431
100.031
101.458
100.217
97.5678
99.0084
104.871
104.541
85.7504
49.9955
14.3097
-4.49774
-5.03615
0.850871
2.65742
0.0650798
-1.67667
-0.469648
1.09261
0.691364
-0.635976
-0.786598
0.232554
0.757867
0.117514
-0.607046
-0.380772
0.356464
0.51559
-0.0567198
-0.495423
-0.218059
0.329146
0.389015
-0.0717905
-0.401418
-0.183629
0.254061
0.335715
-0.0117465
-0.320006
-0.211758
0.147591
0.304449
0.0872377
-0.218659
-0.249179
0.009668
0.240862
0.185629
-0.0725717
-0.234324
-0.131427
0.106038
0.21547
0.0930598
-0.11734
-0.194878
-0.0707814
0.113517
0.176193
0.063862
-0.101082
-0.158359
-0.0691104
0.0805842
0.143499
0.0769118
-0.0484932
-0.129515
-0.0866748
0.0164005
0.0997684
0.102784
0.0115578
-0.0643704
-0.0954806
-0.0549531
0.0383145
0.0696498
0.0708287
0.0189256
-0.0595437
-0.054046
-0.0483477
-0.00282224
0.0642605
0.0340539
100.003
99.9367
100.049
100.135
99.9026
99.7799
100.14
100.328
99.8291
99.5263
100.184
100.679
99.8374
99.0137
100.073
101.495
100.18
97.5212
99.0373
104.927
104.525
85.6889
49.9951
14.3731
-4.47752
-5.09461
0.810078
2.70268
0.123652
-1.7002
-0.538811
1.08776
0.759595
-0.600681
-0.839595
0.171698
0.781829
0.191064
-0.593309
-0.447709
0.306219
0.554972
0.0163524
-0.49223
-0.289522
0.28211
0.431172
0.00232221
-0.395084
-0.253496
0.20009
0.367895
0.0648759
-0.296656
-0.270817
0.0800895
0.311562
0.159717
-0.168387
-0.280534
-0.065687
0.2093
0.233182
-0.000432285
-0.218665
-0.18815
0.0395306
0.210519
0.154078
-0.0563238
-0.195156
-0.132
0.0551086
0.177984
0.120833
-0.0420544
-0.156758
-0.120943
0.0231233
0.130189
0.123456
0.00682974
-0.105607
-0.115951
-0.0432562
0.0708888
0.111303
0.0604968
-0.0169631
-0.0966129
-0.0791326
-0.0120593
0.0414424
0.0923433
0.0436468
-0.014956
-0.0401828
-0.0802702
-0.019745
0.0256799
100.028
99.9708
99.9149
100.084
100.15
99.8643
99.7678
100.181
100.34
99.7849
99.5122
100.23
100.698
99.7903
98.9869
100.119
101.531
100.139
97.4745
99.069
104.983
104.507
85.6253
49.9947
14.4385
-4.45562
-5.15426
0.766269
2.74742
0.185762
-1.72088
-0.610726
1.07782
0.828279
-0.55904
-0.889531
0.105159
0.798966
0.26717
-0.570286
-0.511965
0.24717
0.58591
0.0938721
-0.476853
-0.357924
0.223783
0.462351
0.0811311
-0.373596
-0.31761
0.134028
0.384994
0.143068
-0.256068
-0.318166
0.00361407
0.299123
0.225689
-0.102942
-0.292434
-0.140085
0.158044
0.26273
0.0757723
-0.180573
-0.228328
-0.0351989
0.181779
0.199491
0.0151624
-0.170063
-0.178774
-0.013012
0.15241
0.162954
0.0257998
-0.129485
-0.152488
-0.0431465
0.094442
0.146636
0.0620809
-0.0562222
-0.125308
-0.0914162
0.0235114
0.0915223
0.100832
0.0297385
-0.0685745
-0.0815701
-0.0653921
0.00898185
0.0806516
0.0553796
0.0407904
-0.0229747
-0.0781122
-0.0296347
100.004
100.048
99.9359
99.9027
100.122
100.158
99.8238
99.763
100.225
100.345
99.7379
99.5035
100.28
100.713
99.7396
98.9629
100.168
101.566
100.095
97.4277
99.1034
105.041
104.488
85.5597
49.9942
14.5059
-4.432
-5.21506
0.719379
2.79146
0.25138
-1.73847
-0.685166
1.06258
0.896924
-0.511044
-0.935717
0.0333663
0.808648
0.344859
-0.537798
-0.572201
0.17999
0.607194
0.174204
-0.448967
-0.421065
0.155333
0.480808
0.161979
-0.336891
-0.372855
0.0581945
0.385255
0.218787
-0.199471
-0.350289
-0.0774708
0.266747
0.280142
-0.0264606
-0.282695
-0.207305
0.0905065
0.270583
0.148625
-0.122361
-0.247153
-0.109784
0.131102
0.222829
0.0889461
-0.122551
-0.202712
-0.0824149
0.10254
0.183274
0.0903001
-0.0778628
-0.159537
-0.105005
0.0425121
0.138635
0.109666
0.00528055
-0.110011
-0.11569
-0.0359521
0.0532587
0.117527
0.0645546
-0.014469
-0.0683447
-0.099583
-0.021018
0.0355413
0.0585571
0.0814158
-0.00466012
-0.0386609
99.9761
100.039
100.058
99.8996
99.8998
100.16
100.156
99.7821
99.7657
100.27
100.344
99.6887
99.5004
100.332
100.723
99.6855
98.9421
100.221
101.6
100.047
97.381
99.1408
105.1
104.466
85.492
49.9938
14.5755
-4.40659
-5.27696
0.669349
2.83463
0.320469
-1.75272
-0.761882
1.04181
0.965022
-0.456737
-0.977481
-0.0431723
0.810312
0.423101
-0.495816
-0.627085
0.105545
0.617783
0.255556
-0.408573
-0.476802
0.0783243
0.48516
0.241997
-0.285531
-0.416354
-0.0244829
0.367653
0.287957
-0.129159
-0.364334
-0.158374
0.215523
0.318539
0.0559031
-0.250772
-0.261532
0.0120012
0.25456
0.211079
-0.0489622
-0.241705
-0.175356
0.0625888
0.220943
0.155079
-0.0578212
-0.198752
-0.144463
0.036695
0.175958
0.14151
-0.00898608
-0.142217
-0.147546
-0.0194486
0.101439
0.140854
0.0622022
-0.0673168
-0.114287
-0.0928394
0.00886898
0.0990718
0.085284
0.0481811
-0.0454094
-0.0969734
-0.0487532
-0.024399
0.0544675
0.0850282
0.0191214
99.9893
99.9678
100.074
100.058
99.8633
99.9059
100.199
100.147
99.7401
99.776
100.316
100.336
99.6379
99.5032
100.387
100.729
99.6283
98.9247
100.278
101.631
99.9957
97.3345
99.1811
105.16
104.444
85.4222
49.9933
14.6471
-4.37934
-5.33988
0.61612
2.87678
0.392978
-1.76337
-0.840604
1.01533
1.03205
-0.396215
-1.01416
-0.123877
0.803473
0.500807
-0.444462
-0.675329
0.0248921
0.616823
0.33603
-0.356013
-0.523104
-0.00532197
0.474436
0.31822
-0.220731
-0.445554
-0.110662
0.33208
0.346562
-0.0482501
-0.358456
-0.234042
0.14793
0.33715
0.138474
-0.198142
-0.297493
-0.0710912
0.214654
0.256966
0.0323904
-0.210879
-0.224366
-0.0168046
0.193635
0.203501
0.0176678
-0.167313
-0.189591
-0.0347985
0.138792
0.173402
0.0635803
-0.101831
-0.160746
-0.0837845
0.0463625
0.144901
0.103109
-0.00260524
-0.0933532
-0.126873
-0.0347137
0.0476657
0.0935081
0.0934863
-0.0127041
-0.0574646
-0.073891
-0.0700351
0.0367039
0.0499539
100.018
99.9552
99.9701
100.108
100.048
99.8284
99.9207
100.236
100.129
99.6988
99.7938
100.363
100.321
99.5861
99.5122
100.444
100.73
99.5681
98.911
100.338
101.661
99.9408
97.2882
99.2244
105.222
104.419
85.3502
49.9928
14.721
-4.35018
-5.40378
0.559636
2.9177
0.468845
-1.77017
-0.921043
0.982983
1.09745
-0.329628
-1.0451
-0.208092
0.787731
0.576844
-0.384019
-0.715696
-0.0607312
0.603675
0.413655
-0.291985
-0.558096
-0.0933937
0.448172
0.387623
-0.144268
-0.458439
-0.19661
0.279288
0.390933
0.0394009
-0.331996
-0.299366
0.0675552
0.333589
0.21521
-0.128098
-0.310961
-0.152014
0.153546
0.281056
0.113414
-0.156015
-0.251523
-0.097318
0.142555
0.226992
0.0954767
-0.113663
-0.208204
-0.103071
0.0767515
0.181786
0.123992
-0.0404782
-0.144402
-0.137878
-0.0129909
0.114207
0.125289
0.0667149
-0.058649
-0.122981
-0.0758835
-0.0173125
0.0862178
0.10244
0.0317584
-0.00142787
-0.0872483
-0.080032
-0.00193287
100.016
100.015
99.9234
99.9822
100.139
100.03
99.7964
99.9439
100.271
100.104
99.6593
99.8192
100.408
100.299
99.534
99.5276
100.502
100.725
99.5054
98.9013
100.401
101.688
99.8823
97.2425
99.2708
105.284
104.393
85.2761
49.9923
14.7969
-4.31907
-5.46857
0.499846
2.95722
0.547991
-1.77288
-1.00288
0.944621
1.16068
-0.257185
-1.0697
-0.295091
0.762778
0.650045
-0.314934
-0.747028
-0.149928
0.577947
0.486409
-0.217513
-0.580165
-0.183385
0.406388
0.447302
-0.0585083
-0.45359
-0.278382
0.210898
0.41801
0.1293
-0.285493
-0.349591
-0.0210474
0.307127
0.279962
-0.0453076
-0.2995
-0.223967
0.0764733
0.279289
0.186337
-0.0819921
-0.253313
-0.168304
0.071237
0.223193
0.164206
-0.0447185
-0.194613
-0.160855
0.00233991
0.162024
0.161369
0.0347797
-0.106174
-0.165238
-0.0682203
0.0529408
0.129624
0.116767
-0.0107999
-0.0829478
-0.110119
-0.0689544
0.0549559
0.0761859
0.0810539
0.0426788
-0.0725178
-0.0560438
99.9886
100.046
100.001
99.896
100.003
100.165
100.003
99.7687
99.9749
100.302
100.07
99.6228
99.852
100.452
100.269
99.4824
99.5495
100.561
100.715
99.4403
98.8958
100.468
101.712
99.8201
97.1974
99.3204
105.348
104.364
85.1999
49.9917
14.875
-4.28592
-5.53418
0.436705
2.99513
0.63032
-1.77124
-1.08579
0.900146
1.22116
-0.17916
-1.08735
-0.384075
0.728419
0.719222
-0.237815
-0.768282
-0.241138
0.539501
0.552302
-0.133985
-0.587974
-0.272606
0.349663
0.494558
0.0336719
-0.430296
-0.352002
0.129378
0.425559
0.216487
-0.22063
-0.380779
-0.112477
0.258747
0.326922
0.0447147
-0.263265
-0.280004
-0.00995714
0.249992
0.244425
0.00274775
-0.227321
-0.22139
-0.0130504
0.193456
0.211395
0.0331997
-0.151249
-0.199543
-0.0698086
0.111453
0.173574
0.108126
-0.0539355
-0.154206
-0.11617
-0.0200275
0.112884
0.131231
0.0493257
-0.0263272
-0.123564
-0.0903948
-0.00352091
0.0349845
0.11391
0.0584902
-0.0209863
99.9816
100.003
100.07
99.9791
99.8746
100.032
100.186
99.9691
99.7467
100.013
100.328
100.03
99.5904
99.8918
100.492
100.233
99.4321
99.5781
100.621
100.699
99.3734
98.8949
100.538
101.734
99.7544
97.1531
99.3732
105.413
104.334
85.1215
49.9912
14.9552
-4.25071
-5.60052
0.370176
3.03124
0.715719
-1.76502
-1.16939
0.849492
1.2783
-0.0958885
-1.09752
-0.474181
0.68457
0.78319
-0.15345
-0.778547
-0.332688
0.488496
0.609403
-0.0430997
-0.580567
-0.358228
0.27911
0.527062
0.128931
-0.388567
-0.41373
0.0380355
0.41228
0.295832
-0.14015
-0.3903
-0.200493
0.190698
0.351679
0.135486
-0.204819
-0.313582
-0.0989988
0.19543
0.281146
0.088528
-0.173527
-0.251882
-0.0983096
0.139826
0.228795
0.112491
-0.0879357
-0.208391
-0.130067
0.0360034
0.163091
0.158941
0.00915012
-0.107984
-0.151196
-0.0804065
0.0680196
0.112417
0.109953
0.0232629
-0.0991832
-0.0854344
-0.0743311
0.00151376
0.104896
0.0528535
100.004
99.9589
100.025
100.088
99.9503
99.8607
100.066
100.199
99.9293
99.7316
100.057
100.348
99.984
99.5631
99.9383
100.529
100.19
99.3839
99.6135
100.68
100.676
99.305
98.8988
100.61
101.753
99.6851
97.1097
99.4292
105.479
104.302
85.0409
49.9906
15.0376
-4.21336
-5.66749
0.300228
3.06537
0.804057
-1.75401
-1.25333
0.792632
1.33155
-0.00777173
-1.09972
-0.5645
0.631281
0.840783
-0.0627712
-0.777089
-0.422802
0.425367
0.655933
0.0531281
-0.557361
-0.437442
0.196423
0.542908
0.223635
-0.329195
-0.460294
-0.0590019
0.377734
0.362646
-0.0480961
-0.37672
-0.278682
0.106407
0.351984
0.219326
-0.127966
-0.320387
-0.183492
0.121509
0.290139
0.167387
-0.0971656
-0.256721
-0.171041
0.0647256
0.2163
0.180719
-0.0153261
-0.18021
-0.174973
-0.0468298
0.12956
0.173688
0.0799453
-0.0447404
-0.15965
-0.114313
-0.00450805
0.0774417
0.146182
0.0556905
-0.0338987
-0.0712413
-0.124682
-0.0181353
0.0464185
100.018
99.9812
99.9449
100.053
100.096
99.9166
99.8555
100.105
100.204
99.8851
99.7246
100.105
100.361
99.9321
99.5421
99.991
100.562
100.14
99.3386
99.6556
100.739
100.648
99.2356
98.9079
100.686
101.768
99.6123
97.0676
99.4886
105.545
104.268
84.9581
49.99
15.1221
-4.17383
-5.73501
0.226835
3.0973
0.895192
-1.73799
-1.33721
0.72958
1.38032
0.0847371
-1.09353
-0.654075
0.568719
0.89089
0.0331279
-0.763342
-0.509674
0.350869
0.690271
0.152464
-0.518226
-0.507526
0.103842
0.54066
0.314111
-0.253907
-0.488875
-0.157189
0.32256
0.412933
0.0502339
-0.339549
-0.341548
0.0110442
0.32732
0.288325
-0.0372035
-0.299898
-0.254742
0.0350883
0.267902
0.23312
-0.00911016
-0.232158
-0.222223
-0.024867
0.179275
0.222174
0.0606321
-0.119522
-0.200571
-0.115536
0.0693114
0.155126
0.145633
0.0155295
-0.126967
-0.125527
-0.0854352
0.0410614
0.134456
0.0783985
0.0491898
-0.0584677
-0.123619
-0.0369694
100.004
100.03
99.9542
99.9408
100.085
100.095
99.8803
99.86
100.147
100.199
99.8382
99.7265
100.157
100.365
99.8759
99.5281
100.049
100.588
100.084
99.297
99.7043
100.796
100.613
99.1655
98.9223
100.763
101.78
99.5361
97.0268
99.5514
105.613
104.231
84.8732
49.9893
15.2088
-4.13207
-5.80298
0.14997
3.12686
0.98897
-1.71678
-1.42064
0.660382
1.42407
0.181125
-1.07856
-0.741939
0.497192
0.93244
0.133046
-0.736953
-0.591473
0.266035
0.711014
0.252521
-0.463534
-0.565873
0.00399677
0.519519
0.396713
-0.165298
-0.497173
-0.251994
0.248844
0.443202
0.149025
-0.2796
-0.384989
-0.0882445
0.277897
0.336523
0.0610289
-0.254402
-0.303451
-0.0579865
0.217045
0.278357
0.0787126
-0.176085
-0.249543
-0.114133
0.121606
0.226637
0.135791
-0.0430622
-0.196755
-0.158081
-0.0145986
0.117663
0.18264
0.0656968
-0.0542475
-0.125185
-0.141232
0.00215886
0.0741969
0.101354
0.109483
-0.0382516
-0.0684315
99.9847
100.03
100.032
99.9253
99.9471
100.117
100.083
99.8439
99.8745
100.189
100.184
99.7903
99.7379
100.212
100.36
99.8164
99.5222
100.112
100.608
100.022
99.2601
99.7596
100.85
100.571
99.0954
98.9424
100.843
101.788
99.4565
96.9875
99.6176
105.681
104.193
84.7862
49.9887
15.2976
-4.08803
-5.87131
0.0696045
3.15385
1.08522
-1.69017
-1.50321
0.58512
1.46226
0.280835
-1.05453
-0.827094
0.417123
0.964436
0.23567
-0.697786
-0.666373
0.172154
0.717028
0.350783
-0.394145
-0.610063
-0.100222
0.479495
0.467775
-0.0665046
-0.483787
-0.338936
0.160048
0.450395
0.242906
-0.199943
-0.4055
-0.183776
0.20514
0.360897
0.157299
-0.186381
-0.323524
-0.151084
0.145392
0.293758
0.15876
-0.0940459
-0.252453
-0.185041
0.043622
0.197239
0.199249
0.0312967
-0.152975
-0.177297
-0.102672
0.071614
0.171352
0.111345
0.0330012
-0.113611
-0.146645
-0.0499888
-0.00482765
0.117337
0.117274
0.00740467
99.9894
99.9851
100.057
100.022
99.8978
99.9637
100.147
100.061
99.8097
99.8991
100.229
100.16
99.7435
99.7593
100.266
100.346
99.755
99.5249
100.178
100.621
99.9553
99.2285
99.821
100.902
100.523
99.0257
98.9682
100.925
101.792
99.3736
96.95
99.6872
105.749
104.152
84.697
49.988
15.3886
-4.04166
-5.93989
-0.0142873
3.17809
1.18377
-1.658
-1.58449
0.503911
1.49434
0.383249
-1.02119
-0.908534
0.329072
0.985954
0.339592
-0.645933
-0.732568
0.0707366
0.707532
0.444592
-0.311302
-0.638075
-0.205603
0.421335
0.523764
0.0390418
-0.448657
-0.413258
0.0602078
0.432764
0.326827
-0.10584
-0.399695
-0.269347
0.113675
0.359634
0.241242
-0.0982138
-0.314802
-0.233524
0.060521
0.273178
0.227177
-0.000966778
-0.226221
-0.227075
-0.0503111
0.146907
0.231667
0.0969279
-0.072728
-0.180374
-0.164681
0.0136627
0.115241
0.153793
0.0982998
-0.0757457
-0.106468
-0.113641
-0.0616453
0.100654
0.0789129
100.009
99.9649
99.9963
100.08
100.003
99.8746
99.9899
100.173
100.03
99.7802
99.9332
100.264
100.125
99.6996
99.7905
100.319
100.322
99.693
99.537
100.247
100.626
99.8839
99.2031
99.8884
100.95
100.469
98.957
99
101.008
101.792
99.2875
96.9145
99.7604
105.819
104.109
84.6056
49.9872
15.4817
-3.99291
-6.00861
-0.101733
3.19937
1.28441
-1.62008
-1.66406
0.416909
1.51982
0.487694
-0.978364
-0.985242
0.233718
0.996186
0.443289
-0.581683
-0.788376
-0.0364275
0.682057
0.531261
-0.216636
-0.648433
-0.308532
0.346254
0.561802
0.147331
-0.392829
-0.470202
-0.0465862
0.390859
0.39512
-0.00307379
-0.365783
-0.340274
0.0119119
0.330087
0.305866
0.00418837
-0.280448
-0.292023
-0.0337461
0.220341
0.276886
0.0867735
-0.164915
-0.242319
-0.143093
0.0848601
0.217831
0.156954
0.0199109
-0.163269
-0.181052
-0.0627433
0.0427862
0.175217
0.122074
2.35228e-05
-0.0530519
-0.160532
-0.0771281
0.0324351
100.014
99.9974
99.9454
100.017
100.097
99.9748
99.8582
100.024
100.191
99.9907
99.7575
99.9758
100.294
100.082
99.6606
99.8315
100.369
100.288
99.6321
99.5586
100.317
100.622
99.8087
99.1845
99.9613
100.993
100.408
98.8898
99.0379
101.092
101.787
99.1984
96.8811
99.837
105.889
104.063
84.5122
49.9864
15.577
-3.94175
-6.07733
-0.192753
3.21752
1.38692
-1.57628
-1.74145
0.324302
1.53823
0.593421
-0.925949
-1.05623
0.131905
0.994416
0.545181
-0.505568
-0.83227
-0.147261
0.640402
0.608282
-0.112322
-0.640095
-0.405252
0.255957
0.58
0.253475
-0.317753
-0.506159
-0.155537
0.327127
0.441611
0.103599
-0.305987
-0.390964
-0.091179
0.27062
0.348804
0.108619
-0.221362
-0.31832
-0.132834
0.147499
0.294479
0.161977
-0.073118
-0.236733
-0.209407
0.00898191
0.162809
0.20819
0.0944444
-0.110801
-0.159536
-0.145947
-0.0153942
0.147682
0.116812
0.096616
-0.0170089
-0.151246
-0.0695609
99.9982
100.032
99.9769
99.9336
100.044
100.105
99.9406
99.8509
100.064
100.2
99.9449
99.7438
100.026
100.316
100.03
99.6284
99.8814
100.414
100.245
99.5736
99.5901
100.387
100.609
99.7307
99.1735
100.039
101.032
100.341
98.8246
99.082
101.177
101.777
99.1063
96.8501
99.9171
105.959
104.015
84.4166
49.9854
15.6746
-3.88815
-6.14592
-0.287367
3.23236
1.49106
-1.52647
-1.81619
0.226326
1.54912
0.699626
-0.863915
-1.12056
0.024628
0.980043
0.643679
-0.418402
-0.862865
-0.2595
0.582705
0.673424
-0.00115933
-0.612258
-0.492399
0.153114
0.577076
0.352241
-0.225207
-0.519543
-0.260069
0.24397
0.462116
0.209093
-0.226024
-0.414074
-0.190023
0.185625
0.367652
0.201006
-0.136199
-0.314505
-0.223764
0.064693
0.269247
0.226072
0.0282579
-0.206762
-0.234131
-0.0834964
0.0912014
0.230228
0.138407
-0.0179799
-0.126029
-0.200441
-0.0537723
0.0634545
0.110511
0.166845
0.00264511
-0.0733099
99.9856
100.018
100.04
99.9509
99.9317
100.076
100.103
99.9028
99.8543
100.108
100.198
99.895
99.7405
100.081
100.327
99.9718
99.6046
99.9395
100.452
100.192
99.5193
99.6314
100.457
100.586
99.651
99.1707
100.121
101.065
100.268
98.7621
99.1325
101.263
101.762
99.0114
96.8217
100.001
106.029
103.965
84.319
49.9844
15.7743
-3.83209
-6.21423
-0.385591
3.2437
1.59659
-1.47055
-1.88781
0.123238
1.55213
0.805453
-0.792314
-1.17733
-0.0869909
0.952601
0.73722
-0.321313
-0.878875
-0.370899
0.509686
0.724524
0.113799
-0.564631
-0.567131
0.0416146
0.551694
0.439457
-0.11867
-0.509593
-0.352965
0.143381
0.456456
0.30526
-0.130888
-0.404758
-0.28095
0.0862694
0.355741
0.274085
-0.0296754
-0.287158
-0.287112
-0.0275391
0.206469
0.275458
0.114252
-0.140491
-0.225059
-0.177307
0.0248434
0.198684
0.164772
0.0896801
-0.0948002
-0.191929
-0.0926333
-0.0443338
0.111574
0.16738
0.0354618
99.9943
99.9798
100.042
100.037
99.923
99.9409
100.109
100.089
99.8647
99.8693
100.153
100.185
99.8434
99.7489
100.139
100.328
99.9086
99.5909
100.004
100.482
100.13
99.4706
99.6823
100.523
100.554
99.5704
99.1765
100.207
101.091
100.189
98.7029
99.1893
101.349
101.742
98.9138
96.7962
100.088
106.1
103.912
84.2193
49.9831
15.8764
-3.77356
-6.28212
-0.48744
3.25138
1.70326
-1.40847
-1.9558
0.0153161
1.54694
0.909997
-0.711297
-1.22567
-0.201781
0.911881
0.824145
-0.215546
-0.879329
-0.47914
0.422616
0.759388
0.229736
-0.498136
-0.62636
-0.0744823
0.503245
0.512075
-0.0039172
-0.474725
-0.42934
0.0297504
0.426219
0.382118
-0.0227634
-0.365566
-0.356114
-0.0168393
0.306909
0.328661
0.0815571
-0.235881
-0.311229
-0.129763
0.126582
0.292409
0.176171
-0.0373508
-0.201285
-0.238321
-0.0379042
0.11403
0.189278
0.165649
-0.0509022
-0.122598
-0.146431
-0.119293
0.0928183
0.100765
100.01
99.972
99.9852
100.066
100.023
99.897
99.9612
100.139
100.065
99.8294
99.896
100.195
100.159
99.7929
99.7696
100.198
100.317
99.8425
99.5885
100.075
100.503
100.061
99.4291
99.7424
100.586
100.512
99.4902
99.1914
100.297
101.11
100.104
98.6474
99.2526
101.434
101.717
98.8137
96.7737
100.178
106.171
103.856
84.1178
49.9816
15.9807
-3.71258
-6.34943
-0.592922
3.25523
1.81082
-1.34021
-2.01962
-0.0971905
1.53336
1.01225
-0.621022
-1.26482
-0.318444
0.857871
0.902742
-0.10237
-0.863809
-0.581533
0.322825
0.776407
0.343691
-0.414717
-0.6666
-0.191968
0.433412
0.566416
0.113074
-0.413787
-0.487249
-0.0880981
0.370622
0.433737
0.0942868
-0.303925
-0.402537
-0.120719
0.22593
0.363241
0.177316
-0.153116
-0.30267
-0.227761
0.0460607
0.257894
0.224562
0.0762186
-0.166862
-0.240295
-0.113444
0.0126753
0.200886
0.180744
0.0295221
-0.0371622
-0.192153
-0.129324
0.0200918
100.011
100.004
99.9521
100.001
100.085
99.9993
99.8766
99.9916
100.162
100.03
99.8002
99.9337
100.232
100.122
99.7463
99.8027
100.255
100.293
99.7758
99.5983
100.148
100.513
99.9862
99.3961
99.8111
100.643
100.46
99.4116
99.2158
100.388
101.122
100.015
98.5964
99.3222
101.518
101.686
98.7112
96.7545
100.272
106.242
103.797
84.0143
49.9799
16.0875
-3.64916
-6.416
-0.702054
3.25505
1.91905
-1.26582
-2.07871
-0.214019
1.51128
1.11115
-0.521682
-1.29419
-0.435506
0.790613
0.971485
0.0166922
-0.832226
-0.67521
0.211578
0.775026
0.451862
-0.316193
-0.685317
-0.307667
0.345921
0.597413
0.228721
-0.32966
-0.523906
-0.200554
0.287538
0.461143
0.208559
-0.223172
-0.411674
-0.225198
0.129477
0.365562
0.250288
-0.0402778
-0.275985
-0.292902
-0.0383307
0.176477
0.266339
0.160822
-0.102867
-0.193418
-0.199606
-0.060771
0.164379
0.152191
0.138013
0.0153171
-0.179349
-0.0983899
99.9964
100.029
99.9871
99.9386
100.026
100.097
99.9673
99.8649
100.03
100.177
99.9858
99.7801
99.981
100.261
100.074
99.7066
99.8476
100.307
100.256
99.7108
99.6208
100.224
100.51
99.9061
99.373
99.8875
100.694
100.399
99.3356
99.2498
100.481
101.125
99.9208
98.5503
99.3982
101.601
101.649
98.6065
96.7389
100.369
106.313
103.735
83.9091
49.9777
16.1968
-3.5833
-6.48167
-0.814818
3.25064
2.02776
-1.18537
-2.13245
-0.334913
1.48063
1.20563
-0.413588
-1.31321
-0.551441
0.710276
1.02908
0.139685
-0.784409
-0.757772
0.0907644
0.755126
0.549982
-0.203846
-0.682246
-0.416415
0.243663
0.601531
0.340301
-0.229429
-0.532864
-0.303364
0.18074
0.46579
0.304764
-0.120058
-0.38856
-0.320026
0.0313126
0.322057
0.308277
0.07974
-0.231544
-0.30631
-0.137889
0.0807499
0.28236
0.199908
0.00528308
-0.137017
-0.257902
-0.0967289
0.061456
0.125881
0.220307
0.0311624
-0.0827925
99.9874
100.013
100.038
99.9635
99.9346
100.056
100.097
99.9302
99.8646
100.074
100.179
99.936
99.7716
100.036
100.279
100.016
99.6764
99.9033
100.352
100.207
99.6501
99.6563
100.298
100.496
99.8228
99.3609
99.9705
100.737
100.328
99.2637
99.2936
100.574
101.12
99.8226
98.5096
99.4805
101.683
101.607
98.4997
96.7271
100.47
106.384
103.67
83.8022
49.9749
16.3087
-3.51501
-6.54629
-0.931159
3.24171
2.13678
-1.09906
-2.18013
-0.459632
1.44143
1.29461
-0.297253
-1.32121
-0.66491
0.617513
1.07407
0.26457
-0.720308
-0.827497
-0.0364302
0.715799
0.635146
-0.0803499
-0.657846
-0.511728
0.127496
0.580074
0.441132
-0.118536
-0.508891
-0.396321
0.0629014
0.441415
0.376349
0.00374468
-0.344921
-0.383562
-0.0706261
0.237948
0.354047
0.176037
-0.152049
-0.280037
-0.241829
0.00136567
0.239604
0.215119
0.132991
-0.0957723
-0.241962
-0.128107
-0.0723981
0.12205
0.217158
0.0560166
99.996
99.9807
100.035
100.036
99.9368
99.9421
100.088
100.086
99.8918
99.8772
100.119
100.169
99.8835
99.7765
100.095
100.283
99.9528
99.6581
99.9679
100.388
100.147
99.5961
99.7044
100.37
100.468
99.7382
99.3607
100.059
100.771
100.249
99.1969
99.3472
100.666
101.106
99.721
98.475
99.569
101.762
101.559
98.391
96.7196
100.573
106.455
103.602
83.6938
49.9715
16.4233
-3.4443
-6.60972
-1.05095
3.22792
2.24604
-1.00725
-2.22092
-0.588041
1.3939
1.37689
-0.173242
-1.31757
-0.774722
0.513601
1.10455
0.389928
-0.641046
-0.882222
-0.166657
0.656085
0.706193
0.0486854
-0.610496
-0.589929
0.000272578
0.536568
0.520885
0.0030479
-0.4558
-0.473714
-0.0538244
0.379167
0.428805
0.13044
-0.281608
-0.401818
-0.183524
0.139818
0.368066
0.2392
-0.0305124
-0.243558
-0.309271
-0.0654106
0.13359
0.235191
0.221601
-0.0492402
-0.15029
-0.184272
-0.163645
0.104929
0.126997
100.01
99.9761
99.9852
100.057
100.024
99.9117
99.9615
100.118
100.062
99.8563
99.9029
100.162
100.144
99.832
99.7958
100.155
100.274
99.8855
99.6534
100.039
100.411
100.077
99.5512
99.7645
100.436
100.427
99.6542
99.3731
100.151
100.794
100.163
99.1365
99.4103
100.758
101.083
99.6166
98.4469
99.6635
101.838
101.505
98.2804
96.7166
100.68
106.527
103.53
83.584
49.9673
16.5407
-3.37116
-6.67189
-1.17405
3.20892
2.35553
-0.910356
-2.25396
-0.720033
1.33846
1.45115
-0.0420036
-1.30208
-0.879374
0.399751
1.11892
0.514514
-0.548829
-0.918832
-0.298063
0.577384
0.761054
0.17745
-0.53784
-0.65149
-0.129439
0.470274
0.573924
0.13438
-0.383876
-0.521265
-0.168985
0.28334
0.464849
0.236205
-0.186127
-0.385564
-0.294979
0.0490458
0.324415
0.28863
0.1032
-0.20488
-0.305774
-0.148379
0.0102056
0.250454
0.232514
0.0416183
-0.0424746
-0.240915
-0.168411
0.0220461
100.01
100.003
99.9581
100.001
100.074
100
99.8925
99.9917
100.141
100.027
99.8278
99.9411
100.199
100.106
99.7854
99.8297
100.212
100.249
99.8176
99.6637
100.115
100.421
100
99.5176
99.8353
100.495
100.373
99.5729
99.3986
100.246
100.806
100.069
99.0836
99.4828
100.846
101.049
99.51
98.4256
99.764
101.91
101.445
98.168
96.7184
100.789
106.599
103.454
83.4731
49.9622
16.6609
-3.29548
-6.73278
-1.30018
3.18423
2.46528
-0.808828
-2.27847
-0.855353
1.27531
1.51635
0.0957417
-1.27456
-0.9772
0.276779
1.11664
0.635949
-0.445059
-0.93509
-0.429079
0.483235
0.79504
0.303962
-0.44211
-0.69521
-0.252122
0.376771
0.603943
0.264206
-0.296266
-0.529116
-0.287578
0.173982
0.470022
0.315327
-0.0554686
-0.356293
-0.37064
-0.0433291
0.227092
0.339396
0.200274
-0.135044
-0.24625
-0.252562
-0.0731706
0.211659
0.192735
0.174092
0.0159002
-0.229761
-0.12425
99.9972
100.025
99.9874
99.9468
100.025
100.084
99.9683
99.8832
100.03
100.153
99.9826
99.81
99.9895
100.225
100.056
99.7475
99.8771
100.264
100.209
99.7528
99.6897
100.191
100.415
99.9175
99.4971
99.9153
100.545
100.307
99.4963
99.4374
100.341
100.806
99.9703
99.0395
99.5642
100.931
101.006
99.4022
98.4117
99.8702
101.979
101.38
98.0541
96.7256
100.9
106.671
103.374
83.3611
49.9561
16.784
-3.2171
-6.79249
-1.42889
3.15315
2.5755
-0.703331
-2.29348
-0.993648
1.20451
1.57183
0.238493
-1.2341
-1.06726
0.146243
1.0973
0.75092
-0.329675
-0.931602
-0.555003
0.375209
0.804698
0.427662
-0.330908
-0.713249
-0.365984
0.25874
0.614136
0.375443
-0.184798
-0.505133
-0.399761
0.0659422
0.424861
0.383085
0.0837748
-0.312525
-0.387213
-0.159264
0.11747
0.365904
0.243226
-0.00745497
-0.183523
-0.328044
-0.110207
0.087749
0.166128
0.278138
0.0277209
-0.110778
99.9889
100.013
100.032
99.9649
99.9457
100.054
100.081
99.9322
99.8866
100.073
100.151
99.9327
99.806
100.045
100.238
99.9973
99.7217
99.9363
100.305
100.155
99.6946
99.7312
100.265
100.393
99.8325
99.4913
100.003
100.582
100.23
99.4267
99.4893
100.435
100.793
99.8668
99.0052
99.6539
101.012
100.953
99.2938
98.4055
99.9819
102.043
101.309
97.9386
96.7384
101.014
106.744
103.289
83.2483
49.9488
16.9098
-3.13582
-6.85121
-1.5596
3.11492
2.68655
-0.59485
-2.29788
-1.13476
1.12649
1.61691
0.384415
-1.17949
-1.14966
0.0114933
1.0591
0.857727
-0.204084
-0.909837
-0.668777
0.251407
0.792868
0.542142
-0.209192
-0.698376
-0.474768
0.13117
0.595457
0.462729
-0.0478514
-0.465346
-0.478166
-0.0487412
0.335347
0.445434
0.193282
-0.226352
-0.363183
-0.286954
0.0329049
0.320649
0.265689
0.146807
-0.146416
-0.310523
-0.150754
-0.0745526
0.174455
0.272057
0.0605124
99.9954
99.985
100.033
100.027
99.9404
99.9567
100.084
100.066
99.8963
99.9041
100.117
100.135
99.8817
99.8176
100.104
100.236
99.9322
99.7109
100.004
100.333
100.09
99.6464
99.7873
100.333
100.356
99.748
99.5014
100.095
100.607
100.143
99.366
99.554
100.526
100.767
99.7602
98.9817
99.7512
101.087
100.89
99.1859
98.4072
100.099
102.101
101.233
97.8215
96.7574
101.129
106.817
103.2
83.1347
49.9405
17.0383
-3.05138
-6.90927
-1.69173
3.06887
2.79883
-0.48425
-2.29072
-1.27867
1.04204
1.6506
0.532479
-1.11063
-1.22401
-0.124307
0.999978
0.956934
-0.0730988
-0.868014
-0.767404
0.112326
0.76468
0.636205
-0.0735976
-0.655608
-0.574018
0.00688123
0.535045
0.537313
0.0939054
-0.408624
-0.50734
-0.18452
0.236115
0.475975
0.267061
-0.0861878
-0.339271
-0.372831
-0.039306
0.199672
0.308117
0.250327
-0.100403
-0.20399
-0.235102
-0.17604
0.163462
0.162543
100.007
99.9776
99.9923
100.052
100.011
99.9193
99.9797
100.109
100.037
99.8657
99.9356
100.155
100.103
99.8343
99.8455
100.161
100.216
99.8655
99.7171
100.078
100.345
100.014
99.6114
99.8565
100.392
100.303
99.6672
99.5278
100.189
100.616
100.049
99.3161
99.6308
100.612
100.728
99.6519
98.9698
99.8555
101.155
100.816
99.0793
98.4173
100.221
102.154
101.152
97.7031
96.783
101.246
106.891
103.107
83.0203
49.9313
17.1694
-2.96319
-6.9671
-1.8247
3.01417
2.91254
-0.371842
-2.27161
-1.42461
0.950933
1.67241
0.681768
-1.02812
-1.28819
-0.260799
0.920803
1.04682
0.0594889
-0.802654
-0.853202
-0.03413
0.717057
0.705898
0.077915
-0.596408
-0.646763
-0.119918
0.437879
0.603458
0.214717
-0.31315
-0.505881
-0.327181
0.147659
0.440165
0.339225
0.0699426
-0.318335
-0.377758
-0.1471
0.0647998
0.351326
0.264598
0.0151304
-0.0926044
-0.326211
-0.175858
0.0564894
100.009
99.9988
99.9635
100.01
100.064
99.9854
99.9066
100.013
100.124
99.9981
99.8453
99.9791
100.183
100.058
99.7956
99.8889
100.212
100.179
99.8017
99.7412
100.153
100.34
99.9331
99.5922
99.9363
100.439
100.235
99.5933
99.5706
100.284
100.61
99.948
99.2787
99.7187
100.691
100.676
99.5436
98.9703
99.9655
101.216
100.733
98.9749
98.4357
100.348
102.2
101.065
97.5831
96.8155
101.365
106.966
103.008
82.9051
49.9212
17.3024
-2.87045
-7.02528
-1.95744
2.94959
3.02788
-0.258144
-2.24017
-1.57082
0.851819
1.6833
0.829034
-0.930791
-1.34062
-0.397773
0.825046
1.12049
0.195599
-0.716433
-0.923916
-0.179115
0.64066
0.758654
0.231544
-0.518703
-0.681675
-0.260033
0.328025
0.637002
0.315267
-0.172093
-0.499007
-0.430749
0.0451563
0.344285
0.426114
0.183198
-0.247277
-0.327448
-0.29356
-0.0203091
0.315468
0.236896
0.193687
-0.0450873
-0.31902
-0.141898
99.9997
100.02
99.9816
99.9579
100.035
100.066
99.9533
99.906
100.052
100.126
99.952
99.8389
100.031
100.197
100.002
99.7699
99.9454
100.252
100.127
99.7457
99.7829
100.224
100.316
99.8498
99.5908
100.024
100.471
100.155
99.5293
99.6293
100.374
100.587
99.8438
99.2555
99.8162
100.762
100.61
99.4368
98.9838
100.08
101.269
100.64
98.8739
98.4627
100.479
102.239
100.974
97.462
96.8554
101.484
107.041
102.904
82.789
49.9106
17.4369
-2.77266
-7.08443
-2.08859
2.87401
3.14542
-0.144608
-2.19568
-1.71606
0.744396
1.68463
0.969536
-0.816005
-1.38343
-0.530297
0.713668
1.17293
0.337755
-0.619346
-0.967738
-0.323973
0.537987
0.798407
0.365829
-0.40678
-0.691602
-0.398695
0.219649
0.610408
0.419328
-0.0232064
-0.474985
-0.46808
-0.101945
0.244178
0.480695
0.239776
-0.0928498
-0.28889
-0.396535
-0.061866
0.163844
0.243261
0.322426
-0.0372355
-0.164888
99.9908
100.016
100.021
99.9603
99.964
100.061
100.055
99.9203
99.9199
100.092
100.112
99.9042
99.8491
100.087
100.195
99.94
99.7608
100.012
100.277
100.062
99.7018
99.841
100.288
100.274
99.7688
99.6083
100.115
100.486
100.065
99.4782
99.7029
100.459
100.547
99.7383
99.2477
99.9219
100.821
100.532
99.3334
99.0107
100.199
101.312
100.537
98.7772
98.4985
100.615
102.269
100.879
97.3399
96.9031
101.604
107.117
102.795
82.6721
49.8999
17.5725
-2.66945
-7.14526
-2.21768
2.78722
3.26552
-0.0319814
-2.13787
-1.86045
0.629985
1.67608
1.10204
-0.683758
-1.41906
-0.652393
0.583377
1.20849
0.480349
-0.515263
-0.977394
-0.476385
0.427061
0.812497
0.480333
-0.258933
-0.696981
-0.502247
0.0947089
0.538658
0.531981
0.0889658
-0.393778
-0.475688
-0.269843
0.180082
0.444185
0.296625
0.0878613
-0.288568
-0.381177
-0.134566
-0.0158552
0.298217
0.305737
0.0234172
99.9935
99.9922
100.033
100.011
99.9406
99.9823
100.085
100.031
99.8919
99.9483
100.128
100.082
99.8603
99.8767
100.14
100.173
99.8768
99.7706
100.083
100.284
99.9868
99.674
99.9128
100.339
100.214
99.6943
99.6451
100.207
100.482
99.9669
99.4424
99.7896
100.534
100.491
99.6344
99.2562
100.034
100.869
100.442
99.2349
99.0514
100.32
101.344
100.426
98.6856
98.5433
100.754
102.291
100.779
97.2168
96.9589
101.725
107.193
102.681
82.5533
49.8897
17.7089
-2.55961
-7.20828
-2.34484
2.68899
3.38725
0.0814956
-2.06789
-2.00237
0.507735
1.65636
1.22841
-0.537669
-1.44282
-0.766004
0.434325
1.23072
0.613375
-0.393737
-0.962292
-0.629879
0.314192
0.784911
0.59604
-0.100671
-0.685122
-0.563081
-0.0704089
0.464762
0.612714
0.180001
-0.243652
-0.50474
-0.391282
0.106551
0.327759
0.405233
0.20487
-0.252662
-0.284828
-0.291001
-0.109744
0.304977
0.203091
100.004
99.9792
100.004
100.046
99.9899
99.9283
100.011
100.099
99.9953
99.8739
99.9889
100.152
100.039
99.8261
99.9204
100.186
100.134
99.8184
99.8
100.153
100.271
99.9075
99.6653
99.9945
100.375
100.14
99.6307
99.7005
100.295
100.459
99.8656
99.4241
99.8872
100.597
100.419
99.5346
99.2815
100.15
100.903
100.341
99.1432
99.1057
100.442
101.366
100.306
98.6
98.597
100.896
102.305
100.675
97.0928
97.0226
101.847
107.27
102.562
82.4324
49.8802
17.8447
-2.44159
-7.27385
-2.46873
2.57809
3.50898
0.197174
-1.98747
-2.13617
0.373477
1.62741
1.34478
-0.379657
-1.44668
-0.877211
0.277444
1.22769
0.736157
-0.250166
-0.933245
-0.758275
0.179804
0.723832
0.710217
0.0425796
-0.615104
-0.6112
-0.248915
0.392624
0.612459
0.303136
-0.0776734
-0.52471
-0.426282
-0.0500474
0.208293
0.500006
0.237768
-0.0872291
-0.207177
-0.439169
-0.115581
0.140551
100.009
99.9915
99.9719
100.025
100.049
99.9623
99.9279
100.046
100.099
99.9532
99.8707
100.038
100.162
99.9847
99.8069
99.977
100.218
100.079
99.7706
99.8482
100.217
100.237
99.8292
99.6776
100.082
100.391
100.054
99.5821
99.7727
100.374
100.416
99.7645
99.4249
99.9928
100.645
100.332
99.442
99.3239
100.268
100.922
100.231
99.0603
99.1733
100.564
101.376
100.179
98.5214
98.6595
101.04
102.309
100.568
96.9689
97.0944
101.969
107.347
102.439
82.3099
49.8717
17.979
-2.31557
-7.34256
-2.58707
2.45392
3.63098
0.312554
-1.89732
-2.25822
0.226019
1.59482
1.44149
-0.206739
-1.43422
-0.982405
0.124308
1.18561
0.859555
-0.106475
-0.88173
-0.849
0.012761
0.661364
0.780849
0.179553
-0.487446
-0.668593
-0.372282
0.27801
0.552113
0.45293
0.0281736
-0.45174
-0.418911
-0.251587
0.153249
0.457365
0.252832
0.143749
-0.204171
-0.410859
-0.119822
100.003
100.013
99.974
99.9755
100.047
100.039
99.9338
99.9419
100.081
100.083
99.9105
99.8849
100.088
100.153
99.9261
99.8065
100.042
100.232
100.012
99.7388
99.9124
100.269
100.183
99.7574
99.7114
100.169
100.386
99.9596
99.5519
99.8593
100.441
100.353
99.6675
99.4459
100.103
100.676
100.233
99.3593
99.3836
100.385
100.925
100.112
98.988
99.2542
100.684
101.372
100.046
98.4509
98.7317
101.185
102.303
100.456
96.8459
97.175
102.091
107.422
102.312
82.1857
49.8653
18.1127
-2.18274
-7.41483
-2.7012
2.31843
3.75432
0.426578
-1.79728
-2.37249
0.0696299
1.559
1.51876
-0.0168831
-1.4171
-1.07084
-0.0320879
1.11479
0.98713
0.0175167
-0.790217
-0.929429
-0.161235
0.605973
0.788091
0.344971
-0.363609
-0.709605
-0.432242
0.0957542
0.518367
0.557222
0.0865267
-0.281798
-0.466148
-0.375844
0.128239
0.294505
0.350472
0.264901
-0.226979
-0.233676
99.994
100.018
100.006
99.9574
99.9911
100.066
100.016
99.9107
99.97
100.11
100.052
99.8737
99.9166
100.135
100.124
99.8695
99.8267
100.108
100.226
99.938
99.7268
99.9884
100.304
100.113
99.6976
99.7659
100.251
100.359
99.8626
99.5425
99.957
100.492
100.274
99.5784
99.4872
100.216
100.688
100.123
99.2887
99.4599
100.499
100.911
99.9859
98.9276
99.3479
100.802
101.355
99.9061
98.3885
98.8139
101.331
102.288
100.34
96.7233
97.2643
102.215
107.497
102.179
82.0577
49.8615
18.2467
-2.0414
-7.48973
-2.8152
2.17322
3.87529
0.545804
-1.68852
-2.47978
-0.0947251
1.51065
1.58839
0.182579
-1.3874
-1.14282
-0.206754
1.03414
1.09718
0.144801
-0.661331
-1.01889
-0.311752
0.510721
0.771555
0.537699
-0.268739
-0.676954
-0.510355
-0.115065
0.519362
0.565756
0.21407
-0.101204
-0.557769
-0.388457
-0.0110303
0.149483
0.513381
0.25267
-0.101756
99.992
100.002
100.03
99.989
99.9479
100.016
100.076
99.9835
99.8991
100.009
100.127
100.008
99.8493
99.9634
100.17
100.079
99.8218
99.867
100.169
100.197
99.8642
99.7372
100.07
100.318
100.03
99.6549
99.8385
100.323
100.309
99.7681
99.5554
100.061
100.525
100.179
99.5011
99.548
100.326
100.681
100.006
99.2324
99.5513
100.608
100.881
99.855
98.8804
99.4528
100.916
101.325
99.7625
98.3342
98.9052
101.477
102.263
100.22
96.601
97.3613
102.341
107.572
102.042
81.925
49.8589
18.3781
-1.88857
-7.56582
-2.92703
2.01681
3.98695
0.674882
-1.57536
-2.56672
-0.273015
1.44724
1.64894
0.377882
-1.31971
-1.21114
-0.382771
0.933637
1.16377
0.304548
-0.52674
-1.06941
-0.444504
0.344833
0.766204
0.67986
-0.142033
-0.558913
-0.633403
-0.268015
0.433505
0.50211
0.427824
0.0127648
-0.516195
-0.356638
-0.283939
0.0868421
0.51061
0.219162
99.9992
99.9843
100.018
100.032
99.966
99.9503
100.046
100.071
99.9461
99.9031
100.054
100.126
99.9563
99.8425
100.02
100.187
100.019
99.7895
99.9246
100.219
100.148
99.7976
99.7707
100.152
100.309
99.9403
99.6334
99.9252
100.378
100.24
99.6816
99.5912
100.167
100.535
100.074
99.4397
99.6269
100.431
100.653
99.8837
99.1931
99.6563
100.707
100.834
99.7218
98.8485
99.5672
101.024
101.28
99.6174
98.2893
99.0053
101.62
102.229
100.098
96.4812
97.4655
102.465
107.647
101.903
81.7917
49.8573
18.505
-1.72727
-7.64412
-3.03016
1.84903
4.09129
0.805726
-1.46195
-2.62521
-0.466939
1.38599
1.68187
0.567453
-1.21887
-1.28219
-0.520354
0.789123
1.20636
0.46717
-0.414391
-1.03113
-0.592752
0.179718
0.748633
0.714728
0.0566088
-0.45289
-0.70411
-0.321925
0.216494
0.468152
0.552746
0.0481276
-0.284129
-0.373957
-0.440666
0.0901094
0.249477
100.007
99.9848
99.9871
100.037
100.021
99.9433
99.9666
100.075
100.051
99.9111
99.9247
100.097
100.107
99.9044
99.8563
100.081
100.184
99.9518
99.7778
99.9947
100.25
100.081
99.7448
99.826
100.226
100.275
99.8501
99.6362
100.021
100.413
100.154
99.6084
99.6496
100.27
100.522
99.9608
99.3975
99.7226
100.525
100.604
99.7604
99.1731
99.7737
100.795
100.769
99.5879
98.8342
99.691
101.124
101.219
99.4717
98.2555
99.1163
101.759
102.184
99.9714
96.3665
97.5794
102.588
107.718
101.758
81.6591
49.8589
18.6333
-1.56327
-7.72585
-3.12988
1.67446
4.19707
0.933308
-1.34441
-2.67334
-0.668852
1.33368
1.68784
0.769651
-1.12129
-1.34376
-0.631689
0.607379
1.27227
0.586404
-0.294139
-0.954796
-0.774434
0.0891449
0.671369
0.735226
0.27975
-0.441003
-0.660468
-0.394994
-0.00110645
0.53959
0.507951
0.130471
-0.0789334
-0.511672
-0.363933
0.0357642
100.007
100.002
99.9717
100.001
100.05
99.9992
99.9279
99.9955
100.094
100.017
99.8856
99.9624
100.131
100.068
99.8599
99.8909
100.137
100.158
99.8843
99.7896
100.071
100.258
100.001
99.7114
99.8998
100.286
100.218
99.7656
99.6642
100.121
100.425
100.054
99.5527
99.7287
100.365
100.485
99.8438
99.3765
99.8327
100.606
100.534
99.6381
99.173
99.902
100.87
100.688
99.454
98.8377
99.8237
101.217
101.141
99.3246
98.2318
99.2393
101.895
102.128
99.838
96.2544
97.7033
102.716
107.786
101.605
81.5204
49.8633
18.7673
-1.39224
-7.80625
-3.24004
1.49535
4.29619
1.07245
-1.21469
-2.72224
-0.872182
1.25776
1.69233
0.98598
-1.02053
-1.37314
-0.7771
0.419138
1.33248
0.68272
-0.102463
-0.911041
-0.937414
-0.00660808
0.511267
0.844123
0.457739
-0.391321
-0.552585
-0.612871
-0.133483
0.551467
0.432039
0.412321
-0.0126653
-0.590037
-0.284232
99.9991
100.016
99.988
99.9661
100.023
100.053
99.9697
99.9253
100.032
100.099
99.9731
99.8757
100.012
100.149
100.016
99.83
99.9433
100.181
100.111
99.8246
99.825
100.145
100.242
99.917
99.7016
99.9861
100.327
100.141
99.6936
99.7161
100.218
100.412
99.9466
99.5181
99.8246
100.447
100.426
99.7284
99.3775
99.9528
100.671
100.446
99.5207
99.1923
100.038
100.93
100.592
99.3227
98.8578
99.962
101.303
101.049
99.1789
98.2154
99.3716
102.029
102.065
99.7006
96.1419
97.8338
102.846
107.858
101.449
81.3735
49.8662
18.8975
-1.20558
-7.88002
-3.3535
1.30842
4.36723
1.232
-1.08138
-2.74029
-1.07713
1.13952
1.69804
1.17019
-0.863297
-1.37085
-0.940128
0.243093
1.28989
0.802649
0.120034
-0.853044
-0.984393
-0.210031
0.327051
0.918683
0.540795
-0.145046
-0.450328
-0.790944
-0.208907
0.282528
0.406285
0.67043
0.0295083
-0.298961
99.9929
100.012
100.016
99.9696
99.9723
100.047
100.042
99.9392
99.9388
100.07
100.085
99.9276
99.8856
100.065
100.147
99.9557
99.8208
100.008
100.206
100.047
99.781
99.8816
100.208
100.201
99.836
99.718
100.078
100.343
100.051
99.6407
99.7895
100.305
100.373
99.8385
99.5084
99.9324
100.511
100.346
99.6209
99.4024
100.078
100.716
100.343
99.4137
99.2322
100.175
100.972
100.484
99.1993
98.8958
100.102
101.378
100.945
99.0402
98.2085
99.5106
102.153
101.996
99.564
96.0344
97.9691
102.969
107.932
101.293
81.2315
49.8666
19.0173
-1.0122
-7.95423
-3.44824
1.11422
4.42014
1.39048
-0.965424
-2.70775
-1.28922
1.03036
1.67907
1.29796
-0.655352
-1.38495
-1.02555
0.0701151
1.16766
0.942349
0.233568
-0.706568
-0.95372
-0.43508
0.252611
0.803475
0.57445
0.12921
-0.438429
-0.680947
-0.27252
-0.0348735
0.448796
0.538838
0.0849828
99.9946
99.9953
100.026
100.005
99.954
99.991
100.066
100.017
99.9156
99.9682
100.1
100.054
99.8886
99.9161
100.114
100.122
99.8962
99.8359
100.076
100.206
99.9728
99.7598
99.9552
100.254
100.137
99.7664
99.7613
100.167
100.331
99.952
99.6126
99.8814
100.374
100.308
99.7357
99.5264
100.048
100.551
100.247
99.5261
99.4529
100.205
100.737
100.224
99.3209
99.2953
100.313
100.992
100.362
99.0868
98.9558
100.243
101.437
100.822
98.9098
98.2167
99.6602
102.263
101.915
99.424
95.9401
98.1155
103.087
107.997
101.125
81.0997
49.8712
19.1452
-0.827524
-8.03671
-3.53796
0.917427
4.49023
1.53585
-0.85325
-2.67306
-1.51518
0.962248
1.63168
1.44155
-0.465198
-1.43558
-1.04674
-0.145642
1.11343
1.06858
0.26838
-0.499235
-1.03581
-0.564337
0.250121
0.619657
0.746861
0.208776
-0.485988
-0.491532
-0.485256
-0.0475802
0.555135
0.297933
100.002
99.9844
100.008
100.033
99.9848
99.9477
100.019
100.073
99.982
99.9056
100.01
100.116
100.008
99.8638
99.9641
100.15
100.075
99.8461
99.8749
100.141
100.181
99.8963
99.7647
100.039
100.275
100.055
99.7146
99.8289
100.248
100.292
99.8512
99.6114
99.9866
100.423
100.221
99.6429
99.5717
100.168
100.566
100.131
99.4464
99.5277
100.331
100.734
100.092
99.2421
99.381
100.452
100.992
100.226
98.9831
99.0371
100.389
101.483
100.681
98.782
98.2383
99.8255
102.368
101.819
99.2723
95.8517
98.2765
103.217
108.055
100.943
80.9561
49.8798
19.2939
-0.637882
-8.11142
-3.66042
0.715828
4.55846
1.69708
-0.701726
-2.66639
-1.73898
0.851269
1.57527
1.646
-0.292279
-1.42421
-1.12725
-0.421458
1.10334
1.13034
0.443896
-0.282629
-1.19211
-0.640029
0.0403144
0.518373
1.02635
0.243728
-0.282792
-0.499736
-0.854189
-0.00589194
0.379361
100.007
99.9901
99.9825
100.026
100.03
99.9605
99.9552
100.05
100.064
99.9436
99.9137
100.056
100.113
99.9546
99.8592
100.023
100.167
100.014
99.8133
99.9335
100.191
100.132
99.827
99.7961
100.123
100.271
99.9638
99.6863
99.9146
100.311
100.228
99.7569
99.6373
100.097
100.448
100.117
99.5658
99.6405
100.284
100.558
100.005
99.3848
99.6216
100.452
100.709
99.9531
99.1782
99.4835
100.587
100.975
100.081
98.8883
99.1324
100.536
101.522
100.528
98.6579
98.2634
100
102.471
101.72
99.1151
95.7561
98.4423
103.353
108.125
100.763
80.7923
49.8811
19.4325
-0.419656
-8.16214
-3.79373
0.508341
4.56222
1.88667
-0.532508
-2.61822
-1.92211
0.642828
1.51877
1.78547
-0.0732199
-1.28365
-1.25268
-0.635713
0.936793
1.09551
0.72685
-0.106294
-1.09646
-0.707412
-0.348197
0.436068
0.986418
0.3872
0.186087
-0.519594
-0.853217
-0.190412
100.005
100.006
99.9765
99.9918
100.042
100.013
99.9403
99.9772
100.076
100.038
99.911
99.9406
100.097
100.088
99.904
99.8778
100.083
100.16
99.9466
99.8049
100.005
100.22
100.064
99.7749
99.8519
100.197
100.237
99.873
99.6867
100.011
100.35
100.144
99.6791
99.6902
100.203
100.443
100.005
99.5126
99.7298
100.387
100.522
99.8776
99.3481
99.7304
100.557
100.661
99.8156
99.1362
99.599
100.707
100.94
99.9352
98.8122
99.2388
100.673
101.546
100.371
98.5504
98.2934
100.174
102.558
101.624
98.9662
95.6665
98.6055
103.469
108.204
100.588
80.6456
49.875
19.5403
-0.195211
-8.21732
-3.87812
0.304266
4.5309
2.06597
-0.425896
-2.48872
-2.0834
0.461178
1.47231
1.77215
0.186617
-1.18087
-1.28701
-0.691034
0.642297
1.09877
0.809708
-0.0293091
-0.778699
-0.805731
-0.444572
0.357401
0.61826
0.552437
0.287441
-0.447275
-0.381713
99.9978
100.015
99.9947
99.9683
100.011
100.05
99.9869
99.9316
100.01
100.088
99.9989
99.8927
99.9835
100.124
100.044
99.8656
99.9193
100.134
100.126
99.8822
99.8245
100.08
100.221
99.9835
99.7481
99.9285
100.253
100.176
99.7913
99.7187
100.11
100.359
100.043
99.625
99.77
100.298
100.407
99.8875
99.4893
99.839
100.471
100.457
99.7522
99.3425
99.8552
100.642
100.584
99.6813
99.1231
99.7321
100.809
100.877
99.7865
98.7635
99.3652
100.801
101.542
100.202
98.4638
98.3456
100.353
102.615
101.514
98.8175
95.6085
98.7799
103.574
108.262
100.394
80.5307
49.879
19.6691
-0.000709905
-8.30438
-3.94844
0.0972768
4.56569
2.22238
-0.346571
-2.37402
-2.3059
0.386294
1.42143
1.79509
0.446477
-1.24541
-1.24672
-0.80208
0.45038
1.27814
0.726808
0.110763
-0.678932
-1.04585
-0.265007
0.22432
0.578388
0.814362
-0.0333188
-0.348332
99.9937
100.009
100.017
99.9776
99.9712
100.034
100.043
99.9564
99.9393
100.048
100.082
99.9537
99.8944
100.036
100.131
99.9864
99.8468
99.9787
100.169
100.07
99.8299
99.871
100.15
100.193
99.8994
99.75
100.019
100.284
100.093
99.7253
99.7802
100.205
100.336
99.9325
99.5974
99.8726
100.378
100.34
99.7695
99.4955
99.9652
100.536
100.363
99.6292
99.3658
99.9957
100.709
100.479
99.5465
99.1353
99.8857
100.898
100.788
99.6266
98.7346
99.5158
100.93
101.516
100.011
98.3819
98.4219
100.553
102.664
101.378
98.6473
95.5642
98.9787
103.707
108.297
100.174
80.3871
49.8922
19.8532
0.198389
-8.37191
-4.0962
-0.134024
4.61929
2.39712
-0.154057
-2.32317
-2.55286
0.244853
1.29269
1.98781
0.702264
-1.20841
-1.23348
-1.163
0.329149
1.34838
0.814248
0.539522
-0.75333
-1.19768
-0.405104
-0.216169
0.85661
1.03457
0.108298
99.9959
99.9945
100.022
100.008
99.9614
99.9868
100.055
100.022
99.9305
99.9638
100.081
100.056
99.9121
99.9175
100.087
100.114
99.9262
99.8521
100.046
100.18
99.9992
99.7983
99.9377
100.204
100.139
99.8228
99.7802
100.111
100.287
99.9961
99.6819
99.8635
100.288
100.286
99.8226
99.5968
99.9875
100.437
100.252
99.6597
99.5273
100.098
100.58
100.252
99.5151
99.4107
100.141
100.76
100.358
99.4168
99.1629
100.048
100.978
100.688
99.4617
98.7149
99.6737
101.062
101.486
99.8096
98.2975
98.4945
100.766
102.723
101.243
98.4653
95.4929
99.1822
103.859
108.362
99.9663
80.1897
49.8887
20.0086
0.45544
-8.37291
-4.26765
-0.365764
4.53261
2.59163
0.0968604
-2.21666
-2.65241
-0.0660108
1.11044
2.07733
0.903384
-0.857221
-1.22253
-1.40727
0.104472
1.00104
1.00629
0.876942
-0.547514
-0.856392
-0.790226
-0.624887
0.686242
0.661101
100.002
99.9864
100.005
100.03
99.9899
99.9539
100.012
100.064
99.9903
99.918
100.001
100.1
100.015
99.8848
99.9594
100.125
100.075
99.8753
99.8829
100.109
100.163
99.926
99.7949
100.015
100.233
100.066
99.7663
99.8368
100.193
100.26
99.8989
99.6695
99.96
100.345
100.211
99.7272
99.627
100.103
100.466
100.148
99.5719
99.5855
100.222
100.594
100.132
99.4251
99.4777
100.277
100.784
100.231
99.3094
99.2096
100.203
101.031
100.585
99.3129
98.7169
99.8213
101.176
101.448
99.6252
98.2351
98.5555
100.966
102.76
101.136
98.3041
95.4226
99.3644
103.966
108.458
99.7816
80.0336
49.8709
20.0807
0.71935
-8.394
-4.32716
-0.554103
4.37696
2.76684
0.17689
-2.00728
-2.65662
-0.318277
1.06405
1.87996
1.04749
-0.585008
-1.22634
-1.20358
-0.156382
0.721334
1.0484
0.633612
-0.178376
-0.533538
-0.854856
-0.302161
0.214462
100.006
99.992
99.9846
100.021
100.026
99.9678
99.9605
100.041
100.056
99.9549
99.9251
100.044
100.097
99.9661
99.8799
100.014
100.141
100.018
99.8443
99.9374
100.157
100.117
99.8609
99.8238
100.094
100.229
99.9805
99.7395
99.9174
100.253
100.199
99.8101
99.6941
100.064
100.367
100.113
99.655
99.6927
100.212
100.456
100.029
99.5148
99.6763
100.334
100.569
99.9995
99.3684
99.5769
100.401
100.766
100.089
99.2327
99.2927
100.352
101.043
100.458
99.1846
98.7638
99.9748
101.258
101.367
99.4502
98.2125
98.6488
101.15
102.741
101.017
98.1547
95.4223
99.5496
104.043
108.503
99.5611
79.9596
49.8763
20.2012
0.914282
-8.51102
-4.35351
-0.75495
4.3903
2.94076
0.169262
-1.83191
-2.8632
-0.392613
1.11333
1.75679
1.33882
-0.68905
-1.28064
-1.09076
-0.441681
1.01041
1.05938
0.459751
0.0632506
-0.988615
-0.797478
0.0191894
100.004
100.004
99.9802
99.9939
100.035
100.01
99.9497
99.9824
100.064
100.03
99.9247
99.9524
100.082
100.071
99.9179
99.9002
100.072
100.131
99.9521
99.8388
100.008
100.183
100.048
99.812
99.8821
100.166
100.192
99.8903
99.7443
100.015
100.288
100.111
99.7347
99.7531
100.171
100.357
99.9958
99.6066
99.7904
100.315
100.41
99.8958
99.485
99.7978
100.438
100.508
99.8514
99.3373
99.7087
100.523
100.714
99.9239
99.1727
99.4128
100.515
101.026
100.296
99.053
98.8473
100.16
101.335
101.243
99.2458
98.2008
98.7944
101.36
102.709
100.838
97.9717
95.4556
99.7817
104.185
108.486
99.2917
79.822
49.9007
20.4547
1.11341
-8.58203
-4.54001
-1.04856
4.46786
3.12838
0.42858
-1.72103
-3.18734
-0.557044
0.882609
1.92469
1.76457
-0.645568
-1.13501
-1.52041
-0.843271
1.13839
1.00285
1.10013
0.392698
-1.32215
-0.807536
99.9986
100.012
99.9938
99.9738
100.012
100.041
99.9845
99.9429
100.015
100.074
99.9917
99.9087
99.9947
100.107
100.027
99.8819
99.942
100.121
100.097
99.8895
99.8598
100.082
100.182
99.9684
99.7869
99.9591
100.221
100.13
99.8088
99.7778
100.115
100.295
100.008
99.6801
99.8355
100.269
100.319
99.8741
99.5823
99.9046
100.404
100.342
99.7627
99.4768
99.9324
100.53
100.428
99.7013
99.3223
99.8519
100.642
100.647
99.7527
99.1172
99.5425
100.684
101.006
100.129
98.9084
98.9324
100.355
101.431
101.124
99.0185
98.1686
98.9288
101.604
102.714
100.655
97.7602
95.4154
100.033
104.376
108.534
99.0577
79.554
49.8917
20.6414
1.42186
-8.4861
-4.77476
-1.32333
4.26599
3.26659
0.83302
-1.54423
-3.14098
-0.914676
0.437067
1.94658
1.84221
-0.107065
-0.740783
-1.76428
-0.997253
0.444174
0.673615
1.56888
0.589454
-0.464497
99.9947
100.008
100.013
99.9786
99.9781
100.033
100.033
99.9576
99.9524
100.048
100.065
99.9513
99.9136
100.042
100.109
99.9746
99.8687
99.9973
100.148
100.043
99.8453
99.9055
100.143
100.152
99.893
99.7934
100.042
100.244
100.051
99.7525
99.8375
100.2
100.27
99.9076
99.6593
99.9308
100.338
100.255
99.7681
99.5913
100.02
100.461
100.255
99.6521
99.4987
100.061
100.589
100.335
99.5757
99.3351
99.9861
100.729
100.568
99.6083
99.0867
99.6661
100.82
100.973
99.9879
98.7905
99.0191
100.504
101.514
101.02
98.8387
98.1466
99.012
101.821
102.704
100.554
97.5818
95.3518
100.227
104.473
108.671
98.8781
79.373
49.8565
20.6315
1.7391
-8.44536
-4.78984
-1.43998
3.93133
3.38836
0.859778
-1.32148
-2.84535
-1.17795
0.425803
1.61585
1.58956
0.284678
-0.745642
-1.30402
-0.751658
-0.0938994
0.674757
0.946633
0.261758
99.996
99.9969
100.019
100.003
99.9669
99.9945
100.047
100.011
99.9392
99.9788
100.072
100.037
99.9194
99.942
100.083
100.085
99.924
99.8849
100.057
100.145
99.9774
99.8305
99.9721
100.18
100.092
99.834
99.8363
100.12
100.228
99.9623
99.7328
99.9231
100.258
100.206
99.8173
99.6827
100.037
100.367
100.159
99.6869
99.6458
100.135
100.47
100.141
99.5738
99.5675
100.186
100.598
100.214
99.4834
99.3996
100.121
100.765
100.448
99.4909
99.1134
99.8104
100.905
100.887
99.8486
98.7372
99.1536
100.624
101.532
100.868
98.7208
98.1864
99.1338
101.968
102.601
100.461
97.4447
95.4299
100.389
104.498
108.707
98.6347
79.3849
49.8661
20.7203
1.92367
-8.64642
-4.73673
-1.59776
3.94153
3.62932
0.678448
-1.14151
-3.0377
-1.30004
0.749261
1.40574
1.87872
0.197003
-1.20705
-1.0124
-1.05146
0.229468
1.30703
0.509555
100.001
99.9895
100.008
100.022
99.9852
99.9656
100.019
100.048
99.9793
99.9363
100.017
100.08
99.9929
99.9043
99.9895
100.109
100.037
99.8848
99.929
100.111
100.111
99.9092
99.8472
100.051
100.187
100.01
99.7972
99.9108
100.188
100.176
99.869
99.7491
100.029
100.289
100.109
99.7382
99.7465
100.152
100.36
100.034
99.6254
99.7419
100.255
100.44
99.9979
99.5158
99.6811
100.319
100.568
100.055
99.4035
99.5127
100.281
100.77
100.278
99.3656
99.1858
100.003
100.982
100.744
99.6635
98.7087
99.3517
100.789
101.51
100.642
98.5653
98.2672
99.3638
102.13
102.467
100.231
97.2754
95.5873
100.643
104.653
108.587
98.3007
79.2734
49.9098
21.1044
2.10912
-8.75148
-4.9744
-2.02629
4.09931
3.86052
1.02458
-0.887033
-3.54423
-1.52414
0.390633
1.43418
2.66099
0.309699
-0.898903
-1.33242
-2.0766
0.284237
1.07732
100.004
99.9909
99.9913
100.022
100.014
99.966
99.9776
100.045
100.034
99.9474
99.9513
100.057
100.068
99.9455
99.9102
100.044
100.113
99.9768
99.8657
99.9899
100.148
100.055
99.8521
99.8898
100.127
100.167
99.922
99.7858
100
100.236
100.1
99.7857
99.7922
100.137
100.294
99.9971
99.6768
99.8323
100.262
100.33
99.9014
99.5813
99.8556
100.37
100.391
99.8471
99.4693
99.8094
100.454
100.526
99.8853
99.3241
99.6359
100.45
100.779
100.096
99.2272
99.2514
100.213
101.083
100.605
99.4564
98.6401
99.5543
100.99
101.533
100.417
98.335
98.3096
99.5838
102.39
102.41
99.961
97.0422
95.5811
100.976
104.914
108.591
98.0368
78.872
49.8941
21.3584
2.4814
-8.47552
-5.30453
-2.39341
3.76276
3.82001
1.67053
-0.574336
-3.30538
-1.7502
-0.502732
1.27759
2.52477
0.783881
0.230606
-1.36041
-2.02727
-0.394809
100.004
100.001
99.9822
100.002
100.031
99.997
99.9547
100.001
100.059
100.006
99.9275
99.9815
100.084
100.037
99.9094
99.9379
100.09
100.093
99.9214
99.8743
100.053
100.157
99.9902
99.8226
99.9503
100.179
100.121
99.8494
99.8064
100.086
100.249
100.016
99.7341
99.8569
100.222
100.268
99.8949
99.6516
99.9258
100.34
100.276
99.7898
99.5721
99.9658
100.448
100.326
99.7246
99.4549
99.9282
100.549
100.472
99.7468
99.2785
99.7453
100.576
100.773
99.9479
99.1319
99.3015
100.379
101.15
100.508
99.3037
98.576
99.7058
101.117
101.596
100.251
98.1789
98.305
99.683
102.634
102.365
99.8808
96.8275
95.4882
101.19
104.999
108.823
97.8802
78.6297
49.8339
21.1881
2.86961
-8.31463
-5.25827
-2.33122
3.18561
3.78829
1.62009
-0.498221
-2.55184
-1.85607
-0.447107
1.04655
1.54858
1.0135
0.190549
-0.981198
-0.69438
100
100.009
99.9903
99.9818
100.018
100.029
99.9755
99.9591
100.028
100.055
99.9727
99.9289
100.021
100.088
99.993
99.8968
99.9847
100.114
100.047
99.8838
99.9146
100.105
100.128
99.9256
99.8323
100.023
100.194
100.05
99.8066
99.8653
100.155
100.216
99.9292
99.7296
99.9462
100.269
100.197
99.8102
99.6809
100.029
100.366
100.183
99.7095
99.6212
100.078
100.467
100.221
99.6392
99.5055
100.051
100.578
100.37
99.6408
99.3103
99.8738
100.641
100.693
99.8148
99.1206
99.4072
100.502
101.112
100.387
99.2111
98.6318
99.8546
101.15
101.556
100.074
98.1845
98.3651
99.807
102.691
102.2
99.8721
96.7114
95.656
101.268
104.936
108.877
97.619
78.8048
49.8488
21.1918
3.0354
-8.6967
-5.08361
-2.362
3.20308
4.22097
1.1614
-0.455063
-2.72675
-2.20311
0.358451
0.989366
1.79867
1.22116
-1.05268
-0.933165
99.9968
100.009
100.004
99.9794
99.9931
100.032
100.011
99.9575
99.9808
100.052
100.031
99.9419
99.9536
100.06
100.066
99.9444
99.9115
100.042
100.111
99.9824
99.8701
99.9808
100.139
100.067
99.8688
99.8793
100.1
100.172
99.9583
99.7942
99.9576
100.207
100.141
99.8399
99.768
100.059
100.284
100.086
99.7363
99.7592
100.15
100.351
100.047
99.6449
99.7245
100.21
100.442
100.066
99.5641
99.6164
100.208
100.569
100.202
99.5247
99.4029
100.063
100.69
100.535
99.6326
99.1464
99.6077
100.658
101.018
100.16
99.0933
98.7798
100.102
101.224
101.375
99.7996
98.1558
98.5602
100.113
102.702
101.963
99.585
96.6216
95.9964
101.512
105.098
108.569
97.2015
78.7725
49.9199
21.8071
3.1906
-8.91102
-5.37493
-3.05972
3.50295
4.60045
1.58986
0.139677
-3.53694
-2.65525
-0.114672
0.562049
3.14773
1.72037
-0.604624
99.9957
100.003
100.014
99.9913
99.9748
100.013
100.037
99.9848
99.9504
100.013
100.063
99.9932
99.9232
99.9941
100.089
100.026
99.9041
99.9478
100.096
100.085
99.9167
99.8804
100.056
100.151
99.99
99.8291
99.9478
100.168
100.125
99.8665
99.8063
100.061
100.24
100.046
99.76
99.8294
100.175
100.279
99.9605
99.6736
99.8567
100.272
100.321
99.8994
99.5864
99.8434
100.349
100.408
99.8964
99.4836
99.737
100.382
100.566
100.021
99.3841
99.4911
100.276
100.771
100.38
99.407
99.1379
99.8126
100.877
100.968
99.902
98.9063
98.8553
100.418
101.388
101.263
99.471
97.946
98.7416
100.434
102.957
101.81
99.1587
96.4039
96.0301
101.999
105.463
108.472
96.8991
78.1371
49.8977
22.2098
3.63417
-8.31874
-5.83234
-3.63686
3.03167
4.16418
2.5545
0.775553
-3.10186
-2.38501
-1.60802
-0.114046
2.77285
1.52077
99.9983
99.9935
100.013
100.012
99.9762
99.981
100.033
100.028
99.9594
99.9592
100.045
100.056
99.9557
99.9253
100.037
100.094
99.9787
99.8872
99.9954
100.126
100.041
99.871
99.9139
100.115
100.135
99.9204
99.8214
100.019
100.204
100.063
99.8027
99.8433
100.145
100.24
99.9579
99.7167
99.9004
100.257
100.248
99.8576
99.6469
99.9488
100.355
100.275
99.7845
99.5611
99.9456
100.445
100.366
99.7687
99.4352
99.8344
100.506
100.556
99.8908
99.2821
99.5571
100.42
100.839
100.276
99.2496
99.1174
99.9267
101.055
100.947
99.7732
98.7382
98.8583
100.616
101.499
101.325
99.224
97.807
98.7289
100.56
103.281
101.731
99.1048
96.0971
95.8523
102.281
105.542
108.894
96.7821
77.7504
49.805
21.753
4.11262
-7.912
-5.71994
-3.20934
2.15727
3.76558
2.4253
0.396105
-1.77208
-1.94325
-1.48295
0.27647
0.853756
100.002
99.991
99.9994
100.02
100
99.9685
99.9981
100.043
100.007
99.9466
99.9845
100.063
100.029
99.9313
99.9526
100.07
100.07
99.9376
99.9044
100.045
100.12
99.9859
99.8614
99.9702
100.144
100.084
99.8725
99.8581
100.084
100.191
99.9898
99.7863
99.9135
100.193
100.189
99.8829
99.7336
99.987
100.284
100.173
99.7885
99.6869
100.043
100.368
100.186
99.7164
99.6103
100.046
100.46
100.272
99.6913
99.4754
99.9434
100.541
100.472
99.7948
99.2911
99.6687
100.483
100.797
100.155
99.2219
99.1912
100.026
101.073
100.828
99.7251
98.7139
98.9975
100.654
101.46
101.269
99.1033
97.9636
98.7059
100.658
103.206
101.578
99.2695
95.9765
96.1052
102.169
105.348
109.043
96.5123
78.213
49.8236
21.5511
4.25956
-8.6393
-5.38478
-2.92135
2.17104
4.63567
1.60408
-0.0378145
-1.89859
-2.91687
-0.0443592
1.01124
100.004
99.9958
99.9899
100.011
100.017
99.9826
99.9742
100.022
100.036
99.9767
99.9525
100.021
100.06
99.986
99.9268
100.001
100.084
100.02
99.9094
99.9535
100.089
100.079
99.9258
99.8884
100.044
100.139
100.003
99.8477
99.9359
100.141
100.131
99.9035
99.8129
100.017
100.213
100.087
99.8124
99.8052
100.099
100.268
100.045
99.7343
99.7906
100.161
100.33
100.037
99.6631
99.733
100.183
100.423
100.102
99.6124
99.5978
100.117
100.539
100.288
99.6552
99.3757
99.884
100.566
100.641
99.9308
99.2054
99.3989
100.247
101.026
100.575
99.5269
98.7947
99.3151
100.807
101.374
100.895
98.9388
98.1234
99.027
100.966
102.924
101.279
98.9365
96.0894
96.6949
102.314
105.5
108.414
95.9947
78.3824
49.9285
22.5599
4.36928
-9.14135
-5.71329
-4.12497
2.65921
5.44995
2.06861
1.28299
-3.08841
-4.1169
-0.551969
100.003
100.002
99.9869
99.998
100.023
100.003
99.9667
99.9928
100.043
100.014
99.9489
99.9751
100.057
100.04
99.9412
99.9415
100.054
100.08
99.9587
99.8988
100.018
100.119
100.017
99.8738
99.9378
100.117
100.112
99.9136
99.8422
100.03
100.186
100.049
99.819
99.8608
100.13
100.217
99.9691
99.7466
99.8963
100.219
100.238
99.9008
99.6804
99.9119
100.293
100.285
99.8679
99.5984
99.87
100.345
100.394
99.9058
99.5022
99.7208
100.33
100.574
100.087
99.4614
99.4207
100.142
100.722
100.516
99.6459
99.081
99.6081
100.539
101.123
100.309
99.196
98.7561
99.5845
101.214
101.384
100.578
98.541
97.9868
99.478
101.351
103.139
100.938
98.2663
95.9868
96.7876
103.087
106
108.083
95.6395
77.3517
49.903
23.2957
4.88162
-8.00322
-6.31721
-5.20191
2.08464
4.23237
3.37835
2.75653
-2.51447
-2.65864
99.9995
100.008
99.9938
99.9825
100.012
100.027
99.9844
99.9614
100.017
100.051
99.9863
99.9361
100.006
100.077
100.008
99.9131
99.9708
100.092
100.057
99.9111
99.9111
100.073
100.122
99.9587
99.8504
99.9926
100.163
100.071
99.8492
99.86
100.106
100.2
99.9754
99.7691
99.915
100.21
100.201
99.8765
99.7135
99.9753
100.299
100.202
99.7951
99.653
100.006
100.383
100.246
99.7473
99.5564
99.9663
100.459
100.378
99.772
99.4208
99.79
100.48
100.613
99.9717
99.316
99.4146
100.304
100.844
100.502
99.4461
98.9674
99.6632
100.728
101.29
100.176
99.0387
98.5454
99.7012
101.473
101.5
100.633
98.1251
97.8637
99.4496
101.57
103.645
100.765
98.2274
95.4663
96.4646
103.562
106.087
108.854
95.5716
76.6324
49.773
22.3394
5.46596
-7.05553
-6.15248
-4.06817
0.892745
2.93589
3.20224
1.30961
-0.596485
99.9967
100.006
100.007
99.9848
99.988
100.023
100.018
99.9695
99.9729
100.035
100.038
99.9626
99.9479
100.035
100.068
99.9742
99.9163
100.009
100.097
100.016
99.895
99.951
100.102
100.088
99.917
99.873
100.045
100.157
100.014
99.8326
99.9133
100.145
100.161
99.9169
99.783
99.9824
100.228
100.14
99.8267
99.7503
100.046
100.3
100.13
99.7523
99.7018
100.079
100.377
100.169
99.7027
99.6064
100.043
100.462
100.301
99.7176
99.4581
99.8687
100.506
100.543
99.9119
99.3166
99.4987
100.343
100.808
100.441
99.4029
99.0556
99.678
100.767
101.198
100.14
99.104
98.5282
99.8288
101.296
101.532
100.622
98.1391
98.1039
99.1695
101.664
103.431
100.782
98.6703
95.229
96.7767
103.08
105.729
109.287
95.3066
77.5932
49.7905
21.6436
5.60604
-8.43569
-5.63489
-2.95859
0.865553
4.76918
1.9913
-0.615113
99.9974
100
100.01
99.9972
99.9822
100.004
100.026
99.9966
99.966
100
100.042
100.006
99.9505
99.984
100.055
100.03
99.9441
99.9521
100.051
100.068
99.9618
99.9125
100.015
100.102
100.018
99.8933
99.9404
100.095
100.103
99.9388
99.8603
100.005
100.155
100.067
99.8629
99.8577
100.077
100.196
100.023
99.7991
99.8599
100.137
100.235
99.9955
99.7404
99.8372
100.176
100.296
100.012
99.6837
99.7603
100.17
100.39
100.112
99.6568
99.61
100.054
100.485
100.333
99.7616
99.4159
99.75
100.433
100.647
100.162
99.3724
99.284
99.9429
100.787
100.862
99.923
99.079
98.9214
100.115
101.191
101.248
100.125
98.3566
98.43
99.5902
101.79
102.694
100.565
98.3349
95.7524
97.6699
102.922
105.838
108.113
94.682
78.256
49.9313
23.3478
5.66247
-9.70761
-5.96236
-5.16999
1.54955
6.96404
2.40621
99.9985
99.9961
100.01
100.007
99.9829
99.9891
100.024
100.017
99.9702
99.9754
100.034
100.035
99.9656
99.9525
100.031
100.062
99.9784
99.9246
100.005
100.087
100.019
99.9086
99.9507
100.086
100.084
99.9352
99.8834
100.027
100.139
100.028
99.8595
99.9074
100.112
100.154
99.9525
99.8082
99.9535
100.185
100.151
99.8824
99.7682
99.9925
100.248
100.161
99.8301
99.7153
99.9975
100.31
100.215
99.8136
99.6297
99.9348
100.355
100.342
99.8787
99.5221
99.7597
100.312
100.545
100.1
99.5011
99.446
100.039
100.691
100.53
99.8204
99.1438
99.4396
100.379
100.959
100.697
99.4184
98.8583
99.2041
100.553
101.606
100.864
99.6169
97.9705
98.5077
100.488
102.077
102.812
99.848
97.3443
95.9948
97.8582
104.205
106.486
107.24
94.2558
76.5306
49.9083
24.9043
6.22857
-7.53291
-6.70591
-7.68472
0.931364
4.00447
100.002
99.992
100.001
100.018
99.997
99.9726
100.003
100.037
99.9999
99.9525
99.9937
100.057
100.017
99.9359
99.9676
100.067
100.052
99.9356
99.924
100.052
100.1
99.9713
99.8791
99.9924
100.132
100.055
99.8749
99.8911
100.094
100.159
99.9641
99.8099
99.9527
100.186
100.142
99.8674
99.7768
100.027
100.259
100.114
99.7829
99.7481
100.086
100.328
100.113
99.7144
99.6887
100.103
100.412
100.175
99.6782
99.5682
100.036
100.494
100.351
99.7305
99.3977
99.8102
100.484
100.656
99.9852
99.321
99.3521
100.198
100.904
100.57
99.6733
98.8478
99.4627
100.531
101.268
100.764
99.103
98.6672
98.9494
100.949
101.931
100.976
99.5796
97.2087
98.5
100.471
102.561
103.616
99.3782
97.2864
95.0318
97.3498
105.183
106.605
108.659
94.2335
74.9861
49.7414
22.9791
6.92318
-5.10205
-6.51922
-4.92876
-0.547179
100.003
99.9968
99.9903
100.009
100.017
99.9862
99.9752
100.017
100.034
99.9826
99.9553
100.014
100.056
99.9931
99.9333
99.9939
100.075
100.025
99.9208
99.9502
100.075
100.078
99.9408
99.8936
100.029
100.128
100.015
99.8642
99.9292
100.12
100.129
99.9252
99.8241
99.9991
100.192
100.097
99.8397
99.8092
100.072
100.248
100.064
99.766
99.7896
100.126
100.31
100.061
99.7027
99.7316
100.141
100.392
100.127
99.6641
99.6076
100.074
100.48
100.311
99.7081
99.4356
99.8339
100.489
100.612
99.9727
99.3523
99.3601
100.225
100.82
100.609
99.6669
98.9077
99.4767
100.388
101.341
100.66
99.3374
98.6616
98.8315
100.961
101.579
101.377
99.5884
97.3802
98.5959
99.7228
102.826
103.307
99.8553
98.0916
94.3679
97.6736
104.006
106.071
109.87
93.9877
76.9104
49.7508
20.8582
7.07938
-8.01159
-5.82297
-0.66744
100.002
100.002
99.9924
99.9976
100.014
100.004
99.9806
99.9931
100.025
100.012
99.9711
99.9815
100.032
100.028
99.9686
99.9613
100.027
100.051
99.982
99.9378
100.003
100.07
100.019
99.9279
99.954
100.063
100.074
99.9587
99.9015
100.005
100.11
100.044
99.8993
99.9047
100.064
100.136
100
99.8513
99.9189
100.117
100.156
99.9635
99.8082
99.9217
100.16
100.189
99.9497
99.7599
99.8893
100.185
100.253
99.9841
99.7095
99.797
100.16
100.349
100.108
99.7007
99.638
100.011
100.422
100.345
99.8555
99.4813
99.672
100.292
100.598
100.32
99.5765
99.28
99.7129
100.482
100.934
100.274
99.4541
98.8922
99.4883
100.766
101.194
100.94
99.2373
98.3045
98.8582
100.157
102.429
101.992
100.086
97.8297
95.6656
98.8853
103.02
106.097
107.672
93.2643
79.0018
49.9235
24.1287
7.08658
-12.3577
-6.09856
100.001
100.004
99.9935
99.9929
100.012
100.011
99.9836
99.9836
100.02
100.023
99.9786
99.9686
100.02
100.041
99.9841
99.9494
100.007
100.059
100.007
99.9349
99.9733
100.065
100.05
99.9441
99.9253
100.035
100.096
99.9978
99.8939
99.9587
100.099
100.089
99.9322
99.8708
100.012
100.147
100.063
99.8726
99.8622
100.062
100.186
100.041
99.8215
99.8457
100.098
100.231
100.046
99.7777
99.7979
100.1
100.293
100.105
99.7562
99.7021
100.032
100.358
100.246
99.8172
99.57
99.838
100.339
100.46
100.068
99.5121
99.5202
100.047
100.598
100.546
99.8085
99.3137
99.3651
100.26
100.888
100.653
99.843
98.8155
99.2063
100.123
101.229
101.385
99.8271
98.8011
98.0597
99.4513
101.65
102.202
101.933
98.6383
96.4964
96.8157
99.2157
105.296
106.875
105.301
92.7514
75.7143
49.9096
28.8154
7.68435
-6.94485
99.9981
100.007
100.001
99.9842
99.9991
100.025
100.003
99.9668
99.9934
100.041
100.014
99.9518
99.9756
100.053
100.039
99.9472
99.9434
100.047
100.076
99.9678
99.9052
100.008
100.108
100.027
99.8888
99.9309
100.097
100.114
99.9379
99.8493
100.004
100.167
100.072
99.8507
99.8489
100.088
100.211
100.015
99.778
99.8601
100.163
100.248
99.9713
99.7112
99.8499
100.219
100.308
99.9686
99.6406
99.7837
100.235
100.413
100.046
99.5875
99.6256
100.158
100.543
100.259
99.6438
99.3766
99.8979
100.55
100.642
99.9669
99.2249
99.4003
100.133
100.991
100.629
99.6724
98.9445
99.1129
100.616
101.128
101.088
99.5037
98.2943
99.0397
99.9552
102.221
101.584
99.873
98.4072
96.7504
99.9214
101.702
103.312
103.107
97.3205
96.3719
94.9143
98.5244
107.738
107.051
108.232
92.7567
71.0305
49.7131
23.7386
8.48412
99.9971
100.001
100.01
99.9952
99.9823
100.007
100.026
99.9923
99.9654
100.006
100.044
99.9996
99.9477
99.991
100.059
100.023
99.9368
99.9586
100.061
100.063
99.9491
99.9139
100.03
100.106
100.003
99.8838
99.9538
100.111
100.095
99.9176
99.8604
100.029
100.166
100.047
99.8404
99.8693
100.107
100.2
99.9909
99.7765
99.8823
100.175
100.234
99.9525
99.7142
99.8683
100.225
100.297
99.9566
99.6464
99.7928
100.236
100.405
100.045
99.5997
99.6209
100.151
100.521
100.287
99.6602
99.3853
99.8613
100.496
100.694
99.9819
99.3291
99.2956
100.074
100.949
100.647
99.9341
98.8222
99.1767
100.289
101.09
101.371
99.4894
98.7838
98.4789
99.7962
102.092
101.383
101.016
98.1173
97.0222
99.3988
100.328
104.309
102.785
98.8295
97.5631
92.8458
98.8064
104.973
106.356
112.538
92.5362
76.096
49.7079
8.68937
99.9994
99.9975
100.005
100.005
99.9914
99.9925
100.012
100.011
99.9854
99.9842
100.016
100.022
99.9844
99.9717
100.013
100.036
99.9935
99.9578
99.9966
100.047
100.017
99.9526
99.9661
100.042
100.052
99.9723
99.9323
100.005
100.076
100.027
99.9273
99.9387
100.052
100.092
99.9876
99.8936
99.9588
100.095
100.096
99.9502
99.8661
99.976
100.132
100.107
99.9234
99.8334
99.9737
100.165
100.142
99.9192
99.7875
99.9309
100.184
100.212
99.9673
99.7365
99.8273
100.148
100.307
100.114
99.735
99.6762
99.9623
100.361
100.353
99.9253
99.588
99.5836
100.189
100.492
100.426
99.8308
99.2796
99.6454
100.069
100.891
100.561
99.757
99.2915
98.8882
100.321
100.847
101.109
100.572
98.4769
98.8857
98.919
100.641
102.746
100.876
100.567
97.461
95.8475
100.298
100.806
106.266
107.126
91.731
91.1218
49.9006
)
;

boundaryField
{
    left
    {
        type            fixedValue;
        value           uniform 100;
    }
    right
    {
        type            zeroGradient;
    }
    up
    {
        type            zeroGradient;
    }
    down
    {
        type            fixedValue;
        value           uniform 0;
    }
    frontAndBack
    {
        type            empty;
    }
}


// ************************************************************************* //
