/*--------------------------------*- C++ -*----------------------------------*\
  =========                 |
  \\      /  F ield         | OpenFOAM: The Open Source CFD Toolbox
   \\    /   O peration     | Website:  https://openfoam.org
    \\  /    A nd           | Version:  8
     \\/     M anipulation  |
\*---------------------------------------------------------------------------*/
FoamFile
{
    version     2.0;
    format      ascii;
    class       volScalarField;
    location    "0.408";
    object      T;
}
// * * * * * * * * * * * * * * * * * * * * * * * * * * * * * * * * * * * * * //

dimensions      [0 0 0 1 0 0 0];

internalField   nonuniform List<scalar> 
10000
(
50
4.65276
-4.6524
-1.18358
1.18192
0.457094
-0.45224
-0.2297
0.218928
0.141781
-0.12176
-0.10369
0.0710161
0.0856311
-0.0377443
-0.074905
0.0113984
0.0646971
0.0111916
-0.050972
-0.0293117
0.0320516
0.0400846
-0.00911681
-0.0402544
-0.0134623
0.028509
0.0290053
-0.00778235
-0.0312846
-0.0139662
0.0186775
0.026218
0.002623
-0.0218575
-0.019841
0.00359429
0.0211217
0.0151238
-0.00568647
-0.0189673
-0.0126953
0.00494458
0.0163643
0.0120597
-0.00228971
-0.0132408
-0.0121889
-0.00155456
0.00909572
0.0117275
0.00556786
-0.00372532
-0.00931639
-0.00809708
-0.0019633
0.00447404
0.00734494
0.00566651
0.00122989
-0.00307592
-0.0050978
-0.00434736
-0.001799
0.000987761
0.00276431
0.00306327
0.00216265
0.000734111
-0.000557005
-0.0013094
-0.00144586
-0.00112581
-0.000602258
-0.000100016
0.000247764
0.000405798
0.000407636
0.000316615
0.000194374
8.38887e-05
5.83463e-06
-3.68028e-05
-5.11959e-05
-4.79053e-05
-3.64955e-05
-2.36121e-05
-1.28163e-05
-5.31546e-06
-9.19028e-07
1.16212e-06
1.79709e-06
1.68748e-06
1.29464e-06
8.74131e-07
5.33229e-07
2.97609e-07
1.51615e-07
7.29954e-08
2.53322e-08
95.3473
49.9999
10.4885
-4.65123
-2.82221
1.17786
1.1386
-0.442607
-0.590061
0.200408
0.367177
-0.0908979
-0.260816
0.0250747
0.199513
0.0240193
-0.153086
-0.0634371
0.107263
0.0916454
-0.0566736
-0.103192
0.00332825
0.0926276
0.0440965
-0.0590041
-0.0728454
0.00995282
0.0719077
0.0374314
-0.0400467
-0.061944
-0.00839169
0.0501036
0.0464048
-0.00860495
-0.0493621
-0.0339706
0.0153553
0.0446425
0.027035
-0.015065
-0.0390261
-0.0248999
0.0100806
0.0328184
0.0255316
-0.00191996
-0.0248808
-0.0260983
-0.00767919
0.0141029
0.0233456
0.0156472
-0.00122107
-0.0149927
-0.017722
-0.00974344
0.00242149
0.0112953
0.0128529
0.00782259
7.16478e-05
-0.00617775
-0.00849126
-0.00684672
-0.00292995
0.00111981
0.00374973
0.00443057
0.00351965
0.00181917
0.000124996
-0.0010518
-0.00155199
-0.00148433
-0.00108389
-0.000587081
-0.000159455
0.000122628
0.000254683
0.000272968
0.000225779
0.00015484
8.75035e-05
3.67667e-05
5.16851e-06
-1.04988e-05
-1.541e-05
-1.44059e-05
-1.10138e-05
-7.32554e-06
-4.31283e-06
-2.22688e-06
-9.67635e-07
-3.02293e-07
-6.33089e-09
8.22666e-08
9.81945e-08
5.04954e-08
104.653
89.5115
49.9996
12.127
-4.64882
-3.50364
1.17057
1.49922
-0.427067
-0.816441
0.172939
0.526409
-0.0483176
-0.378235
-0.0340791
0.282692
0.0979295
-0.201622
-0.145565
0.118734
0.170251
-0.0317386
-0.162938
-0.0499511
0.119065
0.108354
-0.0454636
-0.124294
-0.0359281
0.0891839
0.092464
-0.0164431
-0.0959339
-0.0568439
0.0433762
0.0863945
0.0315632
-0.0519456
-0.0739658
-0.0189234
0.0498305
0.0640786
0.0166491
-0.0415117
-0.0569331
-0.0213747
0.0285878
0.0498707
0.0291867
-0.0117033
-0.039151
-0.0350319
-0.00693408
0.0222551
0.0330739
0.0216366
-0.00123
-0.019949
-0.0245997
-0.0153189
0.000226171
0.0128658
0.0170884
0.0128248
0.00397178
-0.00456401
-0.00937509
-0.00957506
-0.00637461
-0.00190902
0.0019063
0.00402236
0.00433022
0.00335453
0.00183512
0.0003987
-0.000597234
-0.00106572
-0.00110318
-0.000882158
-0.000568244
-0.000276767
-6.43787e-05
5.84985e-05
0.000108168
0.000110335
8.88889e-05
6.08714e-05
3.58566e-05
1.75844e-05
6.21735e-06
2.62397e-07
-2.13775e-06
-2.57872e-06
-2.1405e-06
-1.48261e-06
-8.75825e-07
-4.53946e-07
-1.86695e-07
-2.41949e-08
101.183
104.652
87.873
49.9993
12.8085
-4.64473
-3.86472
1.15926
1.72699
-0.404588
-0.978599
0.135527
0.64882
0.00646607
-0.468672
-0.105765
0.340281
0.181442
-0.222493
-0.230178
0.101066
0.240359
0.0193858
-0.201781
-0.119344
0.115568
0.17179
-0.00215543
-0.156029
-0.0986953
0.074975
0.141779
0.0343956
-0.10317
-0.111064
0.00529062
0.105463
0.0844758
-0.0224051
-0.0968443
-0.0685464
0.0233352
0.084586
0.0623884
-0.0133327
-0.0699066
-0.061688
-0.00377058
0.0508847
0.0602116
0.023488
-0.0258488
-0.0510421
-0.0385595
-0.00261936
0.030001
0.0397978
0.0249987
-0.00143143
-0.0227635
-0.0287615
-0.0195668
-0.00292745
0.0117324
0.0183398
0.0160484
0.00807251
-0.000950295
-0.00735165
-0.00960072
-0.00818435
-0.0047252
-0.000985209
0.001807
0.00317441
0.00325783
0.00252457
0.00148928
0.000538181
-0.000129596
-0.000476841
-0.000565764
-0.000495147
-0.000356662
-0.000214215
-0.000101118
-2.69763e-05
1.26002e-05
2.76302e-05
2.83468e-05
2.26187e-05
1.53809e-05
9.09644e-06
4.59919e-06
1.80594e-06
3.33677e-07
-3.39601e-07
-4.81731e-07
-5.10111e-07
-3.10873e-07
98.8178
102.822
104.65
87.1915
49.9988
13.1699
-4.63856
-4.09377
1.14318
1.89215
-0.374239
-1.10652
0.0873998
0.747821
0.0735305
-0.53772
-0.188688
0.374185
0.271294
-0.216666
-0.311958
0.0566798
0.295551
0.0909328
-0.214531
-0.195234
0.0814642
0.22293
0.0644334
-0.159489
-0.165208
0.029359
0.171087
0.101256
-0.077287
-0.153742
-0.056076
0.0923983
0.131416
0.0335419
-0.0885314
-0.113725
-0.0294774
0.0736989
0.100976
0.0378488
-0.0507429
-0.0884211
-0.0516982
0.020795
0.0694131
0.062069
0.0122491
-0.0394723
-0.0586187
-0.0383255
0.00220734
0.0353749
0.0436036
0.027143
-0.000415463
-0.0228197
-0.0303021
-0.02274
-0.00704069
0.00809775
0.0166327
0.0169902
0.0113149
0.00339237
-0.00337965
-0.00713862
-0.00768917
-0.00596041
-0.0032644
-0.000713571
0.00105669
0.00189096
0.00195958
0.00156844
0.00101149
0.000493755
0.000116146
-0.000102542
-0.000191084
-0.00019507
-0.000156949
-0.000107058
-6.24719e-05
-2.98962e-05
-9.64647e-06
9.10537e-07
5.09701e-06
5.74195e-06
4.81852e-06
3.46602e-06
2.25315e-06
1.32305e-06
7.71256e-07
3.15252e-07
99.5431
98.8211
103.504
104.647
86.8299
49.9983
13.3998
-4.62991
-4.26136
1.1216
2.02521
-0.335196
-1.21429
0.0280204
0.82962
0.152537
-0.587535
-0.280967
0.384883
0.363626
-0.185062
-0.38536
-0.0110679
0.330113
0.175842
-0.198097
-0.267448
0.0194134
0.251822
0.144538
-0.130411
-0.221473
-0.041684
0.169783
0.168967
-0.0196035
-0.169699
-0.125742
0.0448119
0.154256
0.100858
-0.0449301
-0.134587
-0.0921954
0.0283111
0.112137
0.0927237
-0.000630253
-0.0833644
-0.0925851
-0.0315913
0.0449765
0.0806731
0.0573515
-0.000224559
-0.0497077
-0.0620365
-0.0364708
0.00544119
0.0375765
0.0449343
0.028922
0.00236072
-0.0200109
-0.0292016
-0.0245182
-0.0114228
0.00271968
0.0123272
0.0152771
0.0125741
0.00688942
0.000993678
-0.00325654
-0.00520749
-0.00515802
-0.00388433
-0.00220309
-0.000707215
0.000312662
0.000818604
0.000922212
0.000785211
0.000552569
0.000322531
0.000144269
3.00172e-05
-2.91101e-05
-4.99507e-05
-4.89921e-05
-3.86177e-05
-2.64043e-05
-1.60462e-05
-8.66411e-06
-4.07304e-06
-1.54773e-06
-3.50913e-07
8.59082e-08
2.13716e-07
1.17261e-07
100.453
98.8614
98.8276
103.865
104.642
86.6
49.9976
13.5688
-4.61839
-4.39841
1.09385
2.14083
-0.286751
-1.30877
-0.0429031
0.896863
0.242732
-0.618565
-0.380182
0.372369
0.454138
-0.129077
-0.444931
-0.0977019
0.339478
0.266022
-0.151841
-0.326035
-0.0647308
0.251094
0.226204
-0.0694418
-0.254651
-0.127155
0.132845
0.221221
0.0610168
-0.149317
-0.185251
-0.0300047
0.140474
0.159288
0.0264107
-0.117799
-0.142658
-0.0411848
0.0845772
0.127745
0.0646462
-0.0412392
-0.104116
-0.0842467
-0.00795496
0.0639495
0.0846593
0.0493735
-0.0106692
-0.0555074
-0.0623516
-0.0347027
0.00600486
0.0364621
0.0440928
0.0304821
0.00668448
-0.0146475
-0.0254305
-0.0242643
-0.0149113
-0.00309625
0.00638604
0.0111568
0.0112594
0.00825604
0.00412167
0.000431277
-0.00198598
-0.00300005
-0.00292631
-0.0022413
-0.00137507
-0.000611738
-7.89512e-05
0.000212602
0.000315765
0.000302127
0.000234535
0.000155909
8.90871e-05
4.19291e-05
1.35387e-05
-7.30076e-07
-6.03561e-06
-6.60517e-06
-5.17724e-06
-3.39234e-06
-1.83146e-06
-8.33641e-07
-1.95836e-07
1.03064e-07
100.229
100.444
98.5004
98.8378
104.094
104.634
86.4308
49.9969
13.7081
-4.60362
-4.51999
1.0593
2.24648
-0.228314
-1.39321
-0.125411
0.950331
0.342954
-0.630448
-0.483439
0.336681
0.538267
-0.0508826
-0.485625
-0.197637
0.320608
0.352779
-0.0777615
-0.362102
-0.162379
0.216811
0.296666
0.0178358
-0.254974
-0.21267
0.061876
0.243645
0.149724
-0.0908892
-0.216927
-0.116493
0.0868546
0.188974
0.107952
-0.0613508
-0.16029
-0.113784
0.0210181
0.12444
0.120351
0.0268594
-0.0748924
-0.111753
-0.0684746
0.0136441
0.075858
0.0832937
0.0412255
-0.0172588
-0.0569378
-0.0606308
-0.0339164
0.00367771
0.0322112
0.0410918
0.0313416
0.0117024
-0.00751508
-0.0192433
-0.021459
-0.0162808
-0.00773917
0.000372831
0.00574857
0.00779424
0.0071612
0.00504148
0.00257589
0.000530378
-0.000768448
-0.00133376
-0.00136185
-0.00109415
-0.000731379
-0.000400488
-0.000158204
-1.18352e-05
5.73238e-05
7.58572e-05
6.76098e-05
4.94271e-05
3.10073e-05
1.6565e-05
7.01015e-06
1.54035e-06
-9.92564e-07
-1.91362e-06
-1.78366e-06
-1.60255e-06
-9.1812e-07
99.7804
100.59
100.429
98.272
98.8527
104.263
104.624
86.2913
49.996
13.833
-4.58524
-4.63404
1.01737
2.34605
-0.159416
-1.46897
-0.219288
0.989795
0.451653
-0.622522
-0.587454
0.278229
0.61138
0.0464424
-0.503117
-0.30433
0.272295
0.427358
0.01954
-0.368633
-0.262948
0.149025
0.343874
0.121479
-0.217299
-0.282651
-0.0348925
0.226625
0.228427
-0.00142417
-0.208099
-0.194247
0.000971049
0.176172
0.176776
0.023931
-0.133237
-0.164556
-0.0616435
0.0772355
0.142383
0.0968581
-0.0107165
-0.097288
-0.109011
-0.0507063
0.0298469
0.0809877
0.0789452
0.0349908
-0.0193828
-0.0545068
-0.0574828
-0.0341526
-0.00108088
0.0252401
0.0357884
0.0306465
0.0160988
7.64059e-05
-0.0114875
-0.0162025
-0.0148303
-0.00986114
-0.00401361
0.000751992
0.00355988
0.00444826
0.00397485
0.00282977
0.00157948
0.00056394
-9.20298e-05
-0.000410964
-0.000486063
-0.0004226
-0.00030529
-0.000187723
-9.53962e-05
-3.44261e-05
-5.07006e-07
1.43306e-05
1.78406e-05
1.58194e-05
1.19593e-05
8.11526e-06
5.12724e-06
2.97365e-06
1.76663e-06
7.68211e-07
99.8583
99.798
100.817
100.408
98.1061
98.8729
104.4
104.611
86.1661
49.9951
13.9517
-4.56289
-4.74495
0.9675
2.44151
-0.0797174
-1.53629
-0.324063
1.0145
0.566915
-0.594135
-0.688642
0.197987
0.668979
0.158884
-0.494088
-0.410546
0.195351
0.481547
0.133098
-0.341185
-0.35484
0.0519349
0.358013
0.228331
-0.142093
-0.322771
-0.143675
0.167389
0.279265
0.104311
-0.154396
-0.242739
-0.100012
0.1176
0.210984
0.116723
-0.063083
-0.173076
-0.137311
-0.0031768
0.117212
0.140827
0.0663915
-0.0413745
-0.108293
-0.100176
-0.0350901
0.0393909
0.0806246
0.0734823
0.0315791
-0.0172618
-0.0487657
-0.05296
-0.0347332
-0.00724478
0.0163056
0.0282141
0.0275971
0.0184504
0.00645876
-0.0036734
-0.00951908
-0.0108975
-0.0090637
-0.00573582
-0.0023717
0.00016245
0.00159278
0.0020559
0.00187607
0.00139038
0.000852693
0.000407235
0.000105339
-6.10322e-05
-0.000127003
-0.000132122
-0.000108458
-7.70089e-05
-4.87732e-05
-2.78296e-05
-1.42167e-05
-6.41513e-06
-2.40927e-06
-7.1519e-07
-1.08622e-07
-2.01778e-08
-1.03725e-07
100.123
99.6321
99.8244
100.981
100.379
97.972
98.8992
104.523
104.595
86.047
49.994
14.0689
-4.53622
-4.85522
0.909197
2.5337
0.0109923
-1.59477
-0.439011
1.02344
0.686495
-0.544844
-0.78323
0.0976133
0.70691
0.281552
-0.456473
-0.508701
0.0926762
0.508288
0.25403
-0.278422
-0.426561
-0.0663782
0.332824
0.323628
-0.0356878
-0.322323
-0.247168
0.0709912
0.288203
0.206396
-0.0613824
-0.246334
-0.193019
0.0222266
0.196194
0.190876
0.0344558
-0.130873
-0.179312
-0.0924046
0.0482889
0.138365
0.126391
0.0367744
-0.06217
-0.110187
-0.0892432
-0.0239756
0.0424319
0.0761557
0.0678723
0.0308632
-0.0116633
-0.0402288
-0.0467392
-0.0345218
-0.0133382
0.00664564
0.0189554
0.0219705
0.0177866
0.0101182
0.00242364
-0.00313636
-0.00587413
-0.00618723
-0.00498407
-0.00319778
-0.00150829
-0.000266353
0.000450625
0.000730684
0.000724776
0.000577164
0.000392395
0.000229622
0.00011177
3.92032e-05
1.86946e-06
-1.26209e-05
-1.46621e-05
-1.14907e-05
-7.06032e-06
-3.45282e-06
-8.76282e-07
3.03235e-07
1.05176e-06
9.29957e-07
100.104
100.093
99.4717
99.8609
101.11
100.341
97.8551
98.9322
104.638
104.574
85.9294
49.9929
14.1873
-4.50488
-4.96626
0.842001
2.62283
0.11279
-1.64362
-0.563155
1.01555
0.807859
-0.474559
-0.867371
-0.0205019
0.72156
0.408811
-0.389653
-0.591263
-0.0308081
0.502252
0.37216
-0.182402
-0.467898
-0.194639
0.266588
0.39289
0.0902773
-0.276167
-0.327268
-0.0500596
0.248107
0.283575
0.0558939
-0.198463
-0.254469
-0.0900986
0.130349
0.222939
0.133302
-0.04539
-0.169849
-0.160251
-0.0437814
0.0856876
0.143513
0.106358
0.013009
-0.0730121
-0.105942
-0.0789665
-0.0180962
0.0398534
0.0686007
0.0621797
0.0319121
-0.0037843
-0.0295403
-0.0385012
-0.0323271
-0.0176952
-0.00205706
0.00934603
0.0145164
0.0141586
0.0104015
0.00555071
0.00130115
-0.00151909
-0.00281991
-0.00295071
-0.00240516
-0.00162017
-0.000885935
-0.000340498
-8.91281e-06
0.000146551
0.000185001
0.000161297
0.000115017
6.91633e-05
3.38249e-05
1.09092e-05
-1.5382e-06
-6.8791e-06
-7.8864e-06
-7.10253e-06
-5.2546e-06
-4.06822e-06
-2.16179e-06
99.928
100.262
100.051
99.3477
99.9081
101.219
100.294
97.7478
98.9725
104.75
104.55
85.8104
49.9916
14.3088
-4.46854
-5.07883
0.7655
2.70866
0.22562
-1.68185
-0.695282
0.989818
0.928232
-0.383627
-0.937266
-0.153225
0.710056
0.534466
-0.294584
-0.651193
-0.16836
0.460332
0.476787
-0.0585788
-0.471033
-0.319445
0.162628
0.423875
0.220174
-0.185936
-0.368086
-0.1775
0.160679
0.31759
0.175471
-0.103953
-0.266184
-0.19301
0.0253803
0.199427
0.204346
0.0610933
-0.107031
-0.181365
-0.127772
-0.00144725
0.107593
0.137843
0.0865135
-0.00271394
-0.075338
-0.0980728
-0.070622
-0.0169897
0.0328353
0.0585562
0.0558243
0.0332625
0.00478302
-0.0177385
-0.028403
-0.0274442
-0.018964
-0.00807656
0.00121213
0.00689557
0.00881353
0.00794883
0.00565289
0.00309116
0.000991595
-0.000361882
-0.00100274
-0.00112392
-0.000950989
-0.000668394
-0.000393561
-0.000181916
-4.54759e-05
2.71161e-05
5.53803e-05
5.78868e-05
4.85481e-05
3.5881e-05
2.43566e-05
1.54081e-05
9.36752e-06
5.33552e-06
3.23808e-06
1.50351e-06
99.914
99.9733
100.381
99.9966
99.2468
99.9669
101.316
100.236
97.6463
99.0208
104.862
104.521
85.6884
49.9903
14.4343
-4.42688
-5.19329
0.679327
2.79068
0.349286
-1.70832
-0.833943
0.945384
1.04465
-0.272903
-0.989295
-0.296718
0.670425
0.652
-0.17385
-0.682377
-0.311754
0.382002
0.557539
0.0844813
-0.431498
-0.426621
0.0292497
0.40837
0.336347
-0.060297
-0.358784
-0.290152
0.0368534
0.29721
0.272734
0.0211338
-0.220391
-0.260038
-0.0949207
0.121674
0.224296
0.157553
-0.00685222
-0.14489
-0.172977
-0.0925995
0.0295004
0.116102
0.126515
0.0703532
-0.0102714
-0.0710259
-0.0881394
-0.0641914
-0.019384
0.0227245
0.0464402
0.0480151
0.0332823
0.0121832
-0.00638385
-0.0174226
-0.020167
-0.0167502
-0.010382
-0.00389649
0.000972843
0.00365504
0.00441094
0.0038938
0.00279125
0.00162262
0.000679893
6.06953e-05
-0.000261469
-0.000368598
-0.000349691
-0.000275519
-0.000191286
-0.000119766
-6.8195e-05
-3.54319e-05
-1.67601e-05
-7.42202e-06
-3.18016e-06
-1.78637e-06
-1.18341e-06
-1.25596e-06
-9.94959e-07
100.039
99.7983
100.032
100.474
99.9297
99.1628
100.037
101.403
100.168
97.5486
99.0774
104.974
104.487
85.5621
49.9888
14.5647
-4.37955
-5.30974
0.583163
2.86821
0.483457
-1.72187
-0.977476
0.881604
1.15402
-0.143785
-1.02014
-0.44651
0.601748
0.754847
-0.0316321
-0.680045
-0.451732
0.269526
0.605255
0.235684
-0.34885
-0.502743
-0.120905
0.343577
0.42149
0.0858394
-0.295793
-0.367475
-0.104539
0.221111
0.325569
0.152286
-0.12252
-0.271539
-0.200515
0.00667228
0.183368
0.213666
0.100922
-0.0594994
-0.160944
-0.153804
-0.0620555
0.0479299
0.114657
0.113332
0.0592059
-0.0107767
-0.0617989
-0.0767622
-0.0587335
-0.0234796
0.0111026
0.0328826
0.0382826
0.0306731
0.0166838
0.00268728
-0.00726757
-0.011889
-0.0119595
-0.0092484
-0.00556679
-0.0022199
0.000143042
0.00141452
0.00180885
0.00165392
0.00125127
0.000811932
0.000448767
0.000198718
5.33909e-05
-1.48248e-05
-3.56733e-05
-3.28511e-05
-2.16327e-05
-1.03367e-05
-1.95239e-06
2.64284e-06
4.87685e-06
4.7047e-06
4.61032e-06
2.88255e-06
100.076
99.977
99.7131
100.104
100.545
99.8504
99.093
100.12
101.481
100.089
97.4539
99.143
105.089
104.448
85.4309
49.9873
14.7005
-4.32625
-5.42809
0.476737
2.94041
0.627665
-1.72132
-1.12402
0.798108
1.2532
0.00176989
-1.02692
-0.597603
0.504259
0.836683
0.126402
-0.641141
-0.578556
0.127967
0.612829
0.382253
-0.22701
-0.536684
-0.272063
0.232894
0.461139
0.233118
-0.183981
-0.393269
-0.239708
0.0989703
0.319371
0.261508
0.00903859
-0.220376
-0.262908
-0.116649
0.089363
0.209738
0.181969
0.0483817
-0.0932939
-0.160899
-0.131515
-0.0397991
0.0550959
0.10653
0.100349
0.0527302
-0.00599498
-0.0491122
-0.063974
-0.0528568
-0.0272089
-0.000139516
0.0190702
0.0269725
0.0250308
0.0172772
0.00799515
0.000254188
-0.00454486
-0.0063938
-0.00608276
-0.00462449
-0.00287251
-0.00136215
-0.000317539
0.000257581
0.000472839
0.000466958
0.000358495
0.000227237
0.000115382
3.75765e-05
-7.43695e-06
-2.78229e-05
-3.26245e-05
-2.95053e-05
-2.31381e-05
-1.69169e-05
-1.11098e-05
-7.7521e-06
-3.85371e-06
99.9878
100.156
99.9025
99.6533
100.188
100.597
99.7594
99.0368
100.214
101.551
99.9991
97.3619
99.2179
105.206
104.403
85.2942
49.9857
14.842
-4.26666
-5.54811
0.359824
3.00637
0.781302
-1.70555
-1.27153
0.694835
1.33903
0.16125
-1.0073
-0.744608
0.379421
0.891733
0.2933
-0.564616
-0.682622
-0.0349923
0.575945
0.510777
-0.07418
-0.521011
-0.406984
0.085952
0.445937
0.360341
-0.036534
-0.358889
-0.344005
-0.0495988
0.250809
0.323482
0.146403
-0.11475
-0.263107
-0.21496
-0.0334713
0.143845
0.208869
0.142999
0.00772858
-0.109684
-0.151022
-0.111077
-0.0266056
0.0532624
0.0941217
0.0880782
0.0494783
0.00194704
-0.0343695
-0.0497781
-0.0453101
-0.0286435
-0.0089656
0.0067953
0.0154705
0.0172405
0.0142497
0.00914432
0.00406822
0.000250858
-0.00194235
-0.00272434
-0.00256367
-0.00194048
-0.00121618
-0.000599273
-0.000169196
7.78153e-05
0.000184902
0.000203583
0.000177212
0.000135237
9.42738e-05
6.12562e-05
3.77948e-05
2.22687e-05
1.29872e-05
7.2599e-06
4.52943e-06
2.24871e-06
99.934
100.064
100.206
99.8176
99.6173
100.282
100.631
99.6578
98.9944
100.32
101.613
99.8975
97.2729
99.3026
105.325
104.353
85.1517
49.9839
14.9893
-4.20045
-5.66951
0.232251
3.06512
0.943628
-1.67351
-1.41781
0.572069
1.40844
0.331605
-0.959583
-0.881902
0.229945
0.915075
0.461101
-0.451629
-0.755114
-0.209441
0.493633
0.608393
0.0976517
-0.453086
-0.508907
-0.0821509
0.373367
0.44755
0.126537
-0.265374
-0.396502
-0.198214
0.129432
0.32158
0.258274
0.022783
-0.197528
-0.259911
-0.150788
0.0335843
0.1709
0.191649
0.106656
-0.0184896
-0.112386
-0.136289
-0.0947325
-0.0213897
0.044868
0.0789071
0.0760085
0.0474308
0.0107177
-0.0192007
-0.034699
-0.0356271
-0.0266372
-0.0138074
-0.00209973
0.00577544
0.00927968
0.00930239
0.0072913
0.00459725
0.00214377
0.00037344
-0.000643696
-0.00104993
-0.00106007
-0.000871899
-0.000626449
-0.00040358
-0.000235373
-0.000124481
-5.96099e-05
-2.61764e-05
-1.11886e-05
-5.90254e-06
-4.31986e-06
-4.42062e-06
-3.86702e-06
-3.98588e-06
-2.71608e-06
99.9891
99.8896
100.147
100.229
99.7256
99.6046
100.383
100.645
99.547
98.9668
100.436
101.665
99.7845
97.1873
99.3974
105.446
104.296
85.0031
49.982
15.1428
-4.12733
-5.79189
0.0938942
3.11565
1.11376
-1.62428
-1.56051
0.430464
1.45852
0.50929
-0.882859
-1.0038
0.0597752
0.902925
0.621185
-0.305634
-0.788649
-0.383815
0.368603
0.664001
0.273626
-0.335732
-0.563597
-0.252373
0.248649
0.479153
0.281121
-0.124039
-0.384233
-0.318504
-0.02339
0.252341
0.317317
0.160115
-0.0800497
-0.236715
-0.228076
-0.0884904
0.0786335
0.176645
0.167701
0.0782955
-0.0311218
-0.10539
-0.119725
-0.082565
-0.022017
0.0322385
0.0617899
0.0632384
0.0445079
0.017989
-0.00551928
-0.0200015
-0.0244651
-0.0213276
-0.0142989
-0.00671208
-0.000683501
0.00298272
0.00444734
0.00435827
0.00345155
0.0023153
0.00130835
0.000581481
0.000143993
-6.61446e-05
-0.000129874
-0.00011742
-7.71876e-05
-3.63537e-05
-6.17534e-06
1.12547e-05
1.87011e-05
1.92439e-05
1.70217e-05
1.26262e-05
9.96783e-06
5.39582e-06
100.053
99.9068
99.8767
100.234
100.225
99.6304
99.6155
100.49
100.639
99.429
98.9549
100.562
101.707
99.6602
97.1059
99.5027
105.569
104.233
84.8484
49.9801
15.3023
-4.04697
-5.91482
-0.0553187
3.15692
1.2907
-1.55706
-1.69722
0.271059
1.48657
0.690317
-0.777035
-1.10478
-0.125995
0.852896
0.764682
-0.132341
-0.777882
-0.545637
0.207301
0.66942
0.437284
-0.177353
-0.561255
-0.403896
0.0846266
0.446657
0.40264
0.0447077
-0.305267
-0.385704
-0.178182
0.127241
0.307153
0.263293
0.0606545
-0.149343
-0.241351
-0.184699
-0.0386414
0.102446
0.168467
0.143558
0.0595009
-0.0327061
-0.0919736
-0.102574
-0.0732217
-0.0257927
0.0177021
0.0436795
0.0491642
0.0391071
0.0217684
0.00468618
-0.0075125
-0.0134267
-0.0140012
-0.0112652
-0.00727693
-0.00352652
-0.000777613
0.000806315
0.001424
0.00141129
0.0010884
0.000687269
0.000338956
9.37778e-05
-4.83585e-05
-0.000111058
-0.000123014
-0.000108636
-8.45216e-05
-6.04383e-05
-4.03168e-05
-2.58192e-05
-1.53807e-05
-9.71102e-06
-4.49896e-06
100.03
100.059
99.8255
99.8938
100.319
100.194
99.5363
99.6503
100.597
100.613
99.3059
98.96
100.697
101.737
99.5249
97.0296
99.6186
105.694
104.163
84.6873
49.978
15.4682
-3.95907
-6.03783
-0.215409
3.18788
1.47329
-1.47118
-1.82539
0.095286
1.49019
0.870327
-0.642912
-1.17964
-0.321245
0.764204
0.882928
0.0604655
-0.72001
-0.682387
0.0196519
0.620358
0.572098
0.00855923
-0.498039
-0.516704
-0.0994565
0.35051
0.470056
0.214279
-0.169908
-0.383947
-0.303193
-0.0289217
0.227138
0.305319
0.188214
-0.0204225
-0.185223
-0.224465
-0.142346
-0.00515154
0.109077
0.152579
0.122474
0.049322
-0.02636
-0.0745664
-0.0849757
-0.0647299
-0.0298571
0.003762
0.0260707
0.034224
0.0308495
0.0210824
0.00994647
0.00085423
-0.00474315
-0.00694166
-0.00668199
-0.00511259
-0.00318526
-0.00149599
-0.000300754
0.000384038
0.000666965
0.000692092
0.000586299
0.00043838
0.00029881
0.000188846
0.000112041
6.30168e-05
3.43045e-05
1.82965e-05
1.02776e-05
5.81076e-06
4.08829e-06
2.36787e-06
99.9665
100.106
100.034
99.7522
99.9385
100.396
100.137
99.448
99.7086
100.703
100.565
99.1804
98.9833
100.839
101.755
99.379
96.9592
99.7454
105.82
104.085
84.5199
49.9757
15.6403
-3.86332
-6.16038
-0.386344
3.20749
1.66028
-1.36619
-1.94249
-0.095025
1.46737
1.04467
-0.482227
-1.22374
-0.519
0.637818
0.967929
0.263231
-0.615151
-0.782424
-0.181487
0.517101
0.663115
0.204505
-0.376981
-0.574239
-0.280171
0.200711
0.469584
0.356153
0.000389572
-0.310105
-0.371129
-0.182922
0.0934808
0.273634
0.268295
0.114548
-0.0753974
-0.194732
-0.197852
-0.108046
0.012502
0.103299
0.133062
0.1051
0.0454079
-0.0152164
-0.0550432
-0.0667851
-0.0553622
-0.0318192
-0.00725471
0.0109366
0.0200511
0.0210781
0.0168996
0.0106449
0.00467936
0.000271511
-0.00226509
-0.00321896
-0.00312346
-0.00250297
-0.00174553
-0.00107517
-0.000581139
-0.000266756
-9.42453e-05
-1.59539e-05
9.20416e-06
9.72933e-06
2.59016e-06
-4.5928e-06
-8.48816e-06
-1.01775e-05
-8.82512e-06
-8.14513e-06
-4.92999e-06
99.9586
99.9955
100.169
99.9822
99.6937
100.008
100.46
100.058
99.3705
99.7896
100.802
100.495
99.0551
99.0257
100.987
101.758
99.2232
96.8957
99.8833
105.947
104.001
84.3459
49.9734
15.8187
-3.75941
-6.28192
-0.568033
3.21468
1.85028
-1.2418
-2.04592
-0.297646
1.4165
1.20851
-0.297668
-1.23319
-0.711647
0.476559
1.01284
0.465062
-0.466574
-0.835924
-0.38115
0.364863
0.698589
0.390566
-0.208184
-0.565832
-0.432871
0.0160398
0.397519
0.444765
0.176269
-0.175331
-0.365392
-0.300261
-0.0637255
0.174249
0.278294
0.217098
0.0553682
-0.1049
-0.186697
-0.169636
-0.0841238
0.0171489
0.08924
0.111921
0.0903322
0.044746
-0.00228241
-0.035093
-0.048116
-0.0441385
-0.0302403
-0.013837
-0.000207343
0.00825619
0.0115565
0.0110676
0.00854656
0.00547814
0.00280069
0.000915644
-0.000158297
-0.000602152
-0.00065137
-0.000509959
-0.000317118
-0.000148056
-3.05231e-05
3.56035e-05
6.28058e-05
6.56546e-05
5.65347e-05
4.31265e-05
3.07635e-05
1.98337e-05
1.34658e-05
6.46639e-06
100.01
99.9033
100.051
100.211
99.9081
99.656
100.097
100.504
99.9574
99.3083
99.892
100.892
100.403
98.9332
99.088
101.138
101.746
99.058
96.8403
100.032
106.075
103.908
84.1655
49.9709
16.0034
-3.64703
-6.40187
-0.760332
3.20846
2.04177
-1.09795
-2.13315
-0.509968
1.33652
1.35694
-0.0928631
-1.20506
-0.891211
0.285107
1.01244
0.654285
-0.280733
-0.835792
-0.563359
0.173714
0.671452
0.546447
-0.00818241
-0.488617
-0.53515
-0.178159
0.261665
0.462364
0.325565
-0.00380085
-0.284536
-0.353269
-0.207207
0.0312719
0.214464
0.257281
0.166968
0.0154378
-0.113752
-0.168656
-0.143953
-0.0696284
0.012592
0.0701852
0.0898504
0.0762425
0.0440883
0.00933959
-0.0168134
-0.0299228
-0.0311392
-0.0246374
-0.0151106
-0.00615718
0.000295458
0.00380558
0.00487508
0.00438315
0.00317853
0.00187487
0.000809545
9.65675e-05
-0.000288604
-0.000432025
-0.000428651
-0.000355418
-0.000263024
-0.000178854
-0.000113418
-6.78989e-05
-3.85343e-05
-2.11928e-05
-1.10917e-05
-6.21412e-06
-2.77161e-06
100.042
99.9547
99.8747
100.123
100.226
99.8192
99.6442
100.202
100.525
99.8408
99.2661
100.013
100.967
100.291
98.8178
99.1707
101.291
101.717
98.8844
96.7939
100.193
106.202
103.808
83.9786
49.9683
16.1946
-3.52587
-6.51962
-0.963041
3.18782
2.23316
-0.934787
-2.2017
-0.729027
1.22691
1.48508
0.127677
-1.13753
-1.04966
0.0699024
0.963514
0.819112
-0.0670526
-0.778402
-0.712406
-0.0420046
0.580401
0.653735
0.201628
-0.348493
-0.570273
-0.353506
0.0808186
0.402815
0.419473
0.171578
-0.143534
-0.328228
-0.301778
-0.118829
0.0939029
0.2234
0.224992
0.126285
-0.00597675
-0.107838
-0.145777
-0.121873
-0.0618311
0.00287262
0.0490239
0.0674662
0.0614341
0.0409376
0.0168754
-0.00284735
-0.0146298
-0.018536
-0.0167567
-0.012074
-0.00682251
-0.0024495
0.000467682
0.00196763
0.00240243
0.00219762
0.00171166
0.00118352
0.000737736
0.000415404
0.000209467
9.2421e-05
3.4126e-05
9.55861e-06
2.16458e-06
1.26378e-06
2.80659e-06
3.27559e-06
4.15728e-06
3.11201e-06
100.014
100.063
99.8871
99.8771
100.203
100.21
99.724
99.6618
100.314
100.518
99.7126
99.2476
100.151
101.024
100.159
98.7123
99.274
101.443
101.671
98.7032
96.7577
100.364
106.329
103.699
83.7851
49.9656
16.392
-3.39561
-6.63453
-1.1759
3.1518
2.42271
-0.752693
-2.24919
-0.951523
1.08775
1.58822
0.358618
-1.03005
-1.17921
-0.16101
0.86517
0.948309
0.16247
-0.664112
-0.814154
-0.26467
0.430437
0.698061
0.397219
-0.159948
-0.529944
-0.482779
-0.117698
0.273392
0.438338
0.31558
0.0287941
-0.229254
-0.323434
-0.236805
-0.0499078
0.125945
0.212107
0.191217
0.0977914
-0.012317
-0.0922957
-0.120881
-0.102609
-0.0575131
-0.00840537
0.0282715
0.0458238
0.0459118
0.0348101
0.0196208
0.00577707
-0.00387032
-0.00877348
-0.00983642
-0.0085201
-0.00619893
-0.00384347
-0.00196624
-0.000717413
-2.89665e-05
0.000257523
0.000305816
0.000243389
0.000151067
7.00255e-05
1.43606e-05
-1.62544e-05
-2.86421e-05
-2.94e-05
-2.55112e-05
-1.86158e-05
-1.43002e-05
-7.5182e-06
99.9697
100.077
100.049
99.8195
99.9119
100.28
100.163
99.6314
99.7104
100.427
100.482
99.5787
99.2563
100.3
101.06
100.009
98.6198
99.3978
101.593
101.606
98.5156
96.7327
100.547
106.455
103.581
83.585
49.9627
16.5959
-3.25593
-6.74593
-1.3986
3.09946
2.60861
-0.552313
-2.27335
-1.17383
0.919808
1.66196
0.593879
-0.883473
-1.27267
-0.398201
0.719112
1.03192
0.393823
-0.497614
-0.857352
-0.474689
0.232922
0.671032
0.554599
0.0551287
-0.416161
-0.544203
-0.301948
0.0944262
0.376057
0.397803
0.195356
-0.078269
-0.265915
-0.291036
-0.176117
-0.00506687
0.133791
0.189643
0.160738
0.0803082
-0.00804753
-0.0710312
-0.095
-0.0842974
-0.0533668
-0.0180995
0.0100161
0.0259228
0.0300452
0.0259409
0.0179469
0.00959972
0.00299358
-0.00114775
-0.00303756
-0.00333214
-0.00275072
-0.00186352
-0.00102449
-0.000394594
-2.69769e-06
0.000191787
0.00025222
0.000237394
0.000190556
0.000137822
9.22972e-05
5.78573e-05
3.4635e-05
1.93938e-05
1.12935e-05
4.88347e-06
99.9694
99.9887
100.132
100.004
99.764
99.9767
100.344
100.086
99.5506
99.7896
100.532
100.414
99.4453
99.2943
100.457
101.071
99.8443
98.5438
99.5416
101.737
101.522
98.3229
96.72
100.741
106.579
103.454
83.3782
49.9596
16.8061
-3.10653
-6.85313
-1.63072
3.02996
2.78894
-0.334558
-2.27216
-1.39208
0.72454
1.70234
0.826783
-0.700142
-1.32379
-0.631217
0.529782
1.06204
0.611818
-0.287968
-0.834924
-0.652249
0.00495934
0.571799
0.652917
0.269826
-0.241866
-0.525526
-0.440638
-0.103447
0.242464
0.399738
0.318866
0.0891995
-0.143617
-0.26702
-0.248402
-0.128636
0.0176015
0.124837
0.161997
0.134482
0.0702987
0.00183543
-0.0476099
-0.0689546
-0.0653191
-0.0464397
-0.0229863
-0.00285104
0.0101306
0.0156329
0.015444
0.0120465
0.00763158
0.0036476
0.000768409
-0.000910901
-0.00161751
-0.00168612
-0.00142427
-0.00105357
-0.000702847
-0.000427999
-0.000238562
-0.000121426
-5.58636e-05
-2.32834e-05
-8.72273e-06
-3.81932e-06
-2.09976e-06
-2.33364e-06
-2.03037e-06
100.009
99.9232
100.037
100.167
99.9335
99.7315
100.066
100.385
99.9835
99.4906
99.8967
100.622
100.316
99.3194
99.363
100.617
101.055
99.667
98.4872
99.7044
101.873
101.419
98.1264
96.7208
100.946
106.7
103.318
83.1649
49.9564
17.0228
-2.94708
-6.95545
-1.87185
2.94247
2.96174
-0.100583
-2.24379
-1.6022
0.504104
1.70599
1.05026
-0.483893
-1.32769
-0.849061
0.304279
1.03349
0.801123
-0.0481604
-0.744904
-0.779288
-0.232091
0.407685
0.677441
0.455754
-0.0296424
-0.42672
-0.508924
-0.28476
0.0621503
0.319698
0.371084
0.232817
0.0116196
-0.172465
-0.246962
-0.206745
-0.0965905
0.0230002
0.10558
0.132665
0.111553
0.0638369
0.0126929
-0.0256776
-0.0448503
-0.0465132
-0.0367547
-0.0224456
-0.00889497
0.00100563
0.00653692
0.00838097
0.0078032
0.00605384
0.00405892
0.00234821
0.001123
0.000374367
-5.86554e-06
-0.000147528
-0.000160317
-0.000119856
-6.91968e-05
-2.82159e-05
-1.56724e-06
1.14623e-05
1.66119e-05
1.49536e-05
1.37529e-05
8.18279e-06
100.034
99.9605
99.9038
100.104
100.172
99.8475
99.7303
100.17
100.394
99.8627
99.4592
100.027
100.689
100.191
99.2079
99.4624
100.774
101.01
99.4811
98.4531
99.885
101.999
101.295
97.9275
96.736
101.161
106.819
103.172
82.9448
49.953
17.2458
-2.77723
-7.05213
-2.12147
2.83622
3.12495
0.148192
-2.18665
-1.79994
0.261357
1.67023
1.25696
-0.24002
-1.281
-1.0406
0.0521703
0.944228
0.947227
0.205595
-0.590894
-0.841229
-0.454517
0.193821
0.62168
0.586768
0.191129
-0.260524
-0.49296
-0.41568
-0.130082
0.173562
0.339565
0.317549
0.159125
-0.0347724
-0.174195
-0.216722
-0.171188
-0.0781004
0.0165518
0.0806681
0.103126
0.0903714
0.0578583
0.0215627
-0.00735328
-0.0241284
-0.029259
-0.0261768
-0.019023
-0.0111888
-0.00473022
-0.000432618
0.0017999
0.00250002
0.00229168
0.00169166
0.00103913
0.000506455
0.000146505
-5.57292e-05
-0.000142438
-0.000158372
-0.00013867
-0.000106889
-7.51511e-05
-4.99643e-05
-3.0523e-05
-1.95536e-05
-9.01555e-06
100.015
100.044
99.901
99.918
100.177
100.142
99.7588
99.765
100.279
100.368
99.7328
99.4624
100.173
100.725
100.041
99.1176
99.5914
100.921
100.933
99.2904
98.4441
100.081
102.111
101.15
97.728
96.7667
101.387
106.934
103.016
82.718
49.9494
17.4753
-2.59664
-7.14239
-2.379
2.71054
3.27643
0.410034
-2.09948
-1.98094
-8.47496e-05
1.59321
1.43944
0.0247056
-1.18222
-1.19506
-0.214697
0.795873
1.03748
0.454697
-0.38236
-0.828665
-0.638403
-0.0477697
0.488938
0.642634
0.387926
-0.0514851
-0.393074
-0.470293
-0.295377
-0.00754338
0.231259
0.322281
0.259472
0.105913
-0.0542662
-0.158025
-0.182687
-0.141956
-0.068661
0.00383204
0.0536562
0.0737929
0.0688836
0.0492838
0.0255972
0.00537322
-0.00784473
-0.0138323
-0.014306
-0.0115959
-0.00775085
-0.00413939
-0.00142594
0.000253192
0.00106234
0.00127583
0.00115704
0.000902906
0.000634234
0.00040927
0.000245413
0.000137531
7.27976e-05
3.65007e-05
1.82385e-05
8.97652e-06
5.39423e-06
2.98837e-06
99.9795
100.067
100.019
99.8467
99.9665
100.239
100.078
99.681
99.8363
100.38
100.303
99.6045
99.5039
100.327
100.727
99.8735
99.0549
99.7473
101.053
100.826
99.0996
98.4625
100.292
102.207
100.986
97.5295
96.8139
101.623
107.044
102.85
82.4845
49.9456
17.7113
-2.40501
-7.22545
-2.64374
2.56485
3.41402
0.682921
-1.9814
-2.14083
-0.275881
1.4741
1.59049
0.302177
-1.0321
-1.30271
-0.482716
0.594
1.06237
0.679552
-0.134389
-0.738988
-0.762448
-0.290244
0.292948
0.612779
0.530144
0.167202
-0.225174
-0.436823
-0.399171
-0.1833
0.0725015
0.246917
0.28626
0.208336
0.0733051
-0.0541115
-0.131633
-0.148091
-0.116948
-0.0628893
-0.00932681
0.0288828
0.0469356
0.0476342
0.0374847
0.0232678
0.00999652
0.000296551
-0.0052419
-0.00729522
-0.0070448
-0.00564069
-0.00393372
-0.00241807
-0.00129413
-0.000573204
-0.000174393
7.2417e-06
6.39258e-05
6.10173e-05
3.84316e-05
1.50483e-05
-5.98494e-07
-9.97002e-06
-1.15787e-05
-1.27207e-05
-8.42592e-06
99.9715
100.009
100.105
99.9638
99.8135
100.043
100.277
99.9835
99.6275
99.9401
100.46
100.201
99.4894
99.585
100.479
100.689
99.6949
99.0254
99.9264
101.165
100.688
98.9135
98.5101
100.513
102.284
100.801
97.3339
96.8786
101.869
107.149
102.672
82.2441
49.9416
17.9537
-2.20196
-7.30053
-2.91502
2.39863
3.53555
0.964595
-1.83192
-2.27533
-0.561092
1.31312
1.7034
0.583263
-0.833576
-1.35545
-0.737287
0.347965
1.01642
0.861248
0.133465
-0.577081
-0.810682
-0.505188
0.0565031
0.498512
0.594465
0.359446
-0.0182798
-0.320841
-0.419555
-0.314222
-0.0977373
0.112798
0.234682
0.244294
0.168383
0.0573926
-0.0415081
-0.100593
-0.114572
-0.0943156
-0.0572688
-0.0193736
0.00927895
0.0251242
0.029469
0.0260589
0.0189872
0.0114389
0.0052675
0.00113801
-0.00107492
-0.00187189
-0.00182081
-0.00138665
-0.000874571
-0.000442605
-0.000143816
2.84711e-05
0.00010616
0.000124282
0.000111965
8.74686e-05
6.33368e-05
4.12125e-05
2.81875e-05
1.35726e-05
99.9974
99.9448
100.062
100.114
99.8904
99.8132
100.137
100.28
99.8704
99.6093
100.068
100.508
100.068
99.3988
99.7038
100.618
100.611
99.5138
99.0334
100.123
101.249
100.522
98.7371
98.5884
100.743
102.34
100.597
97.143
96.9617
102.125
107.248
102.484
81.9969
49.9374
18.2027
-1.98712
-7.36677
-3.19203
2.21146
3.63879
1.25253
-1.65092
-2.38023
-0.850179
1.11159
1.77204
0.85797
-0.591889
-1.3472
-0.963437
0.070601
0.898799
0.982956
0.398538
-0.355249
-0.774356
-0.66578
-0.191024
0.3133
0.568625
0.492125
0.190393
-0.144427
-0.351932
-0.370549
-0.237479
-0.0434314
0.121908
0.206125
0.202744
0.138523
0.052373
-0.0226226
-0.0683919
-0.0822688
-0.0719754
-0.0491705
-0.0243727
-0.00436773
0.00813508
0.0134854
0.0136429
0.0109334
0.00728261
0.00392204
0.00142053
-0.000126939
-0.0008841
-0.00110295
-0.00101969
-0.000809415
-0.000579451
-0.000382827
-0.000236192
-0.000137425
-7.56309e-05
-4.01154e-05
-2.02201e-05
-1.08011e-05
-4.66239e-06
100.024
99.9491
99.9514
100.122
100.086
99.8149
99.8522
100.232
100.24
99.7523
99.6339
100.209
100.515
99.9131
99.3432
99.8552
100.735
100.493
99.3393
99.082
100.332
101.302
100.329
98.5757
98.6982
100.978
102.372
100.373
96.959
97.064
102.389
107.34
102.284
81.7428
49.9329
18.4583
-1.76012
-7.42326
-3.47387
2.00301
3.7215
1.54386
-1.43877
-2.45154
-1.13699
0.872095
1.79125
1.11565
-0.314651
-1.2745
-1.14657
-0.22211
0.713903
1.03149
0.63666
-0.0928786
-0.653683
-0.750127
-0.416821
0.0820584
0.45437
0.540961
0.361555
0.0568717
-0.211313
-0.339766
-0.311893
-0.178606
-0.0166281
0.109866
0.169382
0.163497
0.114749
0.0514322
-0.0038366
-0.0391515
-0.0528037
-0.0497045
-0.0372387
-0.0221428
-0.00893814
0.000296074
0.00535975
0.00711369
0.00676422
0.00540265
0.00380142
0.00239331
0.001346
0.000662741
0.000269616
7.3836e-05
-4.78812e-06
-2.42248e-05
-1.8894e-05
-8.5478e-06
1.18155e-06
5.2119e-06
8.36765e-06
6.52289e-06
100.022
100.01
99.9041
99.9931
100.17
100.023
99.7554
99.9294
100.311
100.159
99.6453
99.704
100.347
100.475
99.7473
99.3306
100.032
100.818
100.338
99.181
99.1724
100.545
101.318
100.113
98.4345
98.8395
101.214
102.378
100.132
96.784
97.1862
102.661
107.425
102.072
81.4816
49.9282
18.7204
-1.5206
-7.46911
-3.75955
1.77312
3.78147
1.83545
-1.19641
-2.48559
-1.41493
0.598531
1.75709
1.34548
-0.0117605
-1.13701
-1.27353
-0.511884
0.471674
0.998985
0.824518
0.18499
-0.458814
-0.744858
-0.589273
-0.161847
0.268492
0.496112
0.462079
0.241227
-0.0299619
-0.23114
-0.303946
-0.256439
-0.138686
-0.0100293
0.0856531
0.129952
0.127011
0.0938291
0.0499811
0.0106027
-0.0163342
-0.0293758
-0.0312416
-0.0262754
-0.0185681
-0.0110087
-0.00510809
-0.00127752
0.000738018
0.00146785
0.0014512
0.0011058
0.000695182
0.000350957
0.000115177
-1.93957e-05
-7.90669e-05
-9.29267e-05
-8.25938e-05
-6.50463e-05
-4.46383e-05
-3.20101e-05
-1.58206e-05
99.9958
100.055
99.9653
99.8818
100.062
100.19
99.9336
99.7282
100.036
100.359
100.043
99.5658
99.8167
100.468
100.387
99.5846
99.3666
100.222
100.859
100.152
99.0486
99.3042
100.755
101.294
99.8788
98.3188
99.0121
101.447
102.356
99.8751
96.62
97.3292
102.941
107.502
101.848
81.2134
49.9231
18.9892
-1.26819
-7.50342
-4.04803
1.52175
3.81656
2.12397
-0.925295
-2.47918
-1.6771
0.296068
1.66717
1.53688
0.304963
-0.937812
-1.33358
-0.779307
0.187173
0.884057
0.942092
0.450071
-0.209276
-0.647511
-0.682752
-0.381521
0.0406393
0.364693
0.472066
0.369683
0.150091
-0.0733229
-0.218764
-0.257854
-0.208706
-0.113572
-0.0155985
0.0560956
0.0907611
0.0924392
0.0729468
0.0452444
0.0192226
0.000219681
-0.010471
-0.0141569
-0.0132286
-0.0100502
-0.00638218
-0.00324186
-0.00102433
0.000278878
0.000871716
0.00100501
0.000894724
0.00069196
0.000484868
0.000313757
0.000189406
0.00010708
5.69118e-05
2.81766e-05
1.36326e-05
4.8071e-06
99.9762
100.038
100.059
99.9055
99.8953
100.14
100.169
99.8335
99.745
100.159
100.361
99.9023
99.528
99.9637
100.556
100.255
99.4399
99.453
100.415
100.853
99.9426
98.9509
99.4749
100.952
101.228
99.6317
98.2333
99.2145
101.673
102.304
99.6029
96.4695
97.4935
103.227
107.569
101.611
80.938
49.9178
19.2648
-1.00245
-7.52521
-4.33821
1.24894
3.82464
2.40586
-0.627398
-2.42959
-1.91644
-0.0289283
1.52071
1.67996
0.622153
-0.683464
-1.31921
-1.00508
-0.120179
0.692415
0.974903
0.673679
0.0676453
-0.467734
-0.681859
-0.542233
-0.190955
0.170621
0.389869
0.41506
0.286577
0.0919406
-0.0833736
-0.187374
-0.209037
-0.167872
-0.0963764
-0.024641
0.0282389
0.0557198
0.0607337
0.0509616
0.0346927
0.0183096
0.00543826
-0.00274625
-0.0066876
-0.00757733
-0.00670812
-0.00511842
-0.00347845
-0.00212495
-0.00115878
-0.000547763
-0.000205303
-3.96205e-05
2.43361e-05
3.71197e-05
3.02856e-05
1.80118e-05
8.66417e-06
1.86778e-06
-1.43851e-06
99.9829
99.9823
100.084
100.026
99.8513
99.9482
100.209
100.104
99.7431
99.8096
100.277
100.312
99.7557
99.5417
100.131
100.598
100.087
99.3277
99.5876
100.596
100.794
99.7203
98.8959
99.6799
101.129
101.118
99.378
98.1825
99.445
101.887
102.221
99.3178
96.3346
97.6797
103.52
107.626
101.362
80.6553
49.9122
19.5471
-0.722921
-7.53344
-4.62883
0.954878
3.80363
2.6773
-0.305261
-2.33463
-2.12576
-0.368911
1.31875
1.76588
0.925311
-0.383953
-1.22682
-1.17129
-0.427763
0.436879
0.915818
0.829893
0.339818
-0.226685
-0.584417
-0.617517
-0.386328
-0.0496642
0.233179
0.36925
0.348786
0.222387
0.0621892
-0.0714815
-0.147009
-0.161828
-0.132544
-0.0824516
-0.0318423
0.0067786
0.0290761
0.0366541
0.034062
0.0262967
0.0173166
0.00952817
0.00392909
0.000548906
-0.00107954
-0.00156056
-0.00142595
-0.00105219
-0.00065884
-0.000345355
-0.000135785
-1.67909e-05
3.84036e-05
5.4111e-05
5.16132e-05
3.90091e-05
3.01529e-05
1.55368e-05
100.007
99.9489
100.021
100.111
99.9625
99.8238
100.033
100.247
100.003
99.683
99.9174
100.37
100.212
99.6226
99.6111
100.302
100.585
99.8958
99.261
99.764
100.751
100.684
99.4968
98.8898
99.9127
101.275
100.966
99.1247
98.1704
99.7006
102.086
102.105
99.022
96.2177
97.8882
103.817
107.672
101.098
80.3652
49.9061
19.8363
-0.429205
-7.52702
-4.91849
0.639974
3.7515
2.93417
0.0378651
-2.19284
-2.29787
-0.715085
1.06438
1.78727
1.19918
-0.0527375
-1.05738
-1.26266
-0.71094
0.13713
0.766377
0.898338
0.573407
0.0447934
-0.402448
-0.593379
-0.510187
-0.253538
0.0353524
0.244145
0.323653
0.2854
0.176882
0.0525133
-0.0471107
-0.103276
-0.116722
-0.0998336
-0.0683418
-0.0354515
-0.0092378
0.00732568
0.0148975
0.0159574
0.0133405
0.00937029
0.0055434
0.00258066
0.000647989
-0.000397944
-0.000815666
-0.000859374
-0.000724251
-0.000535427
-0.000359343
-0.000222095
-0.000127221
-6.71976e-05
-3.25496e-05
-1.43722e-05
-4.05776e-06
100.022
99.969
99.9423
100.079
100.102
99.8846
99.8379
100.133
100.239
99.882
99.67
100.055
100.419
100.071
99.5228
99.7335
100.457
100.513
99.6972
99.2497
99.9719
100.868
100.523
99.2847
98.9369
100.165
101.384
100.772
98.8795
98.2004
99.9779
102.263
101.955
98.7181
96.1213
98.1194
104.119
107.706
100.821
80.0676
49.8997
20.1324
-0.12091
-7.50493
-5.20574
0.304872
3.66652
3.17225
0.39803
-2.00376
-2.42598
-1.05763
0.763124
1.73907
1.42865
0.293543
-0.817372
-1.26847
-0.945093
-0.18106
0.538296
0.867839
0.73723
0.308988
-0.162811
-0.47293
-0.539229
-0.399495
-0.158882
0.072336
0.22154
0.267098
0.228088
0.143319
0.0515083
-0.0207975
-0.062537
-0.0752048
-0.0672898
-0.0489923
-0.028742
-0.0117641
-0.000182928
0.00608387
0.00826913
0.00790938
0.00633529
0.00446738
0.00281572
0.00157863
0.000763706
0.000288576
4.84612e-05
-4.95499e-05
-7.2293e-05
-6.29822e-05
-4.39959e-05
-2.6474e-05
-1.44227e-05
-4.56786e-06
100.015
100.018
99.9256
99.9725
100.132
100.053
99.8157
99.8986
100.224
100.179
99.7631
99.7134
100.202
100.412
99.9043
99.4737
99.899
100.576
100.384
99.51
99.2996
100.197
100.933
100.32
99.0974
99.039
100.427
101.448
100.541
98.6503
98.2747
100.273
102.415
101.771
98.4089
96.0476
98.3736
104.423
107.727
100.529
79.7623
49.8929
20.4356
0.202475
-7.46609
-5.48912
-0.0497287
3.54707
3.38736
0.770858
-1.76777
-2.504
-1.38628
0.422473
1.61891
1.59997
0.636394
-0.51835
-1.18396
-1.10859
-0.488842
0.252528
0.739039
0.808689
0.5283
0.0973452
-0.277357
-0.469743
-0.459716
-0.30691
-0.102265
0.0751451
0.181294
0.209337
0.178135
0.116663
0.0513508
-0.000624194
-0.0324226
-0.0450944
-0.0439112
-0.0351369
-0.0239892
-0.0138257
-0.00620381
-0.00137568
0.00112969
0.00203547
0.00202406
0.00160567
0.00109699
0.000656779
0.000338461
0.000138435
2.87116e-05
-2.03688e-05
-3.68691e-05
-3.36552e-05
-2.93892e-05
-1.61982e-05
99.9941
100.046
99.9807
99.9008
100.034
100.158
99.9697
99.7792
99.998
100.283
100.072
99.6712
99.8125
100.334
100.343
99.7336
99.4869
100.091
100.643
100.206
99.3532
99.4115
100.424
100.94
100.083
98.9476
99.195
100.686
101.46
100.277
98.4451
98.3948
100.58
102.537
101.554
98.0973
95.999
98.6507
104.73
107.733
100.222
79.4492
49.8856
20.746
0.541545
-7.40919
-5.76695
-0.423011
3.39148
3.575
1.15139
-1.48601
-2.5262
-1.69013
0.0517888
1.42681
1.70073
0.956014
-0.176261
-1.01021
-1.18385
-0.75654
-0.0631752
0.523425
0.775642
0.670204
0.337327
-0.0399823
-0.315386
-0.42364
-0.377979
-0.23878
-0.0763476
0.0559981
0.132783
0.153754
0.134157
0.0941189
0.0509699
0.0156571
-0.00743473
-0.0187367
-0.0212179
-0.0184804
-0.0135857
-0.00858598
-0.00453916
-0.00176333
-0.000142578
0.000620945
0.000844316
0.000783576
0.000611142
0.000425157
0.000269854
0.000157941
8.48008e-05
4.16186e-05
1.84344e-05
5.02302e-06
99.9806
100.029
100.049
99.9264
99.9127
100.109
100.139
99.8731
99.7923
100.117
100.289
99.9354
99.6285
99.9557
100.428
100.215
99.5837
99.5669
100.288
100.646
99.994
99.2442
99.5806
100.634
100.881
99.8252
98.847
99.4009
100.932
101.417
99.9888
98.2721
98.5611
100.894
102.625
101.303
97.787
95.9779
98.9508
105.037
107.725
99.8993
79.128
49.8777
21.0636
0.896753
-7.33294
-6.03726
-0.813682
3.1984
3.73042
1.5337
-1.16094
-2.48766
-1.95756
-0.336985
1.16625
1.72073
1.23143
0.187795
-0.755642
-1.15917
-0.955014
-0.374428
0.244726
0.639195
0.710663
0.515792
0.195086
-0.107883
-0.300465
-0.356601
-0.302547
-0.189429
-0.0677276
0.0280993
0.083723
0.101088
0.0912214
0.0674126
0.0407096
0.0180381
0.00230115
-0.00649068
-0.00986537
-0.00979057
-0.00800153
-0.0057208
-0.00364437
-0.00206041
-0.00100195
-0.000376831
-5.68245e-05
7.55945e-05
0.000107038
9.41942e-05
6.77786e-05
4.22047e-05
2.48872e-05
9.22809e-06
99.9856
99.9879
100.068
100.016
99.8796
99.9661
100.17
100.073
99.7901
99.8601
100.228
100.235
99.7934
99.6494
100.122
100.461
100.044
99.4783
99.7088
100.467
100.578
99.7678
99.1977
99.7965
100.809
100.758
99.5623
98.8053
99.6495
101.151
101.317
99.6832
98.1391
98.7726
101.207
102.673
101.02
97.4816
95.9865
99.2736
105.343
107.7
99.5608
78.7987
49.8693
21.3884
1.26851
-7.23618
-6.29815
-1.22017
2.96702
3.8492
1.91131
-0.796537
-2.3852
-2.17746
-0.729968
0.844846
1.65406
1.44309
0.549041
-0.437097
-1.0326
-1.06118
-0.644878
-0.062157
0.417886
0.643178
0.602065
0.382469
0.106625
-0.123903
-0.255737
-0.284047
-0.236231
-0.1513
-0.0637447
0.00463569
0.045667
0.0613296
0.0588858
0.0466922
0.0316078
0.017997
0.00785123
0.00145738
-0.00183426
-0.00299434
-0.00293339
-0.00233164
-0.00161217
-0.000988113
-0.000532072
-0.000239983
-7.44809e-05
4.66257e-06
3.58541e-05
3.75213e-05
3.51185e-05
2.00289e-05
100.003
99.9604
100.026
100.084
99.9544
99.865
100.05
100.193
99.9713
99.7472
99.9733
100.304
100.124
99.6757
99.7371
100.283
100.424
99.852
99.4369
99.899
100.602
100.441
99.5498
99.223
100.044
100.931
100.573
99.3113
98.8294
99.9309
101.332
101.158
99.3705
98.0531
99.0273
101.515
102.679
100.707
97.1849
96.0273
99.6189
105.647
107.658
99.2055
78.461
49.8603
21.7208
1.65749
-7.11761
-6.54771
-1.641
2.69658
3.92707
2.27765
-0.397545
-2.21689
-2.33952
-1.1125
0.473134
1.4989
1.57435
0.881917
-0.0770746
-0.811391
-1.06092
-0.842421
-0.358576
0.142322
0.478676
0.583014
0.488866
0.284581
0.0641086
-0.105886
-0.197148
-0.213999
-0.179426
-0.12105
-0.0615234
-0.0144674
0.0152545
0.0289475
0.0309924
0.0263636
0.0191597
0.0120607
0.00640421
0.00255132
0.000303013
-0.000765528
-0.00109285
-0.001029
-0.000808636
-0.000565568
-0.000360539
-0.000211894
-0.000114131
-5.61651e-05
-2.48401e-05
-6.61625e-06
100.016
99.9688
99.9653
100.075
100.062
99.8871
99.8974
100.138
100.161
99.8584
99.763
100.109
100.321
99.9745
99.6095
99.8814
100.411
100.316
99.6669
99.4709
100.116
100.675
100.246
99.3639
99.3231
100.302
100.988
100.336
99.0899
98.9227
100.232
101.462
100.943
99.0614
98.0205
99.3216
101.808
102.638
100.365
96.9012
96.1022
99.9861
105.947
107.596
98.8329
78.1145
49.8507
22.061
2.06442
-6.97561
-6.78363
-2.07433
2.38638
3.95938
2.62529
0.0300864
-1.98191
-2.43366
-1.46845
0.0649193
1.25746
1.61128
1.15999
0.296516
-0.511592
-0.949207
-0.940205
-0.6042
-0.147488
0.243119
0.461943
0.493955
0.388192
0.218733
0.0520652
-0.0703728
-0.134744
-0.147809
-0.12666
-0.0897938
-0.0516604
-0.0207392
-0.000100764
0.0108649
0.0145812
0.0138536
0.0110412
0.00774847
0.00485345
0.00269191
0.00127148
0.000446259
3.26928e-05
-0.000131496
-0.000163786
-0.000139598
-9.97627e-05
-6.2216e-05
-3.74001e-05
-1.45073e-05
100.015
100.002
99.9386
100.005
100.109
100
99.8431
99.9748
100.202
100.077
99.7665
99.8416
100.235
100.267
99.8149
99.6138
100.06
100.477
100.149
99.5184
99.5816
100.332
100.67
100.012
99.2325
99.4937
100.55
100.97
100.062
98.9151
99.0846
100.539
101.531
100.678
98.7679
98.0462
99.6504
102.079
102.549
99.9991
96.6349
96.2132
100.374
106.241
107.515
98.4424
77.7591
49.8401
22.4088
2.48982
-6.80863
-7.00328
-2.51764
2.03649
3.94175
2.94601
0.478481
-1.6818
-2.45116
-1.78057
-0.361827
0.938031
1.54519
1.35805
0.650771
-0.160119
-0.734505
-0.922551
-0.762527
-0.405099
-0.0211681
0.264861
0.40081
0.397807
0.303471
0.173645
0.0527675
-0.0342717
-0.0810517
-0.0936398
-0.0836699
-0.0629493
-0.0404533
-0.0214483
-0.00797941
6.43336e-05
0.00387208
0.00490728
0.00444494
0.00339117
0.00228265
0.00137098
0.000725467
0.000321218
9.65336e-05
-8.9311e-06
-4.92411e-05
-5.04991e-05
-4.65448e-05
-2.62273e-05
100.002
100.031
99.9634
99.9369
100.065
100.103
99.9191
99.846
100.077
100.214
99.9564
99.7251
99.9699
100.32
100.149
99.6795
99.6946
100.242
100.466
99.9454
99.4331
99.7587
100.518
100.583
99.7617
99.1738
99.7229
100.763
100.872
99.7667
98.8024
99.3102
100.834
101.533
100.369
98.502
98.134
100.007
102.32
102.408
99.6113
96.3908
96.3623
100.783
106.528
107.412
98.0333
77.3945
49.8288
22.7645
2.9342
-6.6153
-7.20418
-2.96826
1.64756
3.87049
3.23164
0.938506
-1.32057
-2.38586
-2.03234
-0.786506
0.554935
1.37484
1.45617
0.952466
0.208472
-0.439112
-0.789857
-0.810075
-0.589183
-0.266399
0.0335141
0.23553
0.319537
0.305681
0.232862
0.14024
0.0563459
-0.00411425
-0.0381814
-0.0502579
-0.0477294
-0.0378195
-0.0259613
-0.0153956
-0.00750304
-0.0024208
0.000357051
0.00153722
0.00176959
0.00153946
0.00115453
0.00077967
0.000481601
0.000274079
0.000141624
6.61737e-05
2.59352e-05
4.90425e-06
99.9886
100.033
100.014
99.9241
99.9745
100.117
100.051
99.8485
99.9043
100.173
100.162
99.8325
99.7525
100.12
100.336
99.9871
99.6004
99.8421
100.392
100.373
99.7376
99.4292
99.9811
100.646
100.419
99.525
99.1995
99.992
100.919
100.697
99.4731
98.7641
99.59
101.101
101.461
100.028
98.276
98.2857
100.385
102.523
102.215
99.2066
96.1735
96.5513
101.211
106.805
107.285
97.6047
77.0203
49.8166
23.1284
3.39842
-6.39398
-7.38378
-3.42346
1.22038
3.74215
3.47399
1.4002
-0.904074
-2.23382
-2.20844
-1.18709
0.127266
1.10606
1.44109
1.17113
0.555837
-0.0960844
-0.558024
-0.739308
-0.669921
-0.448064
-0.183902
0.0391982
0.179668
0.233664
0.221181
0.17088
0.108855
0.0529833
0.0120117
-0.012514
-0.0233332
-0.0248299
-0.0212437
-0.0157851
-0.0104361
-0.00613996
-0.00313528
-0.00127624
-0.000269439
0.000183182
0.000320754
0.000305406
0.000235037
0.000158966
9.58393e-05
5.6182e-05
2.15842e-05
99.985
100.01
100.05
99.9694
99.9119
100.041
100.132
99.9645
99.8196
100.006
100.227
100.055
99.7416
99.8488
100.253
100.275
99.815
99.6
100.031
100.478
100.208
99.5605
99.5134
100.219
100.694
100.193
99.3307
99.3126
100.276
101.001
100.456
99.2035
98.8083
99.9101
101.321
101.313
99.6665
98.1016
98.5012
100.773
102.68
101.969
98.7898
95.988
96.7816
101.656
107.071
107.135
97.1557
76.6361
49.8034
23.5008
3.88339
-6.14265
-7.53892
-3.87997
0.756133
3.55328
3.66427
1.85218
-0.440379
-1.99344
-2.29475
-1.54013
-0.321093
0.752202
1.30749
1.28139
0.842788
0.253197
-0.257956
-0.561309
-0.635295
-0.534163
-0.343149
-0.141201
0.0194788
0.117475
0.155467
0.149481
0.119083
0.0809298
0.0460103
0.0196101
0.00274106
-0.00605327
-0.00917038
-0.00895304
-0.00720832
-0.0050971
-0.0032284
-0.00182785
-0.000900311
-0.000352826
-6.7873e-05
5.35203e-05
9.0742e-05
8.08867e-05
6.87163e-05
3.69197e-05
99.9927
99.9821
100.046
100.033
99.9194
99.9432
100.109
100.095
99.8742
99.851
100.12
100.216
99.9195
99.7147
99.9944
100.334
100.142
99.6723
99.6845
100.226
100.479
99.9966
99.4468
99.6783
100.437
100.65
99.9313
99.2053
99.5064
100.547
100.994
100.163
98.981
98.9376
100.253
101.48
101.093
99.2994
97.9897
98.7781
101.163
102.784
101.672
98.3669
95.8393
97.0545
102.118
107.322
106.957
96.6857
76.2415
49.7888
23.8815
4.38975
-5.85939
-7.66612
-4.33367
0.257064
3.3012
3.79344
2.28129
0.0592236
-1.66684
-2.27959
-1.82145
-0.761239
0.335442
1.06045
1.2663
1.03309
0.562516
0.0666689
-0.305782
-0.494077
-0.51155
-0.413569
-0.265251
-0.11939
-0.00716983
0.0610434
0.0894744
0.0895242
0.0738002
0.0525773
0.0325012
0.0168049
0.00624577
0.000166069
-0.00264929
-0.0034264
-0.00313797
-0.00243583
-0.00169009
-0.00107021
-0.000621104
-0.000329925
-0.000154928
-6.30796e-05
-1.58941e-05
2.70556e-06
100.005
99.9695
100.01
100.067
99.9828
99.8949
100.012
100.146
100.012
99.8165
99.9399
100.209
100.136
99.7944
99.766
100.153
100.336
99.967
99.5949
99.8419
100.387
100.389
99.7747
99.4207
99.9024
100.602
100.514
99.6652
99.1687
99.7643
100.776
100.893
99.8414
98.8267
99.1488
100.598
101.562
100.805
98.9434
97.9497
99.1116
101.541
102.828
101.323
97.9444
95.7327
97.3709
102.594
107.558
106.752
96.1937
75.8362
49.7729
24.2707
4.91811
-5.54251
-7.76209
-4.78017
-0.273611
2.98459
3.85335
2.67362
0.580422
-1.26099
-2.15613
-2.00913
-1.16148
-0.113344
0.718192
1.12299
1.10079
0.78803
0.364393
-0.0199036
-0.279205
-0.393293
-0.387768
-0.308723
-0.201991
-0.101267
-0.0247175
0.0227515
0.0447675
0.048752
0.0424459
0.0320124
0.0214378
0.0127427
0.00654193
0.00263873
0.00049271
-0.000484602
-0.000781098
-0.000741586
-0.000575332
-0.00039493
-0.000245858
-0.000139059
-7.55437e-05
-2.66743e-05
100.012
99.9789
99.9711
100.052
100.051
99.9229
99.9169
100.092
100.127
99.91
99.8192
100.061
100.237
100.005
99.7202
99.8876
100.282
100.253
99.789
99.6057
100.042
100.476
100.219
99.5828
99.4923
100.153
100.684
100.299
99.4304
99.2314
100.061
100.935
100.703
99.518
98.7582
99.4321
100.921
101.558
100.46
98.616
97.9889
99.4947
101.897
102.804
100.927
97.5295
95.6733
97.7317
103.081
107.773
106.517
95.6785
75.4196
49.7557
24.6691
5.46963
-5.18991
-7.82337
-5.21511
-0.832563
2.60263
3.83646
3.01529
1.10735
-0.786414
-1.92245
-2.08543
-1.49109
-0.558865
0.309338
0.863382
1.03587
0.898676
0.589523
0.245502
-0.0370326
-0.214069
-0.28525
-0.276194
-0.221018
-0.1501
-0.0842369
-0.0339278
-0.00160583
0.0151675
0.0208412
0.0199211
0.0159664
0.0113095
0.00719708
0.00410085
0.00203512
0.000803675
0.000157514
-0.000125685
-0.000206854
-0.000198487
-0.000148331
-0.000111235
-5.51604e-05
100.011
100.001
99.9556
100.005
100.079
99.9983
99.8863
99.9844
100.147
100.052
99.8298
99.8892
100.173
100.189
99.8622
99.7245
100.049
100.342
100.1
99.6529
99.7083
100.243
100.471
99.9988
99.4592
99.655
100.389
100.665
100.032
99.2608
99.3917
100.364
101.002
100.435
99.222
98.7869
99.7714
101.201
101.462
100.073
98.3349
98.1121
99.9174
102.217
102.71
100.489
97.1299
95.666
98.1372
103.578
107.967
106.25
95.1389
74.9909
49.7366
25.0767
6.04546
-4.79893
-7.84556
-5.63303
-1.41552
2.155
3.73502
3.29103
1.62132
-0.257777
-1.5812
-2.03617
-1.71983
-0.961713
-0.128259
0.512807
0.843421
0.877156
0.705879
0.443003
0.182988
-0.0170075
-0.137119
-0.184366
-0.179435
-0.145671
-0.102332
-0.0619698
-0.0306918
-0.00985589
0.00192622
0.0071339
0.00826323
0.00729709
0.0055645
0.00381785
0.002393
0.00137367
0.000713421
0.000326817
0.000116874
2.35583e-05
-2.00636e-05
-2.26284e-05
100.003
100.02
99.9697
99.9601
100.054
100.066
99.9308
99.8986
100.072
100.145
99.9463
99.8067
100.007
100.234
100.075
99.7532
99.8122
100.206
100.312
99.9129
99.5959
99.8836
100.398
100.368
99.7694
99.4314
99.885
100.571
100.543
99.7499
99.184
99.6352
100.638
100.965
100.112
98.9826
98.9173
100.144
101.413
101.271
99.6606
98.1177
98.3205
100.367
102.488
102.54
100.012
96.7541
95.7157
98.587
104.081
108.135
105.948
94.5739
74.5495
49.7154
25.4935
6.64634
-4.36724
-7.82406
-6.02744
-2.01639
1.6435
3.54274
3.48524
2.10045
0.304018
-1.14328
-1.85499
-1.82189
-1.28063
-0.547055
0.113714
0.550717
0.729463
0.697303
0.538124
0.334923
0.148259
0.0100912
-0.0719979
-0.106022
-0.106754
-0.089243
-0.0652874
-0.0423685
-0.0241163
-0.0114374
-0.00369669
0.000358665
0.00201831
0.00232744
0.00200687
0.00149054
0.000995498
0.000610188
0.000341985
0.000175161
8.14614e-05
2.23921e-05
99.9941
100.025
100.001
99.9448
99.999
100.086
100.012
99.8843
99.9624
100.14
100.082
99.8509
99.8562
100.131
100.217
99.9278
99.7166
99.9615
100.311
100.195
99.7411
99.6372
100.093
100.471
100.182
99.5778
99.5104
100.144
100.664
100.33
99.4935
99.2162
99.9351
100.848
100.821
99.7638
98.8266
99.1453
100.525
101.538
100.992
99.2452
97.9805
98.6124
100.83
102.696
102.293
99.5065
96.4114
95.8273
99.0807
104.587
108.275
105.61
93.9822
74.0949
49.6919
25.9198
7.27322
-3.89254
-7.75441
-6.39174
-2.62827
1.07162
3.25543
3.58363
2.52203
0.87387
-0.627321
-1.54561
-1.78121
-1.48049
-0.899073
-0.282672
0.202128
0.485316
0.575047
0.524142
0.397979
0.252617
0.124903
0.0319647
-0.0240274
-0.0495613
-0.0543071
-0.0474855
-0.0360976
-0.024537
-0.0149855
-0.00809913
-0.00367384
-0.00114538
0.000100259
0.000576526
0.000649946
0.00054829
0.000404065
0.000262119
0.000172681
7.74011e-05
99.9897
100.014
100.027
99.9635
99.9517
100.053
100.076
99.9391
99.8883
100.053
100.153
99.9764
99.8078
99.9652
100.216
100.123
99.7974
99.7692
100.129
100.329
100.019
99.6317
99.7715
100.288
100.438
99.951
99.466
99.6862
100.386
100.647
100.057
99.3037
99.3594
100.255
100.963
100.578
99.4247
98.7746
99.4577
100.882
101.56
100.636
98.8504
97.9367
98.9816
101.288
102.83
101.968
98.9795
96.1114
96.0053
99.617
105.092
108.382
105.233
93.3621
73.6262
49.6659
26.356
7.92746
-3.37198
-7.63154
-6.71861
-3.24322
0.444221
2.87035
3.57276
2.86229
1.42269
-0.0593049
-1.12164
-1.59223
-1.53459
-1.13984
-0.621891
-0.147606
0.190698
0.370032
0.414303
0.368663
0.279356
0.18219
0.0988345
0.0383154
0.000871504
-0.0179382
-0.0240249
-0.0228037
-0.018322
-0.0131345
-0.00856694
-0.00510559
-0.00275585
-0.00130896
-0.00050022
-0.000103089
6.66405e-05
0.000103
0.000108378
6.41321e-05
99.9917
99.9974
100.035
100
99.9375
99.9951
100.09
100.021
99.8861
99.9485
100.13
100.099
99.8727
99.8398
100.094
100.225
99.9808
99.7301
99.8988
100.263
100.251
99.8319
99.6179
99.9682
100.418
100.304
99.7241
99.4614
99.9286
100.563
100.517
99.7662
99.214
99.599
100.553
100.964
100.26
99.1321
98.8388
99.8322
101.185
101.47
100.219
98.5014
97.9966
99.4178
101.723
102.878
101.567
98.442
95.8639
96.2535
100.194
105.591
108.452
104.814
92.7117
73.1421
49.6369
26.8023
8.61047
-2.80233
-7.44967
-6.99959
-3.8517
-0.231659
2.38723
3.44099
3.09734
1.91773
0.526627
-0.609348
-1.26504
-1.43202
-1.23759
-0.85585
-0.441606
-0.0970527
0.132904
0.247875
0.273047
0.242052
0.185435
0.125162
0.0737533
0.0360465
0.0118818
-0.00140359
-0.00717117
-0.00844185
-0.0074677
-0.00569458
-0.00391175
-0.00246384
-0.00142584
-0.000756789
-0.000354025
-0.000143008
-3.32778e-05
9.70508e-06
99.9978
99.9841
100.023
100.032
99.9586
99.9474
100.053
100.08
99.945
99.8852
100.04
100.152
99.9969
99.8166
99.9388
100.193
100.15
99.8401
99.7529
100.065
100.318
100.095
99.6882
99.7078
100.178
100.448
100.095
99.553
99.5702
100.192
100.64
100.291
99.5054
99.2439
99.905
100.786
100.843
99.8995
98.9212
99.0209
100.239
101.405
101.266
99.7671
98.2232
98.1656
99.9062
102.116
102.831
101.096
97.9062
95.6793
96.5755
100.81
106.081
108.481
104.349
92.0293
72.6415
49.6039
27.2588
9.32342
-2.18026
-7.20231
-7.22483
-4.44199
-0.946171
1.80881
3.17916
3.20393
2.32378
1.08948
-0.0466217
-0.825554
-1.18045
-1.17946
-0.95342
-0.636048
-0.328673
-0.0887197
0.065329
0.141257
0.159623
0.143348
0.111605
0.0774759
0.0481424
0.0263034
0.0118756
0.00343494
-0.000799901
-0.00242622
-0.00264135
-0.00223168
-0.00164587
-0.00110426
-0.000687011
-0.000392685
-0.000222897
-8.60481e-05
100.004
99.9808
100.001
100.043
99.9978
99.9333
99.9951
100.09
100.024
99.8895
99.9431
100.12
100.105
99.8904
99.8363
100.067
100.219
100.016
99.7534
99.8619
100.214
100.273
99.9077
99.6322
99.8802
100.344
100.366
99.8594
99.4796
99.7735
100.421
100.596
100.008
99.3216
99.3951
100.234
100.917
100.609
99.5375
98.8213
99.3099
100.641
101.516
100.955
99.3077
98.0394
98.4439
100.428
102.444
102.68
100.561
97.386
95.568
96.9738
101.46
106.554
108.464
103.837
91.313
72.1233
49.5665
27.7252
10.0673
-1.50277
-6.88306
-7.38368
-5.00015
-1.68562
1.1429
2.78319
3.16207
2.6048
1.58171
0.515492
-0.318905
-0.810765
-0.97699
-0.905602
-0.704038
-0.464602
-0.248913
-0.0870008
0.0154204
0.0671557
0.0828846
0.0772629
0.0618793
0.0443889
0.028942
0.0171492
0.00908925
0.00410755
0.00134194
5.0258e-06
-0.000506949
-0.000593653
-0.000511593
-0.000362951
-0.000260545
-0.000125154
100.008
99.9874
99.9818
100.031
100.032
99.9538
99.9478
100.055
100.079
99.947
99.888
100.034
100.146
100.007
99.8286
99.9271
100.171
100.159
99.8739
99.7553
100.021
100.293
100.14
99.7464
99.6837
100.088
100.421
100.19
99.6545
99.5251
100.03
100.568
100.434
99.7165
99.251
99.6488
100.537
100.922
100.287
99.2195
98.8513
99.6826
100.999
101.5
100.553
98.8739
97.9701
98.8256
100.959
102.688
102.421
99.9733
96.8968
95.5409
97.4507
102.142
107.005
108.395
103.272
90.5602
71.586
49.5243
28.2023
10.8438
-0.766112
-6.48494
-7.46492
-5.51114
-2.43388
0.401629
2.25502
2.95842
2.73006
1.95712
1.02105
0.197178
-0.374381
-0.668919
-0.735109
-0.652099
-0.497664
-0.330899
-0.187279
-0.081628
-0.014521
0.0210965
0.0347695
0.0353705
0.0296615
0.022038
0.0149026
0.00925967
0.00527669
0.00271965
0.00121384
0.000418286
3.41805e-05
-9.36972e-05
-0.000142928
-9.69414e-05
100.007
99.9988
99.9739
100.007
100.046
99.9926
99.9322
99.9995
100.089
100.02
99.8934
99.946
100.113
100.102
99.9017
99.8426
100.051
100.206
100.034
99.7784
99.8477
100.174
100.273
99.9606
99.6633
99.83
100.273
100.383
99.9628
99.5332
99.6828
100.283
100.597
100.183
99.4733
99.312
99.9669
100.764
100.793
99.9159
98.989
99.0163
100.104
101.274
101.349
100.088
98.5002
98.03
99.2973
101.473
102.829
102.053
99.3455
96.4551
95.6078
98.0072
102.848
107.426
108.268
102.651
89.7677
71.0273
49.4757
28.6897
11.6546
0.0341483
-5.99942
-7.45492
-5.95657
-3.17048
-0.397465
1.60292
2.58619
2.6745
2.17292
1.4139
0.660268
0.0680045
-0.30711
-0.480128
-0.50275
-0.435409
-0.329914
-0.222123
-0.13172
-0.0657697
-0.0233557
0.000311088
0.0110034
0.0138459
0.0126596
0.00992114
0.00701274
0.00456848
0.00276217
0.0015558
0.000803273
0.000378244
0.000152594
3.06947e-05
100.003
100.009
99.9788
99.9837
100.038
100.028
99.9491
99.9534
100.058
100.072
99.9451
99.8959
100.035
100.136
100.006
99.8413
99.9284
100.154
100.154
99.8955
99.7693
99.9971
100.264
100.158
99.7942
99.6873
100.028
100.378
100.239
99.7447
99.529
99.9176
100.473
100.498
99.8915
99.3279
99.499
100.297
100.874
100.541
99.5456
98.8821
99.305
100.53
101.431
101.066
99.5922
98.2207
98.2265
99.8388
101.941
102.848
101.579
98.6952
96.0791
95.7785
98.6427
103.573
107.811
108.077
101.969
88.9325
70.445
49.4193
29.187
12.5007
0.901798
-5.41812
-7.33895
-6.31487
-3.86885
-1.22741
0.847803
2.05344
2.42826
2.19948
1.64648
1.00986
0.449808
0.0428566
-0.199325
-0.303874
-0.31333
-0.269452
-0.204793
-0.140345
-0.0868694
-0.0477837
-0.0221694
-0.00716458
0.000474586
0.00355558
0.00415002
0.00361177
0.0027178
0.00185505
0.00117601
0.000684449
0.000399742
0.000159808
99.9989
100.013
99.9918
99.9714
100.015
100.046
99.9845
99.9349
100.008
100.085
100.011
99.8981
99.9563
100.108
100.09
99.9067
99.8564
100.047
100.189
100.036
99.8006
99.8515
100.146
100.257
99.9891
99.6986
99.8121
100.216
100.37
100.028
99.5961
99.6461
100.173
100.555
100.287
99.6198
99.3138
99.7822
100.581
100.842
100.2
99.2305
98.9212
99.6893
100.912
101.446
100.669
99.1084
98.0663
98.5584
100.422
102.332
102.733
101.007
98.043
95.7879
96.0619
99.3554
104.309
108.148
107.814
101.22
88.0509
69.8364
49.3534
29.6936
13.3834
1.84108
-4.73182
-7.10076
-6.56165
-4.4974
-2.05294
0.0228398
1.38475
2.0017
2.02973
1.69432
1.20718
0.723105
0.329865
0.0585051
-0.0977909
-0.164895
-0.173469
-0.150438
-0.115401
-0.0803749
-0.0512578
-0.0298246
-0.0155353
-0.00686547
-0.00212494
0.00013064
0.000973738
0.0010943
0.000936742
0.000665057
0.000482885
0.000236579
99.9958
100.012
100.006
99.9727
99.99
100.042
100.019
99.9456
99.9641
100.062
100.06
99.9404
99.909
100.042
100.123
99.9972
99.8543
99.9405
100.142
100.138
99.9053
99.7905
99.9918
100.236
100.154
99.827
99.7081
99.997
100.333
100.251
99.8107
99.5603
99.8558
100.384
100.503
100.011
99.4284
99.4388
100.11
100.764
100.668
99.8205
99.0214
99.1098
100.126
101.2
101.304
100.189
98.6817
98.0612
99.0141
101.013
102.614
102.473
100.351
97.4128
95.6015
96.4659
100.142
105.045
108.427
107.471
100.398
87.1182
69.1982
49.2756
30.2082
14.3033
2.85622
-3.93048
-6.72179
-6.66783
-5.01661
-2.82694
-0.822624
0.624804
1.42817
1.68082
1.55628
1.2337
0.855439
0.512471
0.248213
0.0713193
-0.0298531
-0.0752544
-0.0851786
-0.0761436
-0.0596137
-0.0424064
-0.0278291
-0.0169254
-0.00950123
-0.00485164
-0.0021611
-0.000755364
-8.11876e-05
0.000146075
0.000233942
0.000160489
99.9949
100.006
100.015
99.984
99.974
100.023
100.04
99.9748
99.9421
100.02
100.077
99.9969
99.905
99.9727
100.104
100.071
99.9072
99.8765
100.052
100.168
100.026
99.8193
99.8693
100.131
100.231
99.9961
99.732
99.8194
100.179
100.34
100.057
99.6531
99.6492
100.102
100.495
100.329
99.7337
99.3628
99.6813
100.419
100.808
100.374
99.463
98.9572
99.4301
100.559
101.351
101.01
99.6678
98.358
98.22
99.5706
101.571
102.758
102.066
99.6296
96.832
95.54
96.9968
100.995
105.771
108.638
107.036
99.4959
86.1286
68.526
49.1829
30.7297
15.2616
3.952
-3.00332
-6.18233
-6.60225
-5.38278
-3.49448
-1.62641
-0.162788
0.766285
1.20078
1.26618
1.10788
0.851044
0.583521
0.354954
0.184657
0.0722174
0.00712716
-0.0242226
-0.0344073
-0.0331407
-0.0269592
-0.0197038
-0.0132641
-0.00831862
-0.00486814
-0.00265902
-0.00132559
-0.000598572
-0.000219155
-2.95725e-05
99.9959
99.9994
100.017
99.9987
99.9705
99.9999
100.043
100.007
99.9452
99.9793
100.064
100.043
99.9355
99.9273
100.051
100.105
99.9823
99.869
99.9609
100.133
100.113
99.9061
99.8171
100.001
100.211
100.133
99.8453
99.7396
99.9915
100.293
100.236
99.8493
99.604
99.8376
100.316
100.473
100.075
99.5217
99.4418
99.992
100.644
100.697
100.009
99.1907
99.0562
99.842
100.928
101.337
100.588
99.16
98.1786
98.5441
100.193
102.053
102.74
101.516
98.8704
96.331
95.6229
97.6581
101.909
106.471
108.765
106.501
98.5048
85.0751
67.8137
49.0706
31.2551
16.2581
5.13272
-1.93917
-5.46142
-6.33143
-5.54867
-3.99561
-2.31931
-0.905017
0.0865518
0.651751
0.873484
0.864355
0.729765
0.549883
0.375549
0.232323
0.127827
0.0591459
0.0186603
-0.00214005
-0.0106296
-0.0123072
-0.0108034
-0.00825663
-0.00574965
-0.00372253
-0.00226856
-0.00128232
-0.000728737
-0.000285835
99.9981
99.9943
100.013
100.011
99.9777
99.9818
100.03
100.03
99.9659
99.9545
100.032
100.065
99.9809
99.9159
99.9931
100.097
100.047
99.9067
99.9024
100.061
100.144
100.006
99.8365
99.8977
100.126
100.198
99.9863
99.7621
99.8454
100.16
100.301
100.055
99.6977
99.6791
100.069
100.435
100.324
99.8052
99.4301
99.6502
100.303
100.733
100.448
99.6405
99.0565
99.3113
100.287
101.175
101.146
100.078
98.7245
98.176
99.0196
100.836
102.414
102.539
100.838
98.1068
95.9432
95.869
98.4507
102.869
107.13
108.792
105.85
97.4145
83.9499
67.0551
48.9334
31.7802
17.2902
6.39851
-0.732685
-4.54508
-5.82932
-5.47363
-4.27455
-2.8324
-1.52407
-0.529956
0.112168
0.448894
0.562558
0.538108
0.44523
0.332234
0.227289
0.14311
0.0823764
0.0423744
0.0182973
0.00522141
-0.000944364
-0.00317807
-0.00344123
-0.00287259
-0.00213009
-0.00139626
-0.000946048
-0.00044158
100
99.9923
100.006
100.016
99.9902
99.9736
100.011
100.038
99.9926
99.9498
99.997
100.061
100.022
99.9336
99.9504
100.06
100.083
99.9652
99.8877
99.9866
100.124
100.081
99.9025
99.849
100.02
100.187
100.101
99.8533
99.7788
100.005
100.26
100.2
99.8643
99.6525
99.8531
100.271
100.423
100.089
99.5939
99.4844
99.9395
100.541
100.664
100.108
99.3398
99.0922
99.6869
100.695
101.254
100.793
99.5408
98.4197
98.3677
99.6154
101.444
102.608
102.148
100.056
97.3792
95.7038
96.2952
99.3717
103.86
107.725
108.7
105.069
96.2125
82.7424
66.2409
48.763
32.2973
18.3508
7.74362
0.613469
-3.43022
-5.0839
-5.13401
-4.2948
-3.1171
-1.96201
-1.02017
-0.354549
0.0517466
0.25435
0.318464
0.301897
0.247882
0.18434
0.126514
0.0807121
0.0478417
0.0261152
0.0128203
0.00532885
0.00148713
-0.00019897
-0.000803702
-0.000799467
-0.000728891
-0.000413707
100.002
99.993
99.9986
100.016
100.003
99.9753
99.9933
100.033
100.015
99.9611
99.9717
100.04
100.047
99.9666
99.9327
100.014
100.085
100.02
99.9095
99.9335
100.072
100.115
99.9814
99.8558
99.9336
100.124
100.159
99.9659
99.7916
99.8849
100.153
100.255
100.032
99.7315
99.7276
100.067
100.38
100.286
99.837
99.5004
99.6719
100.238
100.647
100.447
99.7477
99.1717
99.2991
100.121
100.994
101.142
100.315
99.0462
98.2957
98.7512
100.282
101.955
102.6
101.57
99.2064
96.7348
95.6484
96.9147
100.413
104.861
108.234
108.467
104.139
94.8834
81.4386
65.3566
48.5435
32.7886
19.4199
9.14658
2.07808
-2.13466
-4.1057
-4.52949
-4.04272
-3.14592
-2.17902
-1.33515
-0.694514
-0.263476
-0.00896066
0.11623
0.157831
0.152562
0.126104
0.094214
0.0651222
0.042096
0.0255403
0.014529
0.00767422
0.00371378
0.00154256
0.000512491
1.12146e-05
-0.000124115
100.003
99.9955
99.9938
100.011
100.011
99.9834
99.9822
100.02
100.027
99.9803
99.9608
100.014
100.052
100
99.9381
99.9764
100.064
100.055
99.9506
99.9122
100.013
100.109
100.045
99.9003
99.8866
100.043
100.16
100.06
99.8576
99.8251
100.031
100.228
100.151
99.8633
99.7046
99.893
100.246
100.36
100.066
99.644
99.5518
99.9415
100.466
100.593
100.129
99.4472
99.1772
99.6434
100.536
101.124
100.842
99.7786
98.6686
98.3862
99.3001
100.955
102.307
102.364
100.824
98.3394
96.2266
95.8121
97.7361
101.561
105.847
108.627
108.067
103.036
93.4055
80.0164
64.3785
48.2482
33.2229
20.4613
10.5663
3.61644
-0.704007
-2.93752
-3.69599
-3.54401
-2.93237
-2.17624
-1.46511
-0.889667
-0.473617
-0.202253
-0.0441251
0.0349992
0.064698
0.0671305
0.0570685
0.0432801
0.0302529
0.0197994
0.0122113
0.00712596
0.00391924
0.00201204
0.000994918
0.000325357
100.002
99.9985
99.992
100.005
100.014
99.9936
99.9787
100.005
100.029
99.9993
99.9632
99.9909
100.042
100.025
99.9581
99.955
100.031
100.066
99.9933
99.9193
99.9671
100.076
100.081
99.9584
99.881
99.9727
100.12
100.114
99.9423
99.8249
99.9328
100.15
100.202
99.9955
99.7608
99.7897
100.085
100.328
100.223
99.8391
99.5701
99.7316
100.216
100.561
100.389
99.7892
99.2794
99.3613
100.059
100.847
101.052
100.396
99.265
98.4756
98.6998
99.9619
101.555
102.442
101.888
99.9488
97.5174
95.9126
96.2275
98.7611
102.794
106.783
108.867
107.464
101.728
91.7466
78.4408
63.2667
47.8308
33.5474
21.4154
11.9366
5.15808
0.790055
-1.64818
-2.69516
-2.84947
-2.51403
-1.97729
-1.42059
-0.939633
-0.570242
-0.312055
-0.146815
-0.0506509
-0.00107068
0.0199169
0.0251408
0.0228732
0.0179356
0.0128072
0.00851369
0.00537038
0.00314392
0.00189528
0.000802527
100.002
100.001
99.9927
99.9991
100.013
100.002
99.9815
99.9939
100.023
100.013
99.9738
99.977
100.025
100.036
99.9825
99.9507
100.001
100.058
100.025
99.9438
99.9421
100.035
100.087
100.01
99.9054
99.9285
100.063
100.126
100.017
99.866
99.8776
100.059
100.191
100.093
99.8571
99.7627
99.9477
100.229
100.287
100.019
99.6806
99.6367
99.9822
100.413
100.496
100.091
99.5138
99.2888
99.6867
100.456
100.985
100.778
99.8733
98.8649
98.5152
99.2126
100.659
101.998
102.312
101.186
99.0035
96.8164
95.8537
96.9221
99.9824
104.078
107.622
108.905
106.611
100.169
89.8578
76.6591
61.9627
47.2261
33.6892
22.2011
13.1691
6.60834
2.24946
-0.335225
-1.61964
-2.04268
-1.96223
-1.63949
-1.24471
-0.874358
-0.572152
-0.348473
-0.195743
-0.0990338
-0.0424477
-0.0123063
0.00176036
0.00687281
0.0075624
0.00637293
0.00479001
0.00317848
0.00220263
0.00105838
100.001
100.002
99.9949
99.9954
100.009
100.008
99.9877
99.9874
100.014
100.019
99.9872
99.9727
100.008
100.035
100.003
99.9591
99.9797
100.04
100.042
99.9735
99.938
99.9981
100.071
100.044
99.9436
99.9137
100.009
100.106
100.066
99.9243
99.8657
99.9821
100.142
100.141
99.9561
99.7945
99.8613
100.11
100.272
100.144
99.8268
99.644
99.8173
100.221
100.473
100.292
99.7829
99.3785
99.4764
100.078
100.742
100.91
100.349
99.3725
98.661
98.8022
99.8643
101.292
102.202
101.896
100.3
98.0716
96.3238
96.1096
97.9133
101.377
105.363
108.302
108.673
105.438
98.2887
87.6676
74.5957
60.3862
46.3489
33.5584
22.7242
14.1657
7.86651
3.57296
0.902411
-0.562686
-1.208
-1.34991
-1.22291
-0.984346
-0.728405
-0.503174
-0.326639
-0.199479
-0.11413
-0.0604761
-0.0289023
-0.011666
-0.00306003
0.000614493
0.0018892
0.00183174
0.00165632
0.000943285
100
100.003
99.9974
99.994
100.005
100.01
99.9945
99.9858
100.005
100.019
99.9989
99.9758
99.9942
100.027
100.016
99.9735
99.9699
100.019
100.044
99.9991
99.9484
99.9738
100.046
100.057
99.9812
99.9217
99.9704
100.071
100.085
99.9796
99.8851
99.9331
100.08
100.146
100.033
99.8575
99.8292
100.006
100.208
100.203
99.9623
99.7177
99.7367
100.044
100.367
100.379
100.014
99.5568
99.4222
99.7931
100.434
100.842
100.631
99.8499
98.9991
98.7092
99.3073
100.558
101.754
102.105
101.205
99.3082
97.2608
96.1342
96.7315
99.1986
102.896
106.57
108.729
108.076
103.854
95.9963
85.0858
72.1597
58.445
45.1059
33.0603
22.8882
14.8277
8.83212
4.65943
1.9651
0.380272
-0.43379
-0.75586
-0.795081
-0.695107
-0.545661
-0.396511
-0.270598
-0.174655
-0.106903
-0.0619808
-0.0338888
-0.0172463
-0.00802333
-0.00315087
-0.000933774
0.000115097
0.00034093
99.9995
100.003
99.9996
99.9943
100.001
100.009
100
99.9877
99.9977
100.015
100.007
99.9827
99.9868
100.017
100.022
99.9882
99.9696
100.001
100.036
100.016
99.9655
99.9632
100.02
100.055
100.01
99.9424
99.951
100.034
100.081
100.02
99.92
99.9135
100.024
100.122
100.078
99.9261
99.8395
99.935
100.127
100.206
100.061
99.8181
99.729
99.9157
100.231
100.373
100.17
99.7549
99.4822
99.6307
100.149
100.657
100.726
100.209
99.3951
98.8447
99.0193
99.9513
101.17
101.941
101.677
100.296
98.3259
96.6975
96.3386
97.7488
100.743
104.455
107.585
108.778
106.989
101.739
93.1803
82.0079
69.2537
56.0485
43.4129
32.1163
22.6191
15.084
9.43565
5.44035
2.7856
1.14443
0.219173
-0.235229
-0.404202
-0.417479
-0.358813
-0.277503
-0.199199
-0.134731
-0.0865274
-0.0529828
-0.0309395
-0.0172306
-0.00908128
-0.00448431
-0.0021104
-0.000647909
99.9993
100.002
100.001
99.9956
99.9982
100.007
100.003
99.9913
99.9938
100.01
100.01
99.9905
99.9847
100.007
100.021
99.9997
99.9753
99.99
100.025
100.023
99.9829
99.9636
100
100.043
100.026
99.9663
99.948
100.004
100.064
100.042
99.9568
99.9167
99.9832
100.084
100.093
99.9832
99.8744
99.9007
100.053
100.172
100.114
99.9141
99.7691
99.8459
100.103
100.309
100.246
99.9247
99.603
99.5795
99.9352
100.434
100.682
100.421
99.7511
99.1014
98.9597
99.5415
100.61
101.569
101.784
100.946
99.2816
97.5037
96.5132
97.0059
99.1488
102.459
105.914
108.245
108.284
105.26
98.9589
89.7259
78.3361
65.7946
53.1268
41.2109
30.6763
21.8724
14.8932
9.6362
5.87389
3.3208
1.68602
0.707767
0.171088
-0.0875112
-0.184002
-0.195156
-0.168149
-0.129519
-0.092451
-0.0622198
-0.0398486
-0.0243863
-0.0143664
-0.00797371
-0.00454805
-0.00184075
99.9993
100.001
100.002
99.9973
99.997
100.004
100.005
99.9951
99.9927
100.005
100.01
99.9969
99.9864
99.9995
100.016
100.007
99.9834
99.9852
100.013
100.024
99.9965
99.9706
99.988
100.028
100.031
99.9868
99.9555
99.9854
100.042
100.048
99.9868
99.9333
99.9616
100.047
100.086
100.021
99.9168
99.8962
99.9985
100.123
100.129
99.9874
99.8306
99.8265
100.008
100.221
100.256
100.043
99.7377
99.6078
99.8082
100.231
100.56
100.501
100.015
99.3861
99.0544
99.33
100.164
101.133
101.644
101.27
100.005
98.3239
97.0097
96.8207
98.1567
100.856
104.195
107.08
108.346
107.058
102.726
95.3837
85.5336
73.9992
61.7356
49.6535
38.4902
28.7425
20.6578
14.2676
9.445
5.96748
3.57293
2.00191
1.0243
0.452196
0.142423
-0.0075237
-0.0667409
-0.0790233
-0.0703124
-0.0547274
-0.0391977
-0.0263179
-0.016957
-0.0101642
-0.00640441
-0.00287422
99.9995
100
100.002
99.9987
99.9969
100.002
100.005
99.9982
99.9935
100.001
100.008
100.001
99.9899
99.9955
100.011
100.009
99.9911
99.9852
100.004
100.019
100.005
99.9798
99.9833
100.014
100.028
100.001
99.9676
99.9772
100.022
100.043
100.006
99.9541
99.9556
100.017
100.068
100.039
99.955
99.9103
99.967
100.075
100.117
100.032
99.8926
99.8411
99.9503
100.137
100.226
100.108
99.855
99.6785
99.7574
100.077
100.413
100.486
100.175
99.6366
99.2258
99.2764
99.867
100.732
101.378
101.343
100.466
99.0179
97.6198
96.9995
97.6792
99.734
102.711
105.727
107.705
107.655
104.904
99.2406
90.9143
80.5471
68.9755
57.082
45.6539
35.2897
26.3618
19.0248
13.2549
8.9043
5.75552
3.56752
2.10894
1.178
0.611298
0.284525
0.108243
0.0214403
-0.0154162
-0.0264841
-0.0258457
-0.0207449
-0.0152603
-0.010035
-0.00697977
-0.00340892
99.9996
100
100.001
99.9997
99.9974
100
100.004
100
99.9951
99.9987
100.006
100.003
99.9937
99.9942
100.006
100.009
99.9968
99.9879
99.9985
100.014
100.008
99.9884
99.9838
100.004
100.022
100.008
99.9798
99.9767
100.008
100.033
100.016
99.9732
99.9597
99.9986
100.047
100.043
99.9831
99.9322
99.955
100.037
100.093
100.052
99.9428
99.8726
99.9256
100.071
100.177
100.129
99.9403
99.7611
99.7606
99.9801
100.278
100.418
100.246
99.8231
99.4129
99.3251
99.7072
100.42
101.081
101.255
100.7
99.527
98.2006
97.3637
97.5747
99.0598
101.581
104.464
106.764
107.509
105.935
101.652
94.7009
85.5102
74.7759
63.312
51.9074
41.2185
31.7092
23.6367
17.073
11.9474
8.09571
5.30694
3.36015
2.04981
1.20004
0.669919
0.352729
0.17164
0.0738079
0.0246632
0.0023151
-0.00590912
-0.00790076
-0.00663252
-0.00555836
-0.00306774
99.9998
99.9998
100.001
100
99.9982
99.9994
100.003
100.001
99.9968
99.9978
100.003
100.004
99.9968
99.9946
100.002
100.007
100
99.9915
99.9959
100.008
100.009
99.9949
99.987
99.9986
100.015
100.011
99.9896
99.9807
99.9989
100.022
100.018
99.9874
99.9688
99.9893
100.028
100.038
100
99.9544
99.9562
100.012
100.066
100.054
99.9768
99.9078
99.9243
100.027
100.127
100.121
99.9918
99.8355
99.7939
99.9331
100.173
100.331
100.253
99.941
99.5772
99.4244
99.6529
100.21
100.815
101.089
100.765
99.8506
98.6746
97.7775
97.6971
98.7383
100.817
103.436
105.793
106.984
106.217
102.993
97.1935
89.0804
79.2093
68.3042
57.1225
46.3411
36.4826
27.8825
20.6943
14.9194
10.449
7.10864
4.69609
3.01048
1.87066
1.12473
0.652539
0.363781
0.193509
0.0971306
0.0449056
0.0183522
0.00549803
0.000407686
-0.00179259
-0.00163876
99.9999
99.9997
100.001
100
99.9989
99.9992
100.001
100.001
99.9983
99.9979
100.002
100.003
99.9989
99.9959
100
100.005
100.002
99.9949
99.9956
100.004
100.007
99.9989
99.9911
99.9963
100.008
100.009
99.9961
99.9862
99.9952
100.013
100.015
99.9962
99.9787
99.9872
100.015
100.028
100.007
99.9724
99.9646
99.9991
100.043
100.045
99.9956
99.9385
99.9362
100.004
100.085
100.099
100.015
99.8922
99.8382
99.9219
100.104
100.249
100.224
100.001
99.7013
99.5352
99.6663
100.091
100.608
100.906
100.727
100.021
99.017
98.1563
97.9265
98.6577
100.362
102.68
104.943
106.33
106.068
103.603
98.7087
91.5132
82.447
72.1393
61.296
50.5877
40.567
31.6236
23.9753
17.6855
12.6978
8.87602
6.04157
4.00426
2.58376
1.62238
0.990572
0.587427
0.337696
0.187731
0.100419
0.0514521
0.0248369
0.0111697
0.00449615
0.00102047
100
99.9998
100
100
99.9995
99.9992
100.001
100.001
99.9993
99.9984
100
100.002
100
99.9974
99.9991
100.003
100.002
99.9975
99.9965
100.001
100.005
100.001
99.9947
99.9962
100.004
100.007
99.9995
99.9915
99.9948
100.007
100.011
100
99.9872
99.9893
100.007
100.019
100.008
99.9847
99.9751
99.9948
100.026
100.033
100.003
99.961
99.9528
99.9954
100.055
100.074
100.02
99.9292
99.8803
99.932
100.065
100.184
100.18
100.019
99.7829
99.6338
99.7137
100.04
100.468
100.744
100.639
100.083
99.2361
98.4588
98.1786
98.7174
100.139
102.178
104.276
105.701
105.72
103.762
99.5359
93.0739
84.7029
74.9636
64.5034
53.9692
43.9221
34.7848
26.8214
20.1456
14.7467
10.5247
7.32628
4.97552
3.29724
2.1323
1.34553
0.828284
0.497138
0.290729
0.16544
0.0914426
0.0490656
0.0251238
0.0130556
0.00483582
100
99.9998
100
100
99.9998
99.9995
100
100.001
99.9999
99.999
99.9999
100.001
100
99.9987
99.9991
100.001
100.002
99.9991
99.9978
100
100.003
100.001
99.9975
99.9972
100.001
100.004
100.001
99.9956
99.9962
100.003
100.006
100.001
99.9932
99.993
100.003
100.011
100.006
99.9918
99.9847
99.9957
100.015
100.021
100.003
99.9752
99.9688
99.9965
100.037
100.05
100.014
99.9495
99.914
99.9512
100.049
100.139
100.137
100.013
99.8289
99.7098
99.7712
100.033
100.383
100.617
100.539
100.078
99.3578
98.6761
98.405
98.8409
100.067
101.879
103.799
105.173
105.319
103.674
99.9144
94.0076
86.2016
76.9623
66.8795
56.5676
46.5821
37.3617
29.2015
22.2527
16.5419
12.0014
8.50196
5.8834
3.97841
2.62957
1.69917
1.07354
0.66317
0.400478
0.236427
0.136187
0.0769465
0.0415946
0.0235155
0.00966912
100
99.9999
100
100
100
99.9997
99.9999
100
100
99.9996
99.9997
100
100
99.9996
99.9994
100
100.001
100
99.999
99.9997
100.001
100.001
99.9992
99.9986
100
100.002
100.001
99.9983
99.9982
100.001
100.003
100.001
99.9969
99.9969
100.002
100.005
100.002
99.9949
99.9921
99.9992
100.01
100.012
99.9988
99.9827
99.9816
100.002
100.028
100.033
100.003
99.9579
99.9376
99.9717
100.048
100.111
100.1
99.9956
99.8491
99.7619
99.8244
100.049
100.341
100.529
100.448
100.041
99.4111
98.817
98.584
98.9779
100.082
101.724
103.484
104.771
104.949
103.479
100.025
94.5161
87.1448
78.3174
68.573
58.4919
48.6156
39.3869
31.1191
23.9897
18.0542
13.2712
9.53336
6.6955
4.59949
3.09165
2.03408
1.31025
0.826541
0.510588
0.309103
0.182919
0.106728
0.0595384
0.0352143
0.0152201
100
100
99.9999
100
100
100
99.9999
100
100
100
99.9998
99.9999
100
100
99.9998
99.9998
100
100
100
99.9998
99.9999
100
100
100
100
100
99.9999
99.9998
100
100.001
100
99.9991
99.9987
100
100.002
100.002
99.9988
99.9955
99.997
100.003
100.008
100.005
99.9939
99.9855
99.9906
100.009
100.025
100.021
99.9924
99.9589
99.9521
99.9893
100.053
100.097
100.073
99.9755
99.8533
99.7934
99.8667
100.074
100.327
100.474
100.377
99.9934
99.4228
98.8988
98.7126
99.1009
100.137
101.663
103.295
104.487
104.647
103.26
99.9937
94.7567
87.7044
79.1995
69.7392
59.8726
50.1232
40.9308
32.6175
25.378
19.2884
14.3284
10.4084
7.3973
5.14591
3.50541
2.33925
1.52974
0.980687
0.616306
0.380148
0.229407
0.13694
0.07805
0.0475539
0.021206
100
100
100
99.9999
100
100
99.9999
99.9998
100
100
100
99.9996
99.9999
100
100
99.9996
99.9995
100
100.001
100
99.9993
99.9994
100
100.001
100
99.999
99.999
100
100.002
100.001
99.9988
99.9976
99.9993
100.002
100.003
100
99.9959
99.9948
99.9997
100.007
100.008
100.001
99.9895
99.9855
99.996
100.015
100.026
100.014
99.9835
99.9562
99.9596
100.002
100.062
100.092
100.056
99.9575
99.8492
99.8098
99.8966
100.099
100.328
100.444
100.327
99.9488
99.4128
98.9395
98.797
99.1981
100.202
101.655
103.192
104.301
104.421
103.062
99.9019
94.8403
88.0109
79.7459
70.5108
60.8278
51.2027
42.0683
33.7493
26.4501
20.2613
15.1777
11.1243
7.98149
5.60849
3.86149
2.60615
1.72476
1.11985
0.713255
0.446355
0.2734
0.166026
0.0961296
0.0598354
0.0272759
100
100
100
99.9999
100
100
100
99.9997
100
100
100
99.9995
99.9997
100
100.001
99.9997
99.9992
100
100.001
100
99.9991
99.9989
100
100.002
100.001
99.9984
99.9982
100.001
100.003
100.002
99.998
99.9964
99.9992
100.004
100.005
99.9999
99.9939
99.9937
100.001
100.009
100.009
99.9988
99.9861
99.9843
99.9988
100.02
100.028
100.011
99.9771
99.9523
99.9626
100.011
100.069
100.091
100.046
99.9438
99.842
99.8165
99.9157
100.12
100.336
100.43
100.294
99.9128
99.3945
98.955
98.8479
99.2682
100.262
101.672
103.145
104.187
104.263
102.903
99.7965
94.8424
88.1626
80.0692
71.0047
61.4702
51.9557
42.8852
34.5826
27.2572
21.0084
15.8423
11.6944
8.45455
5.98915
4.15911
2.83266
1.89277
1.24153
0.799261
0.505969
0.313573
0.193006
0.11312
0.071574
0.0331753
100
100
100
99.9998
100
100
100
99.9996
99.9999
100
100
99.9995
99.9995
100
100.001
99.9997
99.999
99.9999
100.001
100.001
99.999
99.9985
100
100.002
100.001
99.9982
99.9976
100
100.003
100.002
99.9978
99.9955
99.9988
100.004
100.006
99.9999
99.9927
99.9926
100.001
100.011
100.011
99.998
99.9837
99.9828
99.9999
100.023
100.03
100.01
99.973
99.9487
99.963
100.016
100.075
100.093
100.041
99.9343
99.8346
99.8177
99.9268
100.136
100.346
100.426
100.275
99.8865
99.3753
98.9564
98.8753
99.3149
100.31
101.699
103.131
104.124
104.16
102.786
99.7011
94.8081
88.2235
80.2472
71.3061
61.8854
52.4621
43.452
35.1758
27.8448
21.5635
16.3452
12.1333
8.82473
6.29169
4.39923
3.01808
2.03226
1.34397
0.872663
0.557557
0.34879
0.217003
0.128411
0.0823028
0.0386498
100
100
100
99.9998
100
100
100
99.9996
99.9998
100
100
99.9995
99.9994
100
100.001
99.9998
99.9989
99.9997
100.001
100.001
99.999
99.9983
100
100.002
100.001
99.9982
99.9972
100
100.004
100.003
99.9977
99.995
99.9984
100.005
100.006
100
99.9921
99.9917
100.001
100.012
100.012
99.9979
99.9823
99.9814
100
100.025
100.032
100.01
99.9706
99.9457
99.9623
100.019
100.08
100.096
100.039
99.9284
99.8285
99.8162
99.9323
100.146
100.355
100.427
100.265
99.8691
99.3592
98.9517
98.8882
99.3438
100.345
101.724
103.132
104.092
104.097
102.705
99.625
94.7643
88.238
80.3391
71.4844
62.1476
52.7959
43.8377
35.5901
28.2643
21.9678
16.7182
12.4643
9.10825
6.52689
4.58857
3.16633
2.14529
1.42808
0.933703
0.601016
0.378816
0.23774
0.141768
0.0918068
0.0435668
100
100
100
99.9998
99.9999
100
100
99.9996
99.9998
100
100
99.9995
99.9993
100
100.001
99.9999
99.9988
99.9996
100.001
100.001
99.9991
99.9981
100
100.002
100.001
99.9983
99.997
100
100.004
100.003
99.9978
99.9947
99.9981
100.005
100.007
100.001
99.9918
99.991
100.001
100.013
100.013
99.9982
99.9816
99.9803
99.9998
100.026
100.033
100.01
99.9694
99.9437
99.9611
100.02
100.083
100.098
100.039
99.925
99.824
99.8139
99.9345
100.152
100.362
100.429
100.261
99.8583
99.347
98.9449
98.8925
99.3601
100.368
101.745
103.14
104.079
104.061
102.652
99.5689
94.723
88.23
80.3796
71.5825
62.3049
53.0064
44.0899
35.8688
28.5534
22.2521
16.9853
12.7054
9.31814
6.70363
4.7329
3.28089
2.2338
1.4948
0.982725
0.636365
0.403524
0.255029
0.15302
0.0999235
0.0478232
100
100
100
99.9998
99.9999
100
100
99.9996
99.9997
100
100
99.9996
99.9993
100
100.001
100
99.9988
99.9995
100.001
100.001
99.9992
99.9981
99.9999
100.002
100.002
99.9983
99.9969
99.9998
100.004
100.003
99.998
99.9946
99.9978
100.005
100.007
100.001
99.9918
99.9906
100.001
100.013
100.013
99.9985
99.9813
99.9796
99.9994
100.026
100.034
100.011
99.9689
99.9424
99.9601
100.02
100.084
100.1
100.039
99.9234
99.821
99.8117
99.935
100.156
100.366
100.432
100.259
99.8523
99.3387
98.9388
98.8928
99.3687
100.383
101.761
103.149
104.075
104.041
102.619
99.5304
94.6901
88.2154
80.3949
71.6354
62.3983
53.1382
44.2535
36.0546
28.7504
22.4497
17.1744
12.8788
9.47128
6.83438
4.84109
3.36786
2.30181
1.54668
1.02128
0.664487
0.423385
0.26909
0.162257
0.106665
0.0514
100
100
100
99.9998
99.9999
100
100
99.9996
99.9997
100
100
99.9996
99.9993
100
100.001
100
99.9988
99.9995
100.001
100.001
99.9993
99.9981
99.9998
100.002
100.002
99.9984
99.9969
99.9997
100.004
100.003
99.9981
99.9945
99.9977
100.005
100.007
100.001
99.9918
99.9904
100.001
100.013
100.013
99.9987
99.9812
99.9792
99.9991
100.026
100.035
100.011
99.9688
99.9416
99.9593
100.02
100.085
100.102
100.04
99.9227
99.8192
99.8099
99.9346
100.157
100.369
100.435
100.259
99.8492
99.3334
98.9338
98.8912
99.3725
100.392
101.772
103.157
104.076
104.032
102.6
99.5052
94.6654
88.1995
80.3959
71.6596
62.449
53.2153
44.3538
36.1725
28.8789
22.5815
17.3028
12.9987
9.57898
6.92775
4.91945
3.43172
2.3524
1.58577
1.05068
0.686201
0.438894
0.280211
0.169635
0.112122
0.0543336
100
100
100
99.9998
99.9999
100
100
99.9996
99.9997
100
100
99.9996
99.9993
100
100.001
100
99.9989
99.9994
100.001
100.001
99.9993
99.9981
99.9998
100.002
100.002
99.9985
99.9969
99.9997
100.004
100.003
99.9982
99.9945
99.9976
100.005
100.007
100.001
99.9918
99.9903
100
100.013
100.014
99.9989
99.9812
99.979
99.9988
100.026
100.035
100.012
99.9689
99.9412
99.9587
100.02
100.086
100.102
100.041
99.9226
99.8182
99.8086
99.934
100.158
100.371
100.437
100.26
99.8479
99.3303
98.9304
98.8894
99.3738
100.397
101.779
103.163
104.078
104.028
102.59
99.4896
94.6488
88.1871
80.3931
71.6711
62.4777
53.2618
44.4165
36.2482
28.9632
22.6696
17.3902
13.0814
9.65424
6.99379
4.97553
3.47792
2.38938
1.61463
1.0726
0.702544
0.450666
0.288733
0.17533
0.116372
0.0566394
100
100
100
99.9998
99.9999
100
100
99.9996
99.9997
100
100
99.9996
99.9993
100
100.001
100
99.9989
99.9994
100.001
100.001
99.9993
99.9981
99.9997
100.002
100.002
99.9985
99.9969
99.9996
100.004
100.003
99.9982
99.9946
99.9975
100.005
100.007
100.001
99.9919
99.9903
100
100.013
100.014
99.9991
99.9813
99.9788
99.9986
100.026
100.035
100.012
99.969
99.9411
99.9583
100.02
100.086
100.103
100.041
99.9227
99.8177
99.8078
99.9335
100.158
100.372
100.438
100.261
99.8474
99.3285
98.928
98.8876
99.3739
100.399
101.783
103.168
104.081
104.028
102.585
99.4804
94.6375
88.1769
80.3876
71.6736
62.4905
53.2861
44.4519
36.293
29.0149
22.7251
17.4466
13.136
9.70481
7.03895
5.0145
3.51053
2.41587
1.6356
1.08874
0.714747
0.459565
0.29527
0.179747
0.119718
0.058482
100
100
100
99.9998
99.9999
100
100
99.9996
99.9997
100
100
99.9996
99.9993
100
100.001
100
99.9989
99.9994
100.001
100.001
99.9993
99.9981
99.9997
100.002
100.002
99.9985
99.9969
99.9996
100.003
100.003
99.9983
99.9946
99.9975
100.005
100.007
100.001
99.992
99.9903
100
100.013
100.014
99.9992
99.9813
99.9788
99.9985
100.026
100.035
100.012
99.9692
99.941
99.9581
100.019
100.086
100.103
100.042
99.9228
99.8175
99.8073
99.933
100.158
100.373
100.439
100.262
99.8474
99.3277
98.9266
98.8864
99.3736
100.4
101.785
103.171
104.083
104.028
102.582
99.4752
94.6309
88.1707
80.384
71.6747
62.4981
53.3009
44.4739
36.3213
29.0479
22.761
17.4834
13.1719
9.7384
7.06918
5.04077
3.53265
2.43395
1.65
1.09988
0.723214
0.465767
0.299846
0.18285
0.122078
0.0597863
100
100
100
99.9998
99.9999
100
100
99.9996
99.9997
100
100
99.9996
99.9993
100
100.001
100
99.9989
99.9994
100.001
100.001
99.9993
99.9981
99.9997
100.002
100.002
99.9985
99.9969
99.9996
100.003
100.003
99.9983
99.9946
99.9975
100.005
100.007
100.001
99.992
99.9903
100
100.013
100.014
99.9992
99.9814
99.9788
99.9984
100.026
100.035
100.012
99.9692
99.941
99.958
100.019
100.086
100.103
100.042
99.923
99.8174
99.807
99.9327
100.158
100.373
100.44
100.262
99.8476
99.3272
98.9257
98.8854
99.3731
100.401
101.787
103.173
104.085
104.029
102.581
99.4724
94.6266
88.1657
80.3797
71.6727
62.4996
53.3069
44.4846
36.3366
29.067
22.7828
17.5066
13.1953
9.76088
7.08993
5.05924
3.54856
2.44722
1.66079
1.10838
0.729807
0.470679
0.303546
0.185396
0.124055
0.0609023
100
100
100
99.9998
99.9999
100
100
99.9996
99.9997
100
100
99.9996
99.9993
100
100.001
100
99.9989
99.9994
100.001
100.001
99.9993
99.9981
99.9997
100.002
100.002
99.9985
99.9969
99.9996
100.003
100.003
99.9983
99.9946
99.9975
100.005
100.007
100.001
99.992
99.9903
100
100.013
100.014
99.9992
99.9814
99.9788
99.9984
100.026
100.035
100.012
99.9693
99.941
99.958
100.019
100.086
100.103
100.042
99.9231
99.8174
99.8069
99.9325
100.158
100.373
100.44
100.262
99.8477
99.3271
98.9254
98.885
99.3728
100.401
101.787
103.173
104.086
104.029
102.581
99.4711
94.6246
88.1636
80.3782
71.6725
62.5015
53.3112
44.4915
36.3459
29.0782
22.7953
17.5197
13.2084
9.7734
7.1014
5.06937
3.55722
2.45441
1.6666
1.11294
0.733315
0.47328
0.30549
0.186729
0.12508
0.0614776
100
100
100
99.9998
99.9999
100
100
99.9996
99.9997
100
100
99.9996
99.9993
100
100.001
100
99.9989
99.9994
100.001
100.001
99.9993
99.9981
99.9997
100.002
100.002
99.9985
99.9969
99.9996
100.003
100.003
99.9983
99.9946
99.9975
100.005
100.007
100.001
99.992
99.9903
100
100.013
100.014
99.9993
99.9814
99.9788
99.9984
100.026
100.035
100.012
99.9694
99.9411
99.958
100.019
100.086
100.103
100.042
99.9232
99.8175
99.8069
99.9324
100.158
100.373
100.44
100.263
99.8479
99.3271
98.9251
98.8845
99.3724
100.4
101.787
103.174
104.087
104.03
102.581
99.4704
94.6232
88.1617
80.3764
71.6715
62.5019
53.3136
44.4963
36.353
29.0875
22.8063
17.5318
13.2209
9.78578
7.11311
5.08004
3.56661
2.46241
1.67323
1.11827
0.73753
0.476473
0.307943
0.188443
0.126437
0.0622577
)
;

boundaryField
{
    left
    {
        type            fixedValue;
        value           uniform 100;
    }
    right
    {
        type            zeroGradient;
    }
    up
    {
        type            zeroGradient;
    }
    down
    {
        type            fixedValue;
        value           uniform 0;
    }
    frontAndBack
    {
        type            empty;
    }
}


// ************************************************************************* //
