/*--------------------------------*- C++ -*----------------------------------*\
  =========                 |
  \\      /  F ield         | OpenFOAM: The Open Source CFD Toolbox
   \\    /   O peration     | Website:  https://openfoam.org
    \\  /    A nd           | Version:  8
     \\/     M anipulation  |
\*---------------------------------------------------------------------------*/
FoamFile
{
    version     2.0;
    format      ascii;
    class       volScalarField;
    location    "0.47";
    object      T;
}
// * * * * * * * * * * * * * * * * * * * * * * * * * * * * * * * * * * * * * //

dimensions      [0 0 0 1 0 0 0];

internalField   nonuniform List<scalar> 
10000
(
50
4.65156
-4.65132
-1.18109
1.18001
0.453133
-0.449959
-0.224038
0.216974
0.134297
-0.121093
-0.0945627
0.0727813
0.0755756
-0.0430638
-0.0653651
0.0209571
0.0578678
-0.00227071
-0.0494534
-0.0138861
0.0379789
0.0264536
-0.0228162
-0.0333273
0.00518169
0.032442
0.0117615
-0.0231428
-0.0235331
0.00747475
0.0259944
0.00939805
-0.0177466
-0.0205138
0.00211512
0.0203786
0.0130451
-0.00888544
-0.0189321
-0.00695992
0.0117186
0.0162707
0.00325405
-0.0120826
-0.0139051
-0.00176097
0.0110769
0.0122859
0.00196658
-0.00922631
-0.0112209
-0.0033128
0.00664476
0.0101606
0.00517058
-0.00334682
-0.00841668
-0.00670896
-0.000373967
0.00548214
0.00691992
0.0036372
-0.00153064
-0.00505982
-0.00508467
-0.002184
0.00148792
0.0037836
0.00375122
0.00186366
-0.000574414
-0.00229273
-0.00266633
-0.00183857
-0.000444353
0.000810245
0.00147108
0.00144857
0.000940421
0.000263386
-0.000305676
-0.000616796
-0.00065702
-0.000504468
-0.000271104
-5.0368e-05
0.0001007
0.00017111
0.000171969
0.000135752
8.277e-05
4.00616e-05
6.88352e-06
-3.83593e-06
-8.56144e-06
1.17257e-06
7.70477e-06
1.77964e-05
2.47182e-05
95.3485
49.9999
10.4838
-4.65056
-2.81398
1.17735
1.12682
-0.44363
-0.575026
0.204743
0.349813
-0.100509
-0.243066
0.0416196
0.184583
-1.32942e-06
-0.14531
-0.0335511
0.111261
0.0605586
-0.075598
-0.0786993
0.0363859
0.0840299
0.0038763
-0.0732746
-0.0387802
0.0464374
0.059766
-0.00901473
-0.0596549
-0.0276654
0.0372974
0.0494978
-0.00107946
-0.0462246
-0.0320054
0.0189911
0.0438435
0.0166498
-0.0270542
-0.0375367
-0.00669935
0.0287479
0.0315441
0.00210116
-0.0269932
-0.027401
-0.0017153
0.0233352
0.0249676
0.00429917
-0.0181804
-0.0231691
-0.00858848
0.0114273
0.0204544
0.0129715
-0.00328435
-0.0153448
-0.0152925
-0.00489627
0.00741039
0.0134085
0.0103498
0.00156362
-0.00684045
-0.0101753
-0.00754039
-0.00145336
0.00430915
0.00698323
0.00595632
0.00250969
-0.00129179
-0.0037589
-0.00421907
-0.0030075
-0.00102517
0.000798251
0.00187461
0.00206734
0.00158809
0.000802448
4.74572e-05
-0.000467388
-0.00068474
-0.000652801
-0.000477933
-0.000257377
-7.10735e-05
5.54886e-05
0.000106901
0.000113565
7.86088e-05
4.40001e-05
-2.19727e-06
-2.47927e-05
-4.97746e-05
-5.44744e-05
104.651
89.5162
49.9998
12.1166
-4.64898
-3.48758
1.17256
1.4779
-0.433376
-0.791029
0.186473
0.499445
-0.0717819
-0.35407
0.000745512
0.267511
0.0530809
-0.202564
-0.096311
0.141691
0.12716
-0.0778607
-0.14006
0.011968
0.129234
0.0482517
-0.0926501
-0.0903723
0.0358407
0.101897
0.0263006
-0.0771567
-0.0722311
0.02393
0.0822818
0.0349421
-0.0506976
-0.0694309
-0.00590881
0.059313
0.052874
-0.0111947
-0.0580729
-0.0397892
0.0182328
0.053004
0.0322365
-0.0181265
-0.0469518
-0.0296203
0.0130846
0.0403155
0.0301113
-0.00456401
-0.0321056
-0.0311276
-0.0059262
0.0211099
0.0295814
0.0158435
-0.00734237
-0.0227564
-0.0213088
-0.00650634
0.010302
0.0186275
0.0150355
0.00364851
-0.00789148
-0.0134649
-0.0114024
-0.00427033
0.00348481
0.0081918
0.00848152
0.00527983
0.0007479
-0.00300377
-0.00477445
-0.00447329
-0.00280036
-0.000724332
0.000962291
0.00186081
0.00196494
0.00151623
0.000837776
0.000194669
-0.000254589
-0.000475053
-0.000497174
-0.000403063
-0.000253098
-0.000115004
6.97996e-07
6.41274e-05
0.000106334
0.00010519
0.000110613
8.31986e-05
101.181
104.651
87.8834
49.9995
12.7902
-4.64629
-3.83888
1.16511
1.69464
-0.418481
-0.942278
0.161407
0.613303
-0.0343575
-0.441324
-0.0498273
0.330511
0.115163
-0.239634
-0.164911
0.150362
0.193627
-0.0579558
-0.193035
-0.0316008
0.157375
0.103924
-0.088995
-0.14104
0.00250869
0.129684
0.0756706
-0.0712509
-0.115348
-0.0118862
0.0976515
0.0805952
-0.030521
-0.0972401
-0.0476004
0.0514239
0.0859998
0.0250725
-0.0574464
-0.073755
-0.0138925
0.0547994
0.0644354
0.0119762
-0.0470509
-0.058099
-0.0166011
0.0354278
0.0525888
0.0247648
-0.0201492
-0.0446954
-0.0326543
0.00221317
0.0315522
0.035455
0.0148903
-0.0128686
-0.0288433
-0.0249226
-0.00672768
0.0126822
0.0221147
0.0182292
0.00558954
-0.00765295
-0.0148735
-0.0139284
-0.00704169
0.00140971
0.00748815
0.00931194
0.00726038
0.003136
-0.00099917
-0.00370755
-0.00451096
-0.00374181
-0.00214232
-0.000466427
0.000779247
0.0014
0.00146226
0.00115735
0.000711025
0.000280189
-3.12224e-05
-0.000217045
-0.000278675
-0.000277254
-0.000227122
-0.000180457
-0.000129107
-0.000102061
-7.26486e-05
98.8198
102.814
104.65
87.2097
49.9992
13.1417
-4.64223
-4.05632
1.15449
1.84756
-0.398282
-1.05928
0.128903
0.705597
0.0120983
-0.511394
-0.109734
0.376286
0.184761
-0.257491
-0.236468
0.138149
0.255804
-0.0180988
-0.233011
-0.0897145
0.164983
0.163779
-0.0620394
-0.182543
-0.0490359
0.136739
0.130021
-0.0409856
-0.146496
-0.0636612
0.0890921
0.123975
0.0118971
-0.104759
-0.0946819
0.0186691
0.102766
0.0714414
-0.0313215
-0.0938491
-0.0579522
0.0312465
0.08309
0.053174
-0.022384
-0.071229
-0.0538626
0.00735432
0.0565477
0.0554381
0.0111245
-0.0369465
-0.0524418
-0.0285115
0.0125123
0.0401089
0.0379337
0.0119327
-0.0179022
-0.0329098
-0.0268206
-0.00677874
0.0137243
0.0237812
0.0203171
0.00778358
-0.00597265
-0.014415
-0.015054
-0.00947222
-0.00147019
0.00520836
0.0084107
0.0079452
0.00503002
0.00137074
-0.00162564
-0.00324629
-0.00346665
-0.0027099
-0.00153495
-0.000416593
0.000380157
0.000775451
0.000847348
0.000705656
0.000496219
0.000280963
0.000138634
4.18474e-05
1.82757e-05
1.3164e-05
3.15459e-05
5.62438e-05
99.547
98.822
103.488
104.648
86.8582
49.9989
13.3596
-4.63653
-4.21059
1.1402
1.96747
-0.372174
-1.15667
0.0884454
0.783337
0.0676905
-0.567311
-0.178264
0.405813
0.259966
-0.256483
-0.307741
0.106104
0.309511
0.0387633
-0.256015
-0.156912
0.150117
0.220401
-0.013792
-0.207677
-0.11203
0.119454
0.179444
0.0106513
-0.157042
-0.121698
0.0547739
0.153223
0.0688287
-0.0858506
-0.133682
-0.0335445
0.0938938
0.113662
0.0165038
-0.0889249
-0.0989982
-0.0140875
0.0764949
0.0895318
0.0219628
-0.0583448
-0.0817279
-0.0355223
0.0345575
0.0704137
0.048928
-0.00637985
-0.0508546
-0.0546609
-0.0210139
0.022207
0.0457021
0.0379195
0.00867309
-0.0212984
-0.0349148
-0.0277073
-0.00740749
0.0130842
0.0236669
0.0214267
0.0101995
-0.00303911
-0.0122245
-0.0146278
-0.0110501
-0.00442927
0.00200127
0.00606293
0.00710703
0.00573401
0.00314941
0.000530915
-0.00135016
-0.00223337
-0.00224523
-0.00172194
-0.00100415
-0.000363641
8.45312e-05
0.000293062
0.000338835
0.000249737
0.000146726
9.41904e-06
-5.82717e-05
-0.00013309
-0.00014151
100.45
98.8732
98.8262
103.839
104.644
86.6403
49.9984
13.5147
-4.62893
-4.33276
1.12179
2.06937
-0.339614
-1.24187
0.0396509
0.849958
0.13229
-0.610254
-0.254365
0.419227
0.338496
-0.236851
-0.37526
0.0557517
0.350769
0.108885
-0.258997
-0.22709
0.112585
0.266596
0.0515648
-0.21095
-0.178133
0.077434
0.214429
0.0771111
-0.141542
-0.174627
-0.0020744
0.158747
0.128693
-0.0403205
-0.152104
-0.0940385
0.0566069
0.137331
0.0749116
-0.0549997
-0.121425
-0.0691771
0.0412311
0.105011
0.0719346
-0.0187485
-0.0851332
-0.0765497
-0.00904279
0.0581701
0.0750192
0.0360723
-0.0234863
-0.0599517
-0.0525184
-0.0126738
0.0295978
0.0483491
0.0365894
0.00631659
-0.0225608
-0.0350667
-0.0280364
-0.0088909
0.0107543
0.021838
0.0214502
0.0124728
0.000665954
-0.0086366
-0.012609
-0.011291
-0.00665949
-0.00125075
0.00295395
0.00503475
0.00507443
0.0037603
0.00194298
0.000296061
-0.000804887
-0.0012955
-0.00128389
-0.000987411
-0.000573816
-0.000206392
8.44163e-05
0.000234916
0.000325449
0.000302726
0.000304151
0.000213793
100.224
100.445
98.5219
98.833
104.057
104.64
86.4851
49.9979
13.6381
-4.61918
-4.43805
1.0988
2.16106
-0.300121
-1.31876
-0.0177269
0.906984
0.205533
-0.640415
-0.336669
0.416314
0.417767
-0.199025
-0.435476
-0.0107684
0.376028
0.187775
-0.24008
-0.293814
0.0540325
0.29593
0.127972
-0.189135
-0.238276
0.0136029
0.227073
0.149117
-0.0986294
-0.211207
-0.0735905
0.135094
0.178247
0.0258161
-0.141317
-0.148315
-0.00434214
0.131795
0.128252
0.00312087
-0.113902
-0.117014
-0.0160642
0.089374
0.109265
0.0372378
-0.0574315
-0.0974584
-0.0591413
0.0186979
0.0743048
0.0715885
0.0207555
-0.0373304
-0.0641552
-0.0479096
-0.00544405
0.033973
0.0485838
0.0349095
0.00549394
-0.0216094
-0.0335656
-0.0279144
-0.011089
0.00698835
0.0183957
0.0201467
0.0140287
0.00442785
-0.00423186
-0.00921782
-0.00996013
-0.00753099
-0.00369499
-6.19403e-05
0.00239604
0.00341033
0.00324057
0.00236904
0.00129296
0.00033898
-0.000307107
-0.000654276
-0.000734884
-0.000684683
-0.000543708
-0.000420271
-0.000292927
-0.000226979
-0.000152052
99.7826
100.575
100.435
98.3048
98.8428
104.211
104.633
86.3615
49.9974
13.7453
-4.60703
-4.53456
1.07083
2.24679
-0.253283
-1.38928
-0.0837937
0.954874
0.286821
-0.657471
-0.423516
0.396809
0.494967
-0.143816
-0.484908
-0.0906451
0.382376
0.270333
-0.198734
-0.350696
-0.0221
0.303267
0.207969
-0.14165
-0.283606
-0.0660438
0.212145
0.215865
-0.0313611
-0.222154
-0.148458
0.0821466
0.205148
0.101295
-0.0987108
-0.181829
-0.0774107
0.0932449
0.160446
0.0726397
-0.0732273
-0.140795
-0.0801687
0.042357
0.117997
0.0913654
-0.00388657
-0.0860506
-0.0955986
-0.0353999
0.0424519
0.0821656
0.0630069
0.00629795
-0.0466474
-0.0644474
-0.0426334
-0.000478294
0.0352919
0.0470095
0.0334131
0.00631491
-0.0186229
-0.0305177
-0.0271276
-0.0135023
0.00231333
0.0135929
0.0173169
0.0142335
0.00736745
0.000134391
-0.00503363
-0.00720722
-0.00673797
-0.00467593
-0.00215897
-3.22741e-05
0.00131192
0.00184105
0.00177964
0.00138026
0.00091738
0.000497073
0.000242618
8.15984e-05
6.051e-05
5.52544e-05
9.94469e-05
0.000130388
99.8658
99.7942
100.792
100.421
98.1515
98.8561
104.334
104.624
86.2542
49.9968
13.8444
-4.59224
-4.62682
1.03747
2.32891
-0.198753
-1.45426
-0.158512
0.993469
0.37533
-0.660861
-0.512986
0.360585
0.567147
-0.0725192
-0.520301
-0.180415
0.367734
0.351061
-0.135885
-0.391801
-0.11075
0.285216
0.283307
-0.0707054
-0.306453
-0.153034
0.167858
0.266463
0.0530412
-0.20173
-0.21368
0.00543683
0.200425
0.171636
-0.0286628
-0.183402
-0.146653
0.0262166
0.15939
0.135853
-0.00597382
-0.129323
-0.131643
-0.0253586
0.0905581
0.123738
0.0593301
-0.0418646
-0.101536
-0.083419
-0.011048
0.0595098
0.0830989
0.0524094
-0.00515442
-0.0513903
-0.0621381
-0.0379672
0.00179627
0.0338658
0.0440644
0.0321808
0.00846549
-0.0139916
-0.0260183
-0.0253059
-0.0153944
-0.00244973
0.00802173
0.0131006
0.012705
0.0086619
0.00340023
-0.00110107
-0.00380394
-0.0046024
-0.00398613
-0.00267154
-0.00127121
-0.000192002
0.000445127
0.000644551
0.000582041
0.000338309
0.000118401
-0.000123925
-0.000212752
-0.000322787
-0.000285345
100.122
99.6498
99.8117
100.943
100.401
98.0309
98.8735
104.44
104.613
86.1548
49.9961
13.9403
-4.57457
-4.71751
0.998355
2.40866
-0.136258
-1.51389
-0.241698
1.02226
0.470018
-0.649963
-0.602944
0.307777
0.631313
0.0130341
-0.538779
-0.276034
0.331004
0.424317
-0.053927
-0.41205
-0.205537
0.240482
0.345657
0.0188012
-0.301204
-0.237299
0.0962611
0.291418
0.144039
-0.148848
-0.256691
-0.0845077
0.160434
0.221891
0.0579186
-0.148038
-0.195256
-0.0569154
0.120543
0.174761
0.0726418
-0.0809831
-0.152819
-0.094827
0.0312169
0.120095
0.110452
0.0225751
-0.0707676
-0.104941
-0.0660019
0.00982361
0.0694055
0.0793912
0.0423174
-0.012621
-0.0521699
-0.0583621
-0.0345582
0.0014787
0.0301309
0.0399655
0.030951
0.0113459
-0.00829343
-0.0202966
-0.0221888
-0.0160784
-0.00638072
0.00259565
0.00818466
0.0097352
0.00812296
0.00489784
0.00153976
-0.000991748
-0.00232877
-0.002593
-0.00212449
-0.00134326
-0.000535077
8.01695e-05
0.00048948
0.000646338
0.000698308
0.000586585
0.00053583
0.000345413
100.095
100.102
99.4995
99.8361
101.061
100.376
97.9283
98.8955
104.537
104.6
86.0588
49.9953
14.0356
-4.55379
-4.8082
0.953138
2.48664
-0.0655946
-1.56795
-0.333026
1.04054
0.569638
-0.624216
-0.691079
0.238864
0.684526
0.11046
-0.537982
-0.373
0.272187
0.484596
0.0433378
-0.407597
-0.299165
0.170068
0.387354
0.119634
-0.265016
-0.30827
0.00319581
0.284018
0.229116
-0.0675484
-0.267491
-0.173696
0.087933
0.239628
0.145419
-0.0785441
-0.209476
-0.13839
0.0487663
0.176043
0.142433
-0.00508733
-0.133602
-0.144432
-0.0443433
0.0775142
0.129897
0.0855754
-0.0112826
-0.0886193
-0.0996266
-0.0478947
0.0250924
0.0730771
0.0733044
0.0343037
-0.0159842
-0.0497695
-0.0538179
-0.0324689
-0.000990208
0.0245258
0.0347307
0.0292432
0.0142026
-0.0022247
-0.0137389
-0.0177551
-0.0151574
-0.00881229
-0.00187153
0.00340208
0.00606521
0.00629438
0.00491371
0.00286948
0.00093117
-0.000498947
-0.00128273
-0.00154934
-0.00143682
-0.00118181
-0.00085892
-0.000612305
-0.000401142
-0.000295089
-0.00019451
99.9266
100.244
100.074
99.3847
99.8679
101.16
100.345
97.8356
98.9223
104.63
104.584
85.9631
49.9945
14.1323
-4.52968
-4.89985
0.901499
2.56302
0.0133636
-1.61597
-0.432023
1.04753
0.672753
-0.583205
-0.774963
0.154723
0.724001
0.216847
-0.516205
-0.466503
0.192447
0.526843
0.150858
-0.376153
-0.383933
0.0773109
0.402133
0.222809
-0.198281
-0.356083
-0.102206
0.241424
0.295474
0.0332774
-0.240498
-0.246892
-0.00793863
0.217607
0.216432
0.0144452
-0.182135
-0.199
-0.0421178
0.135115
0.183606
0.0799509
-0.0753458
-0.156781
-0.113405
0.0064799
0.107812
0.123955
0.0567874
-0.0377455
-0.0963637
-0.0895151
-0.0322495
0.034257
0.0720136
0.0665154
0.0289915
-0.0156743
-0.0448762
-0.0487065
-0.0312481
-0.00487751
0.0175402
0.0282872
0.0264376
0.0161272
0.00334164
-0.00693619
-0.0121965
-0.0124305
-0.00923759
-0.00471012
-0.000564965
0.0022372
0.00350363
0.00352599
0.00283508
0.00188545
0.00105148
0.000433728
0.000130898
-1.40959e-05
3.39522e-05
6.93484e-05
0.000165457
0.00020419
99.9243
99.9572
100.356
100.037
99.2912
99.9077
101.246
100.306
97.7488
98.9545
104.721
104.564
85.8661
49.9936
14.2314
-4.50202
-4.99299
0.843141
2.63772
0.100669
-1.65731
-0.538074
1.04242
0.77776
-0.526719
-0.852105
0.0566531
0.747217
0.328811
-0.472502
-0.551622
0.0941187
0.546745
0.26258
-0.317222
-0.452286
-0.0322715
0.385776
0.318387
-0.104776
-0.372773
-0.208459
0.165312
0.33186
0.140914
-0.175791
-0.290201
-0.112876
0.155622
0.255259
0.114182
-0.114836
-0.222692
-0.132144
0.0581291
0.182439
0.151343
0.00859381
-0.124769
-0.153407
-0.0717442
0.0485618
0.121961
0.108377
0.029995
-0.05528
-0.0964489
-0.0779546
-0.0206999
0.0378537
0.0676739
0.0599538
0.0262323
-0.0124711
-0.0380818
-0.0429065
-0.0300953
-0.00913883
0.00995807
0.0208399
0.0221017
0.0161953
0.00723515
-0.00102868
-0.0063701
-0.00826519
-0.00743164
-0.00511235
-0.00250451
-0.00039393
0.000869202
0.00133824
0.00120906
0.00080885
0.000299263
-7.37418e-05
-0.0003911
-0.000457698
-0.000556491
-0.000424195
100.044
99.8142
99.9977
100.444
99.9907
99.2121
99.956
101.324
100.26
97.6654
98.9924
104.813
104.542
85.7666
49.9927
14.3337
-4.47058
-5.08792
0.777793
2.71046
0.196298
-1.69124
-0.650432
1.02447
0.882907
-0.454794
-0.92001
-0.0536147
0.752003
0.44258
-0.406764
-0.623524
-0.0193448
0.541007
0.371764
-0.232225
-0.497393
-0.151315
0.336603
0.396388
0.00853379
-0.353303
-0.302992
0.061947
0.330276
0.240491
-0.0795016
-0.293557
-0.209649
0.061071
0.251265
0.200975
-0.018276
-0.200686
-0.199807
-0.0388488
0.1356
0.188307
0.0960822
-0.0546336
-0.149594
-0.131879
-0.0299093
0.077839
0.123261
0.0890831
0.00869984
-0.0644001
-0.0916247
-0.0672309
-0.0136743
0.0368896
0.0611998
0.0539232
0.0254075
-0.0073289
-0.0299894
-0.0363142
-0.0282619
-0.0126918
0.00285029
0.0131884
0.0166062
0.0142561
0.00875335
0.00276847
-0.00184468
-0.00433354
-0.00482373
-0.00396123
-0.00247105
-0.000976187
0.000201015
0.000903337
0.00121798
0.00120354
0.0010681
0.000805584
0.000648059
0.000377443
100.066
100.001
99.7299
100.048
100.516
99.9352
99.1439
100.013
101.396
100.206
97.5841
99.0363
104.906
104.516
85.6638
49.9916
14.4398
-4.43514
-5.18473
0.705211
2.78083
0.300153
-1.71695
-0.768213
0.992997
0.986324
-0.367747
-0.976235
-0.173927
0.736629
0.554086
-0.319777
-0.677673
-0.143476
0.507583
0.471351
-0.124513
-0.51369
-0.271095
0.255776
0.44775
0.132016
-0.29633
-0.373599
-0.0583157
0.287323
0.317043
0.0367214
-0.252711
-0.280969
-0.0518857
0.201399
0.256153
0.0894735
-0.134096
-0.227296
-0.133317
0.0518105
0.178197
0.16229
0.0351337
-0.100382
-0.153119
-0.10178
0.00522503
0.0942203
0.116243
0.0705333
-0.00571795
-0.0666032
-0.0841519
-0.0585051
-0.0108259
0.0324062
0.0532752
0.0482512
0.0256945
-0.00116278
-0.0211366
-0.0289291
-0.0253126
-0.0148596
-0.00301064
0.00614034
0.0107597
0.0110644
0.00847545
0.00472977
0.00120496
-0.00130505
-0.00262935
-0.00292951
-0.00261191
-0.00197849
-0.00135869
-0.000821074
-0.000486347
-0.000272137
-0.000182311
-0.000148521
99.9784
100.147
99.9478
99.6655
100.108
100.573
99.8705
99.0851
100.079
101.463
100.144
97.5044
99.0867
105
104.486
85.5572
49.9906
14.5499
-4.3955
-5.28342
0.625175
2.84835
0.412054
-1.73363
-0.890404
0.947448
1.08604
-0.266202
-1.01846
-0.301727
0.69989
0.659081
-0.213252
-0.710048
-0.272944
0.445871
0.55437
0.000727634
-0.497374
-0.38214
0.147396
0.465267
0.254183
-0.204623
-0.409943
-0.18206
0.205029
0.357723
0.157113
-0.170406
-0.312577
-0.164455
0.111417
0.266096
0.186405
-0.034457
-0.20519
-0.201681
-0.0496171
0.120721
0.186926
0.118717
-0.0187703
-0.126526
-0.142066
-0.0710258
0.03052
0.0999042
0.105076
0.0553336
-0.0133789
-0.063573
-0.0754341
-0.0519084
-0.01128
0.0253471
0.0441415
0.0423269
0.0260198
0.00504591
-0.0120331
-0.0207108
-0.0208037
-0.0150229
-0.00701539
0.000177266
0.0048803
0.00676644
0.00644605
0.00487133
0.00296841
0.0013128
0.000227714
-0.000342666
-0.000435346
-0.000353889
-9.12452e-05
6.20405e-05
0.000252656
0.000301095
99.9414
100.033
100.206
99.8853
99.6181
100.177
100.618
99.7969
99.0352
100.154
101.525
100.074
97.4261
99.1439
105.097
104.453
85.4465
49.9894
14.6643
-4.35144
-5.38389
0.537496
2.91244
0.53174
-1.74048
-1.01587
0.887415
1.18003
-0.151104
-1.04454
-0.434096
0.641183
0.753282
-0.089813
-0.717359
-0.401774
0.356842
0.614391
0.136718
-0.446824
-0.474975
0.0183405
0.444432
0.362769
-0.0850634
-0.404976
-0.294341
0.0909915
0.353905
0.26399
-0.0564842
-0.296069
-0.256435
-0.00456154
0.225572
0.25123
0.0781777
-0.135503
-0.225396
-0.143293
0.0289925
0.160777
0.170675
0.070937
-0.0589976
-0.135798
-0.123565
-0.0447247
0.0456888
0.0978956
0.0927914
0.0444268
-0.0153244
-0.0568445
-0.0661068
-0.0467986
-0.0137051
0.0168155
0.0340498
0.0354672
0.0250993
0.00988699
-0.00381877
-0.012285
-0.0147474
-0.0125727
-0.00803301
-0.00322782
0.000463454
0.0025381
0.00310674
0.00266971
0.00172428
0.000749212
-7.38801e-05
-0.000548426
-0.000837921
-0.000800271
-0.000814514
-0.000550344
100.003
99.8866
100.097
100.244
99.8148
99.5869
100.254
100.65
99.7148
98.9945
100.237
101.581
99.9955
97.3492
99.208
105.195
104.415
85.3314
49.9882
14.7833
-4.30275
-5.48597
0.442013
2.9725
0.658879
-1.73669
-1.14338
0.812658
1.26623
-0.0237175
-1.05259
-0.567818
0.560553
0.832524
0.0470622
-0.69724
-0.52362
0.243066
0.645954
0.275459
-0.362844
-0.540901
-0.122183
0.384053
0.445985
0.0518693
-0.356019
-0.380542
-0.0422984
0.302778
0.340446
0.0732921
-0.230833
-0.309994
-0.126333
0.139446
0.26827
0.179462
-0.0319416
-0.196235
-0.204467
-0.0734913
0.0892229
0.174207
0.140761
0.0283508
-0.0840983
-0.133099
-0.103375
-0.0253
0.0520852
0.0910233
0.081182
0.0376266
-0.0129944
-0.0477405
-0.0564391
-0.0423182
-0.0166718
0.00812966
0.0237622
0.0277442
0.0223811
0.0123018
0.00206452
-0.00533546
-0.00883094
-0.00890149
-0.0067893
-0.00387364
-0.00115303
0.000787215
0.00186884
0.00218127
0.00204319
0.00163702
0.00121979
0.000816878
0.000571943
0.000322828
100.05
99.9391
99.8549
100.166
100.264
99.7381
99.572
100.338
100.669
99.6251
98.9636
100.329
101.632
99.9083
97.2741
99.2795
105.296
104.373
85.2117
49.9869
14.9068
-4.24924
-5.58946
0.338583
3.02789
0.793062
-1.7215
-1.2716
0.72311
1.34259
0.114381
-1.04102
-0.69944
0.458724
0.892892
0.19313
-0.648385
-0.632043
0.108662
0.644944
0.408196
-0.248746
-0.572732
-0.263297
0.286563
0.493743
0.193025
-0.265359
-0.428259
-0.178857
0.20812
0.373029
0.199479
-0.124637
-0.313151
-0.231254
0.0222531
0.231248
0.246217
0.0828593
-0.118942
-0.215828
-0.159145
-0.00880001
0.126782
0.168213
0.107147
-0.0041103
-0.0958443
-0.123409
-0.0852343
-0.0132208
0.051606
0.0813668
0.0709551
0.034149
-0.00775954
-0.0372055
-0.046476
-0.0377571
-0.01916
0.00024093
0.0140123
0.0197125
0.018303
0.012602
0.0056739
-0.000197785
-0.0039285
-0.00541846
-0.00524886
-0.00412204
-0.00276759
-0.00152728
-0.000709287
-0.000192625
-4.03438e-05
-4.16922e-06
-7.93434e-05
-0.000184378
100.014
100.078
99.8711
99.8451
100.24
100.264
99.6577
99.5735
100.427
100.674
99.5288
98.9431
100.429
101.676
99.8126
97.2011
99.3585
105.398
104.327
85.0873
49.9856
15.0351
-4.19068
-5.6941
0.227097
3.07794
0.933802
-1.69421
-1.39908
0.618902
1.40709
0.261301
-1.00858
-0.825331
0.337123
0.930866
0.343484
-0.570679
-0.72081
-0.0408148
0.608926
0.525924
-0.110288
-0.565457
-0.393255
0.158051
0.498779
0.323812
-0.140329
-0.428998
-0.301092
0.0802228
0.354033
0.301858
0.00714273
-0.262355
-0.298474
-0.104176
0.145227
0.26181
0.182294
-0.0107235
-0.172491
-0.203829
-0.105784
0.0414609
0.143707
0.151092
0.076673
-0.0251287
-0.0973392
-0.110564
-0.0708597
-0.00769903
0.0460684
0.0700649
0.0618409
0.0327271
-0.000939942
-0.0258632
-0.03595
-0.0322415
-0.020143
-0.00602807
0.00527929
0.0115245
0.0128002
0.0105973
0.00683278
0.00306593
0.000259733
-0.00133456
-0.00180464
-0.00160149
-0.000976811
-0.000404344
0.000187667
0.000421237
0.000680633
0.000602254
99.9609
100.08
100.081
99.8027
99.8567
100.313
100.245
99.576
99.5919
100.519
100.665
99.4271
98.9339
100.537
101.712
99.7084
97.1308
99.4452
105.502
104.275
84.9582
49.9842
15.1681
-4.12688
-5.79961
0.107476
3.12196
1.08053
-1.65418
-1.52432
0.500383
1.45776
0.414848
-0.95444
-0.941775
0.197898
0.943478
0.492695
-0.465297
-0.784219
-0.198564
0.53743
0.61998
0.0445505
-0.516829
-0.500409
0.00798411
0.457648
0.429699
0.00714127
-0.379595
-0.392089
-0.065083
0.283176
0.362734
0.143632
-0.163824
-0.313222
-0.214749
0.026335
0.220529
0.242076
0.10237
-0.0841599
-0.193997
-0.173405
-0.056328
0.074426
0.145149
0.129833
0.0528807
-0.0357109
-0.0917809
-0.0969328
-0.06036
-0.00715354
0.0371875
0.0577152
0.0530371
0.0317097
0.00579499
-0.0147799
-0.025101
-0.0252614
-0.0185676
-0.00927244
-0.000876724
0.00469795
0.00703844
0.0068085
0.00504842
0.00282049
0.000787613
-0.000628996
-0.00145577
-0.00168986
-0.00166938
-0.00133716
-0.00115013
-0.00070052
99.9731
99.9619
100.143
100.061
99.7383
99.8886
100.383
100.207
99.496
99.6275
100.611
100.641
99.3215
98.9369
100.651
101.741
99.5958
97.0638
99.5398
105.608
104.219
84.8242
49.9827
15.3058
-4.05764
-5.90568
-0.0203249
3.15926
1.23259
-1.60084
-1.64574
0.368128
1.49279
0.57256
-0.878231
-1.04508
0.0438909
0.928472
0.63502
-0.33474
-0.817451
-0.356857
0.432123
0.682691
0.206031
-0.427756
-0.574286
-0.151475
0.371378
0.4979
0.16166
-0.283041
-0.438065
-0.20841
0.168201
0.370177
0.261873
-0.0330433
-0.270282
-0.286345
-0.101189
0.129698
0.246612
0.191926
0.0267605
-0.131353
-0.191393
-0.136554
-0.0173717
0.0914984
0.136827
0.109182
0.0367569
-0.0379463
-0.0818363
-0.0836925
-0.0529569
-0.00975036
0.0265776
0.0449075
0.0440322
0.0298843
0.0110102
-0.00532052
-0.0151228
-0.017824
-0.015159
-0.00977487
-0.00403651
0.00049476
0.00326148
0.00431794
0.00421838
0.00342672
0.00251122
0.00162922
0.00103163
0.000610557
0.000412359
0.000295439
100.024
99.9136
99.9865
100.199
100.021
99.682
99.9396
100.446
100.152
99.4207
99.6802
100.703
100.601
99.2134
98.9529
100.771
101.76
99.4752
97.0005
99.6426
105.716
104.157
84.6853
49.9811
15.4484
-3.98275
-6.01199
-0.156328
3.18914
1.38928
-1.53373
-1.76172
0.222924
1.51049
0.73175
-0.780066
-1.13166
-0.121431
0.884402
0.764613
-0.18278
-0.816851
-0.507428
0.296821
0.707948
0.363283
-0.302415
-0.606588
-0.306491
0.245627
0.518921
0.306035
-0.148462
-0.430487
-0.329504
0.0241097
0.32038
0.340864
0.107703
-0.175561
-0.30292
-0.210149
0.00850943
0.193362
0.23473
0.131057
-0.0328342
-0.154101
-0.174374
-0.101796
0.00892137
0.0960384
0.12345
0.091614
0.027682
-0.0340784
-0.0693178
-0.0710756
-0.0474625
-0.0138153
0.0154838
0.0320539
0.0345286
0.0266222
0.0140668
0.00199923
-0.00647201
-0.0104358
-0.0106206
-0.00846925
-0.00550247
-0.00274142
-0.000815763
0.000290812
0.00057776
0.000539576
0.000148063
-8.81024e-05
-0.000407074
-0.00050207
100.034
99.9967
99.8663
100.031
100.241
99.9625
99.6382
100.008
100.499
100.079
99.3532
99.7496
100.79
100.545
99.1048
98.9826
100.896
101.77
99.3467
96.9418
99.7535
105.824
104.091
84.5415
49.9794
15.5958
-3.90202
-6.11818
-0.300533
3.2109
1.54983
-1.45244
-1.8706
0.0657776
1.50934
0.889535
-0.660554
-1.19816
-0.294033
0.81072
0.87573
-0.0143726
-0.780161
-0.641863
0.137386
0.69169
0.505012
-0.148109
-0.592029
-0.442731
0.0903924
0.487784
0.423181
0.00967931
-0.367524
-0.410141
-0.128767
0.218728
0.365374
0.233178
-0.0454488
-0.259217
-0.276351
-0.116046
0.093945
0.219044
0.200614
0.0739663
-0.0725182
-0.158179
-0.151321
-0.0737846
0.0232879
0.0917255
0.10812
0.0777078
0.0240532
-0.0262435
-0.0553684
-0.0586817
-0.042348
-0.0175341
0.0052929
0.0197849
0.0244206
0.0212508
0.0139275
0.00593833
-0.000359517
-0.00402328
-0.00516294
-0.0045528
-0.00302023
-0.00137286
5.82076e-05
0.000906857
0.00145196
0.00140318
0.00145547
0.000984751
99.9943
100.076
99.951
99.8363
100.091
100.266
99.8901
99.6106
100.09
100.537
99.9915
99.2965
99.8349
100.871
100.473
98.9975
99.0268
101.024
101.769
99.2108
96.8882
99.8728
105.933
104.018
84.3927
49.9777
15.7481
-3.81523
-6.2239
-0.452905
3.22384
1.71336
-1.3567
-1.97071
-0.102075
1.48805
1.04286
-0.520836
-1.2415
-0.469375
0.707862
0.96294
0.164457
-0.706723
-0.752034
-0.0384606
0.63231
0.620259
0.0250633
-0.528994
-0.546653
-0.0806816
0.404887
0.498125
0.173039
-0.254744
-0.43689
-0.267582
0.0794683
0.328961
0.319753
0.0958794
-0.162432
-0.284158
-0.215215
-0.0281816
0.14813
0.216271
0.158578
0.028727
-0.0936094
-0.150193
-0.128023
-0.0540606
0.0279241
0.081743
0.0925302
0.0669021
0.02387
-0.0164904
-0.0410844
-0.0464074
-0.0366179
-0.0194631
-0.00240349
0.00973837
0.0153232
0.0152144
0.0115139
0.00650355
0.00185647
-0.00147657
-0.00333832
-0.00390175
-0.00367015
-0.00297378
-0.00223648
-0.00150344
-0.00105731
-0.0005643
99.9662
100.04
100.097
99.8931
99.8274
100.161
100.27
99.8081
99.6023
100.183
100.558
99.8913
99.2537
99.935
100.943
100.385
98.8936
99.0858
101.156
101.756
99.0679
96.8405
100
106.043
103.94
84.239
49.9759
15.9052
-3.72218
-6.32876
-0.613366
3.22728
1.87894
-1.24633
-2.06033
-0.279156
1.44558
1.18854
-0.36261
-1.259
-0.642509
0.577324
1.02138
0.346787
-0.597662
-0.830569
-0.221449
0.530979
0.699245
0.204788
-0.419994
-0.606864
-0.251419
0.276384
0.519971
0.321455
-0.104901
-0.403456
-0.370395
-0.0760711
0.23571
0.350004
0.220873
-0.0313789
-0.230481
-0.265274
-0.143121
0.0399721
0.173498
0.196563
0.11872
-0.00194302
-0.0998722
-0.135654
-0.107569
-0.0421463
0.0253437
0.0683339
0.0772562
0.0581372
0.025384
-0.00627241
-0.0271724
-0.0343502
-0.03017
-0.0196288
-0.00778151
0.00182213
0.00763628
0.0097195
0.00912374
0.00707431
0.00472299
0.00264193
0.00125764
0.000396953
0.000110613
2.04972e-05
0.000113804
0.000241419
99.988
99.9511
100.094
100.094
99.8303
99.8418
100.235
100.252
99.7216
99.6158
100.282
100.559
99.7811
99.2273
100.048
101.004
100.282
98.795
99.16
101.288
101.732
98.9186
96.7993
100.136
106.153
103.856
84.0803
49.974
16.0671
-3.62268
-6.43235
-0.781804
3.22053
2.04558
-1.12131
-2.13782
-0.463766
1.38118
1.32336
-0.188123
-1.24856
-0.808229
0.421691
1.04701
0.525071
-0.455972
-0.871372
-0.401249
0.391794
0.734241
0.377413
-0.271768
-0.615439
-0.404655
0.113939
0.483591
0.435519
0.0633376
-0.312195
-0.419841
-0.222681
0.100241
0.316581
0.304121
0.106897
-0.126289
-0.253664
-0.221926
-0.0768694
0.0843731
0.177104
0.169751
0.0864417
-0.0188891
-0.0955623
-0.118185
-0.0906852
-0.0362057
0.0180698
0.0529116
0.0619045
0.0496719
0.0265287
0.00293772
-0.0140799
-0.0219923
-0.0218979
-0.0167853
-0.00990529
-0.00368441
0.000596397
0.00273915
0.00312035
0.00249811
0.00137832
0.00041639
-0.000460712
-0.00075846
-0.00108764
-0.000866965
100.024
99.9376
99.9616
100.147
100.067
99.7702
99.8801
100.305
100.21
99.6364
99.6523
100.384
100.539
99.6646
99.2198
100.172
101.05
100.165
98.704
99.2495
101.42
101.694
98.7635
96.7655
100.281
106.262
103.765
83.9167
49.972
16.2339
-3.51653
-6.53429
-0.958086
3.20296
2.21223
-0.981726
-2.20155
-0.654019
1.29442
1.44412
-0.000121905
-1.20864
-0.961246
0.244575
1.03684
0.691484
-0.286448
-0.870051
-0.567093
0.221654
0.720312
0.529048
-0.0949209
-0.568961
-0.524086
-0.0663182
0.390667
0.499316
0.227789
-0.174298
-0.406386
-0.335622
-0.0544834
0.224335
0.328068
0.222957
0.00531872
-0.182882
-0.244663
-0.171072
-0.0253301
0.107161
0.16694
0.142579
0.063383
-0.0248893
-0.0846304
-0.0999426
-0.0767106
-0.0336255
0.0090001
0.0372926
0.0466645
0.0402368
0.0250822
0.00847489
-0.00449022
-0.0116637
-0.0133244
-0.011162
-0.00718518
-0.00307632
0.000178685
0.0021889
0.00306955
0.00308375
0.00267939
0.00197758
0.00150616
0.000772244
100.025
100.01
99.8929
99.9961
100.192
100.016
99.7206
99.9407
100.366
100.146
99.5584
99.7121
100.483
100.496
99.5455
99.2331
100.305
101.08
100.034
98.6227
99.3543
101.55
101.643
98.6033
96.7398
100.434
106.371
103.668
83.7481
49.9699
16.4056
-3.40351
-6.63415
-1.14206
3.17393
2.37779
-0.827771
-2.24994
-0.847849
1.18519
1.5477
0.198186
-1.13839
-1.09631
0.0505335
0.989062
0.838219
-0.0955244
-0.824214
-0.708393
0.0299106
0.655781
0.646673
0.0968633
-0.469033
-0.596011
-0.245457
0.24974
0.502684
0.365825
-0.00834778
-0.330147
-0.395034
-0.201317
0.0895989
0.286951
0.291721
0.134662
-0.0699097
-0.205942
-0.217792
-0.124346
0.00886863
0.113198
0.149736
0.118846
0.0490629
-0.0230442
-0.0701846
-0.0823102
-0.0650584
-0.0326122
0.000211972
0.023323
0.033091
0.0312137
0.0222036
0.0109533
0.00110325
-0.0054751
-0.00854602
-0.00880321
-0.00740645
-0.00531942
-0.00333214
-0.00175751
-0.000725082
-0.000191912
8.76419e-05
5.87126e-05
99.9919
100.063
99.9731
99.8628
100.05
100.219
99.9479
99.6882
100.02
100.411
100.06
99.4933
99.7942
100.574
100.429
99.428
99.2687
100.443
101.091
99.8921
98.5531
99.4742
101.677
101.577
98.4388
96.7227
100.595
106.479
103.565
83.5744
49.9677
16.5821
-3.28339
-6.73149
-1.33354
3.13279
2.54107
-0.659787
-2.28146
-1.04298
1.05372
1.63103
0.403124
-1.03766
-1.20831
-0.154965
0.903184
0.957765
0.108866
-0.733713
-0.815304
-0.172015
0.542545
0.719125
0.287721
-0.322412
-0.610769
-0.403555
0.0755788
0.442686
0.457298
0.162009
-0.201187
-0.389259
-0.313482
-0.0626059
0.188038
0.297647
0.231995
0.0579205
-0.115869
-0.204819
-0.184667
-0.0877574
0.0268916
0.107414
0.129717
0.0996748
0.0418782
-0.0157551
-0.0536715
-0.0652014
-0.0546638
-0.0321216
-0.00798678
0.0104882
0.0203343
0.0221364
0.0184843
0.0123937
0.00631439
0.00162761
-0.00116129
-0.00234501
-0.00230292
-0.00177906
-0.000938735
-0.000364998
0.000170969
0.000396654
99.9724
100.029
100.082
99.9208
99.8544
100.117
100.224
99.867
99.6788
100.114
100.435
99.9585
99.4467
99.8963
100.651
100.34
99.3166
99.3272
100.583
101.082
99.7403
98.4975
99.6086
101.799
101.497
98.2708
96.7152
100.765
106.586
103.454
83.3958
49.9654
16.7634
-3.15599
-6.82583
-1.53225
3.07897
2.70084
-0.478292
-2.29468
-1.23695
0.900664
1.69127
0.610567
-0.907142
-1.29249
-0.365616
0.780237
1.04329
0.317499
-0.600938
-0.879421
-0.371153
0.386357
0.738211
0.460752
-0.140948
-0.564175
-0.521804
-0.111924
0.324736
0.487555
0.311036
-0.0388906
-0.317543
-0.369344
-0.202507
0.0512702
0.238745
0.274052
0.168507
0.00137201
-0.136425
-0.189048
-0.152543
-0.062591
0.0320769
0.0939505
0.108705
0.0837845
0.0387424
-0.0058849
-0.0362438
-0.047675
-0.0430536
-0.0291279
-0.0129581
0.000385902
0.00855087
0.0115205
0.010645
0.00771685
0.00427475
0.00133388
-0.000691619
-0.00171665
-0.00208498
-0.00180987
-0.00161438
-0.000910603
99.9902
99.9599
100.076
100.077
99.8625
99.8717
100.188
100.202
99.7815
99.6961
100.214
100.432
99.845
99.4233
100.015
100.711
100.23
99.2157
99.4089
100.721
101.052
99.581
98.4577
99.7567
101.914
101.402
98.1002
96.7178
100.943
106.691
103.337
83.2121
49.963
16.9496
-3.02111
-6.91674
-1.73791
3.01191
2.85581
-0.283964
-2.28831
-1.42716
0.727099
1.72589
0.816073
-0.748444
-1.34471
-0.574519
0.622886
1.08915
0.520336
-0.430919
-0.894594
-0.553927
0.196711
0.699849
0.599734
0.0592515
-0.458633
-0.58516
-0.290089
0.162649
0.450466
0.415265
0.130735
-0.191349
-0.357648
-0.301945
-0.0942747
0.128552
0.251199
0.233891
0.113466
-0.033881
-0.138392
-0.166409
-0.124985
-0.047245
0.0287922
0.0766785
0.0879946
0.0696524
0.0363512
0.0028384
-0.0210491
-0.0318279
-0.0311131
-0.0232135
-0.0127735
-0.00333543
0.0032718
0.00664535
0.0074001
0.00647174
0.00480276
0.00309726
0.00164915
0.000738797
0.000120931
-9.87608e-05
100.019
99.9472
99.9737
100.123
100.045
99.8089
99.9156
100.253
100.153
99.7002
99.7419
100.315
100.401
99.7261
99.4267
100.146
100.748
100.101
99.1299
99.5132
100.855
100.999
99.4166
98.4355
99.9177
102.02
101.292
97.928
96.7313
101.129
106.793
103.212
83.0234
49.9605
17.1407
-2.87853
-7.00375
-1.95022
2.93113
3.00471
-0.0775957
-2.26122
-1.61096
0.534472
1.7327
1.01502
-0.563973
-1.36158
-0.774475
0.435291
1.09115
0.707109
-0.231033
-0.857417
-0.707216
-0.0138988
0.604564
0.690826
0.259526
-0.303019
-0.584453
-0.436633
-0.0232944
0.349635
0.45775
0.279939
-0.032174
-0.280101
-0.341018
-0.217692
-0.00756419
0.17008
0.238783
0.190763
0.0725326
-0.0506697
-0.128448
-0.142194
-0.103293
-0.0395498
0.0205118
0.0583791
0.0688368
0.0572497
0.0340701
0.00962712
-0.00908493
-0.0192709
-0.0215557
-0.0184097
-0.0127576
-0.00689157
-0.00227607
0.000702887
0.00202761
0.0023231
0.00187479
0.001264
0.000687303
7.98678e-05
100.022
100.002
99.9116
100.012
100.157
99.9901
99.7702
99.9833
100.303
100.078
99.632
99.8156
100.407
100.34
99.609
99.4595
100.283
100.758
99.9575
99.0634
99.6388
100.979
100.923
99.2499
98.4327
100.09
102.116
101.167
97.7553
96.7563
101.323
106.893
103.08
82.8296
49.9579
17.3366
-2.72801
-7.08638
-2.16888
2.8361
3.14619
0.139896
-2.21235
-1.78558
0.324588
1.70984
1.20263
-0.356927
-1.34046
-0.958111
0.223019
1.04672
0.867684
-0.0107161
-0.767422
-0.819099
-0.230734
0.457492
0.723676
0.440266
-0.111866
-0.517342
-0.532195
-0.208877
0.197826
0.430392
0.383541
0.132281
-0.150629
-0.311484
-0.292556
-0.138569
0.0508664
0.183052
0.213439
0.152649
0.0465509
-0.0530707
-0.111275
-0.118575
-0.0865987
-0.0370403
0.00938327
0.0397311
0.0504461
0.0451338
0.030798
0.0144091
0.000860296
-0.00763373
-0.0110537
-0.0106889
-0.00819855
-0.00508536
-0.00224208
-0.000274984
0.00101356
0.00133532
0.00159173
0.00107975
99.9975
100.05
99.9629
99.8942
100.068
100.17
99.9185
99.7551
100.069
100.329
99.9827
99.5853
99.9138
100.482
100.252
99.5012
99.5226
100.421
100.74
99.8033
99.02
99.7835
101.09
100.823
99.0839
98.4507
100.273
102.201
101.027
97.5831
96.7936
101.524
106.99
102.94
82.6307
49.9552
17.5375
-2.56931
-7.16408
-2.39347
2.72636
3.27882
0.367389
-2.14082
-1.94814
0.0997083
1.65589
1.37393
-0.131388
-1.27972
-1.11802
-0.00691196
0.955214
0.992458
0.21869
-0.627445
-0.879642
-0.437477
0.268518
0.692573
0.582462
0.0954264
-0.389201
-0.562715
-0.368455
0.0161172
0.335777
0.422824
0.271987
0.00609761
-0.218981
-0.302136
-0.233563
-0.0762062
0.0824862
0.17639
0.183459
0.122371
0.0329802
-0.0457185
-0.0901049
-0.095663
-0.07228
-0.0359547
-0.00133929
0.0225194
0.0329403
0.0320402
0.02422
0.0140311
0.00478782
-0.00176498
-0.00530461
-0.00635897
-0.00578196
-0.00448286
-0.00298432
-0.00176601
-0.000885136
-0.000232908
99.9778
100.034
100.055
99.9132
99.9026
100.131
100.154
99.8402
99.7696
100.163
100.326
99.8741
99.5671
100.031
100.533
100.138
99.4102
99.6152
100.552
100.691
99.6435
99.003
99.9446
101.185
100.701
98.9216
98.4906
100.465
102.271
100.871
97.4127
96.8436
101.733
107.083
102.792
82.4268
49.9523
17.7433
-2.40224
-7.23633
-2.62354
2.60152
3.40117
0.603556
-2.046
-2.09573
-0.137431
1.57004
1.52405
0.107679
-1.17895
-1.24716
-0.246161
0.818246
1.0731
0.444441
-0.443952
-0.882075
-0.617497
0.0520204
0.597769
0.670026
0.296329
-0.213499
-0.522254
-0.478809
-0.168521
0.188164
0.390055
0.360531
0.158718
-0.0835263
-0.24492
-0.270157
-0.178244
-0.0339548
0.092916
0.158211
0.15375
0.09964
0.0278544
-0.0332842
-0.0679392
-0.0739618
-0.0588303
-0.0337927
-0.00895109
0.00936229
0.0190205
0.0209996
0.0179146
0.0125048
0.00702733
0.00262388
-0.000137401
-0.00154105
-0.00186378
-0.00156327
-0.00119581
-0.000444257
99.9859
99.979
100.075
100.034
99.8653
99.9392
100.189
100.109
99.7666
99.8161
100.255
100.289
99.7619
99.5823
100.159
100.553
100.004
99.343
99.735
100.67
100.612
99.4839
99.015
100.119
101.258
100.557
98.7665
98.5534
100.663
102.326
100.7
97.2453
96.9072
101.949
107.172
102.635
82.2177
49.9492
17.9539
-2.22659
-7.30263
-2.85861
2.46128
3.51183
0.846945
-1.92751
-2.22553
-0.383742
1.45208
1.64834
0.354646
-1.03908
-1.33929
-0.485518
0.639772
1.10324
0.653328
-0.226714
-0.823652
-0.755548
-0.174431
0.445857
0.692088
0.468146
-0.0102855
-0.414468
-0.523337
-0.327929
0.0112612
0.29069
0.381326
0.276581
0.0652039
-0.13547
-0.241302
-0.230053
-0.133847
-0.0102253
0.0885799
0.134462
0.12656
0.0828488
0.0275723
-0.0191938
-0.0467624
-0.0539173
-0.0458192
-0.0300302
-0.0133573
-0.00018883
0.00774223
0.0107542
0.0102046
0.00780763
0.00479442
0.00227743
0.000256097
-0.000634777
-0.00134857
-0.00113164
100.01
99.952
100.006
100.107
99.9879
99.8323
100.001
100.231
100.036
99.7099
99.8929
100.334
100.218
99.6568
99.6332
100.29
100.538
99.8575
99.3059
99.8778
100.768
100.502
99.3305
99.0579
100.301
101.308
100.393
98.622
98.6397
100.865
102.363
100.515
97.0823
96.9847
102.173
107.256
102.471
82.0034
49.9461
18.1695
-2.0421
-7.36246
-3.09821
2.30534
3.60939
1.09601
-1.78516
-2.33478
-0.635862
1.3024
1.7425
0.603396
-0.862215
-1.38909
-0.715297
0.42582
1.07879
0.832461
0.0118774
-0.705812
-0.838993
-0.391666
0.249091
0.644136
0.590681
0.196421
-0.252013
-0.494469
-0.437335
-0.166081
0.142039
0.330644
0.336281
0.195074
-4.44014e-05
-0.156147
-0.220456
-0.190937
-0.102244
-0.00111707
0.0750113
0.108709
0.102132
0.0696645
0.0289075
-0.00613046
-0.0280733
-0.0359344
-0.0329214
-0.0238904
-0.0132983
-0.0041799
0.002051
0.00530967
0.00616384
0.00558406
0.00428455
0.00286904
0.00181049
0.000684201
100.021
99.9819
99.9344
100.052
100.116
99.9252
99.8249
100.079
100.244
99.9437
99.6807
99.9941
100.389
100.117
99.5698
99.719
100.412
100.486
99.7069
99.3036
100.038
100.84
100.365
99.1896
99.1325
100.488
101.331
100.21
98.4913
98.7499
101.07
102.383
100.317
96.9248
97.0768
102.402
107.336
102.298
81.784
49.9428
18.3902
-1.8485
-7.41521
-3.3418
2.1334
3.69237
1.34903
-1.61891
-2.42073
-0.890069
1.12195
1.80252
0.847296
-0.651753
-1.39233
-0.925478
0.184426
0.998088
0.969754
0.257258
-0.534263
-0.858652
-0.580154
0.0246366
0.528597
0.648208
0.381024
-0.0552868
-0.394749
-0.478735
-0.314067
-0.0294744
0.218164
0.325841
0.277841
0.129255
-0.0373761
-0.154281
-0.191435
-0.156873
-0.0818491
-0.00204216
0.0564724
0.0828761
0.0798827
0.0580471
0.0296039
0.0041628
-0.0131253
-0.0212217
-0.0219041
-0.0179901
-0.0123303
-0.00682483
-0.00263285
2.04356e-05
0.00136219
0.0015783
0.00159888
0.000837612
100.008
100.03
99.9417
99.9425
100.104
100.096
99.8585
99.8498
100.163
100.223
99.8431
99.6867
100.11
100.409
99.9937
99.5111
99.8357
100.515
100.398
99.5615
99.3391
100.208
100.879
100.203
99.0674
99.2386
100.674
101.325
100.013
98.378
98.8836
101.274
102.382
100.105
96.7743
97.184
102.638
107.409
102.115
81.5592
49.9392
18.6158
-1.64555
-7.46026
-3.58874
1.94529
3.75925
1.60404
-1.42911
-2.48071
-1.14222
0.912452
1.82486
1.07923
-0.412531
-1.34619
-1.10601
-0.0742973
0.862504
1.05471
0.493189
-0.319285
-0.809998
-0.721529
-0.206263
0.355539
0.631732
0.519132
0.149207
-0.237656
-0.444288
-0.406568
-0.191904
0.0664394
0.247988
0.295268
0.221108
0.0832792
-0.0519109
-0.137971
-0.159554
-0.128096
-0.0689956
-0.00824921
0.0363367
0.0579176
0.0587214
0.0459643
0.0278158
0.0106868
-0.00182207
-0.00877046
-0.010907
-0.00993229
-0.00729053
-0.00454528
-0.00195933
-0.000479799
0.000696927
0.00094165
99.9868
100.042
100.013
99.9043
99.9785
100.149
100.046
99.8023
99.9075
100.236
100.166
99.7478
99.7317
100.228
100.39
99.8578
99.489
99.9761
100.59
100.275
99.4311
99.4133
100.381
100.883
100.023
98.97
99.375
100.853
101.288
99.8037
98.2852
99.0406
101.476
102.359
99.8807
96.6323
97.3067
102.879
107.477
101.924
81.3292
49.9355
18.8464
-1.43302
-7.49703
-3.83834
1.74096
3.8086
1.85892
-1.21643
-2.51236
-1.38793
0.676494
1.80684
1.29195
-0.150835
-1.24974
-1.24755
-0.338566
0.676815
1.0796
0.703016
-0.0754293
-0.694414
-0.800959
-0.420371
0.142446
0.541323
0.591597
0.332499
-0.0466795
-0.33925
-0.427084
-0.314178
-0.0927937
0.121349
0.245312
0.254066
0.173588
0.0554057
-0.0506598
-0.11404
-0.127845
-0.10322
-0.0594325
-0.0148181
0.0185451
0.0361384
0.0393987
0.0329795
0.0221572
0.0111375
0.00245406
-0.0030707
-0.00559577
-0.0060142
-0.00518784
-0.00376708
-0.00267127
-0.00115261
99.9818
100.007
100.065
99.9724
99.8847
100.037
100.17
99.9722
99.7708
99.9925
100.286
100.077
99.6723
99.8145
100.334
100.33
99.722
99.509
100.131
100.628
100.125
99.3254
99.525
100.546
100.847
99.8303
98.9027
99.5391
101.019
101.218
99.5861
98.2162
99.2197
101.672
102.314
99.6456
96.5003
97.4453
103.126
107.537
101.723
81.0938
49.9316
19.0821
-1.2107
-7.52496
-4.08993
1.52041
3.83906
2.1115
-0.981861
-2.51358
-1.62272
0.417323
1.74663
1.47842
0.125982
-1.10401
-1.34202
-0.595752
0.448902
1.04026
0.871234
0.179843
-0.519219
-0.809058
-0.595451
-0.0880266
0.3864
0.587889
0.468313
0.148983
-0.181181
-0.372663
-0.373675
-0.226826
-0.0247129
0.142711
0.223423
0.212074
0.137548
0.0415975
-0.0399997
-0.0875675
-0.0984219
-0.0816936
-0.0511849
-0.0195064
0.00517575
0.0196381
0.0245906
0.0227216
0.0173373
0.0110408
0.00557562
0.00172191
-0.000665688
-0.00145195
-0.0019121
-0.00120232
99.9964
99.9674
100.045
100.065
99.9199
99.8937
100.105
100.16
99.8871
99.7744
100.093
100.3
99.9646
99.6294
99.9287
100.415
100.23
99.5998
99.5729
100.287
100.624
99.9558
99.2531
99.6705
100.695
100.771
99.6322
98.8702
99.7275
101.168
101.115
99.3646
98.1737
99.4199
101.859
102.246
99.4006
96.3796
97.6003
103.377
107.591
101.513
80.853
49.9276
19.3229
-0.978244
-7.54339
-4.34281
1.28362
3.84923
2.35952
-0.726559
-2.48249
-1.84201
0.138763
1.64319
1.63186
0.409687
-0.911799
-1.38284
-0.832855
0.189287
0.936047
0.984309
0.427393
-0.296946
-0.742492
-0.712285
-0.310557
0.184312
0.507032
0.536496
0.31905
0.00363443
-0.253439
-0.359739
-0.308631
-0.157612
0.0134428
0.139893
0.191784
0.173636
0.111588
0.0372769
-0.0244258
-0.0609138
-0.071255
-0.0621006
-0.0428439
-0.0218767
-0.00471212
0.00637441
0.011426
0.0120767
0.00993527
0.00702485
0.00387723
0.00176671
9.28119e-05
-0.00069342
100.014
99.9642
99.979
100.084
100.036
99.8713
99.9352
100.168
100.113
99.8067
99.818
100.195
100.272
99.8432
99.6287
100.063
100.458
100.098
99.5045
99.6788
100.433
100.574
99.7773
99.2213
99.8437
100.819
100.656
99.4369
98.8762
99.9354
101.293
100.98
99.1437
98.1604
99.6391
102.035
102.153
99.1471
96.2719
97.7719
103.632
107.636
101.292
80.6067
49.9233
19.5689
-0.735347
-7.55162
-4.59616
1.03068
3.83768
2.60047
-0.45205
-2.41742
-2.04102
-0.154594
1.49639
1.74578
0.691058
-0.677897
-1.3651
-1.03673
-0.0888509
0.770364
1.03148
0.647196
-0.0451136
-0.604767
-0.756401
-0.499068
-0.0406515
0.358427
0.525735
0.435816
0.183177
-0.0918726
-0.275887
-0.32151
-0.247054
-0.109696
0.0278656
0.121774
0.15616
0.139091
0.0916773
0.0367511
-0.00876639
-0.0367129
-0.0466837
-0.0431013
-0.0320766
-0.019032
-0.00767909
0.00035364
0.00478457
0.0063711
0.00615715
0.00477595
0.00369306
0.00174717
100.016
99.9977
99.9394
100.016
100.107
99.9817
99.8433
100.004
100.207
100.034
99.7481
99.8991
100.279
100.2
99.7295
99.6748
100.203
100.456
99.9445
99.448
99.8204
100.555
100.478
99.6018
99.235
100.036
100.909
100.505
99.2529
98.9229
100.157
101.389
100.814
98.9283
98.1783
99.8753
102.196
102.035
98.8867
96.1786
97.9603
103.891
107.673
101.062
80.3548
49.9187
19.8201
-0.481754
-7.54892
-4.84905
0.761843
3.80306
2.83164
-0.160336
-2.31715
-2.21487
-0.457313
1.30737
1.81436
0.960091
-0.409401
-1.28644
-1.19496
-0.370028
0.55122
1.00628
0.820061
0.214601
-0.407136
-0.720724
-0.630083
-0.259586
0.162137
0.436967
0.479715
0.325216
0.0802034
-0.141156
-0.264916
-0.273736
-0.195841
-0.080396
0.0264401
0.0960503
0.120634
0.108305
0.0747999
0.0359849
0.00317761
-0.01817
-0.0277082
-0.0280361
-0.0229549
-0.0158198
-0.00898616
-0.00382598
-0.00028688
0.00116143
0.00212263
0.00153136
100.002
100.031
99.963
99.9368
100.066
100.102
99.9143
99.8484
100.088
100.21
99.9346
99.726
100.008
100.331
100.092
99.6406
99.766
100.332
100.403
99.785
99.439
99.9877
100.641
100.341
99.4419
99.2967
100.239
100.959
100.321
99.0889
99.0114
100.386
101.451
100.619
98.7238
98.2292
100.126
102.339
101.892
98.6211
96.1013
98.1658
104.152
107.701
100.82
80.0973
49.9139
20.0766
-0.21723
-7.53463
-5.10053
0.477508
3.74419
3.05033
0.146206
-2.18105
-2.35896
-0.763364
1.0786
1.833
1.20659
-0.115428
-1.1474
-1.29691
-0.637584
0.290962
0.907647
0.929872
0.458602
-0.167833
-0.607229
-0.686552
-0.443415
-0.0539666
0.283951
0.443815
0.404494
0.228929
0.0145271
-0.154618
-0.234833
-0.225709
-0.156124
-0.0647162
0.0160463
0.0679135
0.0872603
0.0807079
0.0592963
0.0336458
0.011269
-0.00424442
-0.0123028
-0.0145554
-0.0128375
-0.0096788
-0.0058956
-0.00310445
-0.000900051
0.000446834
99.9871
100.032
100.021
99.9254
99.9636
100.115
100.064
99.8519
99.8919
100.169
100.171
99.8332
99.7494
100.129
100.337
99.9593
99.5916
99.8946
100.432
100.303
99.6354
99.482
100.167
100.681
100.17
99.31
99.4056
100.44
100.963
100.113
98.9534
99.141
100.615
101.476
100.398
98.5352
98.3142
100.387
102.461
101.723
98.3523
96.0416
98.3886
104.416
107.718
100.568
79.8341
49.9088
20.3383
0.0585361
-7.50809
-5.34968
0.178083
3.65997
3.25384
0.464966
-2.00892
-2.46894
-1.06634
0.813672
1.79832
1.42062
0.193356
-0.951433
-1.33446
-0.874822
0.00538534
0.740094
0.965155
0.663763
0.089835
-0.426889
-0.660246
-0.567096
-0.258463
0.0910527
0.335095
0.40758
0.325426
0.15713
-0.0185275
-0.143955
-0.195791
-0.181261
-0.125312
-0.0565034
0.00300073
0.0416098
0.0575986
0.0557134
0.0433333
0.0273429
0.0127248
0.00188133
-0.00453124
-0.00723453
-0.00751852
-0.00604887
-0.00488663
-0.00240561
99.9857
100.002
100.055
99.9861
99.903
100.016
100.142
99.9967
99.8133
99.9691
100.227
100.092
99.7496
99.8194
100.241
100.292
99.8203
99.5933
100.047
100.489
100.162
99.5125
99.5768
100.344
100.669
99.9758
99.2174
99.5579
100.627
100.917
99.8872
98.854
99.3094
100.836
101.459
100.156
98.3681
98.434
100.657
102.56
101.529
98.0823
96.001
98.6286
104.681
107.725
100.305
79.565
49.9035
20.6055
0.34594
-7.46851
-5.59552
-0.135997
3.54927
3.43932
0.793052
-1.80093
-2.54067
-1.35945
0.51729
1.70821
1.59262
0.50499
-0.704767
-1.30224
-1.06578
-0.287089
0.513549
0.920047
0.809413
0.339613
-0.198702
-0.552962
-0.613073
-0.420968
-0.11054
0.173408
0.335642
0.352009
0.256426
0.110356
-0.0273878
-0.119402
-0.154425
-0.141642
-0.100471
-0.0510666
-0.00822175
0.0205647
0.0343145
0.0359979
0.0302783
0.0214919
0.0126935
0.00587416
0.000990733
-0.00114187
-0.00262038
-0.00204118
99.9977
99.9725
100.035
100.055
99.9375
99.91
100.081
100.134
99.915
99.8132
100.066
100.245
99.9835
99.7026
99.9284
100.326
100.198
99.6952
99.6498
100.205
100.493
99.9937
99.4313
99.7178
100.501
100.601
99.7724
99.1734
99.7466
100.789
100.821
99.6551
98.7974
99.5124
101.041
101.4
99.8977
98.2274
98.5885
100.93
102.632
101.31
97.8133
95.981
98.8858
104.947
107.721
100.03
79.29
49.8978
20.8782
0.645352
-7.415
-5.83686
-0.464114
3.41099
3.60375
1.12709
-1.55783
-2.5702
-1.63534
0.195459
1.56203
1.71359
0.806246
-0.416645
-1.19825
-1.196
-0.566036
0.243311
0.795209
0.879147
0.554375
0.0516361
-0.376917
-0.573788
-0.516291
-0.287303
-0.011637
0.204145
0.305357
0.292214
0.201876
0.0837119
-0.0208145
-0.0883051
-0.113963
-0.106091
-0.0787323
-0.045513
-0.0161894
0.00446333
0.0155134
0.0189616
0.0171119
0.0131994
0.00836093
0.00463252
0.00172207
-0.000258517
100.011
99.9704
99.9845
100.069
100.027
99.8939
99.9512
100.138
100.087
99.8396
99.8578
100.163
100.214
99.866
99.7052
100.06
100.365
100.066
99.6041
99.7576
100.348
100.439
99.8153
99.4035
99.8942
100.623
100.481
99.5748
99.1843
99.9614
100.913
100.677
99.4271
98.789
99.7443
101.222
101.296
99.6287
98.1181
98.7769
101.202
102.675
101.067
97.5477
95.983
99.1601
105.212
107.705
99.7427
79.0088
49.8917
21.1564
0.95705
-7.34672
-6.07241
-0.80539
3.2443
3.74402
1.46322
-1.28116
-2.55421
-1.88639
-0.144343
1.36121
1.77583
1.08309
-0.0995076
-1.02478
-1.25393
-0.810275
-0.0501896
0.599081
0.863392
0.70911
0.293785
-0.154828
-0.454381
-0.529183
-0.4087
-0.184712
0.0416487
0.198775
0.259559
0.235517
0.15983
0.0693704
-0.00775396
-0.0571811
-0.077154
-0.0740562
-0.0575206
-0.0364314
-0.0172092
-0.00292416
0.00557995
0.00923251
0.00972008
0.007867
0.00640927
0.00317539
100.013
99.9948
99.9518
100.02
100.085
99.9736
99.8746
100.019
100.168
100.007
99.7921
99.9422
100.236
100.136
99.7623
99.7622
100.194
100.348
99.9143
99.5633
99.9056
100.456
100.33
99.6465
99.4357
100.091
100.696
100.314
99.399
99.2529
100.19
100.991
100.49
99.215
98.832
99.9977
101.37
101.149
99.3557
98.045
98.9976
101.47
102.685
100.8
97.2881
96.0086
99.4513
105.476
107.676
99.4436
78.7216
49.8853
21.4402
1.28132
-7.26292
-6.30093
-1.15884
3.04861
3.85723
1.7973
-0.973238
-2.49019
-2.10513
-0.493543
1.10933
1.77365
1.32174
0.231726
-0.788735
-1.23256
-1.00017
-0.343261
0.34771
0.76163
0.785104
0.497402
0.0831014
-0.273074
-0.458766
-0.454777
-0.313325
-0.116916
0.0597542
0.171921
0.208817
0.185053
0.127029
0.0609052
0.00521497
-0.0311558
-0.0476419
-0.0485622
-0.040162
-0.028129
-0.0163374
-0.00733891
-0.000930488
0.00179271
0.0037061
0.00286084
100.004
100.022
99.9636
99.9574
100.065
100.07
99.9132
99.8927
100.097
100.155
99.9125
99.7892
100.051
100.266
100.021
99.695
99.8678
100.304
100.273
99.7645
99.5829
100.076
100.513
100.174
99.5074
99.5287
100.29
100.711
100.112
99.2603
99.3779
100.418
101.014
100.267
99.0303
98.928
100.264
101.479
100.96
99.0859
98.012
99.2484
101.728
102.662
100.513
97.0372
96.0593
99.7592
105.738
107.634
99.1318
78.428
49.8785
21.7297
1.61858
-7.16276
-6.52116
-1.52348
2.82338
3.9405
2.12505
-0.636872
-2.37633
-2.28435
-0.842821
0.811787
1.70347
1.50931
0.560563
-0.501046
-1.12974
-1.11916
-0.611159
0.0629844
0.582263
0.772131
0.636327
0.304048
-0.0575173
-0.317826
-0.419312
-0.374557
-0.239161
-0.0790232
0.0542347
0.13421
0.158517
0.140591
0.0998803
0.0541579
0.0155066
-0.0106581
-0.02383
-0.027088
-0.0236767
-0.0178872
-0.0111537
-0.00608934
-0.00218908
0.000393146
99.9919
100.028
100.005
99.936
99.9914
100.099
100.022
99.8672
99.9491
100.16
100.097
99.8275
99.8374
100.16
100.241
99.8919
99.6811
100.006
100.37
100.148
99.6411
99.6644
100.246
100.508
99.9891
99.4163
99.6761
100.47
100.661
99.8903
99.1722
99.5535
100.63
100.977
100.018
98.884
99.0759
100.533
101.542
100.732
98.8269
98.0225
99.5262
101.971
102.602
100.205
96.7978
96.1364
100.083
105.996
107.577
98.8069
78.1279
49.8713
22.0251
1.96931
-7.04523
-6.73168
-1.89819
2.56814
3.99084
2.44181
-0.275528
-2.21149
-2.41704
-1.182
0.47595
1.56396
1.63405
0.869247
-0.176598
-0.948643
-1.15487
-0.829524
-0.228535
0.342506
0.669904
0.691498
0.47615
0.158218
-0.131618
-0.311145
-0.358804
-0.300509
-0.185142
-0.0614024
0.036664
0.0941002
0.112022
0.101009
0.0746466
0.0445645
0.0186788
0.000309404
-0.00997502
-0.0138679
-0.0137048
-0.0107556
-0.00848338
-0.00406373
99.9875
100.011
100.039
99.9693
99.9308
100.044
100.104
99.9538
99.8558
100.032
100.187
100.005
99.7762
99.9302
100.243
100.162
99.7738
99.7282
100.153
100.376
99.9906
99.5658
99.7997
100.392
100.436
99.7954
99.3868
99.8654
100.613
100.548
99.6674
99.1449
99.7699
100.81
100.88
99.757
98.786
99.272
100.794
101.554
100.471
98.5865
98.0792
99.8271
102.194
102.505
99.8797
96.5728
96.241
100.423
106.25
107.504
98.4684
77.8211
49.8635
22.3264
2.33395
-6.90928
-6.93088
-2.28157
2.28261
4.00528
2.74248
0.106458
-1.9955
-2.49661
-1.5001
0.111354
1.35661
1.68618
1.13949
0.165993
-0.698489
-1.10082
-0.976779
-0.49774
0.0676408
0.489579
0.654869
0.574053
0.339224
0.0658487
-0.153965
-0.273842
-0.29216
-0.236832
-0.146327
-0.0547201
0.0162606
0.0582159
0.0731819
0.0686127
0.0535009
0.0353576
0.0189229
0.00706425
-0.000950276
-0.00390841
-0.00598411
-0.00427549
99.9935
99.986
100.039
100.025
99.9311
99.9577
100.095
100.07
99.8865
99.8889
100.118
100.164
99.9006
99.7764
100.049
100.278
100.041
99.6933
99.8315
100.282
100.317
99.8254
99.5542
99.972
100.492
100.304
99.617
99.4261
100.078
100.702
100.379
99.4625
99.1842
100.013
100.944
100.724
99.497
98.7443
99.5103
101.035
101.511
100.182
98.3729
98.1835
100.146
102.392
102.369
99.5393
96.3652
96.3745
100.778
106.498
107.416
98.1161
77.5074
49.8552
22.6337
2.71286
-6.75389
-7.11703
-2.67194
1.96692
3.98098
3.02167
0.503814
-1.72947
-2.51729
-1.78571
-0.270326
1.08619
1.65879
1.35361
0.505214
-0.394575
-0.957737
-1.03659
-0.715972
-0.211429
0.253002
0.531127
0.583203
0.455938
0.238539
0.0193876
-0.141583
-0.221226
-0.22676
-0.182493
-0.116553
-0.0517808
-0.00186859
0.0286039
0.0411164
0.0410688
0.0333594
0.0237614
0.0138418
0.00695951
0.00173685
-0.00120101
100.004
99.9744
100.008
100.056
99.9855
99.912
100.012
100.122
100.004
99.8456
99.9624
100.18
100.092
99.8114
99.8333
100.166
100.252
99.902
99.6706
99.9745
100.366
100.198
99.6802
99.6121
100.157
100.527
100.125
99.4776
99.5337
100.292
100.724
100.167
99.2952
99.2909
100.267
101.021
100.517
99.2533
98.7648
99.7822
101.245
101.411
99.8731
98.194
98.3362
100.478
102.56
102.193
99.1869
96.1783
96.5379
101.147
106.739
107.31
97.7493
77.1867
49.8462
22.9471
3.10641
-6.5781
-7.28843
-3.06748
1.62152
3.91547
3.27389
0.910494
-1.41587
-2.47464
-2.02755
-0.65565
0.760994
1.54883
1.49599
0.818005
-0.0578417
-0.734644
-1.00049
-0.858503
-0.461368
-0.00885748
0.338697
0.503585
0.489869
0.354712
0.172199
0.00482183
-0.110777
-0.164737
-0.166613
-0.135192
-0.0900692
-0.0459997
-0.011774
0.0101911
0.0205745
0.0228224
0.0201977
0.014912
0.0109256
0.0048084
100.011
99.9834
99.9736
100.042
100.046
99.9376
99.9272
100.076
100.108
99.924
99.8496
100.057
100.196
99.9873
99.7643
99.9373
100.252
100.167
99.7756
99.7149
100.131
100.386
100.038
99.5813
99.7344
100.328
100.489
99.9217
99.3972
99.7007
100.484
100.673
99.9297
99.1827
99.46
100.511
101.03
100.267
99.0413
98.8501
100.077
101.414
101.255
99.5539
98.0572
98.5367
100.817
102.691
101.978
98.8258
96.0154
96.7323
101.53
106.971
107.186
97.3676
76.8588
49.8367
23.2668
3.51513
-6.38085
-7.44338
-3.46633
1.24697
3.80647
3.49366
1.31992
-1.05833
-2.36552
-2.21495
-1.0301
0.392343
1.35743
1.55445
1.08176
0.286934
-0.44831
-0.869446
-0.908403
-0.651649
-0.260896
0.106929
0.350639
0.438884
0.395999
0.275078
0.131978
0.00846302
-0.0741242
-0.112492
-0.115372
-0.0960482
-0.0675998
-0.0394588
-0.0168249
-0.00205008
0.00679764
0.00884885
0.0102458
0.00652448
100.009
100.004
99.9621
99.9978
100.067
100.007
99.9041
99.9775
100.122
100.052
99.8588
99.9032
100.145
100.157
99.8766
99.7762
100.065
100.283
100.037
99.6909
99.8211
100.269
100.334
99.8638
99.5488
99.9048
100.456
100.38
99.7201
99.3895
99.9102
100.63
100.55
99.6891
99.1383
99.681
100.727
100.968
99.9896
98.8755
98.9996
100.381
101.53
101.044
99.234
97.9694
98.7832
101.156
102.783
101.723
98.4596
95.8795
96.9585
101.924
107.194
107.043
96.9703
76.5233
49.8265
23.593
3.93964
-6.16085
-7.57985
-3.86638
0.844051
3.65171
3.67525
1.72476
-0.661713
-2.18809
-2.33781
-1.37813
-0.00548958
1.08994
1.52061
1.2753
0.612458
-0.122184
-0.653805
-0.85795
-0.757653
-0.468209
-0.128526
0.151559
0.315532
0.358528
0.310113
0.213241
0.107318
0.019093
-0.039278
-0.0675127
-0.0719448
-0.0621016
-0.0453176
-0.0290595
-0.0144257
-0.00557325
0.00106545
0.00344111
100.001
100.02
99.9791
99.9597
100.038
100.065
99.9523
99.9049
100.047
100.13
99.9689
99.8335
99.9941
100.197
100.067
99.7917
99.8487
100.184
100.247
99.892
99.6699
99.9702
100.361
100.217
99.7061
99.5919
100.098
100.52
100.212
99.5485
99.4595
100.139
100.711
100.365
99.469
99.1701
99.9377
100.897
100.835
99.7007
98.7686
99.2092
100.681
101.587
100.783
98.9244
97.9365
99.0722
101.486
102.829
101.43
98.0925
95.7741
97.2171
102.331
107.405
106.88
96.5568
76.18
49.8155
23.9258
4.38048
-5.91678
-7.69564
-4.2651
0.414014
3.44926
3.81273
2.11675
-0.232554
-1.94243
-2.38711
-1.6834
-0.415003
0.756837
1.39151
1.38069
0.890366
0.214034
-0.374389
-0.711508
-0.764874
-0.600712
-0.32952
-0.0565807
0.147846
0.256329
0.27621
0.234473
0.162889
0.0881188
0.0266423
-0.0142818
-0.0357053
-0.0413
-0.0377436
-0.0292955
-0.0198111
-0.0127784
-0.00466586
99.9929
100.02
100.009
99.9535
99.9847
100.072
100.029
99.906
99.9464
100.11
100.09
99.8871
99.8619
100.095
100.192
99.9515
99.7594
99.9662
100.264
100.149
99.7645
99.7213
100.132
100.383
100.053
99.5955
99.7072
100.282
100.506
100.006
99.4325
99.6021
100.359
100.715
100.134
99.2928
99.2792
100.21
101.002
100.636
99.4192
98.7309
99.4708
100.962
101.577
100.48
98.6367
97.9632
99.3992
101.802
102.827
101.101
97.7292
95.7024
97.5087
102.747
107.602
106.694
96.1267
75.8285
49.8035
24.2652
4.83813
-5.64736
-7.78844
-4.65969
-0.0413829
3.19774
3.90036
2.48696
0.220952
-1.63089
-2.35583
-1.92991
-0.816355
0.373706
1.17076
1.38579
1.09468
0.527727
-0.0606147
-0.486254
-0.672957
-0.64032
-0.46471
-0.236457
-0.0286299
0.117016
0.189725
0.200341
0.170367
0.121678
0.0718071
0.0307345
0.00255027
-0.0128632
-0.019607
-0.0181361
-0.0169673
-0.00947513
99.9908
100.007
100.03
99.9795
99.9475
100.029
100.079
99.9708
99.8922
100.017
100.138
100.012
99.8368
99.9394
100.174
100.128
99.8425
99.793
100.099
100.279
100.009
99.6868
99.8374
100.273
100.329
99.873
99.5553
99.8778
100.426
100.412
99.7925
99.3914
99.8018
100.543
100.636
99.8797
99.1808
99.4597
100.475
101.033
100.383
99.1649
98.7688
99.773
101.207
101.496
100.144
98.3828
98.0528
99.7581
102.092
102.772
100.738
97.3745
95.6679
97.8336
103.171
107.785
106.487
95.6792
75.4687
49.7905
24.6113
5.31312
-5.3513
-7.85589
-5.0471
-0.519945
2.89627
3.93264
2.82598
0.689061
-1.25824
-2.23928
-2.10265
-1.18808
-0.0392275
0.868849
1.28546
1.20402
0.786162
0.252237
-0.210363
-0.495507
-0.582832
-0.513553
-0.356318
-0.177986
-0.0260813
0.0760944
0.125976
0.133929
0.115175
0.084914
0.0529615
0.0275621
0.00791338
-0.00153047
-0.00858106
-0.00808386
99.995
99.9905
100.029
100.016
99.9487
99.9717
100.071
100.048
99.9146
99.9226
100.09
100.116
99.9217
99.8396
100.043
100.202
100.021
99.774
99.8869
100.212
100.222
99.8618
99.6801
99.9944
100.359
100.205
99.7116
99.5965
100.075
100.504
100.25
99.6028
99.4349
100.035
100.666
100.48
99.6298
99.1483
99.698
100.708
100.981
100.091
98.957
98.8847
100.101
101.401
101.344
99.7868
98.174
98.207
100.141
102.351
102.661
100.345
97.0339
95.6738
98.192
103.601
107.951
106.255
95.2136
75.1001
49.7765
24.9646
5.80613
-5.02719
-7.89553
-5.42411
-1.01909
2.54453
3.90447
3.12413
1.16059
-0.831861
-2.03583
-2.18867
-1.50824
-0.457699
0.503629
1.08368
1.20503
0.960616
0.526661
0.0788738
-0.260972
-0.441974
-0.473017
-0.39825
-0.271842
-0.139899
-0.0321178
0.0394046
0.0748189
0.0831016
0.0732558
0.0565938
0.0375079
0.0221352
0.0108553
0.00178142
100.002
99.9819
100.01
100.039
99.9825
99.9386
100.019
100.086
99.989
99.8879
99.9898
100.135
100.047
99.8527
99.899
100.139
100.166
99.901
99.7695
100.017
100.271
100.106
99.7435
99.7498
100.158
100.37
100.034
99.6024
99.7148
100.266
100.499
100.043
99.4675
99.5606
100.27
100.708
100.262
99.4125
99.2027
99.9738
100.887
100.846
99.7803
98.8129
99.0758
100.437
101.533
101.123
99.4214
98.0212
98.4253
100.54
102.568
102.493
99.9244
96.7128
95.7232
98.5836
104.036
108.097
105.997
94.729
74.7223
49.7613
25.3251
6.31796
-4.67335
-7.90457
-5.78714
-1.53583
2.14261
3.811
3.3714
1.62308
-0.361518
-1.74697
-2.17772
-1.7557
-0.85503
0.0990517
0.793378
1.09428
1.03059
0.729131
0.342221
-0.00608461
-0.245085
-0.357113
-0.362364
-0.298676
-0.20555
-0.11284
-0.0389596
0.0104547
0.0361083
0.0441391
0.0415542
0.0318262
0.0247139
0.0116695
100.007
99.9855
99.9866
100.035
100.023
99.9471
99.9612
100.067
100.062
99.9261
99.9072
100.068
100.13
99.9551
99.8332
99.9977
100.193
100.075
99.8072
99.8337
100.147
100.257
99.9577
99.6865
99.8818
100.289
100.3
99.8522
99.57
99.8906
100.413
100.407
99.8235
99.4104
99.7537
100.475
100.661
100.006
99.2544
99.3428
100.262
100.992
100.636
99.4751
98.7469
99.3342
100.762
101.589
100.839
99.0632
97.9342
98.7051
100.943
102.735
102.267
99.4829
96.4173
95.8193
99.0082
104.473
108.222
105.712
94.2246
74.3348
49.7446
25.693
6.84931
-4.28805
-7.8799
-6.13198
-2.06635
1.69143
3.64784
3.55737
2.06234
0.139913
-1.37806
-2.06304
-1.91073
-1.20251
-0.314821
0.437117
0.879634
0.98596
0.832945
0.541796
0.227644
-0.0296449
-0.193556
-0.263279
-0.260202
-0.213225
-0.149171
-0.0874579
-0.0377796
-0.00548903
0.0146038
0.0194972
0.0233047
0.0155664
100.007
99.9973
99.9743
100.011
100.045
99.9861
99.9332
100.01
100.089
100.004
99.8895
99.9691
100.125
100.072
99.8743
99.874
100.102
100.184
99.9552
99.7705
99.9501
100.238
100.172
99.8169
99.7079
100.046
100.356
100.161
99.6974
99.624
100.091
100.487
100.243
99.6276
99.4439
99.9881
100.62
100.525
99.7414
99.1769
99.5576
100.533
101.009
100.363
99.1996
98.7684
99.6468
101.056
101.562
100.502
98.7285
97.9211
99.0415
101.341
102.845
101.982
99.0259
96.1537
95.9647
99.4647
104.911
108.324
105.399
93.6995
73.937
49.7262
26.0683
7.40083
-3.86962
-7.81834
-6.45411
-2.60608
1.19305
3.4117
3.67202
2.4631
0.656492
-0.939299
-1.84331
-1.95789
-1.47236
-0.703933
0.04679
0.582623
0.832299
0.826118
0.650358
0.403102
0.163712
-0.0201628
-0.131928
-0.177806
-0.175024
-0.145233
-0.103839
-0.0659544
-0.0330799
-0.0132487
0.00127974
0.00683186
100.003
100.009
99.9783
99.9832
100.039
100.028
99.947
99.9543
100.062
100.07
99.9375
99.8995
100.049
100.134
99.9826
99.8376
99.9633
100.174
100.111
99.8468
99.8055
100.085
100.262
100.037
99.7225
99.8051
100.202
100.341
99.9832
99.6049
99.7563
100.278
100.473
100.032
99.4897
99.5663
100.23
100.681
100.317
99.5018
99.1932
99.8272
100.759
100.931
100.05
98.9781
98.8812
99.9956
101.297
101.448
100.125
98.4338
97.9876
99.4271
101.719
102.89
101.641
98.5603
95.9284
96.1622
99.9523
105.345
108.399
105.055
93.1527
73.5286
49.7061
26.4514
7.97333
-3.41621
-7.71651
-6.7486
-3.14983
0.650407
3.10023
3.70582
2.80938
1.16983
-0.445218
-1.52278
-1.88703
-1.64007
-1.03369
-0.340285
0.235053
0.589184
0.712333
0.655882
0.495767
0.303288
0.129935
0.00175927
-0.0741406
-0.10655
-0.106562
-0.0903281
-0.0663911
-0.0431296
-0.0263151
-0.00863814
99.9981
100.014
99.9938
99.9687
100.011
100.049
99.9885
99.9309
100.004
100.089
100.014
99.8945
99.9557
100.113
100.087
99.8958
99.8623
100.069
100.186
99.9983
99.7867
99.9033
100.196
100.209
99.8889
99.7021
99.9546
100.309
100.243
99.8066
99.5973
99.9415
100.413
100.369
99.8117
99.4361
99.7611
100.442
100.646
100.061
99.3191
99.3059
100.124
100.914
100.762
99.7213
98.8321
99.0822
100.359
101.468
101.249
99.7242
98.1955
98.1372
99.8519
102.066
102.863
101.245
98.0939
95.7481
96.4141
100.469
105.773
108.444
104.679
92.5831
73.1089
49.6839
26.8423
8.56766
-2.92586
-7.57076
-7.01003
-3.69147
0.0677212
2.71244
3.65004
3.08464
1.65877
0.0844638
-1.1127
-1.69534
-1.68659
-1.27101
-0.682846
-0.121489
0.290824
0.512714
0.563893
0.495917
0.36771
0.227239
0.106513
0.0191283
-0.0332263
-0.0560046
-0.0610026
-0.0503101
-0.043088
-0.0229328
99.9946
100.011
100.011
99.9728
99.9817
100.041
100.031
99.9475
99.9514
100.058
100.073
99.9464
99.8981
100.035
100.131
100.002
99.848
99.9411
100.152
100.131
99.884
99.7971
100.034
100.247
100.093
99.7711
99.7636
100.118
100.34
100.085
99.673
99.6789
100.141
100.466
100.193
99.6223
99.4792
99.9986
100.59
100.515
99.7899
99.2201
99.5056
100.415
100.977
100.513
99.4069
98.7785
99.3612
100.711
101.552
100.968
99.3198
98.0291
98.3699
100.304
102.368
102.76
100.799
97.6352
95.6197
96.7226
101.014
106.191
108.458
104.268
91.9893
72.677
49.6593
27.2414
9.18484
-2.39635
-7.37711
-7.23251
-4.22414
-0.549579
2.24893
3.49738
3.27277
2.10059
0.625677
-0.631588
-1.38938
-1.60266
-1.39063
-0.94328
-0.443141
-0.019853
0.263357
0.399183
0.416336
0.357651
0.264403
0.168641
0.0869001
0.0305755
-0.00761826
-0.0210319
-0.0312303
-0.0231261
99.9944
100.003
100.02
99.9903
99.9655
100.013
100.051
99.9887
99.9311
100.001
100.086
100.019
99.9007
99.9497
100.102
100.092
99.9137
99.8608
100.044
100.178
100.028
99.8093
99.8762
100.154
100.222
99.9481
99.7193
99.8912
100.25
100.283
99.9059
99.6154
99.8333
100.313
100.425
99.9768
99.5005
99.6145
100.24
100.647
100.305
99.5432
99.2216
99.7713
100.665
100.936
100.205
99.1371
98.8274
99.7005
101.026
101.539
100.618
98.9331
97.9478
98.6822
100.768
102.611
102.576
100.31
97.1938
95.5499
97.0891
101.584
106.596
108.436
103.821
91.3699
72.2321
49.632
27.6488
9.82582
-1.82527
-7.13105
-7.40918
-4.73961
-1.19439
1.71201
3.24194
3.35789
2.47083
1.14995
-0.105156
-0.985118
-1.38932
-1.37686
-1.09086
-0.689184
-0.298352
0.00569129
0.195392
0.279509
0.283756
0.242251
0.178937
0.118737
0.06481
0.0301906
0.00504749
-0.00768285
99.9969
99.9941
100.018
100.01
99.9687
99.9826
100.043
100.03
99.9477
99.9525
100.055
100.071
99.9519
99.9013
100.027
100.124
100.012
99.8605
99.9305
100.131
100.137
99.9137
99.802
99.9977
100.223
100.126
99.8192
99.7499
100.05
100.314
100.153
99.7496
99.6496
100.026
100.416
100.294
99.7639
99.4719
99.8204
100.444
100.601
100.046
99.3572
99.3279
100.072
100.844
100.791
99.8663
98.9406
98.9806
100.076
101.277
101.422
100.216
98.5868
97.9621
99.0667
101.228
102.782
102.31
99.7849
96.7802
95.5454
97.5146
102.176
106.984
108.375
103.335
90.7235
71.7733
49.6013
28.0644
10.4915
-1.21033
-6.828
-7.53269
-5.22837
-1.85739
1.10704
2.88091
3.32625
2.74473
1.62484
0.432513
-0.511012
-1.063
-1.23001
-1.10916
-0.828813
-0.504164
-0.216063
-0.00405932
0.122073
0.177048
0.179277
0.153926
0.116104
0.0772727
0.0500904
0.0188997
100.001
99.9896
100.008
100.022
99.9862
99.9649
100.016
100.05
99.9866
99.9334
100.003
100.082
100.018
99.907
99.9501
100.093
100.091
99.9262
99.8664
100.029
100.166
100.043
99.8322
99.8657
100.119
100.218
99.99
99.7472
99.8549
100.193
100.292
99.9825
99.6572
99.7688
100.213
100.428
100.101
99.5977
99.5446
100.061
100.573
100.456
99.7752
99.2621
99.5285
100.369
100.925
100.554
99.5326
98.841
99.2302
100.459
101.442
101.202
99.783
98.3037
98.079
99.512
101.664
102.869
101.962
99.2334
96.4055
95.6128
97.9995
102.786
107.349
108.271
102.807
90.0483
71.2994
49.5668
28.4884
11.1829
-0.54887
-6.46293
-7.59502
-5.67987
-2.52755
0.441822
2.41455
3.16707
2.89931
2.01713
0.942807
-0.00453629
-0.653549
-0.967313
-1.00077
-0.850108
-0.614898
-0.371615
-0.168668
-0.0247807
0.0602347
0.0961646
0.103702
0.0852269
0.0733469
0.0395719
100.003
99.9904
99.9958
100.022
100.007
99.9659
99.9862
100.045
100.025
99.9476
99.9573
100.054
100.066
99.9539
99.9082
100.024
100.115
100.015
99.8728
99.9296
100.115
100.133
99.9338
99.8147
99.9772
100.198
100.139
99.8591
99.7553
100.003
100.279
100.188
99.8184
99.6538
99.9444
100.349
100.343
99.8861
99.5142
99.7067
100.291
100.601
100.233
99.5371
99.2759
99.7988
100.624
100.893
100.247
99.2401
98.8539
99.5588
100.816
101.501
100.889
99.3451
98.1054
98.3004
100.002
102.057
102.861
101.535
98.6673
96.0817
95.7586
98.5437
103.411
107.687
108.12
102.234
89.3424
70.8093
49.5279
28.9209
11.9011
0.161893
-6.03028
-7.58706
-6.08164
-3.19099
-0.272078
1.84737
2.87346
2.91396
2.2931
1.38277
0.488007
-0.20351
-0.622011
-0.784869
-0.758045
-0.620697
-0.44157
-0.270951
-0.131409
-0.0387685
0.0225819
0.0419591
0.0572735
0.0416069
100.004
99.9953
99.9877
100.013
100.022
99.9816
99.9671
100.021
100.047
99.9822
99.938
100.007
100.077
100.013
99.913
99.9562
100.086
100.083
99.9333
99.8769
100.022
100.151
100.048
99.8522
99.8679
100.095
100.204
100.014
99.7773
99.8413
100.147
100.281
100.033
99.706
99.7411
100.132
100.4
100.179
99.6974
99.5328
99.9274
100.467
100.522
99.9689
99.3717
99.4004
100.102
100.799
100.747
99.9031
99.0238
98.9844
99.9395
101.115
101.443
100.498
98.9313
98.0104
98.6231
100.519
102.387
102.75
101.035
98.1001
95.8212
95.9884
99.1459
104.044
107.991
107.917
101.613
88.6034
70.3013
49.4836
29.3619
12.6473
0.924913
-5.52428
-7.49916
-6.41995
-3.83132
-1.01888
1.18984
2.4458
2.7754
2.42496
1.71181
0.917985
0.235861
-0.241506
-0.500867
-0.580772
-0.537452
-0.432642
-0.305399
-0.194284
-0.100239
-0.0428578
-0.00171193
0.0165217
100.003
100.001
99.9862
99.9995
100.024
100.002
99.9649
99.9924
100.045
100.018
99.9478
99.9655
100.054
100.057
99.9531
99.9182
100.026
100.105
100.011
99.8842
99.9365
100.103
100.122
99.9444
99.8315
99.9704
100.174
100.137
99.8874
99.7722
99.9764
100.242
100.198
99.8707
99.6774
99.896
100.283
100.352
99.9754
99.5781
99.6512
100.162
100.551
100.345
99.7092
99.3092
99.6198
100.394
100.865
100.502
99.5641
98.9127
99.2252
100.338
101.324
101.264
100.055
98.5723
98.0331
99.0376
101.037
102.633
102.53
100.471
97.5472
95.6368
96.3073
99.8041
104.681
108.256
107.656
100.941
87.8286
69.7735
49.4328
29.8109
13.4225
1.74347
-4.93825
-7.32014
-6.67873
-4.4287
-1.77805
0.458682
1.89196
2.47871
2.39297
1.89638
1.24137
0.615057
0.125558
-0.193162
-0.351298
-0.391681
-0.353399
-0.282331
-0.200615
-0.127475
-0.0771219
-0.0258153
100.001
100.006
99.9904
99.989
100.017
100.018
99.9771
99.9722
100.026
100.04
99.9765
99.945
100.014
100.07
100.004
99.9195
99.9667
100.081
100.07
99.9359
99.8911
100.023
100.136
100.042
99.868
99.8794
100.081
100.185
100.023
99.8046
99.8448
100.115
100.258
100.058
99.7509
99.7406
100.076
100.357
100.216
99.7806
99.557
99.8447
100.361
100.526
100.105
99.5013
99.3637
99.9017
100.629
100.81
100.186
99.2729
98.9257
99.5562
100.714
101.417
100.971
99.5888
98.2981
98.1817
99.5278
101.53
102.777
102.198
99.8547
97.0263
95.5416
96.7197
100.515
105.313
108.473
107.333
100.212
87.0151
69.2238
49.3739
30.2675
14.2275
2.62045
-4.26563
-7.03807
-6.83964
-4.95887
-2.52187
-0.319242
1.23263
2.03347
2.19201
1.91614
1.42323
0.890171
0.427787
0.0899647
-0.119065
-0.218884
-0.239605
-0.219953
-0.167188
-0.133387
-0.0678897
99.999
100.007
99.9974
99.9847
100.005
100.024
99.9955
99.9664
100
100.043
100.009
99.9493
99.9766
100.054
100.044
99.9509
99.9311
100.032
100.092
100.002
99.8952
99.9494
100.095
100.106
99.9473
99.8505
99.9744
100.155
100.125
99.9043
99.7951
99.9682
100.21
100.19
99.9042
99.7096
99.8766
100.229
100.335
100.029
99.6435
99.6398
100.07
100.481
100.394
99.845
99.3856
99.5288
100.201
100.768
100.635
99.8398
99.0701
99.0678
99.9448
101.027
101.378
100.582
99.1374
98.136
98.4571
100.071
101.971
102.8
101.757
99.2028
96.5566
95.5485
97.2286
101.273
105.933
108.635
106.939
99.4225
86.1593
68.6495
49.3054
30.731
15.063
3.55927
-3.499
-6.63978
-6.88239
-5.39426
-3.21705
-1.10859
0.500721
1.46479
1.83639
1.77111
1.45186
1.03651
0.635769
0.31287
0.0831195
-0.0482312
-0.121146
-0.124704
-0.131151
-0.083992
99.9977
100.006
100.004
99.9868
99.9932
100.02
100.012
99.9739
99.9802
100.03
100.031
99.9709
99.9549
100.022
100.06
99.9936
99.9274
99.9805
100.076
100.054
99.936
99.9084
100.029
100.119
100.03
99.8806
99.8977
100.075
100.163
100.019
99.8278
99.8605
100.097
100.23
100.063
99.7871
99.7583
100.044
100.313
100.222
99.8398
99.5989
99.8069
100.275
100.493
100.182
99.6187
99.3864
99.7776
100.466
100.785
100.364
99.5124
98.9874
99.328
100.349
101.239
101.202
100.127
98.74
98.1079
98.8513
100.638
102.328
102.689
101.214
98.5352
96.1591
95.6702
97.8358
102.073
106.531
108.732
106.468
98.5665
85.2568
68.0472
49.2244
31.1999
15.9295
4.56312
-2.63046
-6.1105
-6.78352
-5.70193
-3.82264
-1.86323
-0.257766
0.814091
1.35706
1.48003
1.33127
1.04482
0.731462
0.444832
0.233163
0.075073
-0.00172136
-0.0578904
-0.0601996
99.9974
100.003
100.008
99.993
99.9864
100.01
100.021
99.9887
99.971
100.009
100.038
99.9978
99.9532
99.9895
100.052
100.029
99.9492
99.9469
100.038
100.077
99.9901
99.907
99.9665
100.089
100.085
99.945
99.8714
99.9861
100.138
100.104
99.912
99.8214
99.9738
100.184
100.169
99.9209
99.7442
99.88
100.191
100.303
100.052
99.6994
99.6581
100.017
100.41
100.395
99.9346
99.4732
99.5058
100.066
100.649
100.673
100.035
99.2533
99.042
99.6787
100.72
101.319
100.897
99.644
98.4357
98.2274
99.3463
101.194
102.574
102.436
100.581
97.8761
95.8559
95.9183
98.541
102.905
107.095
108.753
105.911
97.6371
84.3024
67.4127
49.1282
31.6725
16.8269
5.63485
-1.6527
-5.43616
-6.51981
-5.84827
-4.29448
-2.53085
-0.985867
0.138191
0.805186
1.08686
1.09037
0.939408
0.715216
0.498593
0.3048
0.167423
0.0732756
0.00522974
99.9981
99.9994
100.008
100
99.9856
99.9992
100.021
100.004
99.9733
99.9902
100.031
100.019
99.9671
99.9675
100.029
100.048
99.9825
99.9379
99.9958
100.07
100.035
99.9359
99.9285
100.037
100.101
100.013
99.892
99.9209
100.074
100.138
100.006
99.8477
99.8849
100.09
100.199
100.052
99.8142
99.7877
100.033
100.272
100.205
99.8744
99.6466
99.8045
100.215
100.443
100.209
99.7074
99.4405
99.7217
100.338
100.715
100.447
99.6996
99.105
99.2327
100.077
101.01
101.249
100.488
99.1794
98.2603
98.4975
99.9142
101.701
102.679
102.037
99.8771
97.2533
95.6701
96.3033
99.3419
103.76
107.611
108.686
105.258
96.6267
83.2896
66.7406
49.0122
32.1457
17.7542
6.77617
-0.559364
-4.60355
-6.06895
-5.80035
-4.58864
-3.0589
-1.62414
-0.504204
0.240157
0.637086
0.775185
0.73922
0.616844
0.466641
0.313373
0.213576
0.0907809
99.9992
99.9971
100.006
100.005
99.9894
99.991
100.014
100.014
99.9833
99.9787
100.016
100.03
99.9878
99.9606
100.003
100.047
100.013
99.95
99.9647
100.043
100.059
99.9777
99.9211
99.9857
100.083
100.062
99.9408
99.8944
100.003
100.122
100.078
99.914
99.8504
99.989
100.163
100.139
99.9246
99.779
99.8997
100.167
100.264
100.05
99.7424
99.6948
99.9969
100.35
100.366
99.9798
99.5527
99.529
99.9903
100.54
100.648
100.145
99.4149
99.0959
99.5371
100.47
101.175
101.03
100.014
98.7834
98.2413
98.9081
100.517
102.115
102.623
101.5
99.1293
96.6986
95.625
96.8335
100.233
104.624
108.065
108.516
104.498
95.5259
82.2109
66.0244
48.8705
32.6141
18.7064
7.98387
0.64944
-3.60701
-5.41716
-5.53304
-4.66913
-3.39808
-2.11714
-1.04741
-0.278028
0.196872
0.434393
0.494861
0.471422
0.366388
0.304423
0.164691
100
99.9963
100.003
100.008
99.9954
99.9875
100.005
100.018
99.9957
99.9764
100
100.029
100.007
99.967
99.9817
100.033
100.033
99.9737
99.9515
100.01
100.06
100.016
99.9382
99.9508
100.045
100.081
99.9949
99.9046
99.9471
100.075
100.11
99.9894
99.8667
99.9149
100.089
100.166
100.031
99.8348
99.8248
100.038
100.236
100.172
99.889
99.6946
99.8276
100.18
100.387
100.199
99.7642
99.5071
99.7191
100.254
100.629
100.458
99.8197
99.2323
99.2328
99.9131
100.799
101.185
100.677
99.526
98.5046
98.3943
99.4349
101.107
102.397
102.39
100.837
98.3706
96.2471
95.7435
97.5145
101.205
105.479
108.438
108.228
103.616
94.3232
81.0557
65.254
48.6933
33.0678
19.6736
9.24807
1.96553
-2.45176
-4.563
-5.03789
-4.51579
-3.52076
-2.42512
-1.44879
-0.701341
-0.184586
0.103251
0.263769
0.271905
0.288317
0.188975
100.001
99.9967
99.9993
100.007
100.001
99.9884
99.9973
100.016
100.006
99.9812
99.9885
100.02
100.019
99.9808
99.9714
100.013
100.038
99.9985
99.955
99.9831
100.045
100.04
99.968
99.9382
100.004
100.073
100.037
99.9382
99.92
100.02
100.105
100.049
99.9148
99.882
100.009
100.142
100.103
99.9211
99.8146
99.9301
100.152
100.219
100.03
99.7747
99.743
100.003
100.302
100.316
99.9887
99.6175
99.5812
99.9665
100.454
100.585
100.182
99.5337
99.1881
99.4978
100.303
101.011
101.031
100.23
99.0833
98.3846
98.7185
100.038
101.632
102.508
101.975
100.075
97.6422
95.9362
96.0467
98.3479
102.245
106.305
108.707
107.801
102.596
93.0036
79.8097
64.4141
48.4635
33.4873
20.634
10.5452
3.36437
-1.15991
-3.52462
-4.32428
-4.12839
-3.41583
-2.52297
-1.68265
-0.979536
-0.489132
-0.139335
0.0230984
0.139912
0.138631
100.001
99.9979
99.9972
100.005
100.005
99.9921
99.9922
100.01
100.012
99.9896
99.9829
100.009
100.023
99.9958
99.9714
99.9956
100.032
100.017
99.9693
99.9678
100.021
100.047
99.9979
99.9451
99.9736
100.049
100.058
99.9787
99.9206
99.9739
100.074
100.08
99.9721
99.8876
99.9477
100.089
100.131
100.005
99.8534
99.8671
100.051
100.201
100.129
99.8906
99.7426
99.868
100.164
100.328
100.162
99.794
99.5772
99.7551
100.211
100.543
100.417
99.8762
99.345
99.2946
99.8477
100.641
101.067
100.726
99.7456
98.7472
98.4512
99.1936
100.664
102.034
102.418
101.385
99.2516
96.9922
95.805
96.5533
99.3306
103.333
107.076
108.845
107.21
101.415
91.5456
78.4504
63.4806
48.154
33.8421
21.5527
11.8362
4.80363
0.224997
-2.34506
-3.4282
-3.5409
-3.09693
-2.43338
-1.72861
-1.13635
-0.65533
-0.338507
-0.12797
0.00888286
100.001
99.9992
99.9964
100.002
100.006
99.9967
99.9905
100.003
100.013
99.9982
99.9832
99.9984
100.02
100.008
99.9785
99.9841
100.02
100.026
99.9871
99.9648
99.9996
100.04
100.02
99.9634
99.9581
100.019
100.059
100.013
99.9403
99.9472
100.034
100.084
100.02
99.9186
99.9159
100.029
100.12
100.065
99.9164
99.8524
99.9656
100.14
100.171
100.001
99.8019
99.799
100.024
100.262
100.254
99.9723
99.6696
99.6519
99.9813
100.391
100.502
100.162
99.6077
99.2946
99.5345
100.22
100.865
100.95
100.308
99.2916
98.572
98.7119
99.7779
101.246
102.261
102.11
100.644
98.4177
96.4754
95.8926
97.277
100.452
104.445
107.759
108.82
106.424
100.043
89.9176
76.9439
62.4153
47.7221
34.084
22.3768
13.0629
6.22334
1.63896
-1.08078
-2.41094
-2.79019
-2.61685
-2.15985
-1.63303
-1.14068
-0.722126
-0.458195
-0.180048
100.001
100
99.9967
99.9998
100.006
100.001
99.9916
99.998
100.011
100.005
99.9874
99.9915
100.013
100.014
99.9885
99.9799
100.007
100.026
100.002
99.9709
99.9846
100.027
100.03
99.9847
99.9569
99.9941
100.046
100.034
99.9679
99.9406
99.9979
100.067
100.049
99.959
99.9123
99.9796
100.085
100.093
99.9798
99.8746
99.912
100.066
100.164
100.081
99.8876
99.7926
99.918
100.157
100.266
100.108
99.8069
99.6494
99.8168
100.197
100.46
100.341
99.8827
99.4379
99.3951
99.8608
100.541
100.929
100.671
99.841
98.9412
98.5958
99.1484
100.409
101.712
102.264
101.584
99.7963
97.6376
96.1521
96.236
98.2244
101.694
105.543
108.308
108.584
105.397
98.4349
88.0746
75.2421
61.1666
47.1109
34.1516
23.0374
14.1529
7.54168
3.00461
0.178971
-1.34132
-1.96169
-2.02221
-1.76832
-1.42601
-1.00709
-0.757639
-0.378834
100
100.001
99.9976
99.9981
100.004
100.003
99.9942
99.9949
100.007
100.008
99.9931
99.9888
100.006
100.015
99.9978
99.9815
99.9962
100.02
100.012
99.9816
99.9777
100.011
100.031
100.003
99.9657
99.9783
100.027
100.041
99.9937
99.9489
99.9737
100.041
100.059
99.9956
99.9286
99.9501
100.043
100.093
100.028
99.9163
99.893
100
100.125
100.12
99.9709
99.8303
99.8595
100.052
100.222
100.183
99.943
99.7167
99.7347
100.02
100.342
100.404
100.104
99.6482
99.4072
99.6247
100.204
100.744
100.816
100.275
99.4042
98.7593
98.8303
99.7132
101.005
101.99
102.017
100.863
98.9049
96.9885
96.0846
96.8651
99.3897
103.019
106.573
108.665
108.077
104.07
96.531
85.9541
73.2803
59.6658
46.2499
33.9695
23.4599
15.0249
8.68236
4.23592
1.35965
-0.300713
-1.12861
-1.36516
-1.35394
-1.07496
-0.927745
-0.534673
100
100.001
99.9988
99.9974
100.002
100.004
99.9972
99.994
100.003
100.008
99.9983
99.9894
99.9994
100.013
100.004
99.9865
99.9901
100.012
100.016
99.9925
99.978
99.9986
100.025
100.014
99.9787
99.9724
100.009
100.037
100.012
99.9651
99.963
100.015
100.053
100.021
99.954
99.9403
100.006
100.074
100.055
99.9612
99.9012
99.9555
100.074
100.123
100.034
99.8888
99.8461
99.9696
100.149
100.201
100.048
99.8158
99.7263
99.8923
100.197
100.376
100.241
99.8588
99.5194
99.5221
99.9284
100.485
100.782
100.542
99.8366
99.0805
98.7888
99.2531
100.33
101.478
102.021
101.514
100.003
98.0571
96.5576
96.3322
97.7968
100.747
104.371
107.461
108.746
107.217
102.363
94.2546
83.4819
70.984
57.8391
45.0622
33.4617
23.563
15.5981
9.5615
5.24572
2.39025
0.609152
-0.31076
-0.795367
-0.813278
-0.857272
-0.569855
99.9998
100.001
99.9998
99.9975
100
100.004
99.9997
99.9946
99.9996
100.007
100.002
99.992
99.9956
100.008
100.008
99.9925
99.9883
100.004
100.015
100.001
99.9826
99.9909
100.016
100.018
99.9913
99.9741
99.9954
100.027
100.022
99.9824
99.9633
99.9955
100.039
100.034
99.9795
99.9454
99.9807
100.048
100.063
99.998
99.9252
99.9345
100.027
100.103
100.069
99.9479
99.8651
99.9201
100.074
100.177
100.11
99.9146
99.7678
99.8245
100.065
100.294
100.295
100.026
99.6749
99.5286
99.7495
100.229
100.636
100.644
100.164
99.4449
98.9399
99.0374
99.8033
100.901
101.739
101.769
100.79
99.0884
97.3587
96.4336
96.94
99.0234
102.242
105.663
108.103
108.443
105.898
100.177
91.5141
80.5725
68.2747
55.6141
43.4823
32.5688
23.2869
15.8244
10.1079
6.00334
3.15781
1.40688
0.290394
-0.179382
-0.498018
-0.454923
99.9997
100.001
100
99.9981
99.9993
100.003
100.001
99.9961
99.9977
100.005
100.004
99.9952
99.9941
100.004
100.008
99.9977
99.9895
99.9989
100.012
100.006
99.9889
99.9878
100.007
100.018
100.001
99.9802
99.9878
100.016
100.024
99.9966
99.9705
99.984
100.023
100.035
99.9994
99.9588
99.9682
100.022
100.056
100.022
99.9539
99.9328
99.9918
100.071
100.079
99.9948
99.9006
99.902
100.013
100.132
100.132
99.9929
99.833
99.8087
99.9686
100.193
100.284
100.133
99.8279
99.6045
99.6679
100.023
100.446
100.62
100.363
99.7699
99.1891
99.0206
99.4679
100.385
101.319
101.721
101.24
99.9204
98.2379
96.9272
96.6947
97.9251
100.498
103.778
106.767
108.361
107.626
104.003
97.4098
88.2206
77.148
65.0847
52.9273
41.459
31.2331
22.6029
15.639
10.3326
6.41183
3.74767
1.92586
0.87352
0.224187
-0.115975
99.9997
100
100.001
99.9988
99.9988
100.002
100.002
99.9977
99.997
100.002
100.004
99.9981
99.9944
100.001
100.007
100.001
99.9922
99.9957
100.007
100.008
99.9948
99.9883
100.001
100.014
100.006
99.9876
99.9856
100.006
100.02
100.006
99.9803
99.98
100.009
100.03
100.012
99.9743
99.9664
100.003
100.042
100.032
99.9795
99.9434
99.9718
100.04
100.072
100.025
99.9391
99.9069
99.9732
100.082
100.124
100.043
99.8999
99.8285
99.9126
100.1
100.234
100.181
99.9502
99.7098
99.6628
99.8884
100.262
100.521
100.443
100.011
99.456
99.1333
99.3131
99.9977
100.883
101.488
101.399
100.488
99.0234
97.5896
96.8738
97.3904
99.2613
102.126
105.211
107.517
108.068
106.14
101.401
93.9584
84.296
73.1581
61.3784
49.772
38.9765
29.4786
21.4776
15.0877
10.1418
6.54193
3.98139
2.25259
1.23398
0.393308
99.9998
100
100.001
99.9994
99.9987
100.001
100.002
99.9991
99.9972
100.001
100.004
100
99.9956
99.9987
100.005
100.003
99.9953
99.9947
100.003
100.008
99.9992
99.9908
99.9966
100.009
100.009
99.9942
99.9869
99.9992
100.015
100.01
99.9896
99.9813
99.9992
100.021
100.017
99.9879
99.9712
99.9909
100.026
100.033
99.998
99.9593
99.9648
100.015
100.056
100.038
99.9717
99.9249
99.9538
100.04
100.1
100.066
99.9553
99.8663
99.8921
100.03
100.17
100.184
100.031
99.8141
99.7057
99.8208
100.114
100.392
100.436
100.16
99.6887
99.307
99.2956
99.753
100.508
101.179
101.354
100.804
99.6289
98.2535
97.2846
97.2784
98.5139
100.856
103.75
106.35
107.718
107.05
103.843
97.9837
89.7415
79.6892
68.5624
57.1486
46.1323
36.0761
27.3063
20.013
14.1817
9.68853
6.43295
3.97589
2.59135
1.15519
99.9998
100
100.001
99.9999
99.9989
100
100.002
100
99.9979
99.9995
100.003
100.001
99.9971
99.9978
100.003
100.003
99.9979
99.9952
100.001
100.006
100.002
99.9939
99.9951
100.005
100.008
99.9989
99.9901
99.9956
100.009
100.011
99.9966
99.9854
99.9939
100.013
100.016
99.9976
99.9789
99.9859
100.013
100.028
100.009
99.975
99.9669
99.9984
100.038
100.039
99.9945
99.9471
99.9504
100.01
100.071
100.069
99.9931
99.9078
99.8967
99.9857
100.11
100.159
100.073
99.899
99.7701
99.8061
100.015
100.268
100.378
100.226
99.8611
99.4892
99.3653
99.636
100.232
100.872
101.19
100.916
100.032
98.8193
97.7773
97.4408
98.1702
99.9922
102.546
105.148
106.953
107.145
105.121
100.605
93.6786
84.7466
74.4198
63.4262
52.4497
42.097
32.7884
24.7755
18.1933
12.8845
8.98434
5.79765
4.05655
1.98568
99.9999
99.9999
100
100
99.9992
99.9997
100.001
100.001
99.9986
99.9991
100.002
100.002
99.9985
99.9978
100.001
100.003
99.9997
99.9963
99.999
100.004
100.003
99.9967
99.9952
100.001
100.006
100.002
99.9936
99.9945
100.004
100.009
100.001
99.9902
99.9922
100.006
100.013
100.003
99.9868
99.9858
100.004
100.02
100.013
99.9877
99.9736
99.99
100.022
100.033
100.008
99.9674
99.9566
99.9925
100.045
100.059
100.014
99.9436
99.9146
99.9645
100.062
100.123
100.085
99.9579
99.8352
99.8239
99.96
100.168
100.3
100.235
99.9703
99.6456
99.4728
99.6107
100.056
100.615
100.985
100.894
100.256
99.2406
98.2395
97.733
98.1062
99.4874
101.664
104.105
106.07
106.783
105.598
102.134
96.3285
88.4374
78.9556
68.5184
57.7996
47.3869
37.8018
29.2799
22.1565
16.1495
11.7305
7.83674
5.7927
3.05433
100
99.9999
100
100
99.9995
99.9996
100.001
100.001
99.9993
99.999
100.001
100.001
99.9995
99.9982
100
100.002
100.001
99.9977
99.9984
100.002
100.003
99.9988
99.9963
99.9996
100.004
100.003
99.9967
99.9951
100.001
100.006
100.003
99.9946
99.9929
100.001
100.009
100.005
99.9932
99.9885
99.9986
100.012
100.012
99.9961
99.9819
99.9878
100.01
100.024
100.012
99.9831
99.9674
99.9856
100.024
100.045
100.022
99.9702
99.9374
99.9606
100.029
100.087
100.077
99.9918
99.8907
99.8585
99.9404
100.097
100.222
100.207
100.025
99.7644
99.5884
99.6445
99.9646
100.424
100.782
100.795
100.346
99.5239
98.6278
98.0673
98.2139
99.2497
101.069
103.269
105.221
106.211
105.592
102.921
98.0305
91.0507
82.3621
72.5106
62.13
51.7848
42.0553
33.1707
25.6225
19.0347
14.1703
9.64982
7.33539
3.98769
100
99.9999
100
100
99.9998
99.9996
100
100.001
99.9998
99.9992
100
100.001
100
99.9988
99.9996
100.001
100.001
99.9988
99.9984
100.001
100.002
100
99.9975
99.9988
100.002
100.003
99.9988
99.9963
99.9993
100.004
100.003
99.9977
99.9947
99.999
100.006
100.005
99.9975
99.992
99.9965
100.007
100.01
100.001
99.989
99.9892
100.003
100.016
100.012
99.993
99.9781
99.9855
100.011
100.03
100.021
99.9862
99.9579
99.9662
100.011
100.058
100.06
100.006
99.9295
99.8946
99.9431
100.057
100.16
100.166
100.041
99.8391
99.685
99.7031
99.9371
100.305
100.619
100.672
100.343
99.6771
98.9032
98.3651
98.4006
99.2066
100.741
102.691
104.526
105.603
105.305
103.165
98.9599
92.7239
84.7583
75.5024
65.5695
55.4385
45.7765
36.7093
28.9514
21.9108
16.756
11.6566
9.1484
5.18439
100
99.9999
100
100
100
99.9997
100
100
100
99.9995
99.9998
100.001
100
99.9993
99.9994
100.001
100.001
99.9996
99.9988
100
100.001
100.001
99.9987
99.9987
100.001
100.002
100
99.9978
99.9986
100.002
100.003
99.9997
99.9968
99.9981
100.002
100.004
100
99.9955
99.9964
100.002
100.006
100.003
99.9949
99.9924
99.9992
100.008
100.009
99.9987
99.9878
99.989
100.003
100.017
100.015
99.9951
99.9751
99.9764
100.003
100.035
100.041
100.008
99.956
99.928
99.9569
100.035
100.112
100.122
100.035
99.8853
99.7632
99.7678
99.942
100.231
100.491
100.552
100.3
99.758
99.1006
98.6142
98.5976
99.246
100.556
102.285
103.981
105.067
104.96
103.189
99.488
93.8227
86.4205
77.6456
68.0708
58.1274
48.5163
39.3209
31.3837
24.0015
18.6001
13.0653
10.3925
5.96954
100
99.9999
100
100
100
99.9998
99.9999
100
100
99.9997
99.9998
100
100
99.9997
99.9995
100
100.001
100
99.9993
99.9997
100.001
100.001
99.9995
99.999
100
100.001
100.001
99.999
99.9988
100
100.002
100
99.9985
99.9984
100.001
100.002
100.001
99.998
99.9976
100
100.003
100.002
99.9981
99.996
99.9988
100.004
100.005
99.9999
99.994
99.9942
100.002
100.009
100.008
99.9964
99.9854
99.9874
100.004
100.023
100.024
100.001
99.9667
99.9517
99.9767
100.034
100.086
100.085
100.013
99.8978
99.8108
99.8268
99.976
100.211
100.415
100.449
100.223
99.7566
99.1982
98.7911
98.7921
99.3732
100.538
102.08
103.607
104.601
104.534
102.952
99.5905
94.3683
87.4795
79.1934
70.0766
60.4415
51.074
41.8953
33.9769
26.3408
20.8367
14.8684
12.1023
7.1639
100
100
99.9999
100
100
99.9999
99.9998
100
100
99.9999
99.9997
100
100
100
99.9996
99.9998
100
100
99.9997
99.9995
100
100.001
100
99.9993
99.9995
100.001
100.001
99.9999
99.999
99.9996
100.001
100.001
99.9997
99.9987
99.9994
100.001
100.001
99.9999
99.9986
99.999
100.001
100.002
100
99.9987
99.9987
100
100.002
100.001
99.9984
99.998
100.001
100.003
100.003
99.9973
99.9928
99.9952
100.005
100.014
100.012
99.9954
99.9743
99.9683
99.9903
100.033
100.067
100.06
99.9983
99.9074
99.8437
99.8661
99.9971
100.196
100.363
100.382
100.176
99.7607
99.2661
98.9063
98.9127
99.445
100.514
101.942
103.371
104.322
104.292
102.837
99.6818
94.7183
88.1073
80.0775
71.1731
61.6723
52.3769
43.1729
35.2033
27.4168
21.8116
15.6259
12.7863
7.60647
100
100
100
100
100
100
99.9999
100
100
100
99.9999
99.9999
100
100
99.9999
99.9997
100
100
100
99.9997
99.9998
100
100
99.9999
99.9995
99.9998
100
100
99.9998
99.9993
99.9998
100.001
100.001
99.9999
99.9992
99.9994
100
100.001
100.001
99.9993
99.9988
99.9995
100.001
100.002
100.001
99.9991
99.9978
99.9982
100.001
100.003
100.004
100.001
99.9956
99.9926
99.9956
100.004
100.013
100.013
100.001
99.9825
99.9709
99.9796
100.01
100.047
100.062
100.036
99.9686
99.8929
99.8589
99.9081
100.044
100.218
100.34
100.315
100.091
99.7026
99.2738
98.9956
99.0637
99.6044
100.612
101.916
103.19
104.003
103.904
102.482
99.491
94.7984
88.5616
80.9263
72.4449
63.2655
54.2769
45.1757
37.3341
29.3994
23.7918
17.2635
14.3875
8.76529
)
;

boundaryField
{
    left
    {
        type            fixedValue;
        value           uniform 100;
    }
    right
    {
        type            zeroGradient;
    }
    up
    {
        type            zeroGradient;
    }
    down
    {
        type            fixedValue;
        value           uniform 0;
    }
    frontAndBack
    {
        type            empty;
    }
}


// ************************************************************************* //
