/*--------------------------------*- C++ -*----------------------------------*\
  =========                 |
  \\      /  F ield         | OpenFOAM: The Open Source CFD Toolbox
   \\    /   O peration     | Website:  https://openfoam.org
    \\  /    A nd           | Version:  8
     \\/     M anipulation  |
\*---------------------------------------------------------------------------*/
FoamFile
{
    version     2.0;
    format      ascii;
    class       volScalarField;
    location    "0.339";
    object      T;
}
// * * * * * * * * * * * * * * * * * * * * * * * * * * * * * * * * * * * * * //

dimensions      [0 0 0 1 0 0 0];

internalField   nonuniform List<scalar> 
2500
(
49.9996
4.67614
-4.67119
-1.23316
1.21014
0.537832
-0.471999
-0.342574
0.204222
0.273743
-0.0456607
-0.218346
-0.0751427
0.127035
0.142735
-0.000195329
-0.117462
-0.100107
0.00619829
0.0898088
0.0878637
0.0208957
-0.0493163
-0.0765973
-0.0552976
-0.00947437
0.0316952
0.0513931
0.0486285
0.0321819
0.0126029
-0.00288115
-0.0116092
-0.0142729
-0.0130294
-0.0100583
-0.00687822
-0.0042563
-0.00240704
-0.00124703
-0.00058881
-0.000249106
-9.03073e-05
-2.4287e-05
-1.08261e-06
4.67254e-06
4.55774e-06
3.04555e-06
1.86651e-06
7.70895e-07
95.3246
49.998
10.578
-4.65541
-2.97797
1.15615
1.35205
-0.349497
-0.827724
-0.00823315
0.555888
0.241538
-0.295837
-0.357924
0.00230383
0.29103
0.227332
-0.0467696
-0.23195
-0.187405
-2.19254e-05
0.156603
0.179685
0.085806
-0.0405399
-0.122488
-0.131866
-0.0857237
-0.0200364
0.0347335
0.0644862
0.0699599
0.0596297
0.0429842
0.0268134
0.0144046
0.00637861
0.00194964
-7.51972e-05
-0.000746106
-0.000785042
-0.000604291
-0.000398524
-0.000237227
-0.00013058
-6.73369e-05
-3.28347e-05
-1.50964e-05
-6.87871e-06
-2.30866e-06
104.674
89.4224
49.9949
12.3231
-4.62333
-3.79843
1.06221
1.85736
-0.163666
-1.14927
-0.287363
0.685229
0.552798
-0.207822
-0.569482
-0.241757
0.274067
0.432253
0.16788
-0.196314
-0.343224
-0.210922
0.0437903
0.227398
0.248603
0.137907
-0.0143966
-0.12896
-0.172368
-0.15366
-0.102182
-0.0465872
-0.00418049
0.0199029
0.0284331
0.0271533
0.0214425
0.0149249
0.0094185
0.00546764
0.00294205
0.00147155
0.000683155
0.000292237
0.000113171
3.80606e-05
9.71463e-06
7.80115e-07
-1.50265e-06
-1.06506e-06
101.231
104.664
87.6764
49.9905
13.1494
-4.56978
-4.32583
0.920734
2.22841
0.0877711
-1.35498
-0.617052
0.672247
0.844575
0.0197369
-0.656795
-0.529156
0.0886946
0.517247
0.429574
0.0132857
-0.342853
-0.403626
-0.200315
0.0810233
0.267809
0.294267
0.195727
0.0511347
-0.0714232
-0.139552
-0.153858
-0.132536
-0.0964745
-0.0608594
-0.0332136
-0.0151271
-0.00500044
-0.000258485
0.00140832
0.00160874
0.00127425
0.000853465
0.000513328
0.000284804
0.000147846
7.25303e-05
3.35345e-05
1.53775e-05
5.1912e-06
98.7852
102.979
104.641
86.8484
49.9846
13.692
-4.48998
-4.74269
0.725706
2.52143
0.40268
-1.45486
-0.974046
0.522097
1.07114
0.347315
-0.586104
-0.775516
-0.223722
0.422572
0.620404
0.324669
-0.142282
-0.438292
-0.430969
-0.203495
0.0721655
0.260415
0.31465
0.26198
0.159766
0.0587843
-0.0131615
-0.0502785
-0.0598784
-0.0533247
-0.0403995
-0.0272761
-0.016776
-0.00950705
-0.00499082
-0.00242836
-0.00108988
-0.000445209
-0.000160296
-4.66053e-05
-7.02471e-06
3.31226e-06
4.80653e-06
2.60845e-06
99.4636
98.8307
103.804
104.598
86.3032
49.9774
14.1375
-4.37926
-5.11287
0.472712
2.75178
0.773931
-1.44553
-1.328
0.245219
1.18837
0.719232
-0.350189
-0.899138
-0.581029
0.143691
0.634886
0.60568
0.201803
-0.243346
-0.478382
-0.446241
-0.239962
0.0029516
0.182346
0.262618
0.258379
0.205737
0.139115
0.0804631
0.0386066
0.0134659
0.00090431
-0.00386413
-0.00462843
-0.00379338
-0.00261691
-0.00161658
-0.000919147
-0.000488158
-0.000244269
-0.000115913
-5.19818e-05
-2.30382e-05
-7.54025e-06
100.479
98.6424
98.9149
104.339
104.532
85.8536
49.9688
14.5556
-4.23318
-5.46076
0.158664
2.91942
1.19072
-1.32125
-1.64572
-0.138684
1.16203
1.07082
0.0273497
-0.841348
-0.881523
-0.263325
0.423266
0.720374
0.552298
0.133276
-0.261935
-0.466665
-0.461338
-0.321341
-0.143433
0.00311132
0.0902541
0.121561
0.115377
0.0913764
0.0638242
0.0403087
0.0233023
0.0123916
0.00605405
0.00269264
0.00106437
0.000350823
7.54593e-05
-1.11042e-05
-2.7194e-05
-2.15799e-05
-1.44121e-05
-6.22088e-06
100.344
100.365
98.1259
99.0462
104.767
104.436
85.4302
49.9588
14.9759
-4.04764
-5.79363
-0.217028
3.01679
1.63641
-1.0789
-1.89062
-0.59609
0.972458
1.33084
0.488233
-0.580034
-1.02054
-0.683755
0.0183409
0.577384
0.730606
0.517029
0.140006
-0.198712
-0.390991
-0.428361
-0.36078
-0.250601
-0.144366
-0.0649634
-0.0164326
0.00730443
0.0151721
0.0148615
0.0114762
0.00773526
0.00473323
0.00268135
0.00142206
0.000710866
0.000336286
0.000150933
6.40128e-05
2.64893e-05
8.09034e-06
99.7871
100.842
100.185
97.7388
99.2318
105.152
104.307
85.0025
49.9471
15.413
-3.81787
-6.11184
-0.654646
3.03335
2.0922
-0.718741
-2.02794
-1.08513
0.617211
1.43547
0.953187
-0.135752
-0.923155
-0.983721
-0.473914
0.176774
0.611084
0.70378
0.529515
0.244865
-0.0146654
-0.180031
-0.244125
-0.234688
-0.187717
-0.131728
-0.0829876
-0.0473835
-0.0245177
-0.0113654
-0.00456326
-0.00143174
-0.000192526
0.000184087
0.00022569
0.000169342
0.000105701
5.82675e-05
3.14526e-05
1.20453e-05
99.7201
99.997
101.182
99.9356
97.4253
99.4773
105.519
104.139
84.5561
49.9341
15.8742
-3.5406
-6.41152
-1.15055
2.95913
2.53419
-0.251138
-2.02828
-1.55176
0.121474
1.33972
1.32491
0.413772
-0.575636
-1.0423
-0.880572
-0.349584
0.206065
0.559588
0.656064
0.560972
0.379461
0.198029
0.0626594
-0.0164928
-0.0499285
-0.0546506
-0.0456525
-0.0328357
-0.0212567
-0.0126556
-0.00701332
-0.00364303
-0.00178059
-0.000819924
-0.000355307
-0.00014414
-5.42424e-05
-1.871e-05
-4.47932e-06
100.053
99.4193
100.281
101.409
99.6168
97.1697
99.7865
105.876
103.929
84.083
49.9187
16.3634
-3.21041
-6.68523
-1.70098
2.78164
2.93512
0.309023
-1.86528
-1.93594
-0.471133
1.01837
1.5054
0.955778
-0.0223827
-0.784602
-1.02366
-0.795959
-0.345223
0.0879778
0.367822
0.470576
0.441394
0.345184
0.235063
0.141518
0.0751121
0.0342147
0.0122137
0.00208483
-0.00159681
-0.00229474
-0.00189925
-0.00128502
-0.000772459
-0.000426557
-0.000220594
-0.000106802
-5.14714e-05
-1.81487e-05
100.23
99.7553
99.2712
100.626
101.532
99.2333
96.9736
100.163
106.224
103.671
83.5785
49.9019
16.884
-2.82391
-6.92673
-2.29981
2.49388
3.26922
0.936851
-1.52955
-2.18302
-1.09429
0.490782
1.4305
1.36228
0.613924
-0.250261
-0.817677
-0.964933
-0.79038
-0.474291
-0.169184
0.0447929
0.153406
0.180239
0.159705
0.120818
0.0816582
0.0503952
0.0287308
0.0152214
0.00750701
0.00343776
0.00144926
0.000551172
0.000180176
4.28552e-05
1.04633e-06
-8.89318e-06
-5.81036e-06
100.076
100.323
99.4225
99.2694
101.008
101.544
98.7956
96.845
100.605
106.558
103.361
83.0406
49.8824
17.4356
-2.37699
-7.12431
-2.93555
2.08889
3.503
1.59414
-1.02244
-2.23424
-1.65526
-0.182992
1.0657
1.49372
1.14322
0.412918
-0.283299
-0.709985
-0.830918
-0.732592
-0.534091
-0.329283
-0.168162
-0.0636816
-0.00752836
0.0158833
0.0210441
0.0181456
0.0130155
0.00831805
0.00487952
0.00266926
0.00137452
0.000670149
0.000310775
0.000136538
5.92213e-05
1.90246e-05
99.8594
100.383
100.239
99.0988
99.4143
101.398
101.436
98.3172
96.7956
101.115
106.874
102.995
82.4651
49.8596
18.0216
-1.86269
-7.26806
-3.60064
1.55988
3.60791
2.24402
-0.355751
-2.04863
-2.06781
-0.919566
0.429758
1.26856
1.39825
1.01111
0.433725
-0.0713688
-0.380937
-0.491598
-0.462879
-0.365931
-0.255033
-0.160144
-0.0914502
-0.0475215
-0.0222626
-0.00914634
-0.00304444
-0.000572996
0.000225859
0.000359403
0.000285243
0.00018275
0.00010232
5.59586e-05
2.16382e-05
99.8449
99.988
100.625
99.9993
98.8352
99.7007
101.76
101.2
97.8183
96.8396
101.688
107.161
102.566
81.8527
49.8355
18.6418
-1.28018
-7.34896
-4.27875
0.913581
3.56052
2.83432
0.424388
-1.6181
-2.24644
-1.58298
-0.359766
0.710578
1.26514
1.29858
1.00363
0.602891
0.251564
0.0158872
-0.104021
-0.139849
-0.128529
-0.0986781
-0.0673057
-0.0419318
-0.0242203
-0.0130841
-0.00664409
-0.00317911
-0.00143335
-0.000607373
-0.000240048
-8.74256e-05
-2.85097e-05
-6.19942e-06
100.004
99.671
100.257
100.739
99.6398
98.6812
100.112
102.055
100.834
97.3217
96.9881
102.319
107.413
102.072
81.2004
49.8054
19.2945
-0.621708
-7.34785
-4.94883
0.152033
3.32603
3.29985
1.26087
-0.940149
-2.09981
-2.01257
-1.13905
-0.0970705
0.682107
1.04863
1.06172
0.867876
0.607039
0.369798
0.194709
0.0845479
0.0250757
-0.00157254
-0.0101625
-0.0104922
-0.00802208
-0.00527946
-0.00314584
-0.00173792
-0.000901715
-0.000443651
-0.000206259
-9.55709e-05
-3.26732e-05
100.136
99.7465
99.6772
100.588
100.68
99.2147
98.681
100.62
102.243
100.34
96.8538
97.2554
103.003
107.619
101.504
80.5036
49.7714
19.9868
0.12137
-7.25488
-5.60002
-0.720329
2.88794
3.59555
2.09471
-0.0510149
-1.60253
-2.1054
-1.74743
-0.98388
-0.224834
0.304106
0.556302
0.592026
0.504428
0.373229
0.248017
0.150493
0.0840532
0.0433003
0.0204917
0.00879146
0.00330844
0.00099426
0.000146891
-9.27125e-05
-0.000118104
-8.46048e-05
-5.38913e-05
-2.27587e-05
100.114
100.063
99.5002
99.8793
100.888
100.429
98.7964
98.8651
101.179
102.285
99.7331
96.4479
97.6515
103.727
107.763
100.857
79.7665
49.7355
20.7142
0.9452
-7.05993
-6.20234
-1.6697
2.24938
3.66516
2.8152
0.931336
-0.808912
-1.79138
-1.96764
-1.60809
-1.04454
-0.518924
-0.144544
0.0651012
0.148047
0.154719
0.126669
0.0901751
0.0581155
0.0345989
0.0192502
0.0100809
0.0049905
0.00234086
0.00104103
0.000438327
0.000173745
6.57879e-05
1.81829e-05
99.9888
100.279
99.8127
99.3806
100.241
101.061
100.004
98.4636
99.2424
101.734
102.151
99.0353
96.1332
98.181
104.482
107.839
100.129
78.981
49.6867
21.473
1.86298
-6.73051
-6.71482
-2.67122
1.38952
3.42602
3.29282
1.87986
0.223924
-0.999474
-1.57472
-1.60562
-1.32068
-0.932543
-0.577284
-0.312848
-0.144112
-0.0507357
-0.00680541
0.00931147
0.0121585
0.0100109
0.00684717
0.00418498
0.00235761
0.00124385
0.000621682
0.000293357
0.000138326
4.80679e-05
99.8885
100.224
100.249
99.4877
99.4718
100.68
101.026
99.455
98.296
99.8023
102.222
101.816
98.2745
95.9457
98.8553
105.257
107.829
99.3007
78.139
49.6308
22.2793
2.89229
-6.25296
-7.12602
-3.71451
0.309137
2.85221
3.46199
2.6937
1.38452
0.183941
-0.598689
-0.935276
-0.945878
-0.783259
-0.568547
-0.372634
-0.223841
-0.124138
-0.0636774
-0.0301006
-0.012955
-0.0049294
-0.00153021
-0.000270338
9.96076e-05
0.000151481
0.000112303
7.27557e-05
3.10044e-05
99.8912
99.9927
100.43
99.9995
99.2309
99.7971
101.073
100.74
98.8756
98.3628
100.5
102.565
101.271
97.5004
95.9258
99.6709
106.023
107.709
98.3722
77.2519
49.5755
23.1265
4.01725
-5.63069
-7.40321
-4.72716
-0.90956
1.98036
3.25763
3.17579
2.35265
1.35783
0.53666
0.0101589
-0.245744
-0.314996
-0.283999
-0.215866
-0.146565
-0.0912875
-0.0529267
-0.0288176
-0.0148171
-0.00721842
-0.00333722
-0.00146419
-0.000608366
-0.000237914
-8.85847e-05
-2.40267e-05
99.9764
99.7931
100.263
100.451
99.6022
99.1785
100.303
101.29
100.216
98.378
98.699
101.265
102.702
100.529
96.7633
96.0965
100.617
106.764
107.478
97.3434
76.3064
49.4941
23.9916
5.24334
-4.81315
-7.45279
-5.60011
-2.19225
0.791398
2.5212
3.01243
2.68
1.98842
1.27341
0.704987
0.325966
0.109591
0.00588749
-0.0318781
-0.0372382
-0.0301953
-0.0207429
-0.0128239
-0.00733071
-0.00393244
-0.00199694
-0.000967145
-0.000444654
-0.000204474
-6.9688e-05
100.069
99.7609
99.9302
100.535
100.209
99.2091
99.4175
100.868
101.221
99.5169
98.0811
99.3128
102.009
102.569
99.6075
96.1163
96.4942
101.699
107.467
107.109
96.1774
75.2719
49.3816
24.9046
6.62631
-3.73736
-7.22212
-6.30297
-3.54052
-0.759599
1.15278
2.04244
2.14859
1.81719
1.33648
0.882706
0.53154
0.293603
0.1486
0.0682248
0.0276528
0.00917783
0.00180358
-0.000569174
-0.000982836
-0.00078846
-0.000507387
-0.000285035
-0.000156735
-6.09983e-05
100.107
99.8862
99.6794
100.265
100.611
99.744
99.0133
99.9433
101.313
100.807
98.776
98.1043
100.162
102.608
102.112
98.5601
95.6471
97.161
102.895
108.075
106.551
94.8584
74.1701
49.2793
25.8965
8.16429
-2.43547
-6.74278
-6.82302
-4.86373
-2.49695
-0.608025
0.53106
1.00972
1.05268
0.878738
0.641709
0.425033
0.260122
0.148681
0.079885
0.0404957
0.0193977
0.00877446
0.00373567
0.00148619
0.000543445
0.000177833
4.64809e-05
5.51399e-06
100.078
100.065
99.6441
99.8694
100.611
100.368
99.234
99.1639
100.627
101.456
100.087
98.174
98.5108
101.134
102.936
101.33
97.4827
95.432
98.0915
104.149
108.547
105.807
93.4175
73.0207
49.1642
26.8983
9.77302
-0.951362
-5.95637
-6.95399
-5.79539
-3.91929
-2.17861
-0.922396
-0.178591
0.171923
0.278164
0.261586
0.20053
0.136087
0.08459
0.049023
0.0267705
0.0138695
0.00684929
0.00323402
0.00146453
0.000632975
0.000272092
8.73891e-05
100.011
100.19
99.8009
99.5857
100.287
100.727
99.834
98.9171
99.6936
101.258
101.181
99.1923
97.8803
99.2962
102.091
102.901
100.252
96.4558
95.5154
99.2827
105.452
108.888
104.88
91.8172
71.7376
48.9305
27.8374
11.4654
0.849171
-4.59385
-6.30038
-5.84064
-4.47261
-2.99162
-1.78011
-0.940899
-0.431047
-0.157713
-0.0308212
0.0166894
0.0270281
0.0232508
0.0161994
0.0100178
0.00570155
0.00304049
0.0015389
0.000736343
0.000353987
0.000125499
99.946
100.212
100.034
99.528
99.8645
100.705
100.443
99.2074
99.0159
100.495
101.582
100.452
98.3267
98.0572
100.407
102.862
102.398
98.909
95.5854
95.9962
100.785
106.797
109.035
103.656
89.9304
70.2317
48.5755
28.8162
13.4328
3.20921
-2.39858
-4.61734
-4.77658
-3.95618
-2.86586
-1.87923
-1.13381
-0.634408
-0.330033
-0.159243
-0.0706202
-0.0281667
-0.00956995
-0.00229909
8.25358e-05
0.000594523
0.000524687
0.000338109
0.000203397
8.35205e-05
99.9107
100.144
100.227
99.6722
99.5466
100.393
100.797
99.7901
98.827
99.6233
101.28
101.359
99.3991
97.7932
98.8101
101.658
103.196
101.351
97.4362
95.0803
97
102.575
108.044
108.812
102.01
87.7329
68.5914
48.2639
30.0082
15.7855
6.12653
0.50296
-2.13178
-2.88567
-2.66021
-2.06198
-1.43004
-0.911984
-0.542685
-0.303942
-0.161083
-0.0810487
-0.0387787
-0.0176469
-0.00762613
-0.00311827
-0.0011966
-0.000425551
-0.000136486
-2.95955e-05
99.9117
100.032
100.316
99.9174
99.4288
99.9774
100.823
100.378
99.082
98.9953
100.558
101.661
100.543
98.3548
97.8693
100.046
102.728
102.894
99.8563
96.0967
95.1306
98.5136
104.484
109.008
108.139
99.9993
85.3741
66.9645
48.0458
31.2966
18.2145
9.11942
3.51013
0.506417
-0.799805
-1.14737
-1.04436
-0.79066
-0.535063
-0.333694
-0.1949
-0.107645
-0.0565777
-0.0284225
-0.0136899
-0.00633534
-0.00282381
-0.00120598
-0.000514027
-0.000164502
99.9393
99.9231
100.298
100.159
99.4984
99.6172
100.596
100.781
99.5853
98.7486
99.7554
101.421
101.375
99.3417
97.7019
98.6459
101.502
103.323
101.921
98.114
95.0977
95.7773
100.43
106.396
109.683
107.122
97.7504
82.877
65.1808
47.5298
32.097
20.0041
11.4137
5.85756
2.59345
0.873082
0.0861252
-0.197135
-0.243976
-0.201629
-0.140591
-0.0883477
-0.0514823
-0.0282456
-0.0147268
-0.00733927
-0.00351708
-0.00161075
-0.000743823
-0.000256099
99.9786
99.8461
100.21
100.333
99.6826
99.3941
100.25
100.944
100.129
98.8384
99.1115
100.863
101.767
100.363
98.1177
97.7635
100.078
102.879
103.208
100.272
96.2673
94.5782
97.0991
102.814
108.408
110.163
105.753
95.0519
79.79
62.5886
45.9522
31.6299
20.4328
12.3873
7.0355
3.72692
1.82433
0.809453
0.31141
0.0907361
0.00634019
-0.0178675
-0.0192553
-0.0142388
-0.00897114
-0.00512423
-0.00273469
-0.00136549
-0.000685328
-0.000251748
100.016
99.8083
100.094
100.421
99.9006
99.314
99.9046
100.91
100.575
99.1311
98.7202
100.222
101.778
101.176
98.8219
97.4174
98.8452
101.973
103.713
102.041
97.9262
94.5774
94.9206
99.4482
105.879
110.519
110.177
103.49
91.1514
75.2676
58.3795
42.6443
29.4157
19.2072
11.8956
6.99798
3.91367
2.08081
1.05068
0.502561
0.226584
0.0954002
0.0368379
0.0125383
0.00335942
0.000354798
-0.000383885
-0.000396839
-0.000288443
-0.00012921
100.046
99.8024
99.9858
100.438
100.095
99.3384
99.6305
100.761
100.869
99.489
98.5629
99.6601
101.555
101.699
99.5604
97.4647
97.9719
100.969
103.654
103.235
99.546
95.2629
93.8111
96.8519
103.176
109.464
112.097
108.789
99.2911
85.0991
68.5926
52.137
37.4854
25.5697
16.5934
10.2696
6.07439
3.44001
1.86794
0.973645
0.487539
0.234613
0.108488
0.0481719
0.0205068
0.00834664
0.00323176
0.00118023
0.000406224
0.000101364
100.064
99.8157
99.902
100.412
100.239
99.4174
99.4483
100.575
101.023
99.8166
98.5669
99.2469
101.242
101.962
100.181
97.7222
97.4584
100.096
103.297
103.899
100.85
96.1894
93.4631
95.121
100.875
107.921
112.518
111.777
104.697
92.1903
76.3814
59.6968
44.1499
30.9957
20.7191
13.2228
8.07669
4.732
2.6644
1.44422
0.754729
0.380742
0.185621
0.0875334
0.0399571
0.0176632
0.00756977
0.003128
0.00129411
0.000405512
100.074
99.8365
99.8464
100.368
100.33
99.5103
99.347
100.405
101.076
100.069
98.6536
98.9856
100.939
102.044
100.63
98.0408
97.2203
99.4444
102.853
104.178
101.765
97.07
93.5474
94.1124
99.1744
106.431
112.203
113.251
108.034
96.9801
81.9425
65.3196
49.2743
35.2891
24.0683
15.6775
9.77824
5.85337
3.36991
1.86943
1.00092
0.518017
0.259489
0.125963
0.0593197
0.0271213
0.0120633
0.00518571
0.00225366
0.000740928
100.078
99.8572
99.8144
100.324
100.38
99.5927
99.3028
100.272
101.072
100.239
98.7636
98.8436
100.696
102.026
100.917
98.3306
97.1537
99.0138
102.449
104.23
102.338
97.7716
93.8107
93.6059
98.0426
105.234
111.638
113.843
109.951
100.026
85.6835
69.2544
52.9734
38.4703
26.6077
17.5779
11.1213
6.75476
3.94698
2.2231
1.20906
0.635938
0.323947
0.160023
0.0767476
0.0357664
0.016235
0.00712497
0.00317353
0.00106733
100.079
99.8738
99.7988
100.288
100.402
99.655
99.292
100.182
101.043
100.342
98.8633
98.7804
100.524
101.968
101.08
98.5539
97.1737
98.7583
102.136
104.176
102.66
98.2678
94.1002
93.4016
97.3546
104.379
111.082
113.983
110.97
101.855
88.0676
71.8623
55.4994
40.6969
28.4235
18.9631
12.1176
7.43448
4.38894
2.49803
1.3732
0.730236
0.3762
0.188005
0.091256
0.0430577
0.0197999
0.00880294
0.00398079
0.0013573
100.078
99.8855
99.7929
100.262
100.409
99.6969
99.2967
100.125
101.01
100.397
98.9391
98.761
100.415
101.905
101.162
98.7071
97.2239
98.6217
101.921
104.09
102.82
98.5871
94.3428
93.3526
96.9699
103.822
110.639
113.932
111.467
102.894
89.5111
73.5044
57.1367
42.1742
29.6525
19.9174
12.8152
7.9176
4.70754
2.69889
1.49467
0.800893
0.415828
0.209479
0.10252
0.0487831
0.0226313
0.0101501
0.00463681
0.00159544
100.076
99.8929
99.7918
100.246
100.408
99.7226
99.3062
100.094
100.982
100.424
98.9906
98.762
100.351
101.853
101.197
98.8031
97.2752
98.557
101.786
104.011
102.89
98.7772
94.5192
93.3695
96.7719
103.483
110.328
113.827
111.684
103.455
90.3455
74.4926
58.1505
43.1099
30.4461
20.544
13.2802
8.24421
4.92576
2.83818
1.5799
0.851042
0.444266
0.225055
0.110776
0.053023
0.0247496
0.0111677
0.00513774
0.00177898
100.075
99.8973
99.7927
100.236
100.405
99.737
99.3154
100.078
100.962
100.434
99.0224
98.7698
100.317
101.817
101.208
98.8585
97.3157
98.5309
101.707
103.951
102.913
98.8824
94.6349
93.4046
96.6789
103.291
110.127
113.727
111.765
103.741
90.806
75.0612
58.7507
43.6763
30.9353
20.9366
13.5758
8.45454
5.06802
2.93005
1.63675
0.884841
0.463629
0.235765
0.116509
0.0559947
0.0262483
0.011894
0.0054988
0.00191239
100.074
99.8997
99.794
100.231
100.402
99.7445
99.3223
100.07
100.949
100.437
99.0405
98.7781
100.3
101.793
101.209
98.8883
97.3435
98.523
101.664
103.91
102.916
98.9367
94.7051
93.4374
96.6399
103.188
110.007
113.653
111.787
103.879
91.0496
75.3754
59.0921
44.0056
31.2249
21.1726
13.756
8.58438
5.15688
2.98807
1.67302
0.906625
0.476229
0.2428
0.120308
0.0579817
0.0272591
0.0123879
0.00574657
0.00200467
100.074
99.9008
99.7951
100.228
100.4
99.748
99.3269
100.067
100.942
100.437
99.0502
98.7844
100.292
101.779
101.206
98.9032
97.3608
98.5225
101.642
103.886
102.913
98.963
94.745
93.4615
96.626
103.136
109.939
113.603
111.786
103.942
91.1732
75.5423
59.2788
44.1896
31.3896
21.3088
13.8613
8.66123
5.21006
3.02315
1.69517
0.920053
0.484067
0.247214
0.122712
0.0592494
0.0279093
0.0127079
0.00590853
0.00206543
100.074
99.9014
99.7959
100.227
100.398
99.7496
99.3297
100.066
100.937
100.436
99.0551
98.7887
100.289
101.772
101.204
98.9102
97.3708
98.5243
101.632
103.871
102.908
98.9747
94.7664
93.4772
96.6227
103.111
109.903
113.573
111.779
103.969
91.2335
75.628
59.3776
44.2891
31.4802
21.3849
13.921
8.70525
5.24085
3.04367
1.70825
0.928054
0.488777
0.24989
0.124181
0.06003
0.0283128
0.012908
0.0060106
0.00210399
100.073
99.9016
99.7963
100.226
100.397
99.7502
99.3312
100.066
100.935
100.435
99.0573
98.7912
100.288
101.768
101.202
98.9131
97.3762
98.5261
101.627
103.864
102.905
98.9795
94.7772
93.4864
96.6229
103.1
109.884
113.556
111.773
103.979
91.2615
75.67
59.4275
44.3406
31.5279
21.4255
13.9532
8.7293
5.25785
3.05511
1.71561
0.932597
0.491475
0.251434
0.125036
0.0604878
0.0285512
0.013027
0.0060718
0.00212726
100.073
99.9017
99.7966
100.226
100.397
99.7504
99.332
100.066
100.934
100.435
99.0583
98.7927
100.288
101.766
101.2
98.9143
97.3789
98.5274
101.625
103.86
102.902
98.9814
94.7825
93.4917
96.6239
103.095
109.875
113.547
111.769
103.983
91.2742
75.6904
59.4525
44.3669
31.5527
21.4469
13.9704
8.74227
5.26712
3.0614
1.71969
0.935135
0.492994
0.25231
0.125524
0.060751
0.0286893
0.0130964
0.00610771
0.00214101
100.073
99.9017
99.7967
100.226
100.397
99.7504
99.3324
100.066
100.934
100.434
99.0587
98.7934
100.288
101.765
101.2
98.9147
97.3802
98.5283
101.625
103.858
102.901
98.9819
94.7849
93.4943
96.6248
103.093
109.871
113.542
111.766
103.984
91.2796
75.6996
59.4642
44.3795
31.5648
21.4575
13.979
8.74886
5.27187
3.06466
1.72182
0.936474
0.493801
0.25278
0.125788
0.0608944
0.028765
0.0131347
0.00612769
0.0021487
100.073
99.9017
99.7968
100.226
100.396
99.7504
99.3326
100.066
100.934
100.434
99.0588
98.7938
100.288
101.765
101.199
98.9148
97.3809
98.5288
101.624
103.857
102.9
98.982
94.786
93.4957
96.6255
103.092
109.869
113.54
111.765
103.984
91.2819
75.7038
59.4698
44.3856
31.5708
21.4628
13.9834
8.75224
5.27433
3.06636
1.72295
0.937184
0.494233
0.253032
0.125931
0.0609723
0.0288064
0.0131558
0.00613876
0.00215299
100.073
99.9017
99.7968
100.226
100.396
99.7504
99.3327
100.066
100.934
100.434
99.0589
98.7939
100.288
101.765
101.199
98.9148
97.3811
98.529
101.624
103.857
102.9
98.982
94.7864
93.4962
96.6258
103.092
109.868
113.539
111.764
103.984
91.2827
75.7055
59.4721
44.3882
31.5734
21.4652
13.9854
8.75378
5.27546
3.06715
1.72348
0.937523
0.49444
0.253155
0.126001
0.0610109
0.0288271
0.0131664
0.00614438
0.00215518
100.073
99.9017
99.7969
100.226
100.396
99.7504
99.3327
100.066
100.933
100.434
99.0589
98.794
100.288
101.764
101.199
98.9148
97.3813
98.5292
101.624
103.857
102.9
98.982
94.7866
93.4966
96.626
103.092
109.868
113.538
111.763
103.984
91.2831
75.7064
59.4734
44.3896
31.5748
21.4665
13.9864
8.75461
5.27607
3.06758
1.72376
0.937704
0.494552
0.253221
0.126038
0.0610316
0.0288382
0.0131721
0.00614737
0.00215636
100.073
99.9017
99.7969
100.226
100.396
99.7504
99.3327
100.066
100.933
100.434
99.0589
98.794
100.288
101.764
101.199
98.9148
97.3813
98.5292
101.624
103.857
102.9
98.9819
94.7867
93.4967
96.6261
103.092
109.867
113.538
111.763
103.984
91.2833
75.7067
59.4739
44.3903
31.5755
21.4671
13.987
8.75507
5.27642
3.06783
1.72393
0.937813
0.494619
0.253261
0.126062
0.0610447
0.0288453
0.0131758
0.00614936
0.00215713
)
;

boundaryField
{
    left
    {
        type            fixedValue;
        value           uniform 100;
    }
    right
    {
        type            zeroGradient;
    }
    up
    {
        type            zeroGradient;
    }
    down
    {
        type            fixedValue;
        value           uniform 0;
    }
    frontAndBack
    {
        type            empty;
    }
}


// ************************************************************************* //
