/*--------------------------------*- C++ -*----------------------------------*\
  =========                 |
  \\      /  F ield         | OpenFOAM: The Open Source CFD Toolbox
   \\    /   O peration     | Website:  https://openfoam.org
    \\  /    A nd           | Version:  8
     \\/     M anipulation  |
\*---------------------------------------------------------------------------*/
FoamFile
{
    version     2.0;
    format      ascii;
    class       volVectorField;
    location    "2";
    object      U;
}
// * * * * * * * * * * * * * * * * * * * * * * * * * * * * * * * * * * * * * //

dimensions      [0 1 -1 0 0 0 0];

internalField   nonuniform List<vector> 
2844
(
(0.995008 -0.00420018 -5.55622e-06)
(1.01314 -0.00974085 1.0184e-05)
(1.04089 -0.011932 -8.27169e-06)
(1.05647 -0.0135259 -1.41988e-06)
(1.06743 -0.00838825 1.14884e-05)
(1.06094 -0.00289509 1.38615e-06)
(1.04346 -0.00419639 -4.8078e-07)
(1.02984 -0.00314779 6.40297e-08)
(1.01977 -0.00107678 -4.09025e-07)
(1.01143 -0.00205602 -2.00865e-06)
(1.00577 -0.00571784 -4.7543e-06)
(1.00268 -0.00978817 -1.76372e-06)
(1.00129 -0.0122286 -1.37661e-07)
(1.00003 -0.0125318 2.78424e-08)
(0.999783 -0.0110481 1.74729e-07)
(0.998698 -0.00892977 3.69695e-07)
(0.999357 -0.0064855 3.09454e-07)
(0.997952 -0.00436384 3.39889e-07)
(0.998752 -0.0028066 4.91469e-07)
(0.996977 -0.000902375 3.4804e-07)
(0.994543 -0.00549627 -5.59432e-06)
(1.01636 -0.0217566 6.8584e-06)
(1.04255 -0.0222435 -7.11883e-06)
(1.0615 -0.00971645 -1.61756e-06)
(1.0807 0.0126843 1.24005e-05)
(1.07479 0.0265206 1.15695e-06)
(1.05756 0.0277872 -8.90969e-07)
(1.046 0.0233775 8.65798e-08)
(1.03076 0.0169853 -5.89861e-07)
(1.01387 0.0125014 -3.38665e-06)
(1.00287 0.0115415 -4.90253e-06)
(0.999087 0.0131932 -1.60164e-06)
(0.999884 0.0147102 -4.78562e-07)
(1.00134 0.014042 5.78849e-08)
(1.00283 0.0123788 6.28415e-07)
(1.00249 0.00956854 7.06063e-07)
(1.00296 0.00735105 6.37216e-07)
(1.00107 0.0050876 4.75911e-07)
(1.00128 0.00383611 5.11665e-07)
(0.998953 0.00251653 3.33372e-07)
(0.992868 -0.0189846 -2.98183e-06)
(1.02728 -0.0531386 1.08511e-05)
(1.06459 -0.0535192 -1.16732e-05)
(1.09565 -0.0526089 -1.11517e-06)
(1.11651 -0.0149046 1.22717e-05)
(1.10991 0.0179397 1.37216e-06)
(1.0881 0.00977224 -2.18326e-07)
(1.06381 0.015832 4.12863e-06)
(1.04145 0.0236587 4.9226e-06)
(1.0251 0.01742 -2.80056e-06)
(1.01534 0.00308553 1.03372e-07)
(1.00883 -0.00925644 1.58632e-06)
(1.00304 -0.0149485 7.72957e-07)
(0.998218 -0.0154727 6.13965e-07)
(0.996045 -0.0123832 5.7569e-07)
(0.994735 -0.00936546 7.81113e-07)
(0.995588 -0.00578568 5.78862e-07)
(0.995327 -0.00339828 4.73257e-07)
(0.996588 -0.0014376 6.43678e-07)
(0.996004 0.000808213 3.82436e-07)
(0.98981 -0.0210511 7.88747e-06)
(1.04188 -0.0633897 -1.19988e-05)
(1.0714 -0.0740338 -1.78574e-05)
(1.12176 -0.0399736 -2.52203e-06)
(1.17601 0.0149817 2.28671e-05)
(1.15982 0.0543511 1.22784e-05)
(1.14202 0.0674438 8.36771e-06)
(1.1395 0.0701434 1.46887e-05)
(1.09372 0.0510787 -1.94475e-07)
(1.03531 0.0322948 -6.2443e-06)
(1.00232 0.0256878 -3.07114e-06)
(0.995181 0.025838 -2.659e-06)
(0.999835 0.0251867 -1.93219e-06)
(1.00535 0.020939 -2.38836e-07)
(1.00839 0.0162636 6.06741e-07)
(1.00824 0.0108609 7.15898e-07)
(1.00748 0.00781258 8.61007e-07)
(1.005 0.00509972 6.76302e-07)
(1.00408 0.00407166 6.5685e-07)
(1.00161 0.00347927 3.76324e-07)
(0.991831 -0.0524683 9.43034e-05)
(1.04888 -0.144353 -0.000100688)
(1.10946 -0.13514 -6.41477e-05)
(1.24687 -0.150071 -2.89464e-05)
(1.27683 -0.0454266 4.70249e-05)
(1.26 0.052116 6.42976e-05)
(1.24103 -0.00666523 -2.09046e-05)
(1.18663 0.0557866 7.84809e-05)
(1.11884 0.104326 9.6634e-05)
(1.06514 0.0840557 6.25025e-05)
(1.03121 0.0289813 4.33772e-05)
(1.0093 -0.0117121 3.31384e-05)
(0.994428 -0.025321 2.1932e-05)
(0.987212 -0.0235341 1.21193e-05)
(0.986198 -0.0156688 5.65495e-06)
(0.98788 -0.00952108 3.41687e-06)
(0.990698 -0.00419584 1.43734e-06)
(0.992962 -0.00154531 9.68855e-07)
(0.99492 0.000484809 9.77568e-07)
(0.996202 0.00233708 4.85135e-07)
(1.00153 -0.0418508 0.000180203)
(1.05971 -0.125052 -0.000206652)
(1.13168 -0.226412 -0.000290195)
(1.38628 -0.115928 -0.000391086)
(1.51525 0.0180307 -0.000154197)
(1.37656 0.0814191 -6.1428e-05)
(1.4038 0.126138 -0.000112879)
(1.40997 0.204323 -0.000269681)
(1.20132 0.144496 -0.00015676)
(1.04464 0.097596 -4.94287e-06)
(1.00222 0.0780526 1.45049e-05)
(1.01513 0.0627685 -4.76131e-06)
(1.03139 0.0462496 -1.35623e-05)
(1.03497 0.0294573 -1.3721e-05)
(1.02948 0.0172902 -8.29613e-06)
(1.02155 0.00866017 -4.40023e-06)
(1.01457 0.00506805 -8.58478e-07)
(1.0096 0.0028406 2.62852e-08)
(1.00647 0.00256875 2.53999e-07)
(1.00411 0.00310608 1.96741e-07)
(1.06612 -0.12155 0.000638224)
(0.961248 -0.29955 0.000311332)
(1.31212 -0.450569 -0.00054071)
(1.63685 -0.524593 -0.000652066)
(1.74728 -0.085533 -0.000769321)
(1.60667 0.165911 1.13988e-05)
(1.58502 -0.116063 -0.000244952)
(1.62304 0.252995 -0.000107516)
(1.43291 0.388042 -0.000315958)
(1.2104 0.234412 -0.00047136)
(1.05609 0.0390304 -0.000289216)
(0.974539 -0.0435621 -4.52379e-05)
(0.950385 -0.0444633 4.27809e-05)
(0.955931 -0.0237407 4.05508e-05)
(0.968555 -0.00647432 2.24682e-05)
(0.979796 0.000933232 1.03151e-05)
(0.986857 0.00404256 4.10086e-06)
(0.992333 0.00383626 1.56766e-06)
(0.994762 0.00382293 8.52944e-07)
(0.997808 0.00359955 3.51629e-07)
(1.22436 -0.0179189 0.00102891)
(0.913247 -0.291334 -0.000582323)
(1.73821 -0.888381 -0.000316236)
(2.02634 -0.810611 -0.0010553)
(2.00374 0.0192835 -0.00499813)
(1.55387 0.225862 5.02457e-05)
(1.21156 0.106641 -0.000328078)
(1.59862 0.379197 0.000250303)
(1.59802 0.408362 0.000206419)
(1.6131 0.394804 8.4281e-05)
(1.50049 0.288154 8.18031e-05)
(1.32525 0.158122 5.43272e-05)
(1.18324 0.0647163 3.77771e-06)
(1.09633 0.018624 -1.50372e-05)
(1.04818 0.00207252 -1.45608e-05)
(1.0243 -0.0032004 -8.85653e-06)
(1.01216 -0.00305187 -3.95979e-06)
(1.00777 -0.00217817 -1.70231e-06)
(1.00469 -0.000745681 -9.26055e-07)
(1.00448 0.00122691 -3.64774e-07)
(1.60689 -0.260299 0.0122032)
(0.638054 -0.931621 0.00573662)
(1.59182 -1.87005 -0.00762572)
(-0.0802804 -0.476572 0.00221514)
(0.545802 0.0923296 0.000577924)
(0.503272 0.325498 0.000179072)
(0.750888 0.350033 0.000112701)
(0.849563 0.272965 3.92632e-05)
(0.924756 0.196254 -1.80726e-05)
(0.965428 0.131837 -3.03104e-05)
(0.982566 0.0823544 -2.72323e-05)
(0.988488 0.0487306 -1.82107e-05)
(0.992496 0.0273153 -1.12616e-05)
(0.994202 0.0155773 -6.91298e-06)
(0.997484 0.00867002 -4.03985e-06)
(0.997867 0.00548703 -2.24492e-06)
(1.0008 0.00319775 -7.80072e-07)
(0.95003 0.258116 -0.00551493)
(2.05193 -1.24619 0.0076336)
(0.222967 -0.485428 0.00439602)
(-0.196657 -0.282044 0.000621854)
(-0.349476 0.184951 1.23392e-05)
(-0.114055 0.163586 2.38741e-05)
(0.243335 0.148503 7.75488e-05)
(0.511018 0.115618 -6.36268e-06)
(0.719786 0.0743918 -2.26772e-05)
(0.853409 0.0362376 -9.96847e-06)
(0.931266 0.0111871 -5.83479e-06)
(0.970251 -0.000928543 -6.37806e-06)
(0.989058 -0.00527566 -6.7777e-06)
(0.995841 -0.00548018 -5.92629e-06)
(1.00039 -0.0042706 -4.14865e-06)
(1.00056 -0.00291366 -2.49021e-06)
(1.00305 -0.000933412 -8.41854e-07)
(0.950076 -0.258102 -0.00551762)
(-0.133886 -0.598273 -0.00550186)
(-0.103165 0.00281831 -0.000229979)
(-0.349479 -0.184956 1.07624e-05)
(-0.114057 -0.163584 1.34591e-05)
(0.243338 -0.148506 6.54009e-05)
(0.511017 -0.115618 -1.12512e-05)
(0.719786 -0.0743916 -2.46702e-05)
(0.853409 -0.0362377 -9.41147e-06)
(0.931266 -0.0111868 -3.2507e-06)
(0.970252 0.000928782 -2.94634e-06)
(0.989059 0.00527646 -3.66336e-06)
(0.995842 0.0054805 -3.69457e-06)
(1.0004 0.0042707 -2.8432e-06)
(1.00056 0.0029137 -1.80387e-06)
(1.00305 0.000933 -5.99143e-07)
(1.6069 0.260304 0.0122017)
(0.0162248 -0.197463 -0.00553356)
(0.638614 1.31319 0.00882804)
(0.220599 0.334101 0.00119751)
(0.545807 -0.0923381 0.000580253)
(0.503269 -0.325495 0.000174426)
(0.750885 -0.35003 0.000103959)
(0.849563 -0.272962 3.5053e-05)
(0.924755 -0.196253 -2.03459e-05)
(0.965429 -0.131839 -3.08809e-05)
(0.982567 -0.0823573 -2.60177e-05)
(0.98849 -0.0487345 -1.59135e-05)
(0.992497 -0.0273179 -8.89431e-06)
(0.994202 -0.0155792 -5.07733e-06)
(0.997484 -0.008671 -2.93366e-06)
(0.997866 -0.00548726 -1.64342e-06)
(1.0008 -0.00319807 -5.59964e-07)
(1.22437 0.0179271 0.00102746)
(0.913241 0.291322 -0.000581042)
(0.99483 0.664768 -0.014194)
(0.0855208 -0.162263 -0.000584857)
(1.21157 -0.106647 -0.000326222)
(1.59863 -0.3792 0.000251728)
(1.59802 -0.408361 0.000207026)
(1.61311 -0.3948 8.64529e-05)
(1.5005 -0.288151 8.38676e-05)
(1.32525 -0.158121 5.60138e-05)
(1.18325 -0.0647161 4.47618e-06)
(1.09633 -0.018623 -1.51754e-05)
(1.04819 -0.00207122 -1.50528e-05)
(1.0243 0.00320188 -9.33188e-06)
(1.01216 0.0030528 -4.22336e-06)
(1.00777 0.0021785 -1.86613e-06)
(1.00469 0.000745878 -1.00625e-06)
(1.00448 -0.0012271 -3.84861e-07)
(1.06612 0.121551 0.000638814)
(0.961251 0.299555 0.000310155)
(1.31211 0.450569 -0.000539883)
(1.76283 0.413464 -0.00155245)
(1.99786 0.018147 -0.00155107)
(1.60667 -0.165909 1.23518e-05)
(1.58502 0.116057 -0.000243764)
(1.62303 -0.252998 -0.000108308)
(1.4329 -0.388042 -0.000316729)
(1.2104 -0.234413 -0.000471048)
(1.05609 -0.0390301 -0.000288827)
(0.974539 0.043563 -4.52492e-05)
(0.950386 0.0444635 4.26145e-05)
(0.95593 0.0237404 4.04493e-05)
(0.968555 0.00647359 2.24317e-05)
(0.979796 -0.000933841 1.02716e-05)
(0.986856 -0.00404279 4.13972e-06)
(0.992333 -0.00383655 1.56319e-06)
(0.994761 -0.00382296 8.37851e-07)
(0.997807 -0.00359959 3.56128e-07)
(1.00152 0.0418501 0.000180451)
(1.05971 0.125052 -0.000206498)
(1.13168 0.22641 -0.000291249)
(1.38628 0.115928 -0.000393479)
(1.51525 -0.0180305 -0.000155836)
(1.37656 -0.0814204 -6.20534e-05)
(1.4038 -0.126142 -0.000113431)
(1.40997 -0.204324 -0.000270483)
(1.20131 -0.144497 -0.000158016)
(1.04464 -0.0975971 -6.11152e-06)
(1.00222 -0.0780529 1.40218e-05)
(1.01513 -0.0627686 -4.81131e-06)
(1.03139 -0.0462496 -1.35601e-05)
(1.03497 -0.029457 -1.37839e-05)
(1.02948 -0.0172897 -8.39266e-06)
(1.02155 -0.00865997 -4.55045e-06)
(1.01457 -0.00506752 -9.04971e-07)
(1.0096 -0.00284049 -2.37205e-09)
(1.00647 -0.00256876 2.13869e-07)
(1.00411 -0.00310601 1.89802e-07)
(0.991831 0.0524683 9.40631e-05)
(1.04888 0.144354 -0.000100168)
(1.10946 0.135141 -6.43881e-05)
(1.24687 0.150073 -2.97943e-05)
(1.27683 0.0454282 4.68636e-05)
(1.26 -0.0521148 6.44948e-05)
(1.24103 0.00666438 -2.13103e-05)
(1.18662 -0.0557873 7.76486e-05)
(1.11884 -0.104326 9.60777e-05)
(1.06514 -0.0840564 6.1952e-05)
(1.03121 -0.0289818 4.27468e-05)
(1.0093 0.0117117 3.2739e-05)
(0.994428 0.0253208 2.18669e-05)
(0.987211 0.0235341 1.22805e-05)
(0.986197 0.0156692 5.89384e-06)
(0.98788 0.00952096 3.55646e-06)
(0.990698 0.00419619 1.53379e-06)
(0.992962 0.00154538 1.0352e-06)
(0.99492 -0.000484847 9.86544e-07)
(0.996202 -0.00233695 4.89532e-07)
(0.98981 0.0210515 7.77847e-06)
(1.04188 0.0633887 -1.17649e-05)
(1.0714 0.0740326 -1.80359e-05)
(1.12176 0.0399732 -2.53783e-06)
(1.17601 -0.0149815 2.32832e-05)
(1.15982 -0.0543507 1.24453e-05)
(1.14202 -0.0674434 8.24574e-06)
(1.1395 -0.070143 1.45926e-05)
(1.09372 -0.0510787 -2.35992e-07)
(1.03531 -0.0322949 -6.37361e-06)
(1.00232 -0.0256878 -3.26089e-06)
(0.99518 -0.025838 -2.71747e-06)
(0.999834 -0.0251869 -1.83948e-06)
(1.00535 -0.0209393 -6.86397e-08)
(1.00839 -0.0162636 8.14998e-07)
(1.00824 -0.0108611 8.35128e-07)
(1.00748 -0.00781238 9.18267e-07)
(1.005 -0.00509968 7.30516e-07)
(1.00408 -0.00407157 6.64468e-07)
(1.00161 -0.00347909 3.77892e-07)
(0.992868 0.0189849 -2.98394e-06)
(1.02728 0.0531389 1.08437e-05)
(1.06459 0.0535191 -1.17253e-05)
(1.09565 0.0526091 -1.05594e-06)
(1.11651 0.0149052 1.23054e-05)
(1.10991 -0.0179391 1.37973e-06)
(1.0881 -0.00977189 -2.09157e-07)
(1.06381 -0.0158319 4.11098e-06)
(1.04145 -0.023659 4.8847e-06)
(1.0251 -0.0174209 -2.79561e-06)
(1.01534 -0.00308663 1.22757e-07)
(1.00883 0.00925555 1.60585e-06)
(1.00303 0.014948 7.65647e-07)
(0.998218 0.0154723 5.61845e-07)
(0.996044 0.0123834 5.59711e-07)
(0.994734 0.00936536 7.77446e-07)
(0.995588 0.00578579 5.49061e-07)
(0.995326 0.0033982 4.79777e-07)
(0.996587 0.00143769 6.3753e-07)
(0.996004 -0.000808057 3.78654e-07)
(0.994543 0.00549636 -5.59652e-06)
(1.01636 0.0217562 6.85072e-06)
(1.04255 0.0222429 -7.11621e-06)
(1.0615 0.00971592 -1.60638e-06)
(1.0807 -0.0126843 1.24143e-05)
(1.07479 -0.0265204 1.16161e-06)
(1.05756 -0.0277868 -8.94092e-07)
(1.046 -0.0233772 9.39166e-08)
(1.03076 -0.0169853 -5.85908e-07)
(1.01387 -0.0125012 -3.3682e-06)
(1.00287 -0.0115414 -4.88668e-06)
(0.999087 -0.0131932 -1.61958e-06)
(0.999882 -0.0147101 -4.53599e-07)
(1.00134 -0.0140422 4.43833e-08)
(1.00283 -0.0123787 6.17324e-07)
(1.00249 -0.0095685 7.35527e-07)
(1.00296 -0.00735096 6.23189e-07)
(1.00107 -0.00508759 4.81928e-07)
(1.00128 -0.00383598 5.09738e-07)
(0.998953 -0.0025164 3.28184e-07)
(0.995008 0.00420033 -5.55788e-06)
(1.01314 0.00974111 1.01851e-05)
(1.04089 0.0119322 -8.26964e-06)
(1.05647 0.013526 -1.42871e-06)
(1.06743 0.00838855 1.14899e-05)
(1.06094 0.00289545 1.39506e-06)
(1.04346 0.00419664 -4.73864e-07)
(1.02984 0.00314785 7.21443e-08)
(1.01977 0.00107654 -4.04282e-07)
(1.01143 0.00205559 -2.01857e-06)
(1.00577 0.00571725 -4.72114e-06)
(1.00268 0.00978761 -1.79847e-06)
(1.00129 0.0122283 -1.17731e-07)
(1.00003 0.0125316 3.58822e-08)
(0.999782 0.011048 1.43722e-07)
(0.998698 0.00892973 4.02042e-07)
(0.999357 0.00648544 3.05268e-07)
(0.997951 0.0043638 3.26922e-07)
(0.998752 0.0028066 5.01453e-07)
(0.996976 0.000902379 3.45264e-07)
(0.995009 -0.00420033 -3.07657e-09)
(1.01313 -0.00974174 -4.22326e-09)
(1.04089 -0.0119314 1.34627e-08)
(1.05647 -0.0135261 1.17422e-09)
(1.06743 -0.00838878 -1.9264e-09)
(1.06094 -0.00289538 -1.00042e-08)
(1.04346 -0.00419647 -1.26482e-08)
(1.02984 -0.00314812 -4.98963e-09)
(1.01977 -0.00107765 2.32565e-09)
(1.01144 -0.00205734 1.97193e-08)
(1.00578 -0.00571845 -2.69288e-08)
(1.00269 -0.00978827 4.8945e-08)
(1.00129 -0.0122285 -3.02643e-08)
(1.00003 -0.0125315 -3.66766e-09)
(0.999784 -0.0110476 2.78916e-08)
(0.998699 -0.00892944 -3.33884e-08)
(0.999358 -0.00648525 3.16616e-08)
(0.997953 -0.00436372 -4.57115e-09)
(0.998752 -0.00280656 -1.52559e-08)
(0.996977 -0.000902364 5.16353e-09)
(0.994543 -0.00549499 -8.50417e-09)
(1.01636 -0.0217561 8.97159e-09)
(1.04255 -0.022245 7.31781e-09)
(1.0615 -0.00971422 3.90302e-09)
(1.0807 0.0126857 -3.16896e-10)
(1.07479 0.0265201 -2.6735e-08)
(1.05756 0.0277864 -9.55808e-09)
(1.046 0.023377 -3.04998e-09)
(1.03076 0.0169843 2.13979e-08)
(1.01388 0.0124981 -2.26695e-08)
(1.00287 0.0115409 3.21607e-08)
(0.99909 0.0131931 1.76492e-08)
(0.999885 0.0147102 -4.26184e-08)
(1.00134 0.0140424 3.82275e-08)
(1.00283 0.0123793 -3.83676e-09)
(1.00249 0.00956896 -2.83885e-08)
(1.00296 0.00735132 4.64042e-08)
(1.00107 0.00508775 -3.72126e-08)
(1.00128 0.00383623 8.26977e-09)
(0.998953 0.00251657 9.38888e-09)
(0.992869 -0.0189813 -8.09505e-09)
(1.02728 -0.0531424 2.58489e-08)
(1.06458 -0.0535229 1.17347e-08)
(1.09565 -0.0526077 -1.05981e-08)
(1.11651 -0.014903 -3.4558e-08)
(1.10991 0.0179402 -4.19516e-08)
(1.0881 0.00977207 -2.26147e-09)
(1.06381 0.0158339 4.53135e-09)
(1.04145 0.0236559 2.10507e-08)
(1.0251 0.0174158 1.69052e-09)
(1.01534 0.00308224 4.4751e-08)
(1.00884 -0.00926075 -5.51021e-09)
(1.00304 -0.0149512 -8.99788e-09)
(0.998218 -0.0154724 4.719e-08)
(0.996045 -0.012381 -4.78061e-08)
(0.994735 -0.00936273 -1.36726e-08)
(0.995588 -0.00578336 5.26457e-08)
(0.995327 -0.00339678 -4.69066e-08)
(0.996588 -0.00143673 9.96727e-09)
(0.996004 0.000808535 8.47739e-09)
(0.989816 -0.0210237 2.2608e-08)
(1.04186 -0.0633958 -9.60678e-09)
(1.0714 -0.0740596 3.31322e-08)
(1.12177 -0.0399806 -3.71638e-08)
(1.17602 0.0149805 -3.66878e-08)
(1.15981 0.054352 -8.50502e-08)
(1.14201 0.0674447 -2.89531e-09)
(1.13947 0.0701796 -8.27858e-09)
(1.0937 0.0511218 1.29955e-08)
(1.03531 0.0323277 -5.33152e-09)
(1.00232 0.0257072 -5.05791e-09)
(0.995184 0.0258474 -6.8916e-09)
(0.999839 0.0251919 3.87225e-08)
(1.00536 0.0209434 4.95934e-08)
(1.0084 0.0162682 -2.33395e-08)
(1.00824 0.0108651 4.8501e-08)
(1.00748 0.0078155 4.98867e-08)
(1.005 0.00510152 -5.85505e-08)
(1.00408 0.00407267 1.72556e-08)
(1.00161 0.00347963 1.12446e-08)
(0.991846 -0.0523507 2.5001e-07)
(1.0488 -0.144431 -2.91267e-07)
(1.10951 -0.135324 -1.08198e-07)
(1.24693 -0.150085 -1.67754e-08)
(1.27676 -0.0453171 -4.30742e-08)
(1.25994 0.0522257 1.74344e-07)
(1.24096 -0.0064749 1.92031e-07)
(1.18656 0.0558382 4.58142e-07)
(1.11881 0.104318 5.30035e-07)
(1.06508 0.0840488 3.85531e-07)
(1.03113 0.0289567 2.30725e-07)
(1.00924 -0.0117445 7.04589e-08)
(0.994395 -0.025342 -1.20663e-08)
(0.987198 -0.0235418 -5.55228e-08)
(0.986193 -0.0156687 -9.71127e-08)
(0.987877 -0.00951806 8.4235e-09)
(0.990695 -0.00419158 -1.20157e-08)
(0.99296 -0.00154139 -6.09245e-08)
(0.994919 0.000488203 2.06216e-08)
(0.996201 0.00233883 8.29967e-09)
(1.00135 -0.0408257 3.20258e-07)
(1.05976 -0.126185 -2.32618e-07)
(1.13202 -0.226982 -3.68188e-07)
(1.38669 -0.116308 -2.33707e-07)
(1.51511 0.0184581 -6.64859e-07)
(1.37631 0.0820979 -1.1121e-07)
(1.40432 0.125996 1.09127e-07)
(1.40973 0.205002 1.84575e-09)
(1.20048 0.145508 1.65185e-07)
(1.04434 0.0982701 4.98967e-07)
(1.00234 0.0784577 2.60478e-07)
(1.01532 0.0630373 -1.35225e-08)
(1.03154 0.0464179 -3.91333e-08)
(1.03505 0.0295496 2.33386e-08)
(1.02952 0.0173363 6.3672e-08)
(1.02156 0.00868308 1.37392e-07)
(1.01457 0.00508071 1.67611e-08)
(1.00959 0.00284787 5.10693e-09)
(1.00647 0.00257311 4.72623e-08)
(1.00411 0.00310788 1.02542e-08)
(1.06461 -0.119635 -5.44516e-07)
(0.96294 -0.301999 -4.64894e-07)
(1.31436 -0.453614 2.0326e-07)
(1.63966 -0.529569 -0.000411928)
(1.74776 -0.0854108 -0.000636721)
(1.60905 0.164729 -6.61991e-07)
(1.58609 -0.116588 3.74605e-07)
(1.62539 0.251364 -2.17212e-07)
(1.43636 0.386585 -1.66129e-07)
(1.21213 0.233776 -5.20075e-07)
(1.05571 0.038764 -1.08849e-06)
(0.97367 -0.0436863 -8.06496e-07)
(0.949803 -0.04454 -2.83542e-07)
(0.955648 -0.0237985 -8.85162e-08)
(0.968438 -0.00651197 -8.81593e-08)
(0.979751 0.000915929 -8.35183e-08)
(0.986839 0.00403908 -1.33216e-07)
(0.992324 0.00383903 -4.31053e-08)
(0.994756 0.00382811 -1.77129e-08)
(0.997805 0.00360288 -1.91963e-08)
(1.21763 -0.0111799 -7.79914e-07)
(0.927668 -0.292981 1.09753e-06)
(1.75096 -0.890193 -0.000974718)
(2.03489 -0.832598 -0.000725047)
(2.00259 0.0157095 -0.000507214)
(1.5511 0.226096 0.000237462)
(1.21002 0.104351 2.94847e-07)
(1.59736 0.377258 2.43516e-06)
(1.59805 0.407064 1.29418e-06)
(1.61325 0.394106 5.90304e-07)
(1.50076 0.287865 6.45231e-07)
(1.32581 0.158122 1.25449e-06)
(1.18379 0.0648183 9.17261e-07)
(1.09667 0.0187047 2.34502e-07)
(1.04835 0.0021172 -4.60207e-08)
(1.02436 -0.00317552 -5.79705e-08)
(1.01218 -0.00303566 -7.09379e-08)
(1.00778 -0.00216733 3.49244e-08)
(1.00469 -0.000738463 1.41847e-08)
(1.00447 0.00123006 4.02059e-10)
(1.60416 -0.254963 -9.8267e-06)
(0.682625 -0.955475 0.00229327)
(1.60302 -1.90637 -0.0120127)
(-0.0843756 -0.482102 0.00232697)
(0.545525 0.0914229 -1.44574e-06)
(0.503475 0.324878 -5.25574e-06)
(0.751271 0.349865 -7.46113e-06)
(0.850088 0.273074 -3.01094e-06)
(0.925208 0.196422 -1.58339e-06)
(0.965704 0.131955 -4.30692e-07)
(0.982706 0.0824129 1.05517e-06)
(0.988556 0.0487571 2.06574e-06)
(0.992526 0.0273294 2.15342e-06)
(0.994211 0.0155872 1.63425e-06)
(0.997483 0.0086774 1.04397e-06)
(0.99786 0.00549266 5.35838e-07)
(1.00079 0.00320045 1.88289e-07)
(0.935343 0.286792 9.9169e-06)
(2.04609 -1.34458 0.00412177)
(0.272608 -0.530223 -0.0195263)
(-0.198594 -0.283328 -0.000245378)
(-0.348911 0.184653 -1.16728e-07)
(-0.114419 0.163511 -9.66239e-06)
(0.24343 0.148496 -1.08069e-05)
(0.511126 0.115636 -4.50853e-06)
(0.719863 0.0743995 -1.71219e-06)
(0.853454 0.0362303 5.22256e-07)
(0.931298 0.011173 2.27514e-06)
(0.97028 -0.000940509 3.0045e-06)
(0.989078 -0.00528111 2.71202e-06)
(0.995848 -0.00548056 1.92328e-06)
(1.00039 -0.0042691 1.15194e-06)
(1.00056 -0.00291251 5.77212e-07)
(1.00305 -0.000933157 2.02574e-07)
(0.935361 -0.286781 5.80308e-07)
(-0.144343 -0.661197 -0.00281667)
(-0.102918 0.00243515 0.000170813)
(-0.348913 -0.184655 -6.71897e-07)
(-0.11442 -0.163506 -1.6227e-06)
(0.243431 -0.148494 -3.48504e-07)
(0.511124 -0.115632 -1.22107e-07)
(0.719861 -0.0743976 2.38145e-08)
(0.853453 -0.0362301 2.23083e-07)
(0.931297 -0.0111735 4.45556e-07)
(0.97028 0.000939244 5.43582e-07)
(0.989079 0.00528041 4.81235e-07)
(0.995849 0.00547975 3.56381e-07)
(1.00039 0.00426847 2.24198e-07)
(1.00056 0.00291215 9.87886e-08)
(1.00305 0.000932607 3.66734e-08)
(1.60416 0.254969 -4.04962e-06)
(0.25315 -0.13695 -0.00500895)
(0.638548 1.33591 -0.00632322)
(0.223496 0.329056 0.000511003)
(0.545523 -0.0914274 8.62017e-07)
(0.503479 -0.324877 -4.18693e-07)
(0.751269 -0.349864 -7.50211e-07)
(0.850087 -0.273073 -7.8599e-08)
(0.925208 -0.196422 -1.93781e-08)
(0.965705 -0.131955 -1.99602e-07)
(0.982706 -0.0824139 -2.75055e-07)
(0.988557 -0.0487587 -2.56624e-07)
(0.992527 -0.0273302 -1.91796e-07)
(0.994211 -0.0155877 -9.68413e-08)
(0.997484 -0.00867761 -5.32967e-08)
(0.99786 -0.00549249 -4.01123e-08)
(1.00079 -0.00320063 -1.10297e-08)
(1.21764 0.0111811 4.90988e-07)
(0.927664 0.29298 7.27334e-07)
(1.01183 0.680802 -0.0101043)
(0.0677117 -0.157743 -0.000128148)
(1.21002 -0.104356 -1.96582e-06)
(1.59736 -0.37726 -9.47778e-07)
(1.59805 -0.407063 8.396e-08)
(1.61325 -0.394104 -1.84893e-07)
(1.50076 -0.287863 1.84852e-08)
(1.32582 -0.158122 2.61108e-07)
(1.1838 -0.0648191 1.26587e-07)
(1.09667 -0.0187045 -1.24843e-07)
(1.04835 -0.0021166 -2.21603e-07)
(1.02436 0.00317653 -1.69448e-07)
(1.01218 0.00303635 -6.54955e-08)
(1.00778 0.00216755 -4.74302e-08)
(1.00469 0.000738616 -2.66786e-08)
(1.00447 -0.00123026 -3.97153e-09)
(1.06461 0.119637 4.4275e-07)
(0.962941 0.302 -1.249e-06)
(1.31436 0.453618 6.91645e-07)
(1.76754 0.421631 -0.000286241)
(1.99826 0.0204736 -0.000860369)
(1.60905 -0.164729 3.6678e-07)
(1.58608 0.116585 -5.05713e-07)
(1.62539 -0.251366 -6.41286e-07)
(1.43636 -0.386586 -6.54441e-08)
(1.21213 -0.233776 4.26013e-07)
(1.05571 -0.0387635 -1.98319e-09)
(0.97367 0.043687 -1.20838e-07)
(0.949803 0.0445402 1.44887e-07)
(0.955647 0.0237984 3.34849e-07)
(0.968438 0.00651152 3.03411e-07)
(0.979751 -0.000916303 2.19353e-07)
(0.986838 -0.00403915 1.64069e-07)
(0.992325 -0.00383921 4.2287e-08)
(0.994756 -0.00382808 2.41311e-08)
(0.997804 -0.00360289 1.49845e-08)
(1.00135 0.0408273 -1.29716e-07)
(1.05976 0.126182 3.20022e-07)
(1.13202 0.226981 8.98356e-07)
(1.38669 0.116307 9.57259e-07)
(1.51511 -0.0184584 1.71725e-06)
(1.37631 -0.0820983 4.50068e-07)
(1.40432 -0.125997 -6.5273e-07)
(1.40973 -0.205001 2.43139e-07)
(1.20048 -0.145508 7.92891e-07)
(1.04434 -0.0982712 1.02086e-06)
(1.00234 -0.0784581 7.14574e-07)
(1.01532 -0.0630372 2.79666e-07)
(1.03154 -0.0464179 4.60303e-08)
(1.03505 -0.0295494 2.72197e-08)
(1.02952 -0.0173359 4.37118e-08)
(1.02156 -0.00868298 6.50667e-08)
(1.01457 -0.00508027 8.26595e-08)
(1.00959 -0.00284776 6.53789e-09)
(1.00647 -0.0025731 1.87257e-08)
(1.00411 -0.0031078 1.36359e-08)
(0.991846 0.0523518 -2.27039e-07)
(1.0488 0.144431 5.77414e-08)
(1.10951 0.135324 6.22082e-07)
(1.24693 0.150085 1.13e-06)
(1.27676 0.0453167 1.06562e-07)
(1.25994 -0.0522251 -2.69805e-07)
(1.24096 0.00647421 -1.39658e-07)
(1.18656 -0.0558392 3.47288e-07)
(1.11881 -0.104319 5.6774e-07)
(1.06508 -0.0840505 8.13584e-07)
(1.03113 -0.0289581 7.56679e-07)
(1.00923 0.0117436 3.72354e-07)
(0.994394 0.0253416 -1.91673e-08)
(0.987197 0.0235418 -1.92124e-07)
(0.986192 0.015669 -2.2177e-07)
(0.987876 0.00951794 -1.38699e-07)
(0.990694 0.0041919 -6.12961e-08)
(0.99296 0.00154148 -6.46299e-08)
(0.994918 -0.000488208 -7.8105e-09)
(0.996201 -0.00233869 3.32728e-09)
(0.989816 0.0210242 -1.29987e-07)
(1.04186 0.063395 -8.79765e-08)
(1.0714 0.0740584 4.19465e-07)
(1.12177 0.0399795 3.31918e-07)
(1.17602 -0.0149805 -7.39686e-08)
(1.15981 -0.0543514 -1.64603e-07)
(1.14201 -0.0674443 -1.39357e-08)
(1.13947 -0.0701794 5.20337e-08)
(1.0937 -0.0511218 1.55087e-07)
(1.0353 -0.0323277 3.53356e-07)
(1.00232 -0.0257072 3.92461e-07)
(0.995183 -0.0258475 2.06459e-07)
(0.999838 -0.0251922 -2.83968e-08)
(1.00536 -0.0209438 -1.51314e-07)
(1.00839 -0.0162681 -1.74181e-07)
(1.00824 -0.0108653 -1.16989e-07)
(1.00748 -0.00781531 -4.86932e-08)
(1.005 -0.00510147 -5.61804e-08)
(1.00408 -0.00407256 -4.95965e-09)
(1.00161 -0.00347943 3.04712e-09)
(0.992869 0.0189816 -3.70456e-08)
(1.02728 0.0531428 -2.35232e-08)
(1.06458 0.0535228 7.46172e-08)
(1.09565 0.0526077 7.72947e-08)
(1.11651 0.0149035 -3.98568e-08)
(1.10991 -0.0179396 -1.01155e-07)
(1.0881 -0.00977173 -1.94185e-08)
(1.06381 -0.0158339 3.72681e-08)
(1.04145 -0.0236563 2.13299e-08)
(1.0251 -0.0174167 -2.25763e-08)
(1.01534 -0.0030834 1.20555e-08)
(1.00884 0.00925982 1.80076e-08)
(1.00304 0.0149508 1.26741e-08)
(0.998219 0.0154721 2.59093e-08)
(0.996044 0.0123812 -1.86207e-08)
(0.994734 0.00936262 -1.44405e-09)
(0.995588 0.00578347 1.58954e-08)
(0.995326 0.00339669 -2.23455e-08)
(0.996587 0.00143682 3.6787e-09)
(0.996004 -0.00080837 4.26421e-09)
(0.994543 0.00549508 -6.07104e-09)
(1.01636 0.0217557 2.46654e-09)
(1.04255 0.0222444 5.63463e-09)
(1.0615 0.00971366 1.16721e-08)
(1.0807 -0.0126857 4.04278e-09)
(1.07479 -0.0265199 -2.10977e-08)
(1.05756 -0.0277861 -1.7044e-08)
(1.046 -0.0233767 5.2891e-09)
(1.03076 -0.0169843 2.09323e-08)
(1.01388 -0.012498 2.1889e-10)
(1.00287 -0.0115408 1.66506e-08)
(0.999089 -0.0131931 -1.9969e-08)
(0.999884 -0.0147101 8.51503e-09)
(1.00134 -0.0140426 2.53231e-08)
(1.00283 -0.0123792 7.20677e-09)
(1.00249 -0.00956892 1.91176e-08)
(1.00296 -0.00735123 2.47153e-08)
(1.00107 -0.00508775 -1.73019e-08)
(1.00128 -0.0038361 4.78977e-09)
(0.998952 -0.00251643 4.48385e-09)
(0.995009 0.00420049 5.17168e-10)
(1.01314 0.00974199 -3.74603e-09)
(1.04089 0.0119316 -1.02249e-09)
(1.05647 0.0135262 4.02469e-09)
(1.06743 0.00838908 1.40412e-09)
(1.06094 0.00289575 3.36451e-09)
(1.04346 0.00419673 1.03843e-09)
(1.02984 0.00314819 -1.74026e-09)
(1.01977 0.00107741 -1.10294e-09)
(1.01144 0.0020569 -1.60234e-09)
(1.00578 0.00571786 6.25503e-09)
(1.00269 0.0097877 -2.58834e-08)
(1.00129 0.0122282 9.99444e-09)
(1.00003 0.0125312 4.5788e-09)
(0.999783 0.0110475 -2.38102e-08)
(0.998698 0.00892939 9.98373e-09)
(0.999357 0.0064852 1.48359e-08)
(0.997952 0.00436368 -2.16263e-08)
(0.998752 0.00280656 5.96708e-09)
(0.996976 0.00090237 4.04259e-09)
(0.995008 -0.00420018 5.55855e-06)
(1.01314 -0.00974086 -1.01878e-05)
(1.04089 -0.011932 8.27021e-06)
(1.05647 -0.0135259 1.43255e-06)
(1.06743 -0.00838825 -1.14932e-05)
(1.06094 -0.00289507 -1.39534e-06)
(1.04346 -0.0041964 4.7516e-07)
(1.02984 -0.0031478 -7.55078e-08)
(1.01977 -0.00107679 4.0372e-07)
(1.01143 -0.00205605 2.01344e-06)
(1.00577 -0.00571782 4.71581e-06)
(1.00268 -0.00978819 1.81428e-06)
(1.00129 -0.0122286 1.04053e-07)
(1.00003 -0.0125318 -3.02629e-08)
(0.999783 -0.0110481 -1.45348e-07)
(0.998698 -0.00892977 -4.08814e-07)
(0.999357 -0.00648549 -2.77842e-07)
(0.997952 -0.00436385 -3.40389e-07)
(0.998752 -0.0028066 -5.06496e-07)
(0.996977 -0.000902374 -3.43871e-07)
(0.994543 -0.00549626 5.59545e-06)
(1.01636 -0.0217566 -6.86282e-06)
(1.04255 -0.0222435 7.127e-06)
(1.0615 -0.00971646 1.624e-06)
(1.0807 0.0126843 -1.24088e-05)
(1.07479 0.0265206 -1.16703e-06)
(1.05756 0.0277872 8.82362e-07)
(1.046 0.0233775 -1.03922e-07)
(1.03076 0.0169853 5.97952e-07)
(1.01387 0.0125013 3.34418e-06)
(1.00287 0.0115415 4.92803e-06)
(0.999087 0.0131931 1.62085e-06)
(0.999884 0.0147102 4.31099e-07)
(1.00134 0.014042 -1.80341e-08)
(1.00283 0.0123788 -6.33028e-07)
(1.00249 0.00956855 -7.35571e-07)
(1.00296 0.00735106 -5.87537e-07)
(1.00107 0.00508758 -5.12346e-07)
(1.00128 0.00383612 -5.06093e-07)
(0.998953 0.00251653 -3.2511e-07)
(0.992868 -0.0189846 2.97686e-06)
(1.02728 -0.0531385 -1.08428e-05)
(1.06459 -0.0535192 1.16893e-05)
(1.09565 -0.052609 1.11262e-06)
(1.11651 -0.0149047 -1.22965e-05)
(1.10991 0.0179396 -1.40167e-06)
(1.0881 0.00977222 2.01256e-07)
(1.06381 0.015832 -4.13559e-06)
(1.04145 0.0236587 -4.91813e-06)
(1.0251 0.01742 2.77709e-06)
(1.01534 0.00308553 -6.52299e-08)
(1.00883 -0.00925646 -1.59721e-06)
(1.00304 -0.0149485 -7.89723e-07)
(0.998218 -0.0154727 -5.63174e-07)
(0.996045 -0.0123832 -6.22247e-07)
(0.994735 -0.00936543 -7.94958e-07)
(0.995588 -0.00578567 -5.24258e-07)
(0.995327 -0.00339828 -5.18773e-07)
(0.996588 -0.0014376 -6.35312e-07)
(0.996004 0.000808214 -3.75405e-07)
(0.989811 -0.0210511 -7.91175e-06)
(1.04188 -0.0633895 1.2002e-05)
(1.0714 -0.0740337 1.78758e-05)
(1.12176 -0.0399737 2.58553e-06)
(1.17601 0.0149815 -2.28553e-05)
(1.15982 0.0543509 -1.23556e-05)
(1.14202 0.0674438 -8.46096e-06)
(1.1395 0.0701434 -1.47682e-05)
(1.09372 0.0510787 2.15458e-07)
(1.03531 0.0322949 6.28586e-06)
(1.00232 0.025688 3.10713e-06)
(0.995181 0.0258381 2.6509e-06)
(0.999835 0.0251867 1.95699e-06)
(1.00535 0.0209389 2.86845e-07)
(1.00839 0.0162636 -6.32848e-07)
(1.00824 0.0108608 -6.69936e-07)
(1.00748 0.00781255 -8.08081e-07)
(1.005 0.00509971 -7.31243e-07)
(1.00408 0.00407166 -6.39634e-07)
(1.00161 0.00347927 -3.65716e-07)
(0.991832 -0.0524683 -9.43198e-05)
(1.04888 -0.144353 0.000100677)
(1.10946 -0.13514 6.36989e-05)
(1.24687 -0.150071 2.94348e-05)
(1.27683 -0.045427 -4.65665e-05)
(1.26 0.0521154 -6.4823e-05)
(1.24103 -0.00666514 2.02638e-05)
(1.18663 0.0557865 -7.89554e-05)
(1.11884 0.104326 -9.72255e-05)
(1.06514 0.0840558 -6.29755e-05)
(1.03121 0.0289811 -4.35783e-05)
(1.0093 -0.0117121 -3.31462e-05)
(0.994428 -0.0253208 -2.18406e-05)
(0.987212 -0.0235338 -1.20535e-05)
(0.986198 -0.0156686 -5.68762e-06)
(0.98788 -0.00952092 -3.38631e-06)
(0.990698 -0.00419579 -1.44355e-06)
(0.992962 -0.00154527 -1.0331e-06)
(0.99492 0.00048483 -9.61748e-07)
(0.996202 0.00233709 -4.779e-07)
(1.00153 -0.0418494 -0.000180125)
(1.05971 -0.125054 0.000206303)
(1.13168 -0.226413 0.000289966)
(1.38627 -0.115927 0.000392576)
(1.51525 0.0180312 0.000155826)
(1.37656 0.0814185 6.23797e-05)
(1.40381 0.126138 0.000113272)
(1.40997 0.204324 0.000268875)
(1.20131 0.144497 0.000155988)
(1.04464 0.0975967 5.1163e-06)
(1.00222 0.0780532 -1.40511e-05)
(1.01513 0.062769 5.06341e-06)
(1.03139 0.0462496 1.3677e-05)
(1.03497 0.0294571 1.36823e-05)
(1.02948 0.0172899 8.19031e-06)
(1.02155 0.0086599 4.38184e-06)
(1.01457 0.00506787 7.7214e-07)
(1.0096 0.00284053 -8.09845e-08)
(1.00647 0.00256871 -2.34718e-07)
(1.00411 0.00310606 -1.93982e-07)
(1.06612 -0.121548 -0.000638696)
(0.961248 -0.299553 -0.000312312)
(1.31211 -0.450571 0.000542255)
(1.6373 -0.526095 0.00074285)
(1.74694 -0.0847107 -7.86746e-05)
(1.60667 0.16591 -1.24194e-05)
(1.58502 -0.11606 0.000243209)
(1.62304 0.252995 0.000107532)
(1.43291 0.388042 0.000315959)
(1.2104 0.234414 0.000471628)
(1.05609 0.0390321 0.000289886)
(0.97454 -0.0435619 4.59198e-05)
(0.950385 -0.0444633 -4.24557e-05)
(0.95593 -0.0237405 -4.06592e-05)
(0.968555 -0.00647388 -2.279e-05)
(0.979796 0.000933613 -1.06066e-05)
(0.986857 0.00404282 -4.36751e-06)
(0.992333 0.00383642 -1.68127e-06)
(0.994762 0.003823 -8.98716e-07)
(0.997808 0.00359957 -3.77882e-07)
(1.22436 -0.017922 -0.00103089)
(0.913238 -0.29134 0.000585148)
(1.74549 -0.884016 0.00213689)
(2.03392 -0.829008 0.000106473)
(2.00408 0.0169065 -0.0036122)
(1.55344 0.226202 -0.00158197)
(1.21156 0.106638 0.00032532)
(1.59862 0.379196 -0.000251388)
(1.59802 0.408361 -0.000208184)
(1.61311 0.394803 -8.83995e-05)
(1.50049 0.288153 -8.55101e-05)
(1.32525 0.158121 -5.70723e-05)
(1.18324 0.0647165 -4.7763e-06)
(1.09633 0.0186232 1.55009e-05)
(1.04818 0.00207079 1.56355e-05)
(1.0243 -0.00320226 9.83678e-06)
(1.01216 -0.00305328 4.53852e-06)
(1.00777 -0.00217902 2.06353e-06)
(1.00469 -0.000746147 1.08927e-06)
(1.00448 0.00122675 4.12101e-07)
(1.60689 -0.260304 -0.012214)
(0.673797 -0.950194 -0.00338159)
(1.58969 -1.90456 0.0131493)
(-0.0833999 -0.480152 0.000725068)
(0.545807 0.0923365 -0.000579364)
(0.503265 0.325497 -0.000170285)
(0.750882 0.35003 -9.82228e-05)
(0.849559 0.272962 -3.12533e-05)
(0.924754 0.196252 2.25558e-05)
(0.965427 0.131838 3.14744e-05)
(0.982566 0.0823566 2.49845e-05)
(0.988488 0.0487337 1.39098e-05)
(0.992497 0.0273182 6.77263e-06)
(0.994202 0.0155795 3.43291e-06)
(0.997484 0.0086713 1.92991e-06)
(0.997867 0.00548771 1.0581e-06)
(1.0008 0.00319799 3.42079e-07)
(0.950128 0.258087 0.00552408)
(2.05491 -1.30527 -0.0320106)
(0.265292 -0.521253 0.0311311)
(-0.198659 -0.282774 0.000758319)
(-0.349479 0.184949 -1.00918e-05)
(-0.114057 0.163586 -3.11191e-06)
(0.243338 0.148507 -5.51504e-05)
(0.511018 0.115619 1.56239e-05)
(0.719786 0.0743924 2.65156e-05)
(0.853409 0.0362372 8.88492e-06)
(0.931266 0.0111855 8.87318e-07)
(0.970251 -0.000930932 -1.69019e-07)
(0.989059 -0.00527799 8.09129e-07)
(0.995842 -0.00548192 1.64049e-06)
(1.00039 -0.00427167 1.64089e-06)
(1.00056 -0.00291424 1.13218e-06)
(1.00305 -0.000933622 3.5477e-07)
(0.950082 -0.258105 0.00552109)
(-0.136148 -0.635541 -6.24725e-05)
(-0.103225 0.0024866 6.41174e-05)
(-0.349477 -0.184958 -1.0181e-05)
(-0.114056 -0.163586 -1.23264e-05)
(0.243338 -0.148507 -6.51816e-05)
(0.511017 -0.115618 1.15808e-05)
(0.719785 -0.0743919 2.4868e-05)
(0.853409 -0.0362376 9.4313e-06)
(0.931266 -0.011186 3.17985e-06)
(0.970251 0.00092991 2.86505e-06)
(0.989059 0.00527758 3.59779e-06)
(0.995842 0.00548135 3.66857e-06)
(1.0004 0.00427121 2.84805e-06)
(1.00056 0.00291398 1.78937e-06)
(1.00305 0.000933104 5.95232e-07)
(1.60689 0.260303 -0.0122063)
(0.16551 -0.165287 0.014499)
(0.635614 1.33063 0.0126886)
(0.221699 0.330415 0.00120036)
(0.545802 -0.0923357 -0.000576458)
(0.503274 -0.325498 -0.000172518)
(0.750883 -0.350029 -0.00010354)
(0.849561 -0.272961 -3.44834e-05)
(0.924755 -0.196252 2.0847e-05)
(0.965429 -0.131838 3.10845e-05)
(0.982567 -0.0823564 2.59727e-05)
(0.988489 -0.0487337 1.57315e-05)
(0.992497 -0.0273174 8.68837e-06)
(0.994202 -0.0155789 4.94036e-06)
(0.997484 -0.00867085 2.84862e-06)
(0.997866 -0.00548719 1.58378e-06)
(1.0008 -0.00319805 5.40661e-07)
(1.22436 0.0179218 -0.00103027)
(0.913243 0.291336 0.000585763)
(1.0054 0.675945 -0.0062637)
(0.0695444 -0.15863 0.000359609)
(1.21156 -0.106641 0.000328007)
(1.59862 -0.379197 -0.00024996)
(1.59802 -0.408361 -0.0002079)
(1.6131 -0.3948 -8.71256e-05)
(1.50049 -0.288151 -8.39276e-05)
(1.32525 -0.158121 -5.5566e-05)
(1.18325 -0.0647171 -3.95941e-06)
(1.09633 -0.0186242 1.55522e-05)
(1.04819 -0.00207222 1.52866e-05)
(1.0243 0.00320122 9.48012e-06)
(1.01216 0.00305244 4.33952e-06)
(1.00777 0.00217831 1.90857e-06)
(1.00469 0.000745797 1.01884e-06)
(1.00448 -0.00122712 3.92234e-07)
(1.06612 0.121551 -0.00063822)
(0.96125 0.299554 -0.000311664)
(1.31211 0.450568 0.000542839)
(1.76578 0.418109 0.000811815)
(1.998 0.0195538 -0.000129421)
(1.60667 -0.165907 -1.18679e-05)
(1.58502 0.116061 0.000243071)
(1.62303 -0.252998 0.000106679)
(1.4329 -0.388045 0.000315948)
(1.2104 -0.234415 0.000471908)
(1.05609 -0.0390321 0.00028985)
(0.97454 0.0435623 4.55923e-05)
(0.950386 0.0444638 -4.27437e-05)
(0.95593 0.0237411 -4.07193e-05)
(0.968555 0.00647421 -2.2701e-05)
(0.979796 -0.0009334 -1.04451e-05)
(0.986856 -0.00404254 -4.19387e-06)
(0.992333 -0.00383643 -1.62394e-06)
(0.994761 -0.0038229 -8.59822e-07)
(0.997807 -0.00359957 -3.55979e-07)
(1.00153 0.0418526 -0.000179734)
(1.05971 0.12505 0.00020602)
(1.13168 0.22641 0.000289889)
(1.38628 0.115925 0.000392549)
(1.51525 -0.0180289 0.000155227)
(1.37656 -0.081416 6.10306e-05)
(1.40381 -0.126138 0.000112358)
(1.40997 -0.204321 0.00026845)
(1.20131 -0.144495 0.000155297)
(1.04463 -0.0975966 4.35449e-06)
(1.00222 -0.078053 -1.44189e-05)
(1.01512 -0.0627686 4.97937e-06)
(1.03139 -0.0462495 1.3596e-05)
(1.03497 -0.029457 1.35355e-05)
(1.02948 -0.0172897 7.99106e-06)
(1.02155 -0.00865995 4.20152e-06)
(1.01457 -0.00506752 7.06205e-07)
(1.0096 -0.00284049 -1.47466e-07)
(1.00647 -0.00256875 -2.7379e-07)
(1.00411 -0.003106 -2.02374e-07)
(0.991832 0.0524701 -9.44183e-05)
(1.04888 0.144353 0.000100768)
(1.10946 0.135139 6.34022e-05)
(1.24687 0.150071 2.88558e-05)
(1.27683 0.0454272 -4.71438e-05)
(1.26 -0.0521142 -6.50473e-05)
(1.24103 0.00666515 2.00127e-05)
(1.18662 -0.0557869 -7.9418e-05)
(1.11884 -0.104327 -9.77625e-05)
(1.06514 -0.0840577 -6.36607e-05)
(1.03121 -0.0289826 -4.42847e-05)
(1.0093 0.0117113 -3.35626e-05)
(0.994428 0.0253205 -2.18965e-05)
(0.987211 0.0235338 -1.18627e-05)
(0.986197 0.0156689 -5.44605e-06)
(0.98788 0.00952072 -3.21877e-06)
(0.990698 0.00419604 -1.32723e-06)
(0.992962 0.00154529 -9.76457e-07)
(0.99492 -0.00048488 -9.4431e-07)
(0.996202 -0.00233697 -4.70857e-07)
(0.989811 0.0210518 -7.98354e-06)
(1.04188 0.0633888 1.21906e-05)
(1.0714 0.0740322 1.77707e-05)
(1.12176 0.0399726 2.39e-06)
(1.17601 -0.0149813 -2.27694e-05)
(1.15982 -0.0543501 -1.23079e-05)
(1.14202 -0.0674434 -8.58735e-06)
(1.1395 -0.0701431 -1.49329e-05)
(1.09372 -0.0510785 8.82253e-08)
(1.03531 -0.0322948 6.07885e-06)
(1.00232 -0.025688 2.87543e-06)
(0.99518 -0.0258382 2.5456e-06)
(0.999834 -0.025187 1.99921e-06)
(1.00535 -0.0209392 4.40162e-07)
(1.00839 -0.0162634 -4.46769e-07)
(1.00824 -0.0108609 -5.57713e-07)
(1.00748 -0.00781229 -7.38904e-07)
(1.005 -0.00509963 -6.77615e-07)
(1.00408 -0.00407154 -6.21289e-07)
(1.00161 -0.00347908 -3.59242e-07)
(0.992868 0.018985 2.96851e-06)
(1.02728 0.0531388 -1.08275e-05)
(1.06459 0.0535191 1.16823e-05)
(1.09565 0.052609 1.11648e-06)
(1.11651 0.0149051 -1.22844e-05)
(1.10991 -0.017939 -1.39697e-06)
(1.0881 -0.00977176 2.05976e-07)
(1.06381 -0.015832 -4.17744e-06)
(1.04145 -0.0236592 -4.96692e-06)
(1.0251 -0.0174208 2.78048e-06)
(1.01534 -0.00308646 -4.48085e-08)
(1.00883 0.00925565 -1.57145e-06)
(1.00303 0.014948 -8.07639e-07)
(0.998218 0.0154722 -6.15645e-07)
(0.996044 0.0123833 -6.47664e-07)
(0.994734 0.00936525 -8.25037e-07)
(0.995588 0.00578573 -5.58923e-07)
(0.995326 0.00339817 -5.13151e-07)
(0.996587 0.00143767 -6.35669e-07)
(0.996004 -0.000808063 -3.74292e-07)
(0.994543 0.00549637 5.58838e-06)
(1.01636 0.0217562 -6.84912e-06)
(1.04255 0.0222428 7.12561e-06)
(1.0615 0.00971587 1.61868e-06)
(1.0807 -0.0126843 -1.23993e-05)
(1.07479 -0.0265203 -1.18001e-06)
(1.05756 -0.0277868 8.59616e-07)
(1.046 -0.0233772 -1.01096e-07)
(1.03076 -0.0169853 5.9622e-07)
(1.01387 -0.0125012 3.35521e-06)
(1.00287 -0.0115414 4.89467e-06)
(0.999086 -0.0131932 1.59222e-06)
(0.999882 -0.0147101 4.57768e-07)
(1.00134 -0.0140422 -1.81238e-08)
(1.00283 -0.0123787 -6.08994e-07)
(1.00249 -0.00956848 -7.1812e-07)
(1.00296 -0.00735095 -6.00256e-07)
(1.00107 -0.00508759 -4.97554e-07)
(1.00128 -0.00383598 -5.02262e-07)
(0.998953 -0.0025164 -3.23144e-07)
(0.995008 0.00420034 5.55738e-06)
(1.01314 0.00974112 -1.01838e-05)
(1.04089 0.0119322 8.26604e-06)
(1.05647 0.013526 1.42226e-06)
(1.06743 0.00838854 -1.14847e-05)
(1.06094 0.00289546 -1.38553e-06)
(1.04346 0.00419668 4.81823e-07)
(1.02984 0.00314787 -6.40942e-08)
(1.01977 0.00107654 4.01339e-07)
(1.01144 0.0020556 2.01143e-06)
(1.00577 0.00571724 4.72641e-06)
(1.00268 0.00978761 1.7695e-06)
(1.00129 0.0122283 1.25818e-07)
(1.00003 0.0125316 -2.88687e-08)
(0.999782 0.011048 -1.65682e-07)
(0.998698 0.00892973 -3.94665e-07)
(0.999357 0.00648544 -2.91545e-07)
(0.997951 0.0043638 -3.4659e-07)
(0.998752 0.0028066 -4.94978e-07)
(0.996976 0.000902378 -3.41518e-07)
(1.36059 -0.664459 -0.0110865)
(0.994821 -0.664748 -0.0141974)
(1.36002 -1.13671 -0.00630774)
(1.74549 -0.884017 -0.00213421)
(1.36522 -0.667293 0.0036085)
(1.00541 -0.675963 0.00627121)
(1.33593 -1.07973 -0.00451106)
(2.24423 -0.303499 -0.00494509)
(2.03391 -0.829014 -0.000105758)
(2.24819 -0.310574 0.00364238)
(2.09653 0.21037 -0.0019424)
(2.00408 0.0169063 0.00361172)
(2.10226 0.205888 0.00310529)
(2.07935 0.300513 -0.00064433)
(0.0855226 0.162262 -0.000584366)
(0.680958 0.266683 -0.00261238)
(1.55344 0.226207 0.0015822)
(2.08379 0.30087 0.000579199)
(0.069554 0.158632 -0.000355024)
(0.672513 0.26577 -0.000549325)
(0.664991 -0.1343 -0.00468651)
(0.0161953 0.197455 -0.0055404)
(1.56451 -0.99699 -0.0200142)
(0.6738 -0.950191 0.00338868)
(0.757632 -0.150586 -0.00426626)
(0.16554 0.165258 -0.0144984)
(1.57179 -0.985563 -0.0239902)
(0.638591 -1.31318 0.00882653)
(1.58969 -1.90457 -0.0131387)
(0.635608 -1.33062 -0.0127052)
(0.318625 0.234347 -0.00035467)
(0.0636638 -0.268994 0.00214796)
(0.306281 0.22248 0.00088061)
(0.0703674 -0.25917 0.000866394)
(0.661324 -0.0381081 -0.000374929)
(0.220607 -0.334091 0.00119773)
(-0.148201 -0.388704 0.00103965)
(-0.0833976 -0.48015 -0.000723698)
(0.659537 -0.0404766 0.000476159)
(0.221698 -0.330414 -0.00119987)
(-0.150315 -0.390898 -0.000786029)
(1.00348 -0.335842 0.00456749)
(-0.13399 0.598273 -0.005515)
(-0.971558 -0.227625 -0.0220967)
(2.05504 -1.30526 0.0319569)
(1.02539 -0.368578 -0.00207751)
(-0.136234 0.635571 4.2444e-05)
(-0.802772 0.0722373 -0.0722897)
(0.265289 -0.521252 -0.0311748)
(-0.0770408 -0.236207 0.000687118)
(-0.0737512 -0.232827 -0.00147575)
(-0.470212 -0.164129 0.00120509)
(-0.103163 -0.00282128 -0.000230316)
(-0.377336 0.00113082 0.000640202)
(-0.198657 -0.282773 -0.000759972)
(-0.47164 -0.163571 -0.000105164)
(-0.103225 -0.00248616 -6.38982e-05)
(-0.3775 0.00102131 -0.000492733)
(-0.971461 0.227562 -0.0220922)
(2.05186 1.24622 0.00763323)
(1.00348 0.335848 0.00456357)
(-0.136157 -0.635546 5.2786e-05)
(-0.802758 -0.0722438 -0.0722814)
(2.05498 1.30526 0.031963)
(1.02536 0.368577 -0.00208795)
(0.223012 0.485452 0.0044032)
(0.265274 0.521254 -0.0311542)
(-0.07704 0.236207 0.000687095)
(-0.0737504 0.232827 -0.001476)
(-0.377341 -0.00113907 0.000637771)
(-0.196656 0.282045 0.000622114)
(-0.47022 0.164132 0.00120168)
(-0.103226 0.00248457 -6.15742e-05)
(-0.377504 -0.0010282 -0.000497179)
(-0.198657 0.282775 -0.000758651)
(-0.471649 0.163575 -0.000106805)
(1.56449 0.996979 -0.0200179)
(0.638047 0.931616 0.0057348)
(0.665008 0.134318 -0.00468729)
(0.165528 -0.165282 -0.014488)
(1.57177 0.985562 -0.0239928)
(0.673785 0.950189 0.00338753)
(0.757622 0.150589 -0.00426618)
(1.59182 1.87005 -0.00761518)
(0.635598 1.33062 -0.0126982)
(1.58968 1.90458 -0.0131386)
(0.0636714 0.26899 0.00214823)
(0.318629 -0.234348 -0.000355256)
(0.0703714 0.259168 0.000867623)
(0.306283 -0.222482 0.000878572)
(-0.148198 0.388699 0.00104305)
(-0.0802821 0.476568 0.00221577)
(0.661337 0.038105 -0.00037233)
(0.22169 0.33042 -0.00119875)
(-0.150314 0.390893 -0.000784298)
(-0.0833956 0.480147 -0.000723104)
(0.659542 0.0404762 0.000476754)
(1.36 1.13669 -0.00630636)
(1.73821 0.888388 -0.000315591)
(1.36059 0.664467 -0.0110855)
(1.00541 0.675968 0.00626884)
(1.33593 1.07973 -0.00450895)
(1.74549 0.884018 -0.00213019)
(1.36521 0.667292 0.0036083)
(2.02634 0.810621 -0.00105594)
(2.24424 0.303506 -0.00494401)
(2.03391 0.829011 -0.000107353)
(2.24819 0.31057 0.00364001)
(2.00374 -0.0192817 -0.00499709)
(2.09654 -0.21036 -0.00194172)
(2.00408 -0.0169102 0.00360939)
(2.10225 -0.20589 0.00310136)
(0.680949 -0.266681 -0.00261187)
(1.55387 -0.225861 4.99215e-05)
(2.07934 -0.300508 -0.000644067)
(0.0695543 -0.158634 -0.000357838)
(0.67251 -0.265768 -0.000549475)
(1.55344 -0.226209 0.00158194)
(2.08378 -0.30087 0.000579353)
(1.36561 -0.670478 -0.00629726)
(1.01184 -0.680806 -0.0101087)
(1.33239 -1.07619 -0.00369)
(1.75096 -0.890192 0.000979493)
(1.36561 -0.670476 0.00630006)
(1.01183 -0.680802 0.0101139)
(1.33239 -1.07619 0.00368731)
(2.2476 -0.311874 6.67045e-05)
(2.03489 -0.832595 0.000726227)
(2.24761 -0.311875 -6.97971e-05)
(2.10343 0.205495 0.00025442)
(2.00259 0.01571 0.000506988)
(2.10343 0.205492 -0.000255271)
(2.08599 0.301706 -0.000344664)
(0.0677104 0.157741 -0.00012548)
(0.664351 0.264955 -0.00142845)
(1.5511 0.226094 -0.00023673)
(2.08599 0.301704 0.000343554)
(0.0677075 0.15774 0.000133021)
(0.66435 0.264954 0.00142508)
(0.812262 -0.161937 -0.00107506)
(0.253203 0.136919 -0.0050212)
(1.58095 -0.983287 -0.00993955)
(0.682623 -0.955475 -0.00228822)
(0.812237 -0.161924 0.00108752)
(0.253181 0.136931 0.00501109)
(1.58093 -0.983285 0.0099868)
(0.638557 -1.33591 -0.0063226)
(1.60302 -1.90636 0.012026)
(0.638568 -1.33592 0.00630599)
(0.302904 0.219937 0.000997562)
(0.0717089 -0.257804 0.000546492)
(0.302901 0.219934 -0.000998998)
(0.0717095 -0.257804 -0.00054711)
(0.65683 -0.042073 -0.000236704)
(0.2235 -0.329051 0.000508767)
(-0.152366 -0.391767 0.000715293)
(-0.0843766 -0.482103 -0.00232699)
(0.656831 -0.0420724 0.000238564)
(0.223497 -0.329053 -0.000509252)
(-0.152366 -0.391766 -0.0007199)
(1.02417 -0.377206 0.000164753)
(-0.144372 0.661248 -0.0028577)
(-0.783746 0.116611 -0.0455493)
(2.04602 -1.34459 -0.0041882)
(1.02414 -0.377204 -0.000148103)
(-0.144336 0.661209 0.00277551)
(-0.783698 0.116653 0.0454969)
(0.272597 -0.530221 0.0194935)
(-0.0737591 -0.233398 -0.000844225)
(-0.0737591 -0.233398 0.000844017)
(-0.470587 -0.16361 0.000452055)
(-0.102918 -0.00243605 0.000167994)
(-0.376697 0.000466018 0.000457071)
(-0.198596 -0.283328 0.000243278)
(-0.470591 -0.163613 -0.000446735)
(-0.102919 -0.00243536 -0.000170654)
(-0.376698 0.000468395 -0.000450996)
(-0.783759 -0.116584 -0.0455459)
(2.04602 1.34455 0.00414917)
(1.02415 0.377197 0.000152836)
(-0.144335 -0.661221 0.00282222)
(-0.783733 -0.116625 0.0454813)
(2.04603 1.34458 -0.00415771)
(1.02417 0.377211 -0.000147349)
(0.272585 0.530217 -0.0195225)
(0.27261 0.530222 0.0195086)
(-0.0737591 0.233399 -0.000844463)
(-0.0737604 0.2334 0.000844526)
(-0.376699 -0.00046786 0.000449768)
(-0.198594 0.283331 -0.000243786)
(-0.470588 0.163611 0.000445996)
(-0.102918 0.00243671 -0.000167986)
(-0.376699 -0.000465123 -0.000455322)
(-0.198596 0.283331 0.000245291)
(-0.470587 0.163608 -0.000450097)
(1.58093 0.983303 -0.00995639)
(0.682605 0.955467 0.00228846)
(0.812226 0.161936 -0.00107619)
(0.253171 -0.13694 0.00501989)
(1.58095 0.983304 0.00996364)
(0.682612 0.955471 -0.00228971)
(0.812228 0.161927 0.00109292)
(1.603 1.90638 -0.012008)
(0.638571 1.33592 0.00630713)
(1.60301 1.90637 0.0120194)
(0.0717123 0.257803 0.000547867)
(0.302907 -0.21994 0.000995216)
(0.0717089 0.257806 -0.000545415)
(0.302901 -0.219934 -0.00100112)
(-0.152361 0.391761 0.000717798)
(-0.084375 0.482098 0.00233029)
(0.656836 0.042069 -0.000235277)
(0.223499 0.329052 -0.000506246)
(-0.152362 0.391763 -0.000715613)
(-0.0843792 0.482103 -0.00232429)
(0.656836 0.042071 0.00024016)
(1.33239 1.0762 -0.00369053)
(1.75096 0.890198 -0.000972117)
(1.36561 0.670475 -0.00629551)
(1.01183 0.680801 0.0101076)
(1.33239 1.0762 0.00368209)
(1.75097 0.890192 0.000978084)
(1.36561 0.670474 0.00629588)
(2.03489 0.832594 -0.0007257)
(2.2476 0.311871 6.45275e-05)
(2.03489 0.832593 0.000724747)
(2.24761 0.311874 -7.0509e-05)
(2.00259 -0.0157119 -0.000509323)
(2.10343 -0.205498 0.00025124)
(2.00259 -0.0157103 0.000505909)
(2.10343 -0.205492 -0.000255543)
(0.664356 -0.264955 -0.0014276)
(1.5511 -0.226099 0.000236911)
(2.08599 -0.301709 -0.000344158)
(0.0677055 -0.15774 0.000130779)
(0.664355 -0.264954 0.00142577)
(1.5511 -0.226096 -0.000236549)
(2.08599 -0.301704 0.000343151)
(1.36521 -0.66729 -0.00360652)
(1.00541 -0.675952 -0.00626831)
(1.33594 -1.07973 0.00450953)
(1.7382 -0.888381 0.00031665)
(1.36058 -0.664457 0.0110872)
(0.99481 -0.664745 0.0141982)
(1.36002 -1.13671 0.00630816)
(2.2482 -0.310574 -0.0036449)
(2.02634 -0.810602 0.00105593)
(2.24424 -0.3035 0.00494561)
(2.10226 0.205884 -0.00310598)
(2.00374 0.0192848 0.00499879)
(2.09654 0.210363 0.00194241)
(2.08379 0.300866 -0.000579929)
(0.0695501 0.158631 0.000361843)
(0.672513 0.265768 0.000547416)
(1.55387 0.225855 -5.02369e-05)
(2.07935 0.300507 0.00064376)
(0.0855221 0.162262 0.00058548)
(0.680953 0.266681 0.00261093)
(0.757574 -0.150551 0.00427448)
(0.165481 0.165305 0.0144923)
(1.57176 -0.98556 0.0240273)
(0.638018 -0.931627 -0.00573267)
(0.664913 -0.134258 0.00469031)
(0.0160623 0.197531 0.00553978)
(1.56446 -0.997007 0.0200336)
(0.635635 -1.33063 0.0126886)
(1.59181 -1.87004 0.00762848)
(0.638641 -1.3132 -0.00882789)
(0.306278 0.222477 -0.000882369)
(0.0703679 -0.25917 -0.000866884)
(0.318623 0.234342 0.000354495)
(0.0636672 -0.268993 -0.00214826)
(0.659536 -0.0404817 -0.000474286)
(0.221692 -0.330418 0.00119905)
(-0.150319 -0.390897 0.000784097)
(-0.0802875 -0.476576 -0.00221548)
(0.66133 -0.0381119 0.000373761)
(0.220602 -0.334099 -0.00119717)
(-0.148205 -0.388703 -0.00104463)
(1.02536 -0.368583 0.00208905)
(-0.136062 0.635513 -0.000107051)
(-0.802688 0.072313 0.0722496)
(2.05171 -1.24622 -0.00764516)
(1.00346 -0.335846 -0.00456675)
(-0.133732 0.598194 0.0054787)
(-0.971455 -0.227421 0.0220928)
(0.223021 -0.485441 -0.00440656)
(-0.0737508 -0.232827 0.0014759)
(-0.0770395 -0.236208 -0.000687091)
(-0.471653 -0.163579 0.000107563)
(-0.103226 -0.002485 6.19224e-05)
(-0.377503 0.00102643 0.000497154)
(-0.196658 -0.282045 -0.000622016)
(-0.470229 -0.164135 -0.00120273)
(-0.103164 -0.002818 0.000230014)
(-0.37734 0.0011371 -0.000639201)
(-0.802733 -0.0722989 0.072231)
(2.05494 1.30527 -0.0319849)
(1.02537 0.368583 0.00209346)
(-0.133858 -0.59823 0.00550326)
(-0.971475 0.227458 0.0220826)
(2.05181 1.2462 -0.0076389)
(1.00348 0.335844 -0.00456321)
(0.265275 0.521253 0.031151)
(0.223032 0.485444 -0.00441132)
(-0.0737522 0.232829 0.00147662)
(-0.0770398 0.236208 -0.000686915)
(-0.377502 -0.0010239 0.000491868)
(-0.198659 0.282777 0.000760026)
(-0.471643 0.163569 0.000105193)
(-0.103162 0.00282053 0.000230161)
(-0.377338 -0.00113694 -0.000638241)
(-0.196656 0.282049 -0.000621596)
(-0.470215 0.164129 -0.00120373)
(1.57178 0.985566 0.0240082)
(0.67378 0.950196 -0.00338602)
(0.757599 0.150556 0.00427765)
(0.0161241 -0.197491 0.00554171)
(1.5645 0.996981 0.0200269)
(0.638023 0.931623 -0.00573601)
(0.664944 0.134269 0.00469561)
(1.58968 1.90456 0.013149)
(0.638642 1.3132 -0.00882884)
(1.59183 1.87001 0.00762816)
(0.0703673 0.259172 -0.000865275)
(0.306277 -0.222474 -0.000884689)
(0.0636639 0.268996 -0.00214797)
(0.31862 -0.234338 0.000354272)
(-0.15031 0.390892 0.000783388)
(-0.0834052 0.480153 0.000727677)
(0.659544 0.040475 -0.000473624)
(0.22061 0.334093 -0.00119727)
(-0.148196 0.388699 -0.00103918)
(-0.0802877 0.476577 -0.00221659)
(0.661331 0.0381067 0.000376007)
(1.33594 1.07974 0.00450311)
(1.74549 0.884014 0.0021418)
(1.36521 0.667283 -0.00360396)
(0.994816 0.664738 0.0141948)
(1.36002 1.1367 0.00630446)
(1.73821 0.888381 0.000311973)
(1.36059 0.664451 0.0110832)
(2.03391 0.829002 0.000106188)
(2.2482 0.310571 -0.00364551)
(2.02634 0.810597 0.00105582)
(2.24424 0.303496 0.0049457)
(2.00408 -0.0169092 -0.00361306)
(2.10226 -0.205886 -0.00310609)
(2.00374 -0.019289 0.00499892)
(2.09655 -0.210362 0.00194215)
(0.672514 -0.265769 0.000547544)
(1.55344 -0.226204 -0.00158161)
(2.08379 -0.300866 -0.000579722)
(0.0855252 -0.162261 0.000584775)
(0.680955 -0.266682 0.00261284)
(1.55387 -0.225857 -4.96863e-05)
(2.07935 -0.300505 0.000643112)
(1.72066 -0.235208 -0.00131267)
(1.76282 -0.41346 -0.0015552)
(1.92111 -0.19901 -0.00302107)
(1.6373 -0.526098 -0.000744045)
(1.72119 -0.235397 -0.000615486)
(1.76578 -0.418112 -0.000810153)
(1.92573 -0.205174 7.2125e-05)
(1.70711 0.0465226 -0.0012045)
(1.99786 -0.0181462 -0.00155084)
(1.87395 0.0567978 -0.0021727)
(1.74694 -0.0847103 8.02597e-05)
(1.70811 0.0464758 0.000831296)
(1.998 -0.0195549 0.000131895)
(1.87743 0.0547524 0.00142226)
(1.96678 -0.561669 0.00811901)
(2.20103 -0.65487 -0.0024795)
(2.50732 -0.911484 -0.00257147)
(2.03 -0.816956 -0.001106)
(2.20373 -0.656112 0.00294495)
(2.50926 -0.922385 0.00299796)
(1.96442 -0.562642 -0.00606669)
(1.67887 0.0579193 0.00344032)
(2.1903 0.0930776 -0.00406001)
(2.08771 0.000953713 -0.00533441)
(2.00528 0.0210546 0.00527685)
(2.19025 0.0951857 0.00527594)
(2.08423 0.00518476 0.00280401)
(1.68872 0.0555945 -0.00245164)
(0.564717 -0.92972 -0.00167436)
(1.54845 -1.42212 -0.00433374)
(1.20459 -1.55151 -0.00599892)
(1.57704 -1.88602 -0.00950774)
(1.54916 -1.42267 0.00878814)
(1.19252 -1.55295 -0.0120478)
(0.579583 -0.961438 0.000803244)
(0.0195527 -0.126743 -0.000477056)
(0.0163785 -0.125754 -0.00386827)
(0.218616 -0.494519 -0.0264703)
(-0.0574018 -0.243253 -0.000941444)
(-0.16966 -0.226783 0.000702034)
(-0.0926114 -0.231422 0.000357375)
(-0.197723 -0.282451 -0.0018488)
(-0.169545 -0.226779 -0.000934687)
(-0.0926246 -0.23011 -0.000229562)
(-0.0572303 -0.243082 0.000823891)
(-0.263495 0.0405771 -0.000906996)
(-0.139341 0.0939603 0.000679052)
(-0.117797 0.219082 0.0002163)
(-0.103378 0.00249484 -0.000661279)
(-0.139593 0.0938713 -0.000155507)
(-0.117238 0.218579 -0.000633273)
(-0.264133 0.0403756 0.000573)
(0.76223 1.49719 0.00181885)
(0.62523 1.31586 -0.012965)
(0.751226 1.50525 -0.00358929)
(1.61805 0.69267 -0.00152983)
(1.98215 1.16549 -0.000337127)
(1.98177 1.16116 0.00755547)
(1.6287 0.706417 -0.00954503)
(1.13965 -0.245228 0.000664555)
(0.438761 -0.0613736 0.0012006)
(0.426714 -0.146348 0.00169769)
(0.0790432 -0.161747 -0.000591527)
(0.441192 -0.0601214 0.000781331)
(0.413228 -0.148806 0.000175239)
(1.14252 -0.241579 0.00204031)
(1.92111 0.199013 -0.00302073)
(1.63684 0.524595 -0.000651129)
(1.72065 0.235207 -0.00131248)
(1.76578 0.418114 -0.000810619)
(1.92572 0.205173 7.47996e-05)
(1.63729 0.526095 -0.000744055)
(1.72118 0.235394 -0.000615146)
(1.87396 -0.0567898 -0.00217281)
(1.74728 0.0855344 -0.000770175)
(1.70712 -0.046519 -0.00120316)
(1.998 0.0195531 0.000130944)
(1.87743 -0.0547507 0.00142054)
(1.74694 0.0847082 7.92488e-05)
(1.70811 -0.0464776 0.000832202)
(1.72143 -0.236868 -0.000861376)
(1.76754 -0.42163 -0.000289046)
(1.92685 -0.207712 -0.0013718)
(1.63965 -0.529568 0.000410625)
(1.72143 -0.236867 0.000861811)
(1.76754 -0.42163 0.000290508)
(1.92685 -0.207711 0.00137015)
(1.70759 0.0464712 -0.00078343)
(1.99825 -0.0204734 -0.000859506)
(1.87774 0.0556244 -0.00166906)
(1.74776 -0.0854109 0.000638405)
(1.70759 0.0464711 0.000781671)
(1.99826 -0.0204737 0.000861882)
(1.87774 0.0556228 0.0016694)
(1.95631 -0.561067 0.000757264)
(2.20747 -0.667008 0.000280098)
(2.50927 -0.935712 0.00095636)
(2.03546 -0.833374 -0.000923997)
(1.95874 -0.5603 0.00213532)
(2.20694 -0.667638 0.000633295)
(2.50821 -0.937847 -2.52503e-05)
(1.66563 0.0641692 0.0011904)
(2.19235 0.0900066 -7.53299e-05)
(2.07414 0.0104151 -0.00136986)
(2.00161 0.015591 0.00160378)
(1.66765 0.0639815 -0.00097705)
(2.19189 0.0900623 0.00153679)
(2.07239 0.010511 0.00113823)
(0.541378 -0.87644 -0.00177088)
(1.55927 -1.41812 0.00184035)
(1.18715 -1.55137 -0.00795598)
(1.59946 -1.9133 0.000138724)
(0.543887 -0.88358 -0.000922863)
(1.55811 -1.4174 0.00293358)
(1.18357 -1.55081 -0.00389621)
(-0.00103898 -0.126267 -0.00437525)
(-0.00392195 -0.126521 -0.00155808)
(0.277065 -0.53455 -0.00554472)
(-0.0558697 -0.243157 -0.000741362)
(-0.17024 -0.22785 0.000353833)
(-0.0910424 -0.228607 0.00049556)
(-0.198383 -0.283574 -0.000169061)
(-0.0565015 -0.243174 0.00067487)
(-0.169863 -0.228269 -0.000496178)
(-0.0907185 -0.228496 8.57211e-05)
(-0.260502 0.0421363 -0.000473214)
(-0.138905 0.0944139 0.000783319)
(-0.114738 0.219276 0.000358445)
(-0.102744 0.00238292 1.35235e-05)
(-0.261085 0.0418719 0.000153092)
(-0.138455 0.0944809 -0.000250591)
(-0.114267 0.2195 2.45192e-05)
(0.754761 1.50838 -0.00314188)
(0.637363 1.33783 -0.00386573)
(0.75354 1.51029 -0.00123454)
(1.59099 0.674199 -0.000287715)
(1.96698 1.15614 0.00315611)
(1.59374 0.675459 -0.00203784)
(1.96368 1.15571 0.00132665)
(1.13173 -0.249921 -1.80428e-05)
(0.438759 -0.052016 -0.000500169)
(0.390826 -0.146377 -0.000701372)
(0.0673643 -0.157271 -7.37765e-05)
(1.13303 -0.24993 0.000122666)
(0.437014 -0.0503991 -6.89845e-05)
(0.388728 -0.14558 -0.000100709)
(1.92685 0.20771 -0.00137055)
(1.63965 0.529569 -0.000409555)
(1.72143 0.23687 -0.000861712)
(1.76754 0.421631 0.000289816)
(1.92685 0.207711 0.00137099)
(1.63966 0.52957 0.000409857)
(1.72143 0.23687 0.000860807)
(1.87774 -0.0556278 -0.00166934)
(1.74776 0.0854098 -0.000637655)
(1.70759 -0.0464722 -0.000781731)
(1.99826 0.0204753 0.00086071)
(1.87774 -0.0556238 0.00166797)
(1.74776 0.0854095 0.000637594)
(1.70759 -0.0464711 0.000782056)
(1.72118 -0.235393 0.000617165)
(1.76578 -0.418113 0.000810508)
(1.92573 -0.205173 -7.37685e-05)
(1.63684 -0.524591 0.000652008)
(1.72065 -0.235204 0.00131211)
(1.76282 -0.41346 0.00155714)
(1.9211 -0.199006 0.00302095)
(1.70811 0.0464759 -0.000832715)
(1.998 -0.0195549 -0.000129721)
(1.87743 0.0547467 -0.00142181)
(1.74728 -0.0855353 0.000769994)
(1.70711 0.0465207 0.00120392)
(1.99786 -0.0181462 0.00155205)
(1.87396 0.0567912 0.00217304)
(1.96351 -0.561755 -0.00167923)
(2.2072 -0.665069 -0.00217977)
(2.50946 -0.933115 -0.00252976)
(2.0329 -0.8254 5.45477e-05)
(1.96136 -0.560537 -0.00438416)
(2.20526 -0.66257 0.000222438)
(2.50912 -0.931555 -0.0017661)
(1.67441 0.0609082 0.00137517)
(2.19236 0.0910065 -0.00374657)
(2.07698 0.00992992 -0.00147386)
(2.00449 0.0174327 0.00123342)
(1.67023 0.0632143 -0.00197199)
(2.19139 0.0916482 0.000433952)
(2.08013 0.00764948 0.00270732)
(0.554877 -0.905151 0.0018019)
(1.55485 -1.41997 -0.00497342)
(1.18592 -1.55181 0.0131574)
(1.59346 -1.89103 0.0194985)
(0.548618 -0.891656 0.00276323)
(1.55746 -1.41997 -0.00260131)
(1.19125 -1.55043 0.0132945)
(0.00414064 -0.125951 0.00587707)
(0.0106209 -0.125466 0.00569328)
(0.239351 -0.511348 0.0354994)
(-0.0581941 -0.243224 -0.000532157)
(-0.170832 -0.227068 0.000668992)
(-0.0916919 -0.228952 -0.000311609)
(-0.19861 -0.28259 0.00076754)
(-0.057662 -0.24324 0.000864127)
(-0.170847 -0.226697 -0.000129852)
(-0.0922813 -0.229381 -0.000437693)
(-0.263193 0.0409133 -7.2736e-05)
(-0.139742 0.0942065 -5.90677e-05)
(-0.11558 0.218877 -5.00354e-05)
(-0.103378 0.00255992 0.000275651)
(-0.262241 0.0413342 0.000812514)
(-0.140055 0.0940372 -0.000918885)
(-0.116494 0.21863 -0.000167357)
(0.751897 1.50768 0.00508259)
(0.630159 1.32251 0.00895894)
(0.750213 1.50511 0.00392612)
(1.60646 0.683347 0.00613913)
(1.97088 1.15812 -0.00481686)
(1.59837 0.678539 0.00279686)
(1.97682 1.16075 -0.00452389)
(1.13731 -0.247957 -0.00110208)
(0.439829 -0.0544021 0.000301662)
(0.395571 -0.147607 0.000623124)
(0.0722622 -0.159829 0.000567864)
(1.13351 -0.249117 7.29459e-07)
(0.442682 -0.0577655 -0.000395686)
(0.401928 -0.148763 0.000299284)
(1.92573 0.205169 -7.35802e-05)
(1.6373 0.526092 0.000744737)
(1.72118 0.23539 0.000616654)
(1.76283 0.413457 0.00155663)
(1.92111 0.199004 0.00302125)
(1.63685 0.524589 0.000650855)
(1.72066 0.235201 0.00131126)
(1.87743 -0.0547516 -0.00142005)
(1.74694 0.0847055 -7.76936e-05)
(1.70811 -0.0464779 -0.000829875)
(1.99786 0.0181453 0.001551)
(1.87396 -0.056793 0.00217145)
(1.74728 0.0855289 0.000768669)
(1.70712 -0.0465219 0.0012023)
(1.92398 -1.40801 0.00465407)
(1.71904 -0.977596 -0.00269628)
(1.57902 -1.27412 -0.00232752)
(1.34891 -1.11347 -0.00589419)
(1.71832 -0.973715 0.00618427)
(1.57353 -1.26851 0.00502728)
(1.92672 -1.39234 -0.000883079)
(1.92126 -1.43244 0.00533745)
(1.34345 -1.09233 -0.008948)
(1.71613 -0.974796 0.00402282)
(1.56673 -1.25925 0.00456444)
(1.71799 -0.975735 0.00340002)
(1.5726 -1.26531 0.00304585)
(1.91806 -1.44128 0.00376667)
(2.18777 -0.395128 0.00514887)
(2.09692 -0.44371 -0.00332919)
(2.0007 -0.314682 -0.00388246)
(2.24673 -0.303773 0.00520369)
(2.09896 -0.444698 0.00431762)
(1.99739 -0.312273 0.00467035)
(2.18926 -0.397845 -0.00414542)
(1.61806 -0.692681 -0.00153191)
(1.98217 -1.1655 -0.000337016)
(1.98178 -1.16116 0.0075589)
(1.62872 -0.706429 -0.00954746)
(1.96351 -0.561754 0.00167884)
(2.03289 -0.825406 -5.40108e-05)
(2.2072 -0.665072 0.00217857)
(2.50946 -0.933118 0.00252718)
(2.20526 -0.662573 -0.000223071)
(2.50911 -0.931559 0.00176449)
(1.96136 -0.560536 0.00438324)
(2.18456 -0.394635 -0.000204502)
(2.24709 -0.308815 -0.000424373)
(2.09938 -0.45185 0.00292956)
(1.98883 -0.308319 0.00269161)
(2.09907 -0.450211 0.000110552)
(1.99239 -0.310377 -0.000466417)
(2.18176 -0.393127 0.00324364)
(1.60646 -0.683343 -0.00614543)
(1.97087 -1.15812 0.004811)
(1.97682 -1.16075 0.0045208)
(1.59836 -0.678535 -0.00280291)
(1.7078 0.170675 0.000753808)
(1.90953 0.222395 -0.00304596)
(1.82152 0.145836 -0.00080771)
(2.09747 0.210084 0.0043359)
(1.90964 0.222687 0.00407965)
(1.81712 0.150511 0.00339544)
(1.71548 0.166237 0.000359727)
(0.781474 0.214934 -0.00376236)
(0.975433 0.265459 -0.00287081)
(0.967933 0.268397 -0.00198455)
(0.795559 0.211707 -0.00665129)
(1.67441 0.0609127 -0.00137341)
(2.00449 0.0174319 -0.00123295)
(2.19236 0.0910084 0.00374408)
(2.07698 0.0099313 0.00147433)
(2.19139 0.091651 -0.00043504)
(2.08012 0.00765084 -0.00270647)
(1.67023 0.0632169 0.00197567)
(1.70405 0.17347 -0.000858626)
(2.10082 0.206932 0.000820002)
(1.90932 0.220509 0.00295083)
(1.81104 0.156103 0.00243883)
(1.90982 0.220927 -0.000316233)
(1.81408 0.154188 0.00131714)
(1.70076 0.174803 0.000601303)
(0.76853 0.214163 -0.00491289)
(0.963063 0.270771 -0.00256243)
(0.964753 0.27016 -0.00401645)
(0.76158 0.213185 -0.00269826)
(1.13964 0.245224 0.000665853)
(0.42671 0.146348 0.00169772)
(0.43875 0.0613681 0.00120066)
(0.0790448 0.161745 -0.00058963)
(0.413224 0.148806 0.000176247)
(0.441183 0.0601163 0.000780555)
(1.14251 0.241575 0.00204042)
(1.13731 0.247955 0.00110621)
(0.0722709 0.159831 -0.000566039)
(0.395575 0.147609 -0.000624629)
(0.439818 0.0543967 -0.000299337)
(0.401933 0.148765 -0.000301267)
(0.442672 0.0577601 0.000397779)
(1.13351 0.249115 3.60562e-06)
(1.40414 -1.51588 -0.00100486)
(1.39771 -1.51262 0.00241849)
(0.762222 -1.49719 0.00181943)
(0.625218 -1.31586 -0.0129734)
(0.751221 -1.50525 -0.00359106)
(0.554861 -0.905125 -0.00179885)
(1.59345 -1.89104 -0.0194908)
(1.55485 -1.41996 0.0049684)
(1.1859 -1.55181 -0.0131528)
(1.55745 -1.41997 0.00259878)
(1.19122 -1.55042 -0.0132909)
(0.548601 -0.891634 -0.00276378)
(1.39074 -1.50733 0.00190188)
(1.39813 -1.50931 -0.00205834)
(0.63014 -1.32249 -0.00897792)
(0.751896 -1.50767 -0.00508454)
(0.750208 -1.5051 -0.00393208)
(-0.0623702 -0.0304941 -0.0014189)
(-0.101637 0.0988983 -0.00107812)
(0.145502 0.079867 0.000588436)
(0.315214 0.231025 0.000200591)
(-0.102528 0.0998011 -0.000395743)
(0.145348 0.0780915 0.00201477)
(-0.062551 -0.0289274 -0.000471111)
(0.321854 0.0656312 0.00291077)
(0.0661818 -0.265853 0.00151061)
(0.322863 0.067059 0.00403108)
(0.0041384 -0.125951 -0.00588207)
(0.0106179 -0.125466 -0.00569754)
(-0.0629616 -0.0320507 -0.00175751)
(0.309855 0.226007 0.000789212)
(-0.112411 0.101558 6.29389e-05)
(0.143119 0.0736639 0.00315795)
(-0.107291 0.10055 -0.000513137)
(0.144168 0.0756189 0.00336752)
(-0.0638284 -0.0336718 -0.00162472)
(0.0683229 -0.26187 0.00159309)
(0.323587 0.07103 0.00388153)
(0.322894 0.068983 0.0052679)
(1.57845 -0.561197 0.00930043)
(1.00689 -0.718847 0.0103426)
(0.886128 0.00488592 0.00970989)
(1.00073 -0.343573 -0.00810807)
(1.01539 -0.716562 0.00098576)
(0.874007 -0.00168544 0.00650471)
(1.5644 -0.574426 0.00910298)
(-0.706785 0.232465 0.0370596)
(0.340865 1.01042 0.0206426)
(0.0141452 -1.02132 0.00308196)
(-0.909766 -0.120594 -0.0759685)
(0.37004 1.03962 0.0393753)
(-0.00735328 -0.992448 -0.00926857)
(-0.700068 0.215869 0.0165123)
(1.6166 -0.567132 0.0168974)
(1.0153 -0.362806 0.000515485)
(1.06426 -0.761977 0.00760513)
(0.84971 -0.0277175 0.0106306)
(1.04665 -0.753103 0.0126911)
(0.860489 -0.0190224 0.0145182)
(1.66033 -0.555212 0.0128914)
(-0.72937 0.263203 0.042978)
(-0.843511 -0.00599578 -0.0826585)
(0.433816 1.10076 0.0430543)
(-0.0830394 -0.91371 -0.0128928)
(0.408693 1.07443 0.0504987)
(-0.0430944 -0.948312 -0.0120776)
(-0.737175 0.29243 0.0412706)
(0.239312 -0.511339 -0.0355361)
(-0.0753124 -0.233913 -0.00180398)
(-0.0741538 -0.232698 -0.00124135)
(-0.263488 -0.0405829 -0.000905894)
(-0.117797 -0.219085 0.000216235)
(-0.139337 -0.0939646 0.000678878)
(-0.103377 -0.00249762 -0.000662435)
(-0.117237 -0.218582 -0.000633829)
(-0.13959 -0.0938755 -0.00015618)
(-0.264125 -0.0403826 0.000573026)
(-0.0581871 -0.243224 0.000534581)
(-0.198609 -0.282588 -0.000768295)
(-0.170824 -0.227065 -0.000671723)
(-0.091689 -0.228953 0.000309649)
(-0.170838 -0.226693 0.000129722)
(-0.0922777 -0.229382 0.0004373)
(-0.057655 -0.243241 -0.000861874)
(-0.263189 -0.0409143 7.19338e-05)
(-0.103379 -0.00255956 -0.000275877)
(-0.115578 -0.218878 4.92193e-05)
(-0.139741 -0.0942046 5.89377e-05)
(-0.116493 -0.21863 0.000166043)
(-0.140054 -0.0940355 0.00091745)
(-0.262237 -0.0413335 -0.000811509)
(-0.706793 -0.232534 0.0370541)
(0.0141143 1.02131 0.00308096)
(0.340935 -1.01048 0.0206388)
(-0.909692 0.12054 -0.0759589)
(-0.00738299 0.992438 -0.00925756)
(0.370102 -1.03967 0.0393645)
(-0.700077 -0.215948 0.0165046)
(1.5785 0.561204 0.00928395)
(0.886158 -0.0048295 0.00970554)
(1.00681 0.718827 0.0103301)
(1.00072 0.343579 -0.00811381)
(0.87403 0.00173634 0.00649767)
(1.01531 0.716542 0.000984501)
(1.56447 0.574433 0.00909029)
(-0.729383 -0.263263 0.0429631)
(-0.843469 0.00596039 -0.0826477)
(-0.0830692 0.913706 -0.0128672)
(0.433862 -1.10077 0.043037)
(-0.043125 0.94831 -0.0120648)
(0.408746 -1.07446 0.050483)
(-0.737198 -0.292479 0.0412501)
(1.61664 0.567135 0.0168644)
(1.01529 0.362806 0.000504638)
(0.849726 0.0277469 0.0106174)
(1.0642 0.761945 0.0075874)
(0.860505 0.0190605 0.0145069)
(1.04658 0.753069 0.0126768)
(1.66035 0.55522 0.0128493)
(0.218648 0.49454 -0.0264474)
(0.239324 0.51135 -0.0355079)
(-0.0753116 0.233914 -0.00180379)
(-0.0741527 0.232698 -0.00124117)
(-0.0574075 0.243256 -0.000943486)
(-0.0926147 0.231424 0.000357788)
(-0.169668 0.226782 0.000703062)
(-0.197723 0.282452 -0.00184844)
(-0.0926282 0.230111 -0.00022901)
(-0.169552 0.22678 -0.000935328)
(-0.0572349 0.243087 0.000824082)
(-0.263195 0.0409105 7.12505e-05)
(-0.10338 0.00255725 -0.000273986)
(-0.139743 0.094202 5.9714e-05)
(-0.115579 0.218876 5.05653e-05)
(-0.140057 0.094032 0.000918227)
(-0.116494 0.218628 0.000167241)
(-0.262241 0.0413311 -0.000812574)
(-0.0581949 0.243225 0.000531753)
(-0.198608 0.28259 -0.000767482)
(-0.0916916 0.228954 0.000311855)
(-0.170829 0.227066 -0.000670709)
(-0.0922808 0.229384 0.00043844)
(-0.170844 0.226694 0.000128758)
(-0.0576628 0.243241 -0.000863963)
(0.564712 0.929712 -0.00167117)
(1.20459 1.55151 -0.00599818)
(1.54844 1.42211 -0.00433252)
(1.57703 1.88602 -0.00951134)
(1.19251 1.55295 -0.0120462)
(1.54915 1.42266 0.00878642)
(0.579584 0.961438 0.000802885)
(1.40413 1.51587 -0.00100396)
(1.39769 1.51261 0.00241878)
(0.630141 1.32249 -0.008968)
(0.751885 1.50767 -0.00508702)
(0.750204 1.50511 -0.00393132)
(0.554854 0.905115 -0.00179957)
(1.59344 1.89105 -0.0194844)
(1.18589 1.55181 -0.0131513)
(1.55484 1.41996 0.00496323)
(1.19121 1.55042 -0.0132908)
(1.55744 1.41996 0.00259708)
(0.548595 0.891627 -0.00276475)
(1.39073 1.50733 0.00189805)
(1.39812 1.50931 -0.00205664)
(0.321859 -0.065635 0.0029102)
(0.0661887 0.265849 0.00151107)
(0.322868 -0.0670628 0.00403107)
(0.0195601 0.126742 -0.000476603)
(0.0163843 0.125754 -0.00386709)
(-0.0623696 0.0304932 -0.00141947)
(0.1455 -0.0798672 0.000587986)
(-0.101641 -0.0988949 -0.00107814)
(0.315216 -0.231025 0.000199815)
(0.145346 -0.0780912 0.00201414)
(-0.102531 -0.0997987 -0.000395772)
(-0.0625507 0.028927 -0.000471372)
(0.0683282 0.261867 0.00159387)
(0.323589 -0.0710321 0.00388082)
(0.322897 -0.0689857 0.00526624)
(0.0041412 0.125952 -0.00588027)
(0.0106219 0.125467 -0.00569602)
(-0.0629609 0.0320496 -0.00175812)
(0.309857 -0.226009 0.000787983)
(0.143118 -0.0736659 0.00315744)
(-0.112411 -0.101558 6.29304e-05)
(0.144166 -0.07562 0.00336683)
(-0.107292 -0.100549 -0.000512758)
(-0.0638275 0.0336705 -0.00162542)
(1.92398 1.40802 0.00464967)
(1.57901 1.27411 -0.00232792)
(1.71904 0.977591 -0.00269679)
(1.3489 1.11345 -0.00589056)
(1.57352 1.26849 0.00502458)
(1.71832 0.97371 0.00618028)
(1.92672 1.39236 -0.000882689)
(1.92125 1.43244 0.00533211)
(1.34343 1.09231 -0.00894355)
(1.56672 1.25925 0.00455749)
(1.71613 0.974795 0.00401635)
(1.57259 1.26531 0.00304161)
(1.71798 0.975731 0.00339451)
(1.91805 1.44128 0.00375995)
(1.96678 0.561669 0.00811657)
(2.50731 0.91149 -0.00257232)
(2.20103 0.654877 -0.0024802)
(2.03 0.816967 -0.00110648)
(2.50925 0.92239 0.00299667)
(2.20373 0.656115 0.00294492)
(1.96441 0.56264 -0.0060675)
(2.18776 0.395127 0.00514765)
(2.00069 0.314678 -0.0038826)
(2.09692 0.443713 -0.00332923)
(2.24674 0.303776 0.00520057)
(1.99738 0.312271 0.00466896)
(2.09896 0.4447 0.00431585)
(2.18925 0.397842 -0.00414561)
(1.60645 0.683338 -0.00613973)
(1.97087 1.15812 0.00480579)
(1.97681 1.16075 0.00451704)
(1.59836 0.678536 -0.0028003)
(1.96351 0.561753 0.00167286)
(2.03289 0.825408 -5.35492e-05)
(2.50945 0.933114 0.00252382)
(2.2072 0.665068 0.00217628)
(2.50911 0.931556 0.00175664)
(2.20526 0.662571 -0.00022632)
(1.96136 0.560537 0.00438068)
(2.18456 0.394634 -0.00020748)
(2.24709 0.308814 -0.000425741)
(1.98883 0.30832 0.0026906)
(2.09937 0.451845 0.00292686)
(1.99239 0.310377 -0.000468438)
(2.09906 0.450209 0.000108131)
(2.18176 0.393128 0.0032425)
(0.781482 -0.214934 -0.00376377)
(0.975436 -0.26546 -0.00287023)
(0.967937 -0.268398 -0.00198422)
(0.795569 -0.211708 -0.00665125)
(1.67887 -0.0579213 0.00343861)
(2.08771 -0.000958421 -0.00533412)
(2.1903 -0.093071 -0.00405995)
(2.00528 -0.0210541 0.00527435)
(2.08423 -0.00518705 0.0028039)
(2.19025 -0.095182 0.00527421)
(1.68871 -0.0555977 -0.00245178)
(1.7078 -0.170675 0.00075227)
(1.82151 -0.145836 -0.000807696)
(1.90953 -0.222392 -0.00304539)
(2.09747 -0.210079 0.00433224)
(1.81712 -0.15051 0.00339191)
(1.90965 -0.222686 0.00407655)
(1.71548 -0.166239 0.000359988)
(0.768536 -0.214164 -0.00491511)
(0.963069 -0.270773 -0.00256206)
(0.964758 -0.270161 -0.00401603)
(0.761585 -0.213186 -0.00270116)
(1.67442 -0.0609132 -0.00137514)
(2.00449 -0.0174348 -0.00123492)
(2.07698 -0.00993186 0.00147509)
(2.19236 -0.0910123 0.0037422)
(2.08012 -0.00765251 -0.00270654)
(2.19139 -0.0916515 -0.000437707)
(1.67023 -0.0632166 0.00197409)
(1.70406 -0.173471 -0.000859008)
(2.10082 -0.206931 0.000817404)
(1.81104 -0.156103 0.00243589)
(1.90932 -0.220513 0.00294832)
(1.81408 -0.154187 0.00131525)
(1.90982 -0.22093 -0.000317439)
(1.70076 -0.174804 0.000600391)
(1.13732 -0.247958 0.00110415)
(0.0722704 -0.159833 -0.000568085)
(0.439823 -0.0544011 -0.000296832)
(0.395577 -0.14761 -0.000626336)
(0.442679 -0.0577647 0.000398116)
(0.401934 -0.148766 -0.000302412)
(1.13352 -0.249118 2.20535e-06)
(1.91694 -1.44491 -0.000451065)
(1.71587 -0.97446 0.00189352)
(1.56616 -1.25835 -0.000286399)
(1.32914 -1.07588 0.00012081)
(1.91831 -1.44477 0.00245042)
(1.71423 -0.973858 0.000865717)
(1.56433 -1.25876 0.00110913)
(1.91695 -1.44491 0.000451711)
(1.32914 -1.07588 -0.000124127)
(1.71588 -0.974461 -0.00189533)
(1.56617 -1.25835 0.000284422)
(1.71423 -0.973858 -0.000867996)
(1.56433 -1.25876 -0.00111152)
(1.91832 -1.44477 -0.00244963)
(2.17673 -0.393444 0.000813935)
(2.09849 -0.453413 0.000216597)
(1.98515 -0.307676 0.000340133)
(2.2468 -0.312307 0.00140015)
(2.17889 -0.392911 0.000862839)
(2.09746 -0.45392 0.000985593)
(1.98286 -0.307879 0.000840723)
(1.59099 -0.674194 -0.000287212)
(1.96698 -1.15614 0.00316138)
(1.59374 -0.675457 -0.00203858)
(1.96367 -1.15571 0.00133132)
(1.95631 -0.561068 -0.000758899)
(2.03546 -0.833372 0.000924601)
(2.20747 -0.667008 -0.000281521)
(2.50927 -0.935711 -0.000959027)
(2.20694 -0.667637 -0.000635105)
(2.50821 -0.937846 2.15743e-05)
(1.95874 -0.560302 -0.00213675)
(2.17673 -0.393445 -0.000816387)
(2.2468 -0.312307 -0.00140333)
(2.09849 -0.453411 -0.000216474)
(1.98515 -0.307679 -0.000339401)
(2.09746 -0.453919 -0.000985886)
(1.98286 -0.30788 -0.000839833)
(2.1789 -0.392912 -0.000865392)
(1.59099 -0.674195 0.00028717)
(1.96699 -1.15614 -0.00316379)
(1.96368 -1.15571 -0.00133394)
(1.59374 -0.675459 0.00203828)
(1.69759 0.175434 0.000688513)
(1.90829 0.219863 -0.000329034)
(1.80971 0.157175 0.000357026)
(2.10324 0.20558 0.00121146)
(1.69898 0.175382 -0.00114097)
(1.90766 0.219834 0.00134757)
(1.80793 0.157245 0.000966771)
(0.755349 0.211377 -0.000188886)
(0.96301 0.270972 -0.00209515)
(0.757475 0.212134 -0.00188659)
(0.962498 0.270883 -0.000479302)
(1.66563 0.0641688 -0.00118681)
(2.00161 0.0155908 -0.00160414)
(2.19235 0.0900042 7.29957e-05)
(2.07414 0.0104142 0.0013711)
(2.19189 0.0900618 -0.00153945)
(2.07239 0.0105105 -0.00113723)
(1.66764 0.0639787 0.000981175)
(1.69759 0.175434 -0.000686818)
(2.10324 0.205579 -0.00121253)
(1.90829 0.219862 0.000329415)
(1.80971 0.157172 -0.00035475)
(1.90766 0.219834 -0.00134738)
(1.80793 0.157245 -0.000964387)
(1.69898 0.175381 0.00114288)
(0.755349 0.211377 0.000196972)
(0.963013 0.270972 0.00209753)
(0.962499 0.270883 0.000481854)
(0.757475 0.212134 0.00189421)
(1.13172 0.249918 -1.59927e-05)
(0.390822 0.146376 -0.000699143)
(0.438755 0.0520126 -0.000502148)
(0.0673629 0.157269 -7.13592e-05)
(1.13302 0.249927 0.000125376)
(0.388724 0.145579 -9.80996e-05)
(0.437012 0.0503966 -7.16765e-05)
(1.13173 0.249919 2.51003e-05)
(0.0673616 0.157269 7.90565e-05)
(0.390819 0.146374 0.000700137)
(0.438759 0.0520143 0.000503885)
(0.388723 0.145579 9.89439e-05)
(0.437014 0.0503975 7.35813e-05)
(1.13302 0.249928 -0.000116544)
(1.38919 -1.5052 -0.000836797)
(1.38631 -1.50445 0.00209772)
(0.754771 -1.50838 -0.00313542)
(0.637359 -1.33783 -0.00385863)
(0.753542 -1.51029 -0.00122235)
(0.54138 -0.876444 0.00176722)
(1.59945 -1.91329 -0.000123313)
(1.55927 -1.41812 -0.00184761)
(1.18716 -1.55137 0.0079637)
(1.55811 -1.41741 -0.0029407)
(1.18357 -1.55081 0.00390585)
(0.543898 -0.883594 0.00091927)
(1.3892 -1.5052 0.000831509)
(1.38631 -1.50446 -0.00210259)
(0.637355 -1.33783 0.00384646)
(0.754778 -1.50838 0.00314325)
(0.753537 -1.51029 0.00123311)
(-0.0650646 -0.0355401 -0.00038498)
(-0.117526 0.102397 -9.95383e-05)
(0.142414 0.0723589 0.00248284)
(0.301631 0.2187 4.18593e-05)
(-0.064643 -0.034824 -0.00113463)
(-0.119974 0.102797 0.000145281)
(0.142122 0.0716979 0.00069573)
(0.324398 0.0726235 0.00301597)
(0.0723091 -0.257306 0.00012579)
(0.324875 0.0733612 0.000637323)
(-0.00103745 -0.126267 0.00437017)
(-0.00392168 -0.126521 0.00155316)
(-0.0650645 -0.0355396 0.000383715)
(0.301629 0.218698 -4.31205e-05)
(-0.117525 0.102397 9.649e-05)
(0.142413 0.072357 -0.00248324)
(-0.119973 0.102798 -0.000149652)
(0.142122 0.0716971 -0.000695896)
(-0.0646428 -0.034824 0.00113365)
(0.0723095 -0.257306 -0.000126311)
(0.324399 0.0726222 -0.0030142)
(0.324875 0.0733608 -0.000635397)
(1.69983 -0.555181 0.0019862)
(1.07632 -0.783006 0.00495114)
(0.831264 -0.0355894 0.00881522)
(1.02228 -0.37784 4.46701e-05)
(1.68546 -0.559055 0.00737965)
(1.08244 -0.785041 0.00206447)
(0.818141 -0.0366784 0.00244707)
(-0.750561 0.320273 0.0113018)
(0.444751 1.11757 0.0302576)
(-0.113167 -0.890899 -0.010836)
(-0.777399 0.136795 -0.0165186)
(-0.747897 0.311098 0.0246121)
(0.446437 1.12521 0.0098865)
(-0.130229 -0.879269 -0.00312338)
(1.69981 -0.555173 -0.00181287)
(1.02226 -0.377835 -2.73897e-05)
(1.07622 -0.782963 -0.00488521)
(0.831314 -0.0356334 -0.00881602)
(1.08237 -0.785017 -0.00198604)
(0.818142 -0.0366891 -0.00244433)
(1.68549 -0.55905 -0.00722833)
(-0.750561 0.320286 -0.0111826)
(-0.777384 0.136806 0.0164573)
(0.44484 1.1176 -0.0302022)
(-0.113211 -0.890906 0.010734)
(0.446461 1.12522 -0.00983247)
(-0.130243 -0.879266 0.00302853)
(-0.747911 0.311137 -0.0244949)
(0.27705 -0.534547 0.005531)
(-0.0737287 -0.233702 -0.000294519)
(-0.0737287 -0.233702 0.000294116)
(-0.260499 -0.0421351 -0.000472182)
(-0.114738 -0.219277 0.000357115)
(-0.138903 -0.0944149 0.000782555)
(-0.102744 -0.00238293 1.05744e-05)
(-0.261082 -0.0418726 0.000154075)
(-0.114267 -0.2195 2.33189e-05)
(-0.138455 -0.0944802 -0.000251405)
(-0.0558715 -0.243158 0.000744527)
(-0.198384 -0.283574 0.000166822)
(-0.170244 -0.227851 -0.000354986)
(-0.0910445 -0.228606 -0.000497661)
(-0.169865 -0.228269 0.000494658)
(-0.0907191 -0.228496 -8.84808e-05)
(-0.0565057 -0.243174 -0.000671802)
(-0.2605 -0.0421342 0.000473128)
(-0.102744 -0.00238276 -1.34925e-05)
(-0.114739 -0.219275 -0.000360546)
(-0.138905 -0.0944138 -0.000783751)
(-0.114267 -0.219499 -2.69721e-05)
(-0.138456 -0.0944797 0.000250207)
(-0.261085 -0.0418697 -0.000153347)
(-0.750595 -0.320295 0.0112738)
(-0.113195 0.890897 -0.0108019)
(0.444789 -1.11756 0.0302398)
(-0.777428 -0.136746 -0.0165214)
(-0.747924 -0.31113 0.0245857)
(-0.130252 0.879269 -0.00307918)
(0.446469 -1.12518 0.0098737)
(1.69983 0.555202 0.00193013)
(0.831296 0.0356093 0.00880361)
(1.07626 0.782967 0.00493534)
(1.02229 0.377836 3.12342e-05)
(1.68546 0.559069 0.0073331)
(0.818189 0.0366905 0.00244549)
(1.08241 0.785018 0.00204564)
(-0.750604 -0.320296 -0.0112223)
(-0.777416 -0.136761 0.0164502)
(-0.113223 0.890906 0.0107886)
(0.444838 -1.11758 -0.0302191)
(-0.130258 0.879271 0.00307615)
(0.446488 -1.12519 -0.00983894)
(-0.747932 -0.311133 -0.0245431)
(1.69985 0.555208 -0.00188549)
(1.0223 0.377847 -2.85851e-05)
(0.831315 0.0356338 -0.00880745)
(1.07628 0.782983 -0.00490669)
(0.8182 0.0367014 -0.00243582)
(1.08242 0.785035 -0.00201314)
(1.6855 0.559068 -0.00730435)
(0.277051 0.534544 -0.00555931)
(0.277066 0.534547 0.00552679)
(-0.0737292 0.233703 -0.000294612)
(-0.0737297 0.233704 0.000294234)
(-0.0558736 0.24316 -0.000743778)
(-0.0910444 0.228608 0.000498058)
(-0.170243 0.22785 0.000353777)
(-0.198383 0.283576 -0.000167566)
(-0.0565068 0.243176 0.000672073)
(-0.0907196 0.228498 8.86876e-05)
(-0.169865 0.228268 -0.000495916)
(-0.260503 0.042137 0.000472318)
(-0.102744 0.00238345 -1.05715e-05)
(-0.138905 0.094417 -0.000783055)
(-0.11474 0.219277 -0.000359186)
(-0.138456 0.094482 0.00025118)
(-0.114268 0.2195 -2.56835e-05)
(-0.261087 0.041874 -0.000154307)
(-0.0558737 0.24316 0.000742045)
(-0.198384 0.283576 0.000168342)
(-0.0910444 0.228608 -0.00049495)
(-0.170244 0.22785 -0.000354092)
(-0.0907197 0.228498 -8.54077e-05)
(-0.169865 0.228268 0.000494604)
(-0.0565066 0.243176 -0.000673556)
(0.541389 0.876452 -0.00177865)
(1.18714 1.55137 -0.00795945)
(1.55926 1.41812 0.00183442)
(1.59945 1.9133 0.000134155)
(0.543889 0.883581 -0.000929372)
(1.18358 1.55081 -0.00390396)
(1.55811 1.41741 0.00292586)
(1.38918 1.5052 -0.000842829)
(1.38632 1.50446 0.00208918)
(0.637376 1.33783 0.00384145)
(0.754779 1.50838 0.00313414)
(0.753553 1.51029 0.00122193)
(0.541395 0.87646 0.00176121)
(1.59946 1.91329 -0.000126457)
(1.18716 1.55137 0.00795266)
(1.55927 1.41812 -0.00185129)
(1.18359 1.55081 0.00389409)
(1.55812 1.41741 -0.00294455)
(0.543897 0.883597 0.000917831)
(1.38919 1.5052 0.000824042)
(1.38632 1.50446 -0.00210547)
(0.324401 -0.0726253 0.00301564)
(0.0723114 0.257306 0.000127325)
(0.324877 -0.0733627 0.000637516)
(-0.00103695 0.126268 -0.00437335)
(-0.00392064 0.126522 -0.00155623)
(-0.0650635 0.0355387 -0.000385837)
(0.142414 -0.072361 0.00248239)
(-0.117524 -0.102396 -9.96218e-05)
(0.301634 -0.218703 3.90776e-05)
(-0.0646419 0.0348225 -0.00113538)
(0.142122 -0.0716999 0.000695406)
(-0.119972 -0.102797 0.000144566)
(0.0723098 0.257307 -0.000124695)
(0.324399 -0.0726229 -0.00301315)
(0.324876 -0.0733617 -0.000634736)
(-0.00103604 0.126267 0.00437169)
(-0.00392083 0.126522 0.00155491)
(-0.0650632 0.0355381 0.000382859)
(0.301632 -0.2187 -4.59305e-05)
(0.142413 -0.0723578 -0.00248244)
(-0.117522 -0.102398 9.51399e-05)
(0.142122 -0.0716987 -0.000695762)
(-0.119971 -0.102798 -0.000150501)
(-0.0646413 0.0348228 0.00113277)
(1.91695 1.4449 -0.0004542)
(1.56616 1.25835 -0.000291129)
(1.71587 0.974459 0.0018876)
(1.32914 1.07589 0.000116685)
(1.91831 1.44476 0.00244612)
(1.56433 1.25876 0.00110462)
(1.71423 0.97386 0.000861407)
(1.91695 1.44491 0.000449252)
(1.32915 1.07589 -0.000128357)
(1.56616 1.25835 0.000280111)
(1.71588 0.97446 -0.00189794)
(1.56434 1.25876 -0.00111467)
(1.71423 0.973861 -0.000870701)
(1.91832 1.44476 -0.00245193)
(1.95632 0.56107 0.000754747)
(2.50927 0.935709 0.000952949)
(2.20747 0.667005 0.000277545)
(2.03546 0.83337 -0.000925164)
(1.95874 0.560301 0.00213129)
(2.50822 0.937844 -2.86037e-05)
(2.20694 0.667635 0.000631419)
(2.17673 0.393447 0.000813072)
(1.98515 0.307679 0.000338018)
(2.09849 0.453409 0.000213588)
(2.2468 0.312305 0.00139916)
(2.17889 0.392912 0.000860298)
(1.98287 0.307883 0.000839618)
(2.09747 0.453918 0.000983696)
(1.59099 0.6742 0.000285004)
(1.96699 1.15614 -0.00316739)
(1.96368 1.15571 -0.00133735)
(1.59375 0.675462 0.00203492)
(1.95632 0.561071 -0.000761183)
(2.03546 0.83337 0.000923407)
(2.50927 0.93571 -0.000961189)
(2.20747 0.667006 -0.000282345)
(2.50822 0.937846 1.88591e-05)
(2.20694 0.667637 -0.000636344)
(1.95875 0.560304 -0.00213862)
(2.17674 0.393448 -0.000817941)
(2.2468 0.312307 -0.00140424)
(1.98515 0.307682 -0.00034194)
(2.09849 0.45341 -0.000218011)
(1.98287 0.307884 -0.000841551)
(2.09747 0.453919 -0.000987597)
(2.1789 0.392915 -0.00086727)
(0.755352 -0.211378 -0.000192151)
(0.963015 -0.270974 -0.00209507)
(0.757478 -0.212135 -0.0018897)
(0.962501 -0.270885 -0.000479718)
(1.66564 -0.0641667 0.00118941)
(2.07414 -0.0104141 -0.00136941)
(2.19235 -0.0900096 -7.79967e-05)
(2.00162 -0.0155919 0.00160241)
(1.66765 -0.0639797 -0.000979076)
(2.0724 -0.0105088 0.00113923)
(2.19189 -0.0900642 0.00153566)
(1.69759 -0.175434 0.000687978)
(1.80972 -0.157174 0.000354712)
(1.90829 -0.219866 -0.000331399)
(2.10324 -0.205581 0.00120996)
(1.69898 -0.175382 -0.00114188)
(1.80794 -0.157244 0.000965195)
(1.90766 -0.219836 0.00134631)
(0.755352 -0.211378 0.000193291)
(0.963012 -0.270973 0.0020963)
(0.9625 -0.270884 0.000480791)
(0.757478 -0.212134 0.00189043)
(1.66564 -0.0641658 -0.00118854)
(2.00162 -0.0155903 -0.00160533)
(2.07415 -0.0104116 0.00136991)
(2.19235 -0.0900054 7.27563e-05)
(2.0724 -0.0105076 -0.00113815)
(2.19189 -0.0900619 -0.00154046)
(1.66765 -0.0639765 0.000978997)
(1.69759 -0.175432 -0.00068775)
(2.10324 -0.205578 -0.00121368)
(1.80972 -0.15717 -0.000356256)
(1.90829 -0.219863 0.000328515)
(1.80794 -0.157243 -0.000966218)
(1.90766 -0.219834 -0.00134854)
(1.69898 -0.175379 0.00114171)
(1.13173 -0.249921 2.29024e-05)
(0.0673621 -0.15727 7.67561e-05)
(0.43876 -0.0520163 0.000506177)
(0.390821 -0.146374 0.000696976)
(0.437015 -0.0503995 7.62958e-05)
(0.388726 -0.145579 9.60953e-05)
(1.13302 -0.249929 -0.000118625)
(1.92126 -1.43243 -0.00533653)
(1.71614 -0.974796 -0.00402399)
(1.56674 -1.25925 -0.00456624)
(1.34345 -1.09233 0.00894816)
(1.91806 -1.44128 -0.00376638)
(1.71799 -0.975734 -0.0033999)
(1.57261 -1.26532 -0.00304547)
(1.92398 -1.40801 -0.00465375)
(1.34891 -1.11347 0.00589493)
(1.71904 -0.977596 0.00269646)
(1.57902 -1.27412 0.00232755)
(1.71833 -0.973715 -0.00618411)
(1.57353 -1.26851 -0.00502703)
(1.92673 -1.39235 0.000883108)
(2.18457 -0.394636 0.000203489)
(2.09938 -0.451847 -0.00292986)
(1.98883 -0.308322 -0.00269085)
(2.24709 -0.308815 0.00042248)
(2.18176 -0.393129 -0.00324581)
(2.09907 -0.450208 -0.000110128)
(1.99239 -0.31038 0.000466712)
(1.60647 -0.683346 0.00614522)
(1.97088 -1.15812 -0.0048125)
(1.59837 -0.678538 0.00280246)
(1.97683 -1.16075 -0.00452114)
(1.96678 -0.561671 -0.00811869)
(2.03 -0.81695 0.00110574)
(2.20103 -0.654866 0.00248097)
(2.50732 -0.911483 0.0025717)
(2.20373 -0.656108 -0.00294679)
(2.50926 -0.922382 -0.00299917)
(1.96442 -0.562643 0.00606653)
(2.18777 -0.39513 -0.00514992)
(2.24674 -0.303773 -0.00520522)
(2.09693 -0.443705 0.00332995)
(2.0007 -0.314685 0.00388225)
(2.09896 -0.444694 -0.00431863)
(1.99739 -0.312276 -0.00466964)
(2.18926 -0.397846 0.00414568)
(1.61807 -0.692684 0.00153159)
(1.98217 -1.1655 0.00033706)
(1.98179 -1.16116 -0.0075585)
(1.62872 -0.70643 0.00954742)
(1.70406 0.173468 0.000859437)
(1.90932 0.220508 -0.0029508)
(1.81104 0.156099 -0.00243679)
(2.10082 0.206927 -0.000820519)
(1.70076 0.174801 -0.00059973)
(1.90982 0.220925 0.000316637)
(1.81408 0.154182 -0.00131588)
(0.768534 0.214163 0.00491771)
(0.963067 0.270771 0.00256464)
(0.761582 0.213185 0.00270496)
(0.964757 0.270161 0.00401828)
(1.67887 0.057915 -0.00343807)
(2.00528 0.0210556 -0.00527751)
(2.1903 0.0930737 0.0040606)
(2.08772 0.000952049 0.00533477)
(2.19025 0.0951828 -0.0052774)
(2.08424 0.00518303 -0.00280394)
(1.68872 0.0555898 0.00245145)
(1.70781 0.170672 -0.000752481)
(2.09747 0.210079 -0.00433643)
(1.90953 0.222392 0.00304639)
(1.82152 0.145829 0.000807698)
(1.90965 0.222684 -0.00407987)
(1.81712 0.150505 -0.00339418)
(1.71549 0.166234 -0.000359786)
(0.781482 0.214934 0.00376571)
(0.975436 0.265459 0.0028712)
(0.967937 0.268398 0.00198591)
(0.795569 0.211707 0.00665254)
(1.13732 0.247957 -0.00110136)
(0.395571 0.147608 0.000625385)
(0.439823 0.0543995 0.000300417)
(0.0722677 0.159831 0.000570949)
(1.13352 0.249116 2.91227e-06)
(0.401929 0.148763 0.000302049)
(0.442679 0.0577638 -0.000397362)
(1.13964 0.245227 -0.000662264)
(0.079043 0.161745 0.00059348)
(0.426712 0.146346 -0.00169753)
(0.438759 0.0613736 -0.00120057)
(0.413225 0.148804 -0.00017569)
(0.441191 0.0601211 -0.000780519)
(1.14251 0.241578 -0.00203959)
(1.39075 -1.50734 -0.00190417)
(1.39814 -1.50932 0.00206067)
(0.751912 -1.50768 0.00509034)
(0.630187 -1.32251 0.00896711)
(0.750235 -1.50511 0.0039406)
(0.564725 -0.929747 0.00167865)
(1.57703 -1.886 0.00951083)
(1.54844 -1.42213 0.00433361)
(1.20461 -1.55152 0.0060001)
(1.54915 -1.42267 -0.00878938)
(1.19253 -1.55296 0.0120489)
(0.579589 -0.961465 -0.000802523)
(1.40414 -1.51589 0.00100579)
(1.39771 -1.51263 -0.00241566)
(0.625261 -1.31588 0.0129675)
(0.762245 -1.49721 -0.00181609)
(0.751242 -1.50526 0.0035963)
(-0.0629619 -0.0320513 0.00175688)
(-0.112412 0.101558 -6.60791e-05)
(0.143118 0.0736615 -0.00315844)
(0.309853 0.226004 -0.000791381)
(-0.0638284 -0.0336722 0.00162395)
(-0.107294 0.10055 0.000510809)
(0.144167 0.0756161 -0.00336789)
(0.323587 0.0710282 -0.00387995)
(0.0683231 -0.26187 -0.00159414)
(0.322893 0.0689811 -0.00526627)
(0.0195569 -0.126741 0.00047608)
(0.0163822 -0.125753 0.00386541)
(-0.0623706 -0.0304949 0.0014184)
(0.315212 0.231021 -0.0002006)
(-0.101643 0.0988977 0.00107741)
(0.1455 0.0798616 -0.000588197)
(-0.102533 0.0998005 0.000394128)
(0.145347 0.078087 -0.00201451)
(-0.0625516 -0.0289282 0.000470931)
(0.0661833 -0.265853 -0.00150984)
(0.321856 0.0656301 -0.00290988)
(0.322864 0.0670578 -0.00402967)
(1.61672 -0.567141 -0.0167795)
(1.06411 -0.761923 -0.00753565)
(0.8498 -0.0277939 -0.0106286)
(1.0153 -0.362818 -0.000504088)
(1.66039 -0.555208 -0.0127338)
(1.04649 -0.753038 -0.0126389)
(0.860625 -0.0191329 -0.014515)
(-0.729455 0.263339 -0.0428989)
(0.433978 1.10081 -0.0430016)
(-0.0831345 -0.913702 0.0128053)
(-0.843405 -0.0058732 0.0826333)
(-0.737224 0.292531 -0.041166)
(0.408926 1.07451 -0.0504517)
(-0.0432559 -0.948308 0.0120059)
(1.57855 -0.561208 -0.00923166)
(1.0007 -0.343576 0.00811967)
(1.00663 -0.718758 -0.0103222)
(0.886295 0.00473371 -0.0097058)
(1.01514 -0.71648 -0.000954706)
(0.874153 -0.00182235 -0.00650059)
(1.56451 -0.574443 -0.00906118)
(-0.706888 0.232635 -0.0370152)
(-0.909651 -0.120425 0.0759572)
(0.341178 1.01055 -0.0206304)
(0.0138589 -1.02131 -0.00308958)
(0.370319 1.03972 -0.0393418)
(-0.00758191 -0.992432 0.00921902)
(-0.700188 0.216059 -0.0164838)
(0.218652 -0.494527 0.026449)
(-0.0741536 -0.232699 0.00124071)
(-0.0753122 -0.233915 0.00180487)
(-0.263195 -0.0409073 -7.18003e-05)
(-0.11558 -0.218875 -5.16223e-05)
(-0.139744 -0.0942033 -6.00807e-05)
(-0.10338 -0.00255782 0.000274105)
(-0.262241 -0.041329 0.000812997)
(-0.116495 -0.218626 -0.000168577)
(-0.140057 -0.0940338 -0.00091876)
(-0.0574081 -0.243254 0.00094196)
(-0.197724 -0.282452 0.00184771)
(-0.169671 -0.226787 -0.000702271)
(-0.0926148 -0.231421 -0.00035783)
(-0.169556 -0.226783 0.000933587)
(-0.0926282 -0.230109 0.000228176)
(-0.0572368 -0.243083 -0.000823225)
(-0.263495 -0.0405757 0.000907266)
(-0.103378 -0.00249518 0.000661647)
(-0.117798 -0.219082 -0.000216871)
(-0.139341 -0.0939609 -0.000680352)
(-0.117239 -0.218578 0.000633218)
(-0.139593 -0.0938732 0.000156398)
(-0.264132 -0.0403761 -0.000573824)
(-0.729415 -0.263279 -0.0429388)
(-0.0831332 0.913703 0.0128551)
(0.43393 -1.10079 -0.0430048)
(-0.843457 0.00589254 0.0826068)
(-0.737211 -0.292491 -0.041206)
(-0.0432209 0.948305 0.0120501)
(0.408834 -1.07449 -0.0504689)
(1.61666 0.567129 -0.0168437)
(0.849747 0.0277746 -0.0106088)
(1.06417 0.761939 -0.00756139)
(1.01529 0.362813 -0.000499228)
(1.66036 0.55521 -0.0128101)
(0.860542 0.0190886 -0.0145133)
(1.04654 0.753056 -0.0126592)
(-0.706828 -0.232552 -0.0370339)
(-0.909696 0.120457 0.075933)
(0.0139883 1.02132 -0.00308485)
(0.341045 -1.01051 -0.0206342)
(-0.00749662 0.992439 0.00925123)
(0.370203 -1.03969 -0.0393519)
(-0.700112 -0.215966 -0.016501)
(1.57851 0.56119 -0.00926743)
(1.00072 0.343577 0.00812383)
(0.886213 -0.00480234 -0.00970742)
(1.00673 0.718795 -0.0103266)
(0.874077 0.00176224 -0.0064972)
(1.01524 0.716511 -0.000970707)
(1.56448 0.574421 -0.00908328)
(0.239318 0.511343 0.0355008)
(0.218646 0.494529 0.0264369)
(-0.0741548 0.232701 0.00124192)
(-0.0753128 0.233916 0.00180575)
(-0.058192 0.243225 -0.000532807)
(-0.0916912 0.228954 -0.000308835)
(-0.170829 0.227067 0.00066945)
(-0.19861 0.282593 0.000769109)
(-0.0576609 0.243242 0.000862526)
(-0.0922798 0.229383 -0.00043588)
(-0.170842 0.226695 -0.000128898)
(-0.263493 0.0405808 0.0009078)
(-0.103376 0.00249755 0.00066246)
(-0.139339 0.0939636 -0.000680724)
(-0.117798 0.219085 -0.000216891)
(-0.139591 0.0938762 0.000157274)
(-0.117239 0.218581 0.000633615)
(-0.26413 0.0403807 -0.000574277)
(-0.0574048 0.243255 0.000941931)
(-0.197722 0.282456 0.00184856)
(-0.0926131 0.231423 -0.000356801)
(-0.16966 0.226787 -0.000701024)
(-0.0926264 0.230111 0.00022943)
(-0.169547 0.226782 0.00093338)
(-0.0572334 0.243084 -0.000823331)
(0.55487 0.905137 0.00179248)
(1.18591 1.55181 0.0131472)
(1.55484 1.41997 -0.00497703)
(1.59344 1.89103 0.0194929)
(0.548605 0.891644 0.00275534)
(1.19123 1.55043 0.0132888)
(1.55745 1.41997 -0.00260547)
(1.39074 1.50734 -0.00191248)
(1.39814 1.50932 0.0020522)
(0.625252 1.31588 0.0129594)
(0.76226 1.4972 -0.00182089)
(0.751245 1.50526 0.00358364)
(0.564731 0.929746 0.00167036)
(1.57703 1.88599 0.00950837)
(1.20462 1.55152 0.00599846)
(1.54844 1.42211 0.0043368)
(1.19254 1.55296 0.0120451)
(1.54916 1.42267 -0.00880011)
(0.579601 0.96149 -0.000803519)
(1.40415 1.51588 0.00100815)
(1.39771 1.51263 -0.00243194)
(0.323587 -0.0710289 -0.00387883)
(0.0683219 0.261873 -0.00159304)
(0.322894 -0.0689815 -0.00526579)
(0.00414252 0.125951 0.00587811)
(0.0106219 0.125465 0.00569381)
(-0.06296 0.0320504 0.00175642)
(0.143117 -0.073661 -0.00315723)
(-0.112408 -0.101559 -6.72803e-05)
(0.30985 -0.226001 -0.000792301)
(-0.0638267 0.0336708 0.00162319)
(0.144165 -0.0756148 -0.0033664)
(-0.10729 -0.100551 0.000510525)
(0.0661807 0.265856 -0.00150907)
(0.321854 -0.0656307 -0.00290974)
(0.322863 -0.0670581 -0.00402993)
(0.0195533 0.126741 0.000476072)
(0.0163805 0.125753 0.00386555)
(-0.062369 0.0304947 0.00141816)
(0.31521 -0.231017 -0.000201813)
(0.145498 -0.0798619 -0.000587641)
(-0.101641 -0.0988989 0.00107739)
(0.145345 -0.0780868 -0.00201414)
(-0.10253 -0.0998014 0.0003943)
(-0.0625501 0.0289283 0.000470813)
(1.92126 1.43243 -0.00533262)
(1.56673 1.25925 -0.00456945)
(1.71613 0.974794 -0.00402702)
(1.34345 1.09233 0.00893876)
(1.91806 1.44127 -0.00376885)
(1.5726 1.26531 -0.00304815)
(1.71799 0.975733 -0.00340015)
(1.92398 1.408 -0.00465675)
(1.34891 1.11346 0.00588522)
(1.57902 1.27411 0.00232994)
(1.71905 0.977586 0.00269762)
(1.57354 1.2685 -0.00503118)
(1.71832 0.973709 -0.00618583)
(1.92673 1.39233 0.000887042)
(1.96352 0.561754 -0.0016797)
(2.50946 0.933112 -0.00253123)
(2.2072 0.665064 -0.00218032)
(2.03289 0.825393 5.47033e-05)
(1.96137 0.560537 -0.00438636)
(2.50912 0.931551 -0.00176576)
(2.20526 0.662565 0.000222645)
(2.18457 0.394637 0.000201972)
(1.98883 0.308324 -0.00269349)
(2.09938 0.451843 -0.00293099)
(2.24709 0.308811 0.000422781)
(2.18176 0.39313 -0.00324774)
(1.9924 0.310381 0.000465057)
(2.09907 0.450203 -0.000110395)
(1.61807 0.692679 0.00152384)
(1.98217 1.16549 0.000337544)
(1.98179 1.16116 -0.00756216)
(1.62872 0.706422 0.00954383)
(1.96679 0.561667 -0.00811899)
(2.03 0.816946 0.00110556)
(2.50732 0.911478 0.00257201)
(2.20104 0.654861 0.00248121)
(2.50926 0.922378 -0.00299908)
(2.20373 0.656103 -0.00294643)
(1.96442 0.562639 0.00606673)
(2.18777 0.395128 -0.00515139)
(2.24674 0.303769 -0.00520507)
(2.00071 0.314682 0.00388289)
(2.09693 0.4437 0.00333001)
(1.99739 0.312275 -0.00467175)
(2.09896 0.44469 -0.00431876)
(2.18926 0.397844 0.00414564)
(0.768531 -0.214163 0.00491502)
(0.963065 -0.270772 0.00256335)
(0.761582 -0.213185 0.00270141)
(0.964755 -0.270161 0.00401751)
(1.67442 -0.0609081 0.00137417)
(2.07699 -0.00992837 -0.00147581)
(2.19237 -0.0910097 -0.00374675)
(2.00449 -0.0174359 0.00123342)
(1.67023 -0.0632128 -0.00197455)
(2.08013 -0.00764826 0.00270573)
(2.19139 -0.0916523 0.000434569)
(1.70406 -0.173467 0.000858802)
(1.81104 -0.156099 -0.0024385)
(1.90932 -0.220509 -0.00295147)
(2.10083 -0.206929 -0.000819235)
(1.70076 -0.174801 -0.000600938)
(1.81409 -0.154183 -0.00131614)
(1.90982 -0.220927 0.000316865)
(0.781478 -0.214934 0.00376375)
(0.975435 -0.265459 0.00287111)
(0.967935 -0.268398 0.00198536)
(0.795568 -0.211707 0.00665166)
(1.67887 -0.0579161 -0.00343937)
(2.00528 -0.0210589 -0.00527754)
(2.08772 -0.000953784 0.00533377)
(2.19031 -0.0930765 0.00406072)
(2.08424 -0.00518343 -0.00280539)
(2.19026 -0.0951859 -0.00527707)
(1.68872 -0.055592 0.00245164)
(1.70781 -0.170672 -0.000753357)
(2.09748 -0.210079 -0.00433607)
(1.82152 -0.145831 0.000807988)
(1.90953 -0.222395 0.00304654)
(1.81713 -0.150507 -0.00339427)
(1.90965 -0.222686 -0.00407947)
(1.71549 -0.166235 -0.000359855)
(1.13964 -0.245225 -0.000663892)
(0.079043 -0.161744 0.000590758)
(0.438747 -0.0613707 -0.00120092)
(0.426713 -0.146346 -0.00169798)
(0.441183 -0.0601194 -0.000779695)
(0.413224 -0.148804 -0.000177568)
(1.1425 -0.241575 -0.00203938)
)
;

boundaryField
{
    inlet
    {
        type            fixedValue;
        value           uniform (1 0 0);
    }
    outlet
    {
        type            zeroGradient;
    }
    up
    {
        type            slip;
    }
    down
    {
        type            slip;
    }
    frontAndBack
    {
        type            slip;
    }
    cylinder
    {
        type            fixedValue;
        value           uniform (0 0 0);
    }
}


// ************************************************************************* //
