/*--------------------------------*- C++ -*----------------------------------*\
  =========                 |
  \\      /  F ield         | OpenFOAM: The Open Source CFD Toolbox
   \\    /   O peration     | Website:  https://openfoam.org
    \\  /    A nd           | Version:  8
     \\/     M anipulation  |
\*---------------------------------------------------------------------------*/
FoamFile
{
    version     2.0;
    format      ascii;
    class       volScalarField;
    location    "0.75";
    object      T;
}
// * * * * * * * * * * * * * * * * * * * * * * * * * * * * * * * * * * * * * //

dimensions      [0 0 0 1 0 0 0];

internalField   nonuniform List<scalar> 
10000
(
50
4.64934
-4.64928
-1.17654
1.17627
0.445948
-0.445166
-0.213845
0.212094
0.120773
-0.117465
-0.0776611
0.0720971
0.0557985
-0.0472176
-0.0440571
0.0317161
0.0374322
-0.0207205
-0.0333386
0.0119291
0.0302461
-0.00427176
-0.0271454
-0.0026251
0.0233481
0.00868384
-0.0184547
-0.0135125
0.0123789
0.0165586
-0.00542548
-0.0172525
-0.00172764
0.0152744
0.00802068
-0.0106884
-0.0123175
0.00425976
0.0135381
0.00275229
-0.01133
-0.00848259
0.00603615
0.011364
0.000708718
-0.0102531
-0.00680456
0.0055687
0.00986511
0.00102327
-0.00865498
-0.0067206
0.00366639
0.00884096
0.00280473
-0.00641545
-0.00726194
0.000590309
0.00739655
0.00504778
-0.00295745
-0.00719353
-0.00297251
0.00432615
0.00640107
0.00139555
-0.00491052
-0.00551556
-0.000330525
0.00491101
0.00482492
-0.000248517
-0.00464097
-0.00425849
0.00026082
0.00432983
0.00384553
-1.01495e-05
-0.00369258
-0.00383377
-0.000284346
0.00291101
0.00361147
0.00115567
-0.00239194
-0.00313258
-0.00177521
0.00105527
0.00317723
0.00186267
6.09901e-05
-0.00193882
-0.00280759
-0.000438165
0.000860543
0.00181039
0.00220737
-0.000521888
-0.00117773
95.3507
50
10.4751
-4.64909
-2.79869
1.17561
1.10487
-0.443588
-0.546612
0.209015
0.315806
-0.11219
-0.205492
0.0638641
0.147064
-0.0352754
-0.113281
0.0154345
0.0916806
0.000261707
-0.0758384
-0.0136696
0.0621294
0.0252366
-0.0484585
-0.0345744
0.0337816
0.0408062
-0.0179711
-0.0428695
0.00176376
0.0399016
0.0132917
-0.0316144
-0.0251264
0.0187564
0.0315248
-0.00322603
-0.0309515
-0.0118402
0.0230806
0.0229104
-0.0096982
-0.0267086
-0.00568481
0.021974
0.0180722
-0.00993838
-0.023127
-0.00498737
0.0186695
0.016823
-0.00646603
-0.0203165
-0.00785382
0.013637
0.0172503
-0.000353223
-0.0165293
-0.0122125
0.00627847
0.0163918
0.00718907
-0.00975761
-0.0147147
-0.00313933
0.0112338
0.0126748
0.00036159
-0.0114402
-0.0107824
0.00101679
0.0111058
0.0092497
-0.00133489
-0.0102293
-0.00857451
0.00123426
0.00881549
0.00831395
-0.0001537
-0.00780873
-0.00756718
-0.00165703
0.00614122
0.00771851
0.00238116
-0.00323554
-0.00730996
-0.0043192
0.00206678
0.00464498
0.00575212
0.00103895
-0.00435571
-0.0037605
-0.00372178
0.000695951
0.00511137
0.00214871
104.649
89.5249
49.9999
12.0972
-4.6487
-3.45757
1.17442
1.43761
-0.441008
-0.741665
0.204349
0.44375
-0.10466
-0.297011
0.0526845
0.216732
-0.0197599
-0.168204
-0.00485883
0.135105
0.0253532
-0.108879
-0.0429707
0.0847642
0.0573929
-0.0602468
-0.0673969
0.0344917
0.0713659
-0.00815581
-0.0678137
-0.0167813
0.0560353
0.0372969
-0.0366782
-0.0500238
0.0122819
0.0521048
0.0128502
-0.0425478
-0.0330741
0.0229808
0.0431321
0.00158494
-0.0396428
-0.024006
0.0234612
0.036537
0.000126372
-0.0344325
-0.022002
0.0182574
0.0328597
0.00502279
-0.0276754
-0.0241274
0.00879788
0.0293095
0.0134081
-0.0175434
-0.0261741
-0.00391758
0.0216215
0.0211994
-0.00305276
-0.0224444
-0.0162777
0.00727651
0.0216305
0.0122437
-0.00913585
-0.0201447
-0.00970941
0.00962613
0.0181439
0.00883231
-0.00900403
-0.0164972
-0.00836863
0.00664304
0.015455
0.00860857
-0.00434774
-0.0127337
-0.0105622
0.00215941
0.010202
0.0101442
0.00287166
-0.00857657
-0.00942003
-0.00467405
0.00216885
0.0102738
0.00594748
0.000138833
-0.00363899
-0.00955808
-0.00284656
0.00268774
101.177
104.649
87.9028
49.9999
12.7561
-4.64803
-3.79032
1.17255
1.63274
-0.437226
-0.869815
0.197852
0.535676
-0.0946142
-0.367362
0.0383242
0.272677
-0.000527035
-0.213027
-0.0291369
0.169906
0.0542656
-0.13355
-0.075341
0.0986844
0.0911706
-0.0629106
-0.0996949
0.026101
0.098724
0.00985587
-0.0867277
-0.0414318
0.0637488
0.0640894
-0.032085
-0.0735162
-0.00327412
0.0670054
0.0352927
-0.0452477
-0.0560961
0.0130108
0.0597402
0.0207241
-0.0444349
-0.0453622
0.014966
0.0518514
0.0181521
-0.0374347
-0.0414518
0.00791906
0.04449
0.0232666
-0.0257897
-0.0403748
-0.00518876
0.0344181
0.0308569
-0.008752
-0.0359976
-0.0204283
0.017563
0.0336326
0.0115281
-0.0218928
-0.0298638
-0.00519959
0.0232412
0.0259387
0.00183644
-0.022987
-0.0226758
-0.000610305
0.0210891
0.0211281
0.000482315
-0.0180785
-0.0199554
-0.00284115
0.0158911
0.0178032
0.00629048
-0.0116216
-0.0178706
-0.00732684
0.00520069
0.015841
0.0115317
-0.0028335
-0.00948603
-0.013391
-0.00449558
0.0086973
0.00844759
0.00914444
0.000427142
-0.0110374
-0.00544123
98.8237
102.799
104.649
87.2439
49.9998
13.0889
-4.64701
-3.98553
1.16986
1.76111
-0.432049
-0.962202
0.189294
0.606823
-0.0818184
-0.424532
0.020595
0.319219
0.022496
-0.250056
-0.0572729
0.197238
0.0865853
-0.150377
-0.110011
0.104177
0.125427
-0.0568327
-0.130023
0.00938238
0.121322
0.0346817
-0.0982577
-0.0701205
0.0623071
0.0910628
-0.0181323
-0.0928737
-0.0263224
0.0740295
0.0612932
-0.0381359
-0.077414
-0.00590152
0.0695481
0.044894
-0.0393849
-0.0657499
-0.0028087
0.0602624
0.0409603
-0.0303174
-0.0588039
-0.0110796
0.0478832
0.0442093
-0.013683
-0.0516746
-0.0255728
0.0296227
0.0468562
0.00874192
-0.0373177
-0.0384918
0.00374297
0.0392434
0.0299257
-0.0113727
-0.0381437
-0.0228395
0.0149109
0.0355967
0.0184248
-0.0160178
-0.0320868
-0.016737
0.014894
0.0293073
0.0156575
-0.0107178
-0.0273096
-0.0161005
0.00690574
0.0221968
0.0194005
-0.00294219
-0.0178102
-0.0181957
-0.0059849
0.0146855
0.0169404
0.00872139
-0.00309315
-0.0180883
-0.0110867
-0.000630958
0.00595222
0.0170524
0.00570938
-0.00451823
99.5541
98.8242
103.458
104.648
86.9111
49.9997
13.2841
-4.64558
-4.11409
1.16623
1.85393
-0.425291
-1.03414
0.17846
0.665276
-0.0660672
-0.472954
-0.000642305
0.358778
0.0493079
-0.280533
-0.0890397
0.21766
0.121779
-0.159587
-0.146095
0.101448
0.15894
-0.0424811
-0.156943
-0.0146899
0.137753
0.0646963
-0.101391
-0.100603
0.0515069
0.115632
0.00423128
-0.105708
-0.0546631
0.0716989
0.0877042
-0.0213103
-0.0937126
-0.0317663
0.0701832
0.0705669
-0.0241413
-0.0812246
-0.0277
0.0590337
0.0644594
-0.0130242
-0.0697323
-0.0357293
0.0407259
0.0630081
0.00740374
-0.0539657
-0.0478988
0.0142617
0.0562775
0.0314321
-0.027836
-0.0524779
-0.0174774
0.034483
0.0464589
0.00766992
-0.0365587
-0.0402319
-0.00247518
0.0360856
0.0351785
0.000529793
-0.033032
-0.0328127
-0.000377341
0.0283847
0.0309429
0.00416489
-0.0250182
-0.0276581
-0.00952556
0.0182922
0.0278956
0.0111813
-0.00832138
-0.0247271
-0.0178891
0.00465512
0.0148851
0.0208243
0.00688669
-0.01373
-0.013183
-0.0141999
-0.000541755
0.0173001
0.00847038
100.445
98.8952
98.8253
103.79
104.648
86.7158
49.9996
13.4128
-4.64366
-4.20724
1.16153
1.92656
-0.416776
-1.09381
0.165153
0.715575
-0.0471866
-0.515162
-0.0254759
0.392699
0.0798324
-0.305081
-0.124113
0.231389
0.159206
-0.161273
-0.182609
0.0907233
0.190446
-0.020469
-0.179082
-0.0449231
0.146832
0.0980643
-0.0955193
-0.130547
0.0317016
0.135369
0.0334541
-0.110128
-0.085635
0.059364
0.111297
0.00412488
-0.102159
-0.0617347
0.0603391
0.0939079
0.000254698
-0.0883933
-0.0563745
0.0468449
0.084225
0.0127337
-0.0708368
-0.0617482
0.0226428
0.0749199
0.0342139
-0.0449036
-0.0668638
-0.00988299
0.0552323
0.0540835
-0.00787552
-0.0573425
-0.0413994
0.0185745
0.0552471
0.0311152
-0.0233888
-0.0512981
-0.0247774
0.0247181
0.0461676
0.0224586
-0.0229621
-0.0421553
-0.021137
0.016896
0.0394181
0.0219558
-0.0112652
-0.032336
-0.026975
0.00553789
0.026137
0.0257081
0.00741018
-0.0219187
-0.0241181
-0.0117799
0.00541884
0.0262715
0.0152663
0.000264005
-0.00920206
-0.0244642
-0.00737298
0.006872
100.214
100.444
98.5624
98.827
103.986
104.646
86.5872
49.9995
13.5061
-4.64119
-4.28039
1.15563
1.98725
-0.406335
-1.14583
0.149193
0.760363
-0.0250347
-0.552612
-0.0539419
0.421692
0.113919
-0.323952
-0.162075
0.238461
0.198128
-0.155485
-0.218503
0.0723153
0.21868
0.00841322
-0.195187
-0.0799136
0.147654
0.132796
-0.0804755
-0.157636
0.00379371
0.148144
0.0674685
-0.104865
-0.116304
0.0372567
0.129022
0.0361544
-0.100668
-0.0923803
0.0399228
0.111196
0.031489
-0.0848547
-0.0847387
0.0239799
0.0961512
0.0436952
-0.0602012
-0.0842605
-0.00471214
0.0762105
0.0619709
-0.0242971
-0.0774684
-0.0387944
0.0419272
0.0708743
0.019647
-0.0500473
-0.0618713
-0.00638144
0.0520276
0.0530795
-0.000457887
-0.0508813
-0.0460539
0.00267026
0.0466169
0.0428742
-0.0025516
-0.0401715
-0.0408163
-0.0027132
0.0355713
0.0367835
0.0105274
-0.0268524
-0.0374369
-0.0132794
0.0132292
0.0341047
0.0226266
-0.00808546
-0.0210824
-0.0278263
-0.00736232
0.0197291
0.0178888
0.0185355
-0.00111237
-0.0239525
-0.0109356
99.7878
100.547
100.441
98.3672
98.8294
104.114
104.645
86.4938
49.9993
13.5796
-4.6381
-4.34183
1.1484
2.04071
-0.393808
-1.19295
0.130418
0.801204
0.000497402
-0.586116
-0.0860246
0.446078
0.151346
-0.337181
-0.202425
0.238825
0.237728
-0.142307
-0.252683
0.0466624
0.242419
0.0431876
-0.204174
-0.118073
0.139636
0.166813
-0.0565575
-0.179674
-0.0308016
0.152237
0.103811
-0.0893605
-0.143665
0.00648017
0.138261
0.0720212
-0.0881093
-0.120022
0.0100715
0.119248
0.0662111
-0.0695026
-0.108458
-0.00767588
0.0970555
0.0754627
-0.0376885
-0.0986383
-0.0377837
0.0647646
0.0852775
0.00571974
-0.0760382
-0.0668687
0.0169941
0.0768831
0.0495215
-0.0301971
-0.0728301
-0.0358319
0.0356063
0.0670637
0.0275433
-0.0366053
-0.060146
-0.0249185
0.0340703
0.054798
0.0238656
-0.0259878
-0.0517147
-0.0252866
0.0181617
0.0432648
0.0326208
-0.0107821
-0.0353503
-0.0323181
-0.00637868
0.0307398
0.0306628
0.0133654
-0.00975775
-0.0349369
-0.0179805
0.00136564
0.0137891
0.0317347
0.00726011
-0.0100015
99.8793
99.7907
100.742
100.438
98.2387
98.8328
104.207
104.642
86.4203
49.9992
13.6414
-4.63433
-4.39631
1.13973
2.08974
-0.379044
-1.23682
0.108686
0.839021
0.0294858
-0.61609
-0.121656
0.465937
0.191819
-0.344676
-0.244581
0.232407
0.277125
-0.121893
-0.284039
0.0143519
0.260519
0.0826911
-0.20517
-0.157663
0.122559
0.198026
-0.0245256
-0.19469
-0.0702187
0.146446
0.139763
-0.0638131
-0.16485
-0.0310643
0.137043
0.108443
-0.0644177
-0.14108
-0.0269296
0.115772
0.100381
-0.0426785
-0.123529
-0.0447815
0.0850898
0.103174
-0.00511055
-0.101185
-0.0716454
0.0405056
0.0991387
0.0408146
-0.0608109
-0.0881604
-0.0163321
0.0691328
0.0752069
-9.85105e-05
-0.0700642
-0.0634035
0.00813598
0.0676735
0.0543111
-0.0101348
-0.0619751
-0.0505315
0.00940592
0.0536289
0.0488573
-0.00242064
-0.0479427
-0.0445853
-0.00847598
0.037756
0.0462175
0.012832
-0.0204147
-0.0439724
-0.0251684
0.0137294
0.0282214
0.0341687
0.005333
-0.0270514
-0.0224976
-0.0219123
0.00505296
0.0311775
0.0126971
100.118
99.6842
99.7952
100.87
100.433
98.1458
98.8372
104.281
104.64
86.3585
49.999
13.6965
-4.62982
-4.44672
1.1295
2.1361
-0.361901
-1.27849
0.0838705
0.874329
0.0619722
-0.642691
-0.160716
0.481196
0.234978
-0.346287
-0.28789
0.219157
0.315385
-0.0944991
-0.311474
-0.0238668
0.271951
0.125589
-0.197557
-0.196846
0.0965824
0.224415
0.0144141
-0.201035
-0.112226
0.130166
0.172509
-0.0291823
-0.177337
-0.0727935
0.12422
0.141875
-0.0306327
-0.152435
-0.0678188
0.0996164
0.129742
-0.00624797
-0.126728
-0.0829677
0.0601017
0.122154
0.0339121
-0.0896867
-0.100843
0.00568653
0.0997028
0.0752304
-0.0324471
-0.0975742
-0.0525379
0.0471354
0.0903862
0.0354016
-0.0523269
-0.0821311
-0.0254466
0.0524211
0.0732361
0.0229298
-0.048775
-0.0667171
-0.0226397
0.0384833
0.0638244
0.0251261
-0.0282709
-0.0546922
-0.0355937
0.019377
0.045461
0.0374033
0.00225567
-0.0414077
-0.0362157
-0.0129055
0.0164947
0.0440545
0.0187771
-0.0046255
-0.0199303
-0.0387404
-0.0049576
0.0140748
100.078
100.113
99.5561
99.8014
100.962
100.426
98.0731
98.8428
104.342
104.636
86.3034
49.9988
13.7476
-4.6245
-4.49486
1.1176
2.1809
-0.342245
-1.31855
0.0558683
0.907387
0.097962
-0.66591
-0.203029
0.491693
0.280394
-0.341842
-0.331635
0.199082
0.351545
-0.0605082
-0.333931
-0.0670786
0.275838
0.170395
-0.181001
-0.233735
0.0622615
0.244109
0.0586476
-0.197476
-0.154329
0.103442
0.199302
0.0128481
-0.179138
-0.115607
0.0995793
0.168824
0.0111239
-0.151712
-0.108685
0.0709938
0.150244
0.0365702
-0.116067
-0.117364
0.0238104
0.128506
0.0744768
-0.063957
-0.120144
-0.0353629
0.0849897
0.102796
0.00579309
-0.0918052
-0.0848143
0.0131694
0.090459
0.069603
-0.0217247
-0.0860954
-0.0585096
0.0229194
0.0787011
0.0544993
-0.0211413
-0.0684871
-0.0538926
0.0121314
0.062025
0.0501042
0.00244948
-0.0510781
-0.0534928
-0.00898443
0.0301968
0.0538615
0.0246959
-0.0220056
-0.0361766
-0.0392489
-0.000167721
0.0357174
0.0267145
0.0238417
-0.0117245
-0.0387614
-0.0134657
99.9277
100.206
100.105
99.464
99.8098
101.035
100.418
98.0122
98.8497
104.397
104.632
86.2522
49.9986
13.7967
-4.61832
-4.54189
1.10392
2.22485
-0.319951
-1.35738
0.0245958
0.938276
0.137424
-0.685628
-0.248368
0.497214
0.327577
-0.331183
-0.375046
0.172268
0.38463
-0.0204388
-0.350422
-0.114209
0.271494
0.215511
-0.15548
-0.266462
0.0205408
0.255475
0.106212
-0.183271
-0.193896
0.0669858
0.217653
0.0599454
-0.168956
-0.156122
0.0639295
0.186121
0.0578214
-0.137573
-0.145309
0.0315228
0.158502
0.0815349
-0.091159
-0.143135
-0.0203731
0.119773
0.110989
-0.0259944
-0.125388
-0.0768124
0.0553844
0.118011
0.0484013
-0.0700647
-0.10634
-0.0279858
0.0738133
0.0950081
0.0167803
-0.0721952
-0.0840631
-0.0149672
0.0671523
0.0765756
0.016163
-0.054638
-0.0745725
-0.0201996
0.0418732
0.0658556
0.0345656
-0.0317679
-0.0559019
-0.0399648
0.00580412
0.0535937
0.0399012
0.00968337
-0.0259523
-0.0528861
-0.0168467
0.00981231
0.0276518
0.0446438
-0.000175953
-0.0190347
99.9442
99.9358
100.297
100.095
99.3927
99.8203
101.094
100.408
97.9586
98.8581
104.447
104.627
86.203
49.9984
13.8449
-4.6112
-4.5886
1.08835
2.2684
-0.294908
-1.39516
-0.0100086
0.966962
0.180291
-0.701658
-0.296455
0.497528
0.37598
-0.314193
-0.417315
0.138899
0.413678
0.0250484
-0.360064
-0.164041
0.25845
0.259263
-0.121303
-0.293248
-0.0272688
0.257204
0.154872
-0.158227
-0.228305
0.0221753
0.22548
0.109279
-0.146325
-0.190907
0.0190595
0.191232
0.105743
-0.109906
-0.173572
-0.0158897
0.152255
0.123776
-0.0533184
-0.156159
-0.0676368
0.0953201
0.137996
0.0201048
-0.114168
-0.112213
0.0137374
0.11717
0.0882669
-0.0341512
-0.111968
-0.0695071
0.042252
0.104816
0.0566219
-0.0417592
-0.0956781
-0.0527711
0.038361
0.0837809
0.0541947
-0.0273062
-0.0768669
-0.0519152
0.00856028
0.0663706
0.0577343
0.000865941
-0.0426235
-0.0626431
-0.0199128
0.0329761
0.0444231
0.041887
-0.00894452
-0.0451754
-0.0298713
-0.0233955
0.0215694
0.0458163
0.0126404
100.047
99.8528
99.9467
100.368
100.083
99.334
99.8334
101.147
100.396
97.9093
98.8679
104.496
104.621
86.1548
49.9981
13.8931
-4.60309
-4.63551
1.0708
2.31184
-0.267013
-1.43196
-0.0479836
0.993331
0.226458
-0.713771
-0.346962
0.492407
0.425009
-0.29081
-0.45761
0.0992677
0.437763
0.0751544
-0.362106
-0.215239
0.236486
0.299958
-0.0791087
-0.312474
-0.0795273
0.248374
0.202229
-0.122735
-0.255084
-0.0290209
0.22128
0.157676
-0.111668
-0.216749
-0.0323568
0.182508
0.150781
-0.0698746
-0.189905
-0.0672354
0.130609
0.15841
-0.00559567
-0.1535
-0.112409
0.0566051
0.150978
0.0685383
-0.0861427
-0.13579
-0.0345812
0.09878
0.118112
0.0116368
-0.0995822
-0.103223
0.000157762
0.0951753
0.0904805
-0.000587535
-0.0884911
-0.0823217
-0.0030753
0.0741279
0.082005
0.00912279
-0.0587613
-0.075348
-0.0278634
0.0479987
0.0655084
0.0386406
-0.0185887
-0.0663601
-0.0404201
-0.00292154
0.038196
0.0600895
0.0111886
-0.0170983
-0.0366902
-0.0480789
0.00881001
0.0246036
100.044
100.036
99.7828
99.9609
100.425
100.067
99.2834
99.8491
101.194
100.381
97.8627
98.8794
104.543
104.615
86.1065
49.9979
13.9418
-4.59393
-4.68299
1.05116
2.35533
-0.236175
-1.46776
-0.0893465
1.01722
0.275784
-0.721716
-0.399517
0.481642
0.474029
-0.26104
-0.495091
0.0537796
0.456017
0.128951
-0.355954
-0.266376
0.205638
0.335933
-0.0298569
-0.322745
-0.134328
0.228507
0.245816
-0.0777568
-0.27206
-0.0841261
0.204229
0.201833
-0.0663024
-0.230918
-0.0869173
0.159327
0.188835
-0.0199369
-0.191584
-0.117867
0.0943109
0.181007
0.0475287
-0.133806
-0.149165
0.00732986
0.146729
0.112905
-0.0435398
-0.14321
-0.0823686
0.0636468
0.132338
0.0604138
-0.0700548
-0.121495
-0.0463384
0.0668482
0.110791
0.0431351
-0.0611636
-0.0977375
-0.0476794
0.0483096
0.090867
0.048201
-0.0252704
-0.0824988
-0.0570805
0.0123047
0.0572242
0.068709
0.0095617
-0.0463797
-0.0520184
-0.0406886
0.0225566
0.0545444
0.0310919
0.0195963
-0.0347184
-0.0512
-0.00962135
99.9681
100.114
100.02
99.7266
99.9784
100.474
100.049
99.2382
99.8676
101.238
100.365
97.8176
98.8927
104.59
104.607
86.0577
49.9976
13.9914
-4.58367
-4.73127
1.02934
2.39895
-0.202315
-1.50249
-0.134093
1.03841
0.328097
-0.725235
-0.453709
0.465056
0.522374
-0.224965
-0.528922
0.00295159
0.467649
0.185393
-0.341184
-0.31597
0.166214
0.365602
0.0251974
-0.322946
-0.189558
0.197597
0.283221
-0.024807
-0.277478
-0.14028
0.174249
0.238539
-0.012412
-0.231334
-0.140793
0.122271
0.216082
0.0363978
-0.177085
-0.162921
0.045804
0.187966
0.100814
-0.0978447
-0.172818
-0.0471698
0.123978
0.147169
0.00870358
-0.13182
-0.122229
0.0153861
0.127872
0.103586
-0.0266421
-0.11962
-0.0895763
0.0248308
0.111171
0.0813588
-0.0177476
-0.0956356
-0.0837359
0.00930152
0.0780453
0.0811
0.0140325
-0.0675901
-0.0725961
-0.0319269
0.036339
0.078325
0.0363266
-0.00798796
-0.0527513
-0.0641127
-0.000954463
0.0264273
0.04642
0.0476522
-0.0212955
-0.030362
99.9625
99.9842
100.169
100.001
99.6797
99.9995
100.517
100.027
99.197
99.8891
101.28
100.345
97.7733
98.9078
104.637
104.599
86.008
49.9973
14.0422
-4.57225
-4.78052
1.00526
2.44274
-0.165359
-1.53603
-0.1822
1.05668
0.38319
-0.724067
-0.509085
0.442509
0.569349
-0.182748
-0.558285
-0.0525874
0.47196
0.243334
-0.317568
-0.36251
0.118784
0.387509
0.0845305
-0.312292
-0.242973
0.156129
0.312193
0.0340966
-0.270094
-0.194411
0.132082
0.264829
0.0471213
-0.216805
-0.189939
0.0731024
0.229298
0.0948931
-0.146413
-0.197594
-0.0111567
0.177171
0.148629
-0.0484698
-0.179276
-0.100771
0.0840611
0.166102
0.0638126
-0.10124
-0.147931
-0.0394807
0.104163
0.132818
0.0252304
-0.0971984
-0.120903
-0.0235212
0.0887935
0.107544
0.0323081
-0.0746321
-0.101651
-0.0369238
0.0476595
0.0975045
0.0494983
-0.0309259
-0.0727372
-0.0700582
0.00727927
0.0614253
0.057527
0.0342425
-0.0406722
-0.0625447
-0.0293533
-0.0116086
0.0507541
0.0535627
0.0039268
100.021
99.9079
100.004
100.214
99.9783
99.6397
100.024
100.555
100.001
99.1587
99.9136
101.321
100.323
97.7294
98.9249
104.685
104.589
85.9571
49.997
14.0945
-4.5596
-4.83084
0.978826
2.48667
-0.125247
-1.56822
-0.23362
1.07178
0.440824
-0.717964
-0.565157
0.413908
0.614244
-0.134638
-0.582386
-0.1121
0.468361
0.30154
-0.285076
-0.404495
0.0641839
0.400374
0.146385
-0.290359
-0.292287
0.105087
0.330733
0.096534
-0.249292
-0.24335
0.0792467
0.278215
0.108861
-0.187178
-0.230331
0.0145908
0.226295
0.150753
-0.101038
-0.217725
-0.0717658
0.148358
0.185401
0.00979743
-0.166216
-0.147142
0.030915
0.165861
0.114352
-0.0539218
-0.155218
-0.0922948
0.0629795
0.142266
0.0779343
-0.0579148
-0.132206
-0.0706074
0.0466129
0.116591
0.0768414
-0.0356211
-0.0977171
-0.0804052
0.00800011
0.0890189
0.0748158
0.0183853
-0.0584885
-0.0872556
-0.0261095
0.0232199
0.0683489
0.0629059
-0.0143504
-0.037265
-0.0556197
-0.041721
0.0374255
0.0355178
100.033
100
99.8641
100.029
100.251
99.9515
99.6053
100.053
100.589
99.9724
99.1229
99.9414
101.36
100.299
97.6855
98.9441
104.733
104.578
85.9047
49.9967
14.1483
-4.54568
-4.88231
0.94995
2.53069
-0.0819285
-1.59889
-0.288286
1.08345
0.500723
-0.706691
-0.621402
0.379214
0.656331
-0.0809763
-0.600481
-0.174741
0.456391
0.358711
-0.243894
-0.440472
0.00351092
0.403132
0.208827
-0.257135
-0.335237
0.0459259
0.337217
0.159754
-0.215141
-0.284008
0.0179754
0.276909
0.168943
-0.143315
-0.258367
-0.0495381
0.206085
0.199057
-0.0438541
-0.22027
-0.130527
0.103218
0.206243
0.0712403
-0.133604
-0.180399
-0.0293114
0.144484
0.153596
0.00443214
-0.141921
-0.134043
0.0084247
0.130188
0.121776
-0.00771454
-0.118797
-0.109464
-0.00631218
0.104357
0.105692
0.0163228
-0.0746867
-0.108191
-0.032843
0.054424
0.086932
0.0640769
-0.0308914
-0.0762649
-0.0589604
-0.0210392
0.0623391
0.0670579
0.0234935
-0.00126649
-0.068268
-0.0509437
0.00477505
99.9879
100.076
99.975
99.8289
100.057
100.282
99.921
99.5758
100.085
100.619
99.94
99.0892
99.9725
101.399
100.271
97.6415
98.9655
104.783
104.566
85.8508
49.9964
14.2038
-4.53043
-4.93496
0.918555
2.57472
-0.0353661
-1.62783
-0.346103
1.09142
0.562581
-0.690039
-0.677268
0.338451
0.694885
-0.0221996
-0.611881
-0.23957
0.435737
0.413506
-0.194438
-0.46907
-0.0619046
0.394993
0.269786
-0.213031
-0.369687
-0.0194635
0.330496
0.220784
-0.168401
-0.313593
-0.0488189
0.259909
0.223397
-0.0871818
-0.271096
-0.11491
0.1691
0.235125
0.021062
-0.203751
-0.181701
0.0453226
0.207482
0.129735
-0.0842303
-0.195344
-0.0895455
0.102851
0.176269
0.0652887
-0.107672
-0.158009
-0.0522038
0.0985026
0.146815
0.0470034
-0.0823922
-0.132947
-0.0580111
0.0690147
0.114402
0.0700626
-0.0385148
-0.109192
-0.0692782
0.00305254
0.0832685
0.0898119
0.00851629
-0.0422181
-0.0826305
-0.053851
0.0344844
0.0483621
0.0622549
0.0284014
-0.0560472
-0.0387194
99.9696
100.013
100.11
99.946
99.801
100.089
100.308
99.8868
99.5508
100.12
100.646
99.904
99.0577
100.007
101.436
100.24
97.5974
98.9891
104.834
104.553
85.7952
49.996
14.261
-4.51378
-4.98879
0.884565
2.61865
0.0144637
-1.65485
-0.406956
1.09543
0.626058
-0.667834
-0.732177
0.291712
0.729191
0.0411617
-0.615976
-0.305562
0.406247
0.464566
-0.137344
-0.489052
-0.130519
0.375474
0.327132
-0.158887
-0.393736
-0.0887965
0.309949
0.276607
-0.110577
-0.329727
-0.11777
0.227211
0.268293
-0.0216354
-0.266616
-0.17669
0.117142
0.254995
0.0888166
-0.168694
-0.219528
-0.0206586
0.187767
0.178854
-0.0231527
-0.188217
-0.143109
0.0456705
0.178163
0.119597
-0.0548536
-0.161095
-0.108334
0.0507989
0.146748
0.099064
-0.0310797
-0.133623
-0.0986766
0.0145746
0.103765
0.110188
0.00549384
-0.0808878
-0.0964731
-0.0479381
0.0603459
0.0879241
0.0539096
-7.07867e-05
-0.0852668
-0.0652988
-0.0124442
0.0192207
0.0846298
0.0410863
-0.0164266
100.004
99.9372
100.043
100.135
99.9135
99.7801
100.124
100.327
99.8491
99.5304
100.16
100.67
99.8645
99.0284
100.045
101.472
100.207
97.553
99.015
104.885
104.538
85.7378
49.9956
14.3201
-4.4957
-5.04379
0.84791
2.66237
0.0675717
-1.6797
-0.470705
1.09525
0.690788
-0.639935
-0.78554
0.239157
0.758556
0.108489
-0.612248
-0.371623
0.367941
0.510558
-0.0734704
-0.499354
-0.200613
0.344425
0.378756
-0.0959777
-0.405769
-0.15953
0.275604
0.32423
-0.0437601
-0.33073
-0.185092
0.179704
0.300157
0.0496378
-0.244263
-0.229842
0.0530594
0.256218
0.153587
-0.117123
-0.239308
-0.0891262
0.14845
0.21208
0.043698
-0.158363
-0.183671
-0.0194099
0.156496
0.160286
0.00985208
-0.142748
-0.148817
-0.00836802
0.121909
0.139136
0.0246012
-0.106776
-0.123372
-0.0469753
0.0761085
0.12357
0.0529955
-0.0324375
-0.107309
-0.0821348
0.016942
0.0633277
0.0921607
0.0345249
-0.0581156
-0.0577217
-0.0636893
-0.00632194
0.0748881
0.0383007
100.027
99.9748
99.9142
100.076
100.152
99.878
99.7659
100.162
100.341
99.8084
99.5145
100.202
100.691
99.8216
99.0013
100.086
101.508
100.17
97.5085
99.0434
104.939
104.522
85.6785
49.9953
14.3811
-4.47612
-5.09994
0.808526
2.70576
0.123957
-1.70219
-0.537192
1.09062
0.75638
-0.606242
-0.836754
0.181017
0.782321
0.179081
-0.600279
-0.436612
0.321015
0.550196
-0.00387967
-0.499108
-0.270359
0.302072
0.422606
-0.0259138
-0.40462
-0.228855
0.22803
0.360972
0.0293163
-0.315624
-0.246863
0.11915
0.316337
0.122113
-0.204363
-0.26996
-0.0189969
0.237787
0.209268
-0.0522962
-0.238396
-0.153378
0.0927647
0.224189
0.110013
-0.108923
-0.205011
-0.0841591
0.111708
0.182773
0.0757842
-0.103489
-0.166176
-0.0719456
0.0784467
0.15654
0.0762589
-0.0551045
-0.130278
-0.0986762
0.0327808
0.106724
0.0971041
0.0195783
-0.0929904
-0.0925162
-0.0400138
0.0290531
0.105727
0.0543888
-0.0043378
-0.0414016
-0.0961494
-0.0221825
0.0303218
100.003
100.049
99.9423
99.8998
100.111
100.162
99.8401
99.7584
100.203
100.349
99.7648
99.5034
100.248
100.707
99.7752
98.9766
100.131
101.542
100.13
97.4638
99.0743
104.993
104.505
85.6174
49.9948
14.444
-4.455
-5.1572
0.766348
2.74868
0.183608
-1.72206
-0.606241
1.08133
0.822424
-0.566693
-0.885213
0.117587
0.799869
0.25216
-0.579757
-0.499366
0.265849
0.582257
0.0702027
-0.487708
-0.337808
0.248947
0.456838
0.0492926
-0.389514
-0.293921
0.168437
0.384545
0.105392
-0.284132
-0.299423
0.0483698
0.314894
0.19101
-0.14848
-0.293546
-0.0937358
0.199974
0.25046
0.0210887
-0.216277
-0.206182
0.0250554
0.212786
0.168811
-0.0458453
-0.201953
-0.141624
0.0491909
0.183697
0.131431
-0.0453943
-0.159145
-0.128781
0.0241592
0.143708
0.118857
0.0093122
-0.11695
-0.126427
-0.0236904
0.0679266
0.125542
0.0606084
-0.0492713
-0.0834243
-0.0927327
-0.00357853
0.0824285
0.062632
0.057082
-0.0245829
-0.0904541
-0.0325607
99.9763
100.035
100.061
99.9081
99.894
100.147
100.164
99.8006
99.7576
100.246
100.351
99.7188
99.4972
100.296
100.72
99.7256
98.9547
100.179
101.575
100.087
97.419
99.1078
105.048
104.486
85.5543
49.9944
14.5088
-4.43228
-5.21555
0.721314
2.79098
0.246502
-1.73911
-0.677658
1.06717
0.888487
-0.521267
-0.930311
0.0492335
0.810624
0.326888
-0.550496
-0.558688
0.202977
0.605649
0.147353
-0.464756
-0.401026
0.18598
0.479796
0.127365
-0.36016
-0.35193
0.0986795
0.393075
0.180965
-0.2369
-0.339404
-0.0290243
0.294825
0.251648
-0.0794979
-0.298144
-0.165221
0.144341
0.273219
0.0967809
-0.174093
-0.241044
-0.0494024
0.179043
0.212204
0.0242389
-0.172674
-0.186046
-0.0211496
0.159942
0.168771
0.0251997
-0.131109
-0.165303
-0.0352193
0.101828
0.147523
0.0692859
-0.0797127
-0.126345
-0.0842526
0.0213018
0.123845
0.0855759
0.0156966
-0.0639312
-0.118411
-0.031987
0.0263069
0.0654229
0.0981591
-0.00642858
-0.0447935
99.9913
99.9656
100.068
100.064
99.8733
99.8964
100.184
100.158
99.7603
99.7636
100.29
100.347
99.671
99.4963
100.347
100.729
99.6729
98.9356
100.231
101.607
100.041
97.3743
99.144
105.105
104.465
85.4893
49.994
14.5756
-4.40792
-5.27492
0.673363
2.83253
0.312607
-1.75308
-0.751228
1.04794
0.954116
-0.46999
-0.971437
-0.0236209
0.814078
0.402345
-0.512409
-0.61341
0.133136
0.61937
0.226037
-0.430157
-0.458069
0.114432
0.490094
0.205823
-0.316819
-0.400192
0.0211327
0.385297
0.25237
-0.175446
-0.363973
-0.108766
0.256106
0.29987
-0.0016985
-0.28224
-0.227697
0.0740335
0.275317
0.167254
-0.113932
-0.254026
-0.123566
0.126598
0.232725
0.095391
-0.120877
-0.2111
-0.0885528
0.110524
0.185129
0.0958059
-0.0856908
-0.17161
-0.095107
0.0422594
0.154075
0.111428
-0.0189268
-0.105094
-0.131261
-0.022887
0.0850704
0.0977887
0.0797944
-0.0382415
-0.102644
-0.0598626
-0.0398443
0.0621873
0.0978489
0.020071
100.019
99.9587
99.9646
100.101
100.058
99.8391
99.907
100.221
100.145
99.7201
99.7766
100.334
100.337
99.6219
99.5009
100.401
100.733
99.6173
98.9196
100.285
101.637
99.9911
97.3298
99.1829
105.163
104.443
85.4223
49.9935
14.6443
-4.38187
-5.33525
0.622435
2.87316
0.381871
-1.76374
-0.826717
1.02347
1.01884
-0.41293
-1.00799
-0.100473
0.809773
0.477571
-0.465559
-0.662364
0.0572156
0.622591
0.304586
-0.384092
-0.507076
0.0358961
0.486687
0.282033
-0.260283
-0.436293
-0.0613054
0.360547
0.316085
-0.102326
-0.370766
-0.186459
0.200088
0.332083
0.079582
-0.245293
-0.27654
-0.00553978
0.25544
0.22541
-0.0393945
-0.244305
-0.188284
0.0594024
0.226557
0.161082
-0.0547727
-0.209728
-0.145645
0.0407442
0.180317
0.150948
-0.0246885
-0.147678
-0.147215
-0.019526
0.129326
0.132453
0.0540754
-0.0720295
-0.145265
-0.0629507
0.0188852
0.100047
0.116666
-0.00268534
-0.0512252
-0.08696
-0.0854699
0.0433003
0.0569407
100.014
100.018
99.9276
99.9729
100.132
100.044
99.8069
99.9254
100.256
100.125
99.681
99.7965
100.379
100.32
99.5719
99.5112
100.456
100.733
99.5591
98.9071
100.344
101.665
99.9381
97.2855
99.2246
105.222
104.42
85.3533
49.993
14.7151
-4.35407
-5.39647
0.568475
2.91272
0.454232
-1.77087
-0.903867
0.993612
1.08217
-0.350219
-1.03938
-0.180769
0.797347
0.551535
-0.410127
-0.704446
-0.0237089
0.614644
0.381261
-0.327051
-0.546313
-0.0477099
0.468871
0.353377
-0.192009
-0.458026
-0.145551
0.319115
0.368622
-0.0207893
-0.358215
-0.257873
0.129779
0.344946
0.159108
-0.188761
-0.307922
-0.0873716
0.213002
0.266415
0.0428877
-0.21248
-0.234636
-0.0184042
0.195504
0.21215
0.0172466
-0.177997
-0.188637
-0.036467
0.152476
0.179823
0.0481132
-0.103058
-0.177351
-0.0732174
0.0717637
0.136501
0.117054
-0.0304841
-0.117974
-0.10045
-0.049615
0.0868691
0.112178
0.0462988
0.0106168
-0.101316
-0.0913518
-0.000319598
99.9873
100.044
100.009
99.8996
99.9898
100.16
100.022
99.7778
99.9513
100.288
100.098
99.6439
99.8233
100.422
100.297
99.5219
99.5273
100.512
100.727
99.4985
98.8983
100.405
101.69
99.8817
97.2417
99.2692
105.282
104.394
85.2823
49.9925
14.7879
-4.32449
-5.45851
0.511428
2.95105
0.529605
-1.77422
-0.982405
0.958244
1.1436
-0.282036
-1.06504
-0.263882
0.776514
0.623187
-0.34645
-0.738614
-0.108411
0.595061
0.454301
-0.259878
-0.574163
-0.134317
0.43651
0.417136
-0.11385
-0.463747
-0.228281
0.262213
0.406608
0.0656847
-0.326215
-0.31854
0.0490757
0.336087
0.232089
-0.116624
-0.318073
-0.164842
0.149693
0.287412
0.123538
-0.159069
-0.257526
-0.0999881
0.144864
0.23819
0.0897324
-0.119962
-0.213147
-0.105669
0.0987459
0.181718
0.121048
-0.0489473
-0.171499
-0.117196
-0.00523176
0.125688
0.1478
0.0223483
-0.0606896
-0.129712
-0.0939563
0.047527
0.0747666
0.0998742
0.0539185
-0.0839124
-0.0628344
99.9832
99.998
100.069
99.9905
99.8763
100.014
100.182
99.9926
99.7532
99.9839
100.317
100.063
99.6098
99.8569
100.463
100.267
99.4725
99.5496
100.569
100.716
99.4359
98.8934
100.469
101.714
99.822
97.1984
99.3166
105.343
104.367
85.2094
49.9919
14.8627
-4.29309
-5.52127
0.451247
2.98798
0.607896
-1.77357
-1.06203
0.917265
1.20265
-0.208635
-1.0844
-0.349148
0.7471
0.69145
-0.275011
-0.763899
-0.195573
0.563664
0.521865
-0.183618
-0.589348
-0.221582
0.389897
0.470696
-0.0280145
-0.452583
-0.305811
0.191583
0.427403
0.153181
-0.276019
-0.363895
-0.0379846
0.305204
0.293521
-0.034339
-0.303892
-0.232907
0.0709923
0.28566
0.193508
-0.0858697
-0.256711
-0.174191
0.079084
0.233025
0.15819
-0.047563
-0.211246
-0.157184
0.0219559
0.163027
0.174834
0.00995152
-0.127142
-0.152042
-0.0769769
0.0942387
0.138865
0.0853173
0.00125721
-0.134029
-0.103782
-0.0200973
0.0293191
0.133462
0.0659834
-0.0254407
100.006
99.9592
100.017
100.089
99.9652
99.8592
100.045
100.199
99.9572
99.7343
100.023
100.34
100.023
99.5797
99.8968
100.502
100.231
99.4243
99.5779
100.626
100.7
99.3715
98.8928
100.536
101.735
99.7589
97.1559
99.367
105.405
104.338
85.1345
49.9912
14.9396
-4.25985
-5.58466
0.387879
3.02337
0.688991
-1.76872
-1.14244
0.870605
1.25882
-0.130323
-1.09695
-0.435871
0.709057
0.755213
-0.196383
-0.779496
-0.283716
0.520464
0.582188
-0.0995995
-0.590918
-0.306955
0.329692
0.511804
0.0628023
-0.424291
-0.374406
0.109425
0.429492
0.237117
-0.209633
-0.390125
-0.12717
0.254357
0.337717
0.0529667
-0.264978
-0.287101
-0.014757
0.257954
0.247405
0.000714795
-0.233607
-0.228581
0.000492979
0.199333
0.214004
0.0263166
-0.175437
-0.19027
-0.0635217
0.128036
0.19258
0.0745324
-0.0589379
-0.170595
-0.122202
0.0345627
0.102861
0.142806
0.0462097
-0.0962932
-0.0905862
-0.0971123
-0.00252807
0.120131
0.0581828
100.018
99.9866
99.9425
100.042
100.101
99.9345
99.8496
100.081
100.209
99.9169
99.7221
100.067
100.357
99.9766
99.5545
99.9428
100.537
100.188
99.3782
99.6125
100.683
100.679
99.3057
98.8966
100.606
101.753
99.6925
97.1143
99.4204
105.469
104.308
85.0577
49.9905
15.0185
-4.22474
-5.64858
0.32127
3.05706
0.772774
-1.75947
-1.22331
0.818212
1.31164
-0.0474643
-1.1022
-0.52331
0.662419
0.8134
-0.111301
-0.784707
-0.371293
0.465718
0.6336
-0.00941628
-0.578234
-0.387817
0.256954
0.53866
0.155411
-0.379089
-0.430716
0.0186025
0.412419
0.312375
-0.129253
-0.395329
-0.213112
0.186695
0.359484
0.140988
-0.205034
-0.321555
-0.0999358
0.203459
0.283126
0.0888474
-0.187451
-0.256043
-0.0862311
0.146386
0.243539
0.0954947
-0.107747
-0.20681
-0.135564
0.0737018
0.172218
0.140808
0.00950943
-0.157034
-0.137089
-0.0483161
0.0612855
0.167274
0.0715204
-0.0177824
-0.0747559
-0.147487
-0.0196381
0.0534597
100.002
100.033
99.9621
99.9344
100.071
100.104
99.9003
99.8483
100.12
100.21
99.873
99.7176
100.115
100.368
99.9255
99.5352
99.9944
100.568
100.14
99.3348
99.6534
100.74
100.651
99.239
98.9051
100.678
101.768
99.6229
97.0738
99.4769
105.533
104.275
84.9789
49.9896
15.0995
-4.18775
-5.71292
0.251365
3.0889
0.85912
-1.74562
-1.30427
0.760035
1.36065
0.0394936
-1.09966
-0.610724
0.607356
0.864937
-0.0206038
-0.778979
-0.456698
0.399911
0.674593
0.0850487
-0.550914
-0.461666
0.173273
0.549856
0.246288
-0.317568
-0.472259
-0.076865
0.376019
0.374446
-0.0378708
-0.379486
-0.289022
0.104824
0.356673
0.224256
-0.130034
-0.329645
-0.180141
0.12757
0.297541
0.16618
-0.116708
-0.258027
-0.168726
0.0816513
0.235836
0.15981
-0.024004
-0.201924
-0.17775
-0.00354926
0.12833
0.191329
0.0627856
-0.1001
-0.134526
-0.128764
0.025117
0.138029
0.0911742
0.0725948
-0.0640287
-0.140664
-0.0395865
99.9843
100.026
100.038
99.9345
99.9356
100.103
100.099
99.8645
99.8561
100.161
100.203
99.8269
99.7215
100.166
100.371
99.8706
99.5226
100.051
100.593
100.086
99.2948
99.7003
100.794
100.618
99.1716
98.9186
100.752
101.78
99.55
97.0346
99.5363
105.597
104.24
84.8983
49.9886
15.1827
-4.14887
-5.77757
0.178106
3.11874
0.947899
-1.72701
-1.38493
0.696038
1.40544
0.130043
-1.08888
-0.697333
0.544121
0.908819
0.0746886
-0.761836
-0.538374
0.323869
0.703746
0.181734
-0.508873
-0.526282
0.0809833
0.544025
0.332254
-0.241334
-0.496993
-0.172225
0.32026
0.420507
0.0594305
-0.342756
-0.348713
0.0115161
0.330919
0.2944
-0.044408
-0.308398
-0.251748
0.0411222
0.284091
0.226634
-0.0260073
-0.23937
-0.229319
0.00562252
0.192841
0.215375
0.0544501
-0.16396
-0.190326
-0.0942196
0.0787633
0.201475
0.103381
-0.00996858
-0.127099
-0.171621
-0.0139025
0.0620966
0.115705
0.131804
-0.0440938
-0.0771008
99.9918
99.9806
100.051
100.033
99.9067
99.9465
100.134
100.083
99.8293
99.8733
100.201
100.187
99.7804
99.7342
100.219
100.365
99.8128
99.5175
100.112
100.612
100.026
99.2591
99.7533
100.847
100.579
99.1041
98.9373
100.828
101.789
99.4739
96.9969
99.5988
105.663
104.203
84.8158
49.9873
15.2681
-4.10811
-5.84238
0.101441
3.1464
1.03899
-1.70351
-1.46487
0.626166
1.44563
0.22356
-1.0694
-0.782397
0.473135
0.944053
0.17346
-0.732948
-0.614834
0.238798
0.719631
0.278683
-0.452688
-0.579386
-0.0172777
0.520174
0.410597
-0.153382
-0.502593
-0.263354
0.246534
0.448663
0.155873
-0.28457
-0.389153
-0.0874658
0.284673
0.342576
0.0496081
-0.261864
-0.307063
-0.0462913
0.237661
0.270709
0.0697995
-0.199667
-0.256188
-0.0822365
0.129931
0.247279
0.116043
-0.0878139
-0.185769
-0.171547
0.0279869
0.159419
0.142388
0.0798486
-0.10987
-0.157879
-0.0699265
-0.0238945
0.133349
0.132897
0.00635321
100.011
99.9676
99.9871
100.076
100.019
99.8811
99.9666
100.162
100.059
99.7969
99.8996
100.239
100.161
99.7352
99.7562
100.271
100.351
99.7533
99.5204
100.176
100.624
99.9617
99.2283
99.812
100.897
100.533
99.0369
98.9613
100.906
101.793
99.3946
96.9608
99.6644
105.73
104.164
84.7317
49.9857
15.3558
-4.06547
-5.90723
0.0213253
3.1717
1.13226
-1.67503
-1.54359
0.550381
1.48089
0.319367
-1.04083
-0.865154
0.394941
0.969681
0.274546
-0.692251
-0.684507
0.146049
0.721105
0.373881
-0.383539
-0.618565
-0.119061
0.478423
0.478357
-0.0572653
-0.486957
-0.347254
0.158804
0.456128
0.245696
-0.205761
-0.40983
-0.182702
0.217992
0.364816
0.14734
-0.197844
-0.334645
-0.131662
0.162839
0.297327
0.152381
-0.132728
-0.252234
-0.171636
0.062843
0.236846
0.165012
0.0111946
-0.171097
-0.206617
-0.0342892
0.0813503
0.178553
0.13347
-0.0628824
-0.102537
-0.138414
-0.0783217
0.11398
0.0875368
100.013
100.004
99.9462
100.003
100.096
99.9963
99.8604
99.9952
100.185
100.026
99.7693
99.9346
100.273
100.126
99.6929
99.7873
100.323
100.327
99.6934
99.5318
100.242
100.63
99.8931
99.2032
99.8763
100.943
100.482
98.9704
98.9909
100.986
101.794
99.3122
96.9268
99.7328
105.797
104.122
84.6458
49.9838
15.4458
-4.02098
-5.97198
-0.0622507
3.19443
1.22763
-1.64154
-1.62055
0.468617
1.51094
0.416709
-1.00283
-0.944779
0.310111
0.984925
0.376599
-0.639838
-0.745822
0.0470368
0.707563
0.464924
-0.302709
-0.641838
-0.221845
0.420091
0.531845
0.044194
-0.449943
-0.420501
0.0622706
0.439486
0.325934
-0.111587
-0.408896
-0.265376
0.130494
0.363507
0.237475
-0.120378
-0.327442
-0.214589
0.0746569
0.296964
0.212839
-0.0379846
-0.229605
-0.239103
-0.0062862
0.179899
0.208938
0.10095
-0.135882
-0.191798
-0.114343
0.00321519
0.188205
0.140805
0.0243172
-0.0441039
-0.185864
-0.087603
0.0375863
99.9955
100.032
99.987
99.9306
100.027
100.109
99.9662
99.8468
100.031
100.201
99.9864
99.7484
99.9774
100.302
100.083
99.6553
99.8273
100.371
100.294
99.6344
99.5522
100.31
100.627
99.8211
99.1842
99.9457
100.986
100.425
98.9051
99.0263
101.066
101.791
99.2267
96.8949
99.8042
105.865
104.078
84.5585
49.9813
15.5382
-3.97464
-6.0365
-0.14927
3.21432
1.32505
-1.6031
-1.69511
0.380778
1.5356
0.514739
-0.955142
-1.02041
0.219243
0.989271
0.477984
-0.575782
-0.797495
-0.0565182
0.678809
0.549057
-0.211265
-0.648425
-0.322109
0.346534
0.567806
0.148547
-0.393952
-0.477759
-0.0394925
0.398013
0.39409
-0.010703
-0.381602
-0.33228
0.0275867
0.341507
0.305992
-0.0278701
-0.290278
-0.287204
-0.0123789
0.257532
0.255839
0.0681727
-0.193399
-0.263062
-0.0861123
0.0966507
0.239635
0.155485
-0.0629475
-0.14847
-0.193431
-0.0481436
0.142408
0.124784
0.12835
-0.0109462
-0.170441
-0.0763235
99.986
100.012
100.044
99.9638
99.9231
100.056
100.114
99.931
99.8422
100.072
100.208
99.9407
99.7361
100.027
100.322
100.033
99.6241
99.8757
100.415
100.253
99.5777
99.5816
100.378
100.615
99.7464
99.1721
100.02
101.024
100.362
98.8415
99.0675
101.147
101.784
99.1381
96.8655
99.8784
105.934
104.03
84.4697
49.9782
15.6332
-3.92647
-6.1007
-0.239663
3.23108
1.42453
-1.55987
-1.76655
0.286722
1.55478
0.612504
-0.897526
-1.09126
0.123042
0.982381
0.576892
-0.500134
-0.83873
-0.162286
0.634529
0.62396
-0.110717
-0.638358
-0.415393
0.258341
0.585162
0.251701
-0.321718
-0.513507
-0.144831
0.335966
0.444248
0.0904324
-0.325149
-0.384279
-0.0776179
0.295595
0.346457
0.0782635
-0.235627
-0.331872
-0.0959457
0.179957
0.287335
0.15788
-0.133692
-0.243621
-0.176099
0.0180242
0.231504
0.176291
0.0450231
-0.106993
-0.231124
-0.0778414
0.040377
0.116735
0.196972
0.00473763
-0.0817493
99.9972
99.9759
100.034
100.047
99.9368
99.9252
100.088
100.109
99.8931
99.8477
100.115
100.205
99.8914
99.7336
100.081
100.333
99.976
99.6008
99.9316
100.452
100.202
99.5246
99.6201
100.445
100.595
99.6699
99.1674
100.098
101.057
100.294
98.78
99.1147
101.228
101.773
99.0465
96.839
99.9552
106.004
103.98
84.3797
49.9743
15.7308
-3.87646
-6.16454
-0.333312
3.24434
1.52614
-1.51209
-1.83411
0.18632
1.56843
0.709061
-0.82984
-1.15653
0.0223504
0.963922
0.671675
-0.413315
-0.86878
-0.267746
0.57438
0.688152
-0.00381391
-0.611155
-0.498021
0.156618
0.584523
0.347339
-0.233832
-0.525964
-0.250074
0.259244
0.468115
0.190805
-0.245042
-0.418344
-0.172382
0.219669
0.364042
0.184159
-0.169488
-0.334192
-0.182435
0.0846557
0.298504
0.213705
-0.0392502
-0.203351
-0.251859
-0.0421412
0.16545
0.187378
0.152245
-0.0749201
-0.198151
-0.114145
-0.0757589
0.12059
0.188504
0.0381903
100.012
99.9763
99.9759
100.058
100.04
99.9091
99.9377
100.12
100.093
99.8556
99.8641
100.159
100.191
99.8408
99.7421
100.137
100.334
99.9147
99.5867
99.994
100.483
100.144
99.4766
99.6676
100.51
100.566
99.5925
99.1705
100.181
101.083
100.22
98.7211
99.1682
101.309
101.758
98.9518
96.8156
100.035
106.075
103.927
84.2887
49.9696
15.8311
-3.82451
-6.22804
-0.429994
3.25361
1.63007
-1.46007
-1.89697
0.0794675
1.57643
0.803587
-0.752219
-1.21525
-0.0821034
0.933743
0.760792
-0.316308
-0.886434
-0.371012
0.49899
0.740013
0.106096
-0.565624
-0.568398
0.0452786
0.565092
0.430085
-0.130535
-0.517513
-0.34646
0.169348
0.462201
0.28933
-0.152964
-0.423874
-0.254285
0.116927
0.364961
0.268107
-0.0847925
-0.298596
-0.268619
-0.00375953
0.267733
0.243417
0.0789333
-0.162424
-0.277561
-0.0986565
0.0559775
0.203367
0.210926
-0.0273718
-0.108504
-0.17079
-0.147661
0.101907
0.111332
100.009
100.01
99.9551
99.9861
100.081
100.023
99.8843
99.9605
100.149
100.067
99.8211
99.8915
100.201
100.165
99.7913
99.7621
100.195
100.324
99.8506
99.583
100.061
100.504
100.078
99.435
99.7236
100.572
100.528
99.5152
99.1819
100.266
101.104
100.142
98.6652
99.2279
101.39
101.738
98.854
96.7957
100.116
106.147
103.87
84.1967
49.9639
15.934
-3.77049
-6.2913
-0.529367
3.25828
1.73659
-1.4043
-1.95419
-0.0339367
1.57866
0.895339
-0.665151
-1.26604
-0.189953
0.89235
0.842262
-0.210137
-0.890443
-0.470836
0.410629
0.776491
0.217033
-0.502198
-0.625175
-0.0696703
0.523603
0.498936
-0.016838
-0.489231
-0.424385
0.0640007
0.432167
0.376356
-0.055917
-0.391983
-0.328463
0.00554555
0.342733
0.318511
0.0249047
-0.245604
-0.330667
-0.0794893
0.185093
0.266417
0.182977
-0.114084
-0.238967
-0.171566
-0.0500776
0.203552
0.201861
0.0618609
-0.0150256
-0.217132
-0.148521
0.0221605
99.9936
100.028
99.9986
99.9376
100.006
100.098
99.9963
99.8654
99.9924
100.172
100.031
99.7928
99.9291
100.237
100.129
99.7456
99.7935
100.251
100.302
99.7857
99.5905
100.132
100.516
100.007
99.401
99.7877
100.629
100.48
99.4391
99.2018
100.354
101.117
100.059
98.6128
99.294
101.469
101.714
98.753
96.7798
100.2
106.22
103.81
84.1039
49.9572
16.0396
-3.71421
-6.3545
-0.630986
3.25767
1.84608
-1.34538
-2.00476
-0.154034
1.57516
0.983499
-0.569201
-1.30758
-0.300947
0.840843
0.913526
-0.0951961
-0.880762
-0.56521
0.311741
0.794279
0.328512
-0.42454
-0.664389
-0.184404
0.458645
0.554964
0.0971297
-0.436827
-0.481583
-0.0537943
0.385927
0.43613
0.0495751
-0.328676
-0.392493
-0.0942469
0.281985
0.344576
0.145247
-0.189039
-0.340762
-0.15788
0.0735614
0.2837
0.236416
-0.0327546
-0.163774
-0.250136
-0.110494
0.148224
0.155428
0.176672
0.0335834
-0.197622
-0.108373
99.9881
100.006
100.042
99.9786
99.9271
100.033
100.107
99.9628
99.8553
100.032
100.185
99.9877
99.773
99.9756
100.265
100.082
99.706
99.8361
100.302
100.268
99.7221
99.6099
100.205
100.517
99.9305
99.3759
99.8591
100.68
100.424
99.3652
99.2304
100.443
101.123
99.9714
98.5642
99.3667
101.546
101.685
98.6489
96.7682
100.286
106.295
103.746
84.0103
49.9496
16.1477
-3.65536
-6.41796
-0.734355
3.25106
1.95891
-1.28383
-2.04785
-0.280798
1.56584
1.06733
-0.464864
-1.33894
-0.414328
0.779884
0.972596
0.0279493
-0.858146
-0.650964
0.203113
0.792575
0.43852
-0.336546
-0.680872
-0.298961
0.374923
0.594759
0.204051
-0.355935
-0.522969
-0.170611
0.322015
0.461446
0.167247
-0.252011
-0.428623
-0.179979
0.180132
0.361886
0.243399
-0.118238
-0.297854
-0.249244
-0.0248571
0.267049
0.240747
0.0892278
-0.0992061
-0.288443
-0.129465
0.0263772
0.124711
0.256336
0.040632
-0.0898955
99.9993
99.9769
100.025
100.047
99.9532
99.9262
100.064
100.106
99.9252
99.8561
100.075
100.188
99.9384
99.7642
100.029
100.284
100.027
99.6751
99.8888
100.348
100.223
99.662
99.6412
100.278
100.506
99.8506
99.3608
99.937
100.725
100.359
99.2946
99.2678
100.534
101.12
99.8807
98.52
99.4458
101.622
101.652
98.5416
96.7613
100.373
106.371
103.677
83.9161
49.941
16.258
-3.59343
-6.48211
-0.838826
3.23756
2.07546
-1.22002
-2.08282
-0.413763
1.55002
1.14665
-0.353162
-1.35893
-0.529063
0.709393
1.01881
0.156975
-0.821903
-0.7258
0.0852996
0.77285
0.541425
-0.237981
-0.673687
-0.411658
0.279515
0.609471
0.305456
-0.251991
-0.548497
-0.27193
0.230672
0.461478
0.284813
-0.171263
-0.418171
-0.265776
0.0605277
0.364929
0.297069
-0.0119144
-0.233051
-0.330781
-0.0905651
0.185885
0.233662
0.215245
-0.0604282
-0.244085
-0.153246
-0.117291
0.124899
0.24377
0.0623106
100.011
99.9811
99.9752
100.047
100.042
99.9261
99.9362
100.097
100.093
99.8867
99.8691
100.12
100.178
99.8866
99.7679
100.087
100.29
99.966
99.655
99.9502
100.384
100.167
99.6076
99.6844
100.348
100.483
99.769
99.3563
100.02
100.761
100.286
99.2285
99.3141
100.625
101.11
99.787
98.4803
99.5316
101.694
101.616
98.431
96.7596
100.461
106.449
103.605
83.8212
49.9316
16.3702
-3.52784
-6.54747
-0.943528
3.21613
2.19613
-1.1545
-2.109
-0.552146
1.5267
1.22177
-0.236151
-1.36542
-0.644771
0.630021
1.05169
0.288031
-0.769386
-0.790309
-0.0375583
0.734715
0.63152
-0.126568
-0.647881
-0.513064
0.173386
0.594479
0.404366
-0.140091
-0.545367
-0.356517
0.111996
0.448218
0.375455
-0.0751817
-0.365343
-0.354498
-0.0441307
0.32428
0.317364
0.123801
-0.176622
-0.354913
-0.145376
0.0508613
0.241408
0.282017
-0.011908
-0.126545
-0.209642
-0.206048
0.107931
0.139413
100.007
100.011
99.9615
99.984
100.069
100.026
99.9013
99.9574
100.126
100.068
99.8512
99.8946
100.163
100.154
99.8355
99.7851
100.146
100.283
99.9007
99.6474
100.018
100.41
100.102
99.5611
99.739
100.415
100.448
99.6873
99.3634
100.108
100.788
100.205
99.1679
99.3691
100.715
101.09
99.6909
98.4457
99.6239
101.763
101.575
98.3173
96.7634
100.551
106.529
103.528
83.7255
49.9218
16.4838
-3.45809
-6.61462
-1.04757
3.1859
2.32134
-1.08795
-2.12577
-0.695258
1.49534
1.29291
-0.116141
-1.35619
-0.76196
0.544292
1.0693
0.41871
-0.699469
-0.846024
-0.15824
0.674188
0.708867
-0.00569956
-0.607589
-0.591515
0.0512186
0.557883
0.492569
-0.0301313
-0.501016
-0.435254
-0.0124291
0.416586
0.423921
0.0494151
-0.29912
-0.419192
-0.125007
0.223347
0.335103
0.241724
-0.12313
-0.299833
-0.221868
-0.0761498
0.241738
0.25953
0.0862084
-0.00747548
-0.263332
-0.196172
0.0191297
99.9941
100.024
100
99.9452
100.003
100.086
100
99.8827
99.9887
100.149
100.033
99.8224
99.9318
100.2
100.118
99.7887
99.816
100.203
100.262
99.8342
99.6535
100.091
100.424
100.029
99.5245
99.8039
100.475
100.401
99.6073
99.3825
100.198
100.806
100.118
99.114
99.4328
100.804
101.061
99.593
98.4165
99.7228
101.828
101.53
98.2004
96.773
100.642
106.609
103.447
83.6288
49.9119
16.5985
-3.38357
-6.68421
-1.15039
3.14639
2.45122
-1.02052
-2.13303
-0.842456
1.45565
1.35981
0.00592527
-1.3307
-0.880163
0.454124
1.06948
0.549225
-0.61496
-0.89082
-0.273453
0.589086
0.77701
0.114814
-0.548458
-0.646086
-0.0867899
0.511052
0.553126
0.084936
-0.422764
-0.510515
-0.118457
0.346421
0.446183
0.189606
-0.239956
-0.426123
-0.207886
0.0902683
0.358964
0.296883
-0.0352193
-0.205239
-0.316101
-0.139299
0.182767
0.194948
0.222709
0.0428093
-0.246135
-0.13532
99.9896
100.005
100.037
99.981
99.9361
100.029
100.094
99.9672
99.8737
100.028
100.161
99.9891
99.8036
99.9788
100.228
100.071
99.7494
99.8598
100.255
100.227
99.7698
99.6742
100.165
100.424
99.9509
99.4996
99.878
100.527
100.343
99.5309
99.4139
100.29
100.812
100.025
99.0676
99.5048
100.89
101.022
99.4939
98.3931
99.828
101.888
101.481
98.0804
96.7888
100.734
106.691
103.362
83.5307
49.9024
16.7136
-3.30335
-6.75679
-1.2516
3.09705
2.58535
-0.951276
-2.13153
-0.992015
1.40602
1.42259
0.129641
-1.2895
-0.996297
0.357699
1.05314
0.677683
-0.518333
-0.919091
-0.386589
0.484932
0.831906
0.22947
-0.463044
-0.685843
-0.226108
0.44929
0.579062
0.215401
-0.332915
-0.560303
-0.208779
0.23007
0.466359
0.306843
-0.167828
-0.374376
-0.315126
-0.0243922
0.349219
0.297584
0.108896
-0.132061
-0.370442
-0.155234
0.0381828
0.163096
0.326684
0.042511
-0.118899
99.999
99.9801
100.023
100.04
99.9568
99.9371
100.059
100.09
99.9303
99.877
100.071
100.161
99.9397
99.7975
100.033
100.244
100.014
99.7209
99.9151
100.298
100.179
99.7105
99.7094
100.238
100.409
99.869
99.4877
99.9596
100.569
100.273
99.4599
99.4574
100.381
100.808
99.9265
99.0297
99.5847
100.973
100.974
99.3944
98.3759
99.9393
101.943
101.428
97.9574
96.8108
100.828
106.775
103.272
83.4309
49.8935
16.8285
-3.21648
-6.83285
-1.35025
3.03704
2.72313
-0.879594
-2.12198
-1.14092
1.34358
1.48262
0.252121
-1.23151
-1.10694
0.252424
1.02426
0.79595
-0.406613
-0.929452
-0.498289
0.371247
0.859676
0.343886
-0.356809
-0.711379
-0.347984
0.354739
0.583652
0.346883
-0.241157
-0.556449
-0.30662
0.0957533
0.474135
0.371561
-0.0470928
-0.30265
-0.414895
-0.0989337
0.255713
0.292831
0.262205
-0.0914019
-0.317677
-0.187666
-0.139316
0.170191
0.310863
0.0741867
100.009
99.9821
99.9804
100.044
100.033
99.9316
99.9498
100.09
100.074
99.8937
99.8937
100.115
100.147
99.8887
99.8061
100.091
100.245
99.9515
99.706
99.9795
100.33
100.118
99.6596
99.7586
100.307
100.379
99.7866
99.4902
100.047
100.599
100.194
99.3964
99.5129
100.471
100.791
99.825
99.0012
99.672
101.051
100.917
99.295
98.3653
100.056
101.993
101.372
97.8321
96.8392
100.922
106.859
103.179
83.3294
49.8857
16.9423
-3.12284
-6.91276
-1.44545
2.96611
2.86427
-0.806052
-2.10467
-1.28703
1.26723
1.54154
0.368797
-1.1543
-1.21247
0.140886
0.985055
0.896273
-0.275354
-0.929214
-0.598632
0.250288
0.853635
0.464754
-0.249861
-0.706899
-0.451479
0.226245
0.584765
0.443985
-0.131895
-0.505477
-0.416631
-0.0117748
0.42972
0.39966
0.11182
-0.252495
-0.441174
-0.161703
0.0972685
0.315629
0.333248
-0.0382176
-0.174287
-0.265009
-0.234216
0.153521
0.174303
100.007
100.007
99.9649
99.9913
100.063
100.014
99.9103
99.974
100.115
100.046
99.8621
99.9238
100.154
100.118
99.8405
99.8301
100.148
100.231
99.8859
99.7066
100.05
100.348
100.048
99.62
99.8208
100.369
100.335
99.7061
99.5078
100.137
100.616
100.107
99.3421
99.58
100.557
100.761
99.7213
98.9828
99.7664
101.124
100.85
99.1963
98.3623
100.179
102.038
101.311
97.7046
96.8744
101.017
106.944
103.083
83.2259
49.8798
17.0555
-3.02253
-6.99672
-1.53778
2.88527
3.00834
-0.730304
-2.08022
-1.43056
1.1783
1.59875
0.479441
-1.05816
-1.31496
0.0281287
0.932305
0.981489
-0.127548
-0.92337
-0.677861
0.113907
0.826211
0.584682
-0.151017
-0.659866
-0.555676
0.0905246
0.576422
0.495101
0.0142794
-0.449691
-0.50752
-0.0888006
0.317081
0.440534
0.249025
-0.2144
-0.379331
-0.263849
-0.0388168
0.341397
0.300848
0.0816287
-0.0528867
-0.350674
-0.205073
0.0505082
99.9961
100.022
99.9948
99.9523
100.012
100.075
99.9868
99.8971
100.008
100.132
100.007
99.8397
99.9656
100.185
100.075
99.7994
99.869
100.201
100.2
99.8218
99.7238
100.123
100.35
99.9708
99.5942
99.8939
100.421
100.276
99.6305
99.5408
100.229
100.619
100.012
99.2986
99.6578
100.638
100.719
99.6167
98.9751
99.8676
101.19
100.774
99.0986
98.367
100.306
102.076
101.245
97.575
96.9163
101.113
107.029
102.982
83.1194
49.8758
17.1679
-2.91467
-7.0844
-1.62886
2.79544
3.15322
-0.648902
-2.05034
-1.57047
1.07621
1.65123
0.588808
-0.94746
-1.40925
-0.0880552
0.862522
1.05826
0.0264877
-0.900368
-0.741355
-0.0404581
0.788786
0.683366
-0.0401157
-0.581221
-0.664294
-0.0303499
0.524888
0.531067
0.184933
-0.404929
-0.538564
-0.186814
0.170276
0.500457
0.321837
-0.119259
-0.287703
-0.405129
-0.105011
0.286244
0.248647
0.269038
-0.0169371
-0.349277
-0.156503
99.9905
100.008
100.03
99.9752
99.9485
100.038
100.076
99.9536
99.8957
100.048
100.136
99.9615
99.8303
100.016
100.203
100.022
99.7696
99.9211
100.245
100.154
99.7633
99.7577
100.195
100.335
99.8901
99.5841
99.9756
100.46
100.205
99.5624
99.5888
100.319
100.608
99.9133
99.2673
99.7451
100.713
100.664
99.5129
98.978
99.9746
101.248
100.69
99.0024
98.3797
100.437
102.109
101.175
97.4437
96.9643
101.211
107.114
102.878
83.0097
49.8733
17.2784
-2.79811
-7.17515
-1.71816
2.69611
3.29579
-0.558998
-2.01706
-1.70085
0.956824
1.69806
0.696519
-0.826182
-1.48331
-0.215715
0.78206
1.11877
0.180075
-0.844294
-0.801929
-0.192268
0.727293
0.749577
0.0998793
-0.49693
-0.738739
-0.147126
0.414482
0.576733
0.326082
-0.327298
-0.504152
-0.330068
0.0471431
0.502241
0.343782
0.0640987
-0.224982
-0.482539
-0.139816
0.100876
0.2438
0.406629
-0.00499777
-0.178333
99.997
99.9852
100.026
100.028
99.9526
99.9559
100.066
100.065
99.9192
99.9082
100.089
100.125
99.9132
99.8364
100.071
100.205
99.962
99.7547
99.9833
100.276
100.094
99.7148
99.8075
100.261
100.303
99.8097
99.5912
100.063
100.484
100.123
99.5049
99.6512
100.404
100.581
99.8115
99.2497
99.8404
100.779
100.597
99.412
98.9922
100.086
101.297
100.598
98.9085
98.4012
100.571
102.135
101.101
97.3119
97.0187
101.31
107.2
102.772
82.8984
49.8724
17.3865
-2.67414
-7.26882
-1.80353
2.58737
3.43555
-0.463087
-1.98134
-1.81705
0.818864
1.7436
0.793624
-0.693679
-1.53492
-0.354855
0.704389
1.14595
0.338508
-0.764527
-0.859103
-0.315398
0.620676
0.801419
0.243101
-0.419194
-0.742753
-0.285601
0.291751
0.60975
0.396976
-0.179412
-0.459365
-0.455616
-0.0216992
0.388077
0.371294
0.240145
-0.201477
-0.405787
-0.203796
-0.101845
0.275234
0.357749
0.0541985
100.007
99.9814
99.9903
100.044
100.015
99.9321
99.9752
100.091
100.041
99.8891
99.9347
100.126
100.099
99.8675
99.859
100.126
100.191
99.8992
99.7572
100.052
100.29
100.025
99.6799
99.8715
100.318
100.253
99.7333
99.6164
100.152
100.491
100.032
99.4604
99.727
100.483
100.538
99.7094
99.2473
99.9425
100.836
100.518
99.3156
99.0183
100.203
101.336
100.499
98.8176
98.433
100.707
102.155
101.022
97.1806
97.0805
101.409
107.285
102.66
82.7859
49.8737
17.4943
-2.54537
-7.36537
-1.88701
2.47197
3.57451
-0.363604
-1.94249
-1.92435
0.66767
1.78971
0.878245
-0.546828
-1.57718
-0.495079
0.628498
1.14215
0.511215
-0.687133
-0.896761
-0.420806
0.477116
0.865411
0.351243
-0.324617
-0.706204
-0.450596
0.212051
0.588634
0.443177
0.00860422
-0.464077
-0.495776
-0.0892931
0.221537
0.458409
0.30346
-0.160497
-0.25952
-0.342153
-0.165296
0.285981
0.205906
100.008
100
99.9683
100.005
100.056
99.9922
99.919
100.005
100.107
100.006
99.8682
99.9737
100.154
100.058
99.8296
99.8977
100.175
100.158
99.8389
99.7782
100.122
100.286
99.9483
99.6617
99.9468
100.361
100.189
99.6648
99.6596
100.24
100.48
99.9362
99.431
99.8147
100.552
100.48
99.6088
99.2606
100.05
100.881
100.426
99.2247
99.0561
100.323
101.363
100.393
98.7291
98.4755
100.845
102.168
100.936
97.0488
97.1496
101.511
107.369
102.544
82.6699
49.877
17.6041
-2.41073
-7.46311
-1.97467
2.35222
3.71004
-0.254362
-1.89943
-2.02888
0.507023
1.82577
0.963975
-0.387882
-1.61166
-0.63063
0.532147
1.1292
0.688898
-0.605827
-0.901162
-0.546821
0.326736
0.919875
0.433726
-0.175788
-0.684381
-0.60327
0.140185
0.496595
0.542586
0.176269
-0.465786
-0.464523
-0.251005
0.0949347
0.548266
0.294939
0.00793444
-0.182333
-0.508794
-0.140193
0.149333
99.9993
100.018
99.9855
99.9626
100.028
100.059
99.9631
99.9172
100.041
100.11
99.9636
99.8608
100.021
100.169
100.007
99.8046
99.9498
100.213
100.11
99.7862
99.8173
100.189
100.263
99.8702
99.6622
100.03
100.389
100.111
99.6077
99.7194
100.323
100.452
99.8374
99.4179
99.9118
100.61
100.408
99.5121
99.2893
100.161
100.915
100.324
99.1408
99.1045
100.447
101.378
100.281
98.6427
98.5279
100.985
102.176
100.845
96.916
97.2244
101.615
107.455
102.425
82.5494
49.8803
17.7129
-2.26661
-7.5595
-2.06592
2.22654
3.83366
-0.128451
-1.85403
-2.12048
0.333236
1.84027
1.05746
-0.229631
-1.61238
-0.76761
0.409368
1.11127
0.837497
-0.481544
-0.880986
-0.683962
0.186183
0.900176
0.529976
0.00582788
-0.662138
-0.677847
-0.0049516
0.367375
0.654058
0.280586
-0.338876
-0.416025
-0.460168
0.0193825
0.472624
0.304089
0.277556
-0.160982
-0.496398
-0.163187
99.992
100.013
100.019
99.9664
99.9676
100.052
100.049
99.9327
99.9293
100.078
100.098
99.9194
99.8696
100.073
100.167
99.9491
99.7962
100.011
100.236
100.048
99.7465
99.8726
100.247
100.221
99.7957
99.6826
100.115
100.397
100.024
99.5658
99.7939
100.397
100.405
99.7403
99.4227
100.015
100.653
100.323
99.4229
99.3335
100.272
100.936
100.213
99.0664
99.163
100.571
101.381
100.167
98.5604
98.5904
101.122
102.179
100.751
96.7848
97.305
101.717
107.543
102.303
82.4296
49.8828
17.8175
-2.11555
-7.65544
-2.15188
2.09361
3.94477
0.00680982
-1.81132
-2.18508
0.143625
1.8445
1.14227
-0.0832804
-1.56587
-0.914353
0.296988
1.06681
0.942688
-0.311388
-0.869842
-0.766591
0.04517
0.805501
0.648019
0.128577
-0.578835
-0.67405
-0.204484
0.287589
0.652545
0.328273
-0.108756
-0.409939
-0.525153
-0.0321962
0.232005
0.35912
0.395359
-0.138579
-0.241494
99.9945
99.9931
100.029
100.01
99.9488
99.9842
100.073
100.027
99.907
99.9554
100.11
100.07
99.8794
99.8957
100.122
100.146
99.8911
99.8072
100.077
100.239
99.9783
99.7242
99.9413
100.291
100.161
99.7299
99.7233
100.199
100.385
99.9318
99.5424
99.881
100.458
100.341
99.6482
99.447
100.122
100.68
100.227
99.3442
99.3941
100.382
100.941
100.094
99.0041
99.233
100.694
101.368
100.05
98.484
98.6657
101.256
102.174
100.651
96.6584
97.3939
101.818
107.628
102.174
82.3137
49.8865
17.9239
-1.96515
-7.754
-2.23369
1.957
4.05591
0.140419
-1.77027
-2.23566
-0.0565778
1.85807
1.20741
0.0642795
-1.5047
-1.06983
0.217443
0.985866
1.04901
-0.143263
-0.88119
-0.782812
-0.128306
0.729192
0.76054
0.172931
-0.425495
-0.705533
-0.364794
0.283787
0.539633
0.425106
0.0530876
-0.473456
-0.427806
-0.141565
0.0759277
0.4838
0.283287
-0.0627455
100.003
99.982
100.004
100.039
99.9906
99.9383
100.011
100.085
99.9941
99.8915
99.9934
100.131
100.029
99.8495
99.9377
100.162
100.107
99.8387
99.8381
100.141
100.222
99.9046
99.7221
100.019
100.317
100.087
99.6772
99.7831
100.276
100.351
99.8377
99.5393
99.9781
100.503
100.26
99.5638
99.4911
100.231
100.689
100.119
99.2771
99.4709
100.489
100.929
99.9676
98.9536
99.3153
100.818
101.339
99.9281
98.4125
98.7553
101.389
102.161
100.541
96.5341
97.4923
101.923
107.71
102.036
82.1945
49.8925
18.0397
-1.81338
-7.85191
-2.32785
1.81941
4.16833
0.281752
-1.71851
-2.29703
-0.260553
1.86228
1.27184
0.237036
-1.45367
-1.21458
0.1194
0.883888
1.19043
0.003128
-0.855029
-0.808524
-0.349563
0.699651
0.822537
0.26625
-0.238314
-0.819347
-0.459246
0.204495
0.427096
0.643843
0.116908
-0.458208
-0.366563
-0.413197
0.073919
0.555445
0.222271
100.008
99.9921
99.9762
100.022
100.041
99.9656
99.9392
100.042
100.084
99.9554
99.8905
100.039
100.138
99.9783
99.8347
99.9916
100.189
100.053
99.7978
99.8869
100.198
100.184
99.8336
99.7413
100.101
100.323
100.003
99.6412
99.8588
100.343
100.298
99.7464
99.5564
100.081
100.531
100.167
99.4897
99.5529
100.338
100.681
100.004
99.2226
99.561
100.593
100.904
99.8351
98.9136
99.4072
100.942
101.297
99.8033
98.3428
98.8563
101.522
102.144
100.425
96.4074
97.5962
102.033
107.797
101.895
82.0656
49.8964
18.1568
-1.64839
-7.94107
-2.43604
1.67743
4.25831
0.447361
-1.65237
-2.35361
-0.464212
1.81511
1.35162
0.414916
-1.37355
-1.32114
-0.0438186
0.781267
1.29518
0.161279
-0.730275
-0.873792
-0.546163
0.604905
0.794889
0.468111
-0.0679747
-0.841989
-0.508755
-0.0606
0.348807
0.784038
0.189259
-0.18502
-0.386052
-0.657595
0.0277825
0.302838
100.003
100.011
99.9766
99.9805
100.042
100.031
99.9404
99.9536
100.074
100.067
99.9172
99.9062
100.084
100.126
99.9249
99.8385
100.051
100.197
99.9898
99.774
99.9498
100.24
100.129
99.772
99.7813
100.179
100.307
99.9146
99.6257
99.9456
100.393
100.228
99.6642
99.5938
100.184
100.539
100.065
99.4303
99.6302
100.437
100.655
99.8854
99.1838
99.6607
100.69
100.863
99.7027
98.8861
99.5053
101.06
101.244
99.6815
98.2772
98.9655
101.649
102.126
100.308
96.2826
97.7026
102.137
107.89
101.754
81.9388
49.8955
18.2615
-1.47223
-8.02529
-2.53225
1.52951
4.31758
0.625148
-1.59438
-2.36555
-0.666935
1.73404
1.42962
0.541585
-1.22682
-1.40336
-0.208783
0.69444
1.28051
0.351122
-0.588121
-0.910468
-0.618071
0.390966
0.74164
0.621502
0.0141295
-0.651691
-0.546956
-0.296162
0.307958
0.625611
0.286824
0.117535
-0.401996
-0.527473
-0.0841509
99.9952
100.016
100.003
99.9627
99.9957
100.058
100.009
99.9215
99.9809
100.098
100.036
99.8865
99.9384
100.124
100.096
99.8759
99.8629
100.11
100.183
99.9224
99.7719
100.022
100.262
100.058
99.7264
99.8411
100.248
100.268
99.8283
99.634
100.039
100.423
100.142
99.5964
99.6525
100.282
100.524
99.9567
99.3905
99.723
100.525
100.61
99.7666
99.1658
99.77
100.774
100.805
99.5734
98.8761
99.6117
101.168
101.173
99.5637
98.2228
99.0867
101.762
102.099
100.186
96.171
97.8166
102.233
107.976
101.605
81.827
49.8962
18.3655
-1.30405
-8.11903
-2.60997
1.37995
4.38334
0.790169
-1.55668
-2.35003
-0.879403
1.68682
1.4882
0.631718
-1.05683
-1.52225
-0.298704
0.610624
1.22798
0.564593
-0.557993
-0.880886
-0.645351
0.165417
0.806207
0.622418
0.055566
-0.44202
-0.686418
-0.289004
0.295892
0.40678
0.461045
0.0892605
-0.440869
-0.249813
99.9929
100.003
100.025
99.9873
99.9564
100.019
100.064
99.9784
99.9146
100.018
100.108
99.994
99.8694
99.9844
100.15
100.049
99.8377
99.9067
100.162
100.148
99.8579
99.7931
100.097
100.262
99.978
99.7011
99.9178
100.301
100.207
99.7485
99.6671
100.136
100.429
100.043
99.5461
99.732
100.372
100.485
99.8444
99.3716
99.8315
100.6
100.544
99.6467
99.1697
99.8909
100.847
100.725
99.4443
98.8839
99.7315
101.268
101.083
99.4429
98.1803
99.2264
101.87
102.059
100.051
96.0693
97.9442
102.339
108.052
101.44
81.7134
49.903
18.4937
-1.1435
-8.21677
-2.70921
1.2276
4.47499
0.954336
-1.49856
-2.36729
-1.10979
1.65765
1.53469
0.782507
-0.914191
-1.66841
-0.379792
0.46448
1.26897
0.783837
-0.547316
-0.81066
-0.822614
-0.00557385
0.91556
0.603247
0.274572
-0.378372
-0.906201
-0.252432
0.107392
0.440705
0.763204
-0.0266268
-0.327135
99.9985
99.9875
100.018
100.024
99.9667
99.9615
100.046
100.056
99.9449
99.9231
100.058
100.102
99.9463
99.8698
100.038
100.159
99.9905
99.8161
99.9657
100.199
100.093
99.8028
99.8362
100.169
100.238
99.894
99.6979
100.006
100.337
100.128
99.6802
99.7221
100.231
100.412
99.9369
99.514
99.8276
100.452
100.426
99.7311
99.3717
99.9514
100.664
100.461
99.5268
99.1912
100.02
100.913
100.629
99.3149
98.9028
99.8624
101.365
100.979
99.3168
98.1396
99.3805
101.982
102.015
99.9021
95.9604
98.0785
102.461
108.134
101.271
81.5738
49.907
18.6309
-0.961426
-8.29159
-2.84619
1.0673
4.53495
1.14823
-1.38714
-2.40259
-1.32631
1.54091
1.57461
0.990671
-0.765842
-1.71396
-0.551114
0.246814
1.31775
0.938546
-0.347001
-0.70977
-1.06203
-0.161405
0.77342
0.647257
0.637856
-0.309366
-0.860306
-0.4013
-0.324866
0.49939
0.826882
0.16102
100.005
99.9858
99.9919
100.034
100.013
99.9479
99.9791
100.069
100.034
99.9157
99.9473
100.095
100.078
99.9014
99.8896
100.092
100.147
99.9289
99.8153
100.033
100.217
100.026
99.7647
99.8971
100.228
100.193
99.8154
99.7182
100.096
100.35
100.038
99.6298
99.7949
100.316
100.374
99.8313
99.5029
99.9322
100.517
100.35
99.6251
99.3907
100.074
100.71
100.367
99.4148
99.2283
100.148
100.968
100.523
99.1947
98.9287
99.9943
101.454
100.871
99.1977
98.0978
99.5371
102.086
101.979
99.7569
95.8472
98.2077
102.572
108.232
101.114
81.4306
49.9003
18.7347
-0.754042
-8.34857
-2.96244
0.907352
4.52176
1.35782
-1.28497
-2.37333
-1.49047
1.34079
1.61443
1.1003
-0.571143
-1.63127
-0.749313
0.1069
1.19901
0.984496
-0.0469873
-0.639422
-1.04653
-0.29169
0.425294
0.690997
0.71394
-0.147527
-0.480659
-0.558347
-0.489877
0.348085
0.399423
100.006
99.9996
99.9756
100.006
100.043
99.9915
99.9378
100.007
100.082
100
99.8984
99.9849
100.119
100.039
99.8677
99.9282
100.137
100.114
99.8725
99.8382
100.099
100.21
99.9521
99.7503
99.9712
100.268
100.127
99.7509
99.7634
100.181
100.336
99.9432
99.6046
99.8829
100.382
100.313
99.734
99.5186
100.042
100.556
100.259
99.5344
99.434
100.194
100.733
100.262
99.3203
99.2874
100.269
101.002
100.406
99.0946
98.9708
100.125
101.52
100.755
99.094
98.072
99.6969
102.163
101.94
99.6156
95.76
98.3373
102.66
108.324
100.951
81.3256
49.8955
18.8222
-0.563519
-8.43338
-3.0246
0.755732
4.51715
1.54624
-1.2592
-2.28902
-1.65361
1.20606
1.67805
1.08391
-0.354165
-1.62287
-0.868715
0.118838
0.991046
1.08253
0.0731393
-0.686438
-0.83714
-0.445894
0.320498
0.775078
0.460049
0.0253723
-0.357635
-0.666897
-0.153277
0.185986
100
100.013
99.9863
99.9737
100.026
100.041
99.9651
99.9413
100.04
100.079
99.9605
99.8982
100.031
100.126
99.9875
99.8516
99.9821
100.165
100.061
99.8287
99.8845
100.159
100.177
99.8785
99.7629
100.054
100.282
100.045
99.7057
99.8331
100.256
100.293
99.8468
99.6077
99.9849
100.426
100.227
99.6471
99.5636
100.156
100.569
100.148
99.4594
99.506
100.314
100.727
100.14
99.2426
99.3748
100.39
101.01
100.268
99.0099
99.0388
100.266
101.559
100.617
98.9922
98.0753
99.8757
102.224
101.876
99.4555
95.7035
98.4864
102.762
108.382
100.757
81.2313
49.9055
18.9623
-0.401347
-8.54398
-3.11333
0.590316
4.59744
1.72692
-1.2191
-2.25479
-1.90078
1.15392
1.73564
1.16216
-0.125187
-1.77216
-0.954969
0.034212
0.883421
1.37593
0.0807523
-0.670789
-0.833709
-0.786072
0.462758
0.844057
0.476161
0.344217
-0.667237
-0.814903
-0.0874514
99.9945
100.012
100.01
99.9707
99.9832
100.045
100.026
99.94
99.9599
100.072
100.059
99.9215
99.9169
100.078
100.112
99.932
99.8564
100.044
100.174
99.9949
99.8027
99.949
100.205
100.121
99.8118
99.8007
100.137
100.271
99.9525
99.6817
99.9213
100.317
100.226
99.7534
99.636
100.096
100.449
100.122
99.5708
99.6322
100.273
100.559
100.023
99.3959
99.6002
100.435
100.703
100.003
99.1731
99.4831
100.517
101.006
100.109
98.9274
99.1223
100.424
101.593
100.459
98.8766
98.087
100.078
102.299
101.796
99.27
95.6331
98.6525
102.906
108.44
100.555
81.0782
49.9142
19.14
-0.208988
-8.6051
-3.28929
0.396155
4.65255
1.93342
-1.03904
-2.2698
-2.15181
0.99315
1.69495
1.40887
0.1175
-1.78408
-1.06688
-0.324342
0.814894
1.57159
0.261219
-0.32557
-0.999708
-1.11308
0.319364
0.5752
0.858584
0.760278
-0.646673
-0.631822
99.9945
99.9989
100.023
99.9978
99.9594
100.003
100.058
100
99.9236
99.9911
100.093
100.024
99.8919
99.9524
100.117
100.079
99.8822
99.8824
100.105
100.16
99.9257
99.7991
100.023
100.231
100.051
99.7613
99.8586
100.212
100.237
99.8612
99.6814
100.017
100.358
100.144
99.6731
99.685
100.203
100.451
100.011
99.5116
99.7152
100.381
100.532
99.8977
99.3469
99.7044
100.546
100.667
99.8654
99.1147
99.5959
100.638
100.997
99.9484
98.8525
99.2
100.584
101.627
100.308
98.7618
98.0821
100.28
102.378
101.739
99.0889
95.5327
98.8062
103.04
108.542
100.383
80.895
49.9016
19.248
0.0385873
-8.60773
-3.44675
0.219362
4.5514
2.14564
-0.836626
-2.21299
-2.23521
0.67953
1.60213
1.53624
0.293319
-1.48389
-1.16199
-0.59522
0.657376
1.34268
0.545559
0.0300441
-0.938124
-0.960754
-0.120355
0.153394
0.936156
0.672731
-0.0966074
100
99.9872
100.011
100.026
99.9789
99.9586
100.028
100.058
99.9685
99.9224
100.029
100.099
99.9809
99.8801
99.9996
100.139
100.031
99.8485
99.928
100.152
100.123
99.8644
99.822
100.095
100.229
99.9731
99.7369
99.9323
100.264
100.18
99.783
99.7099
100.111
100.369
100.051
99.6185
99.7556
100.294
100.424
99.9022
99.4821
99.8108
100.467
100.48
99.7826
99.3271
99.8157
100.631
100.613
99.7396
99.0868
99.711
100.734
100.97
99.8002
98.8105
99.2769
100.724
101.631
100.175
98.6752
98.0868
100.462
102.414
101.702
98.9297
95.4681
98.939
103.116
108.652
100.217
80.7909
49.8871
19.2908
0.264192
-8.66839
-3.48366
0.091253
4.43063
2.34002
-0.823982
-2.07872
-2.24789
0.442089
1.66033
1.40685
0.399723
-1.25087
-1.28807
-0.448211
0.487563
1.09749
0.72522
-0.145031
-0.709203
-0.646544
-0.35515
0.337197
0.650117
0.205787
100.005
99.9894
99.9889
100.026
100.018
99.9598
99.9715
100.053
100.042
99.9381
99.9397
100.067
100.083
99.9358
99.8911
100.052
100.137
99.972
99.838
99.9895
100.179
100.063
99.8188
99.8724
100.159
100.196
99.8937
99.7442
100.019
100.289
100.098
99.7237
99.7705
100.199
100.345
99.9474
99.5949
99.8514
100.367
100.361
99.7941
99.4889
99.9257
100.526
100.393
99.6737
99.3455
99.9456
100.686
100.523
99.6168
99.1008
99.8468
100.806
100.899
99.6484
98.8075
99.386
100.855
101.582
100.027
98.6085
98.1497
100.647
102.409
101.624
98.7592
95.4801
99.0911
103.199
108.687
99.9976
80.744
49.9012
19.4281
0.421822
-8.81941
-3.52975
-0.0711396
4.49868
2.54972
-0.863374
-1.99177
-2.48382
0.357228
1.81877
1.35986
0.662476
-1.37042
-1.50295
-0.336642
0.285679
1.38648
0.908872
-0.41861
-0.573057
-1.01392
-0.458003
0.845567
0.547565
100.005
100.002
99.9792
100.001
100.037
99.9993
99.9471
99.9971
100.069
100.011
99.9162
99.974
100.096
100.047
99.8967
99.924
100.102
100.11
99.9112
99.8522
100.059
100.183
99.9886
99.7932
99.9446
100.21
100.136
99.8185
99.7802
100.112
100.288
99.9992
99.6834
99.8575
100.28
100.292
99.8364
99.5973
99.9683
100.425
100.269
99.684
99.523
100.06
100.57
100.277
99.5615
99.3903
100.098
100.73
100.403
99.481
99.1388
100.011
100.88
100.797
99.4705
98.8147
99.5326
101.006
101.513
99.8375
98.5237
98.2484
100.871
102.428
101.489
98.5465
95.4808
99.2911
103.369
108.687
99.7496
80.5899
49.9215
19.6816
0.608375
-8.88748
-3.74467
-0.332373
4.5992
2.7698
-0.620956
-1.95335
-2.84282
0.181121
1.70115
1.59491
1.10805
-1.40322
-1.55037
-0.757551
-0.0895001
1.70704
1.07457
0.062888
-0.334391
-1.64598
-0.683021
0.414651
99.9998
100.012
99.9896
99.9757
100.02
100.038
99.9736
99.9463
100.029
100.071
99.9728
99.9093
100.018
100.11
99.9997
99.8722
99.9726
100.14
100.065
99.8594
99.888
100.125
100.163
99.9118
99.7904
100.026
100.241
100.061
99.7579
99.8371
100.199
100.264
99.8973
99.6643
99.9559
100.346
100.22
99.7317
99.6192
100.089
100.468
100.166
99.5826
99.571
100.195
100.601
100.155
99.4545
99.4427
100.253
100.767
100.284
99.3416
99.1781
100.175
100.961
100.701
99.2841
98.8114
99.6676
101.179
101.465
99.6466
98.416
98.3072
101.117
102.484
101.384
98.3236
95.3921
99.4892
103.551
108.78
99.5585
80.3283
49.9046
19.8232
0.90049
-8.79403
-3.97962
-0.557505
4.41922
2.92885
-0.234813
-1.85384
-2.85594
-0.173544
1.32105
1.74561
1.27688
-0.962147
-1.27882
-1.19512
-0.33732
1.27481
0.930929
0.790098
-0.0530486
-1.29437
-0.616622
99.9949
100.01
100.01
99.9752
99.9826
100.038
100.027
99.9497
99.9602
100.059
100.057
99.9361
99.9217
100.062
100.103
99.9494
99.8704
100.028
100.154
100.009
99.8294
99.9414
100.173
100.12
99.8476
99.8153
100.103
100.242
99.9798
99.726
99.9094
100.262
100.215
99.8097
99.6758
100.053
100.381
100.137
99.6532
99.6654
100.194
100.479
100.062
99.5129
99.6353
100.308
100.603
100.041
99.3797
99.5071
100.38
100.777
100.177
99.2345
99.2321
100.302
101.018
100.613
99.1406
98.8254
99.7623
101.322
101.407
99.5203
98.3317
98.3382
101.314
102.495
101.363
98.1409
95.3246
99.6224
103.618
108.94
99.4043
80.1952
49.8734
19.7807
1.1834
-8.78275
-3.9982
-0.61977
4.11708
3.07301
-0.196837
-1.72465
-2.58404
-0.466247
1.285
1.57422
1.03905
-0.514676
-1.23853
-1.00547
-0.117079
0.637709
0.851716
0.624159
-0.287639
-0.415988
99.9955
99.9985
100.019
99.9996
99.9657
100
100.049
100.003
99.9359
99.9886
100.078
100.025
99.9109
99.9547
100.096
100.072
99.9059
99.8961
100.081
100.138
99.9465
99.8297
100.008
100.192
100.054
99.8059
99.8712
100.166
100.206
99.899
99.7323
99.997
100.292
100.136
99.7434
99.7278
100.146
100.372
100.035
99.6103
99.7482
100.283
100.443
99.9489
99.4869
99.7337
100.397
100.553
99.9221
99.3517
99.6111
100.481
100.732
100.056
99.1761
99.3374
100.411
101.018
100.484
99.0474
98.8976
99.8738
101.403
101.278
99.4233
98.3024
98.4531
101.452
102.424
101.304
97.9816
95.4148
99.7412
103.65
108.971
99.1698
80.238
49.8879
19.8652
1.33911
-9.01162
-3.95535
-0.719567
4.13634
3.34524
-0.403412
-1.64036
-2.71167
-0.632653
1.67868
1.43937
1.14939
-0.505882
-1.77703
-0.714867
-0.103134
0.739901
1.48621
0.0924502
-0.524714
100
99.9897
100.01
100.021
99.9817
99.967
100.025
100.047
99.9722
99.9378
100.026
100.079
99.9812
99.9029
100.004
100.113
100.02
99.8758
99.9463
100.126
100.095
99.886
99.8598
100.083
100.183
99.9712
99.7881
99.9532
100.215
100.137
99.8202
99.7732
100.097
100.292
100.03
99.6944
99.8159
100.24
100.327
99.913
99.5934
99.8671
100.366
100.366
99.8163
99.49
99.8709
100.483
100.46
99.7769
99.3492
99.7624
100.589
100.644
99.8929
99.1317
99.4966
100.552
100.984
100.293
98.9389
99.0154
100.061
101.473
101.093
99.2475
98.2884
98.6652
101.635
102.363
101.095
97.7803
95.537
99.9612
103.835
108.863
98.861
80.133
49.9278
20.2366
1.49515
-9.15449
-4.18184
-1.09011
4.34477
3.64029
-0.172925
-1.48513
-3.27241
-0.877477
1.61193
1.54657
1.93374
-0.485563
-1.96387
-1.00347
-0.994426
1.03172
1.98289
0.432659
100.004
99.9901
99.9925
100.024
100.012
99.9634
99.9807
100.048
100.03
99.9421
99.9557
100.064
100.063
99.9355
99.914
100.057
100.111
99.9605
99.8642
100.009
100.155
100.034
99.8374
99.911
100.151
100.15
99.8867
99.7926
100.045
100.246
100.052
99.7526
99.8348
100.196
100.272
99.9166
99.6609
99.9192
100.328
100.265
99.7869
99.59
99.997
100.445
100.277
99.6784
99.5004
100.018
100.573
100.358
99.622
99.3415
99.9244
100.712
100.559
99.7148
99.0626
99.6602
100.72
100.977
100.093
98.7809
99.1157
100.265
101.609
100.934
99.0114
98.2234
98.8282
101.919
102.382
100.884
97.5245
95.4752
100.248
104.098
108.897
98.6324
79.7479
49.9137
20.4913
1.82231
-8.9235
-4.53591
-1.458
4.14552
3.67991
0.475648
-1.23328
-3.32867
-1.15456
0.805432
1.56601
2.28178
-0.0793176
-1.09329
-1.34801
-1.65915
0.611394
1.0662
100.005
100
99.9815
100.004
100.033
99.9947
99.9529
100.004
100.062
100.002
99.9236
99.9863
100.089
100.032
99.9018
99.9433
100.1
100.088
99.9076
99.8768
100.07
100.158
99.9694
99.8146
99.973
100.196
100.1
99.821
99.8218
100.126
100.247
99.9672
99.7146
99.9067
100.269
100.231
99.8207
99.6559
100.017
100.384
100.194
99.6884
99.6083
100.109
100.494
100.19
99.5737
99.5242
100.139
100.634
100.267
99.506
99.3398
100.056
100.8
100.494
99.5803
99.003
99.7879
100.834
100.999
99.9399
98.6614
99.1699
100.388
101.761
100.817
98.8806
98.1195
98.8874
102.159
102.39
100.872
97.2888
95.3562
100.413
104.18
109.152
98.5023
79.5043
49.8587
20.3288
2.19035
-8.7284
-4.57645
-1.41877
3.60374
3.62631
0.649135
-1.16987
-2.66843
-1.29337
0.459983
1.44545
1.52725
0.26974
-0.502694
-1.22146
-0.807537
0.0807647
100
100.009
99.9897
99.9809
100.019
100.03
99.9739
99.9572
100.03
100.058
99.9702
99.9256
100.024
100.092
99.9897
99.8914
99.9882
100.121
100.043
99.8745
99.9171
100.117
100.128
99.9106
99.8292
100.04
100.203
100.031
99.7885
99.8821
100.184
100.207
99.8901
99.7232
99.9909
100.298
100.157
99.7544
99.6992
100.108
100.387
100.102
99.6346
99.6733
100.2
100.482
100.088
99.5243
99.5958
100.235
100.626
100.159
99.45
99.3969
100.17
100.805
100.402
99.4953
99.033
99.9101
100.863
100.957
99.807
98.6707
99.2465
100.466
101.78
100.667
98.8818
98.0887
99.0151
102.212
102.287
100.898
97.1408
95.5003
100.443
104.126
109.251
98.2773
79.6734
49.8633
20.245
2.36584
-9.05377
-4.40269
-1.31063
3.48176
3.97542
0.213857
-1.28079
-2.48988
-1.56481
1.16412
1.50011
1.13194
0.437541
-1.43557
-1.19181
-0.00128134
99.9965
100.009
100.005
99.9789
99.9918
100.033
100.013
99.9565
99.9784
100.053
100.034
99.9409
99.9504
100.061
100.069
99.9435
99.9079
100.043
100.115
99.9813
99.8658
99.9823
100.144
100.065
99.8616
99.8805
100.11
100.172
99.9452
99.7889
99.9732
100.22
100.126
99.8168
99.7767
100.093
100.29
100.046
99.708
99.7926
100.205
100.341
99.9751
99.6103
99.7935
100.295
100.416
99.9458
99.5066
99.7314
100.344
100.558
99.9965
99.4142
99.5327
100.317
100.757
100.228
99.3994
99.1505
100.099
100.884
100.797
99.6191
98.7274
99.4359
100.625
101.679
100.426
98.7967
98.1885
99.3181
102.244
102.137
100.639
97.0236
95.8051
100.618
104.28
108.987
97.8999
79.7353
49.9278
20.7513
2.46739
-9.42053
-4.57332
-1.79669
3.83281
4.52681
0.273359
-0.990847
-3.27665
-2.12968
1.4211
1.44184
2.24573
0.920072
-2.18605
-1.32823
99.9957
100.002
100.015
99.9921
99.9737
100.012
100.038
99.9866
99.9487
100.011
100.065
99.9957
99.9217
99.9914
100.09
100.028
99.9031
99.9454
100.096
100.087
99.9154
99.8788
100.058
100.153
99.9861
99.8264
99.9535
100.174
100.118
99.8559
99.8116
100.078
100.24
100.024
99.7488
99.8532
100.202
100.262
99.9171
99.6693
99.9083
100.31
100.278
99.8285
99.5897
99.937
100.403
100.336
99.7765
99.4826
99.8908
100.48
100.487
99.797
99.3532
99.684
100.512
100.731
100.014
99.2518
99.2485
100.355
100.967
100.629
99.3597
98.6874
99.6845
100.864
101.675
100.138
98.5325
98.2695
99.6158
102.525
102.061
100.238
96.7946
95.8269
101.047
104.649
108.842
97.6009
79.2081
49.9302
21.2786
2.79832
-9.05783
-5.06609
-2.50876
3.73223
4.44469
1.18857
-0.302796
-3.59016
-2.3085
0.212724
0.872127
3.10428
1.3
-0.796283
99.9985
99.9926
100.013
100.014
99.976
99.9782
100.033
100.032
99.9593
99.9547
100.045
100.061
99.9565
99.9199
100.036
100.1
99.9808
99.8815
99.9927
100.132
100.044
99.8653
99.9102
100.121
100.139
99.9134
99.8154
100.027
100.213
100.055
99.7886
99.8499
100.165
100.239
99.9306
99.7058
99.9302
100.286
100.225
99.8091
99.6492
100.011
100.389
100.218
99.7088
99.5787
100.056
100.49
100.272
99.6376
99.4608
100.012
100.598
100.441
99.6395
99.2892
99.7806
100.684
100.732
99.8739
99.1015
99.281
100.559
101.057
100.585
99.118
98.6073
99.8089
101.05
101.828
99.9157
98.3514
98.1583
99.7419
102.888
102.05
100.176
96.4544
95.6078
101.349
104.802
109.215
97.4921
78.6904
49.8498
21.0156
3.2709
-8.46892
-5.20592
-2.41096
2.95049
3.89536
1.66857
-0.244373
-2.57469
-1.82413
-0.728223
0.66761
1.92443
0.779205
100.003
99.9904
99.9974
100.022
100.004
99.9656
99.9931
100.046
100.013
99.9429
99.9761
100.066
100.039
99.929
99.9409
100.07
100.083
99.9393
99.8908
100.04
100.134
99.9935
99.849
99.9597
100.154
100.097
99.8646
99.8426
100.088
100.208
99.9886
99.7673
99.9102
100.214
100.198
99.8616
99.7154
100.006
100.314
100.161
99.7467
99.6804
100.093
100.403
100.144
99.6495
99.6193
100.14
100.503
100.197
99.5721
99.4983
100.093
100.631
100.368
99.57
99.2985
99.8571
100.746
100.674
99.8196
99.0487
99.3564
100.617
101.054
100.563
99.0074
98.6777
99.7962
101.124
101.841
99.8122
98.4368
98.0222
99.8502
102.884
101.994
100.368
96.2436
95.7281
101.246
104.645
109.541
97.3126
78.9662
49.8281
20.555
3.51039
-8.82044
-4.89714
-1.81997
2.5514
4.20026
1.04461
-0.95647
-1.84452
-1.97769
0.164287
1.55619
0.642152
100.004
99.9972
99.9875
100.009
100.022
99.9866
99.9682
100.016
100.043
99.9849
99.9448
100.01
100.068
99.9996
99.9209
99.9843
100.087
100.038
99.9103
99.9336
100.083
100.098
99.9375
99.8714
100.027
100.151
100.024
99.8424
99.9126
100.138
100.153
99.9137
99.7951
100.001
100.224
100.107
99.8079
99.7861
100.098
100.286
100.051
99.7177
99.7805
100.179
100.347
100.021
99.634
99.7395
100.229
100.435
100.058
99.5518
99.6298
100.202
100.575
100.205
99.5238
99.4178
100.013
100.725
100.503
99.713
99.1179
99.5716
100.655
100.937
100.354
98.9891
98.8963
99.9256
101.164
101.542
99.6836
98.5162
98.2132
100.144
102.629
101.819
100.157
96.2903
96.2531
101.213
104.693
109.127
96.8797
79.4077
49.9139
21.1186
3.55166
-9.67367
-4.91398
-2.28442
2.99946
5.36649
0.73526
-0.760129
-2.71375
-3.41035
1.04623
1.77318
100.002
100.004
99.9876
99.9941
100.022
100.01
99.9687
99.9847
100.039
100.024
99.9543
99.9645
100.049
100.05
99.9524
99.932
100.04
100.087
99.9761
99.8961
99.9984
100.116
100.037
99.883
99.921
100.102
100.123
99.9332
99.8388
100.009
100.18
100.067
99.8321
99.8513
100.114
100.217
99.9831
99.7551
99.8905
100.208
100.234
99.9048
99.6913
99.9197
100.29
100.265
99.8546
99.6147
99.9048
100.358
100.346
99.8625
99.507
99.8095
100.375
100.517
99.9746
99.409
99.5756
100.254
100.76
100.269
99.4812
99.177
99.8523
100.862
100.803
100.016
98.8459
99.066
100.323
101.279
101.281
99.3235
98.3169
98.5994
100.527
102.78
101.564
99.5048
96.2558
96.4675
101.794
105.157
108.579
96.4713
78.8172
49.9504
22.185
3.8356
-9.33109
-5.50927
-3.6921
3.13689
5.40181
1.779
0.895012
-3.49724
-3.92425
-0.26646
99.9988
100.009
99.9959
99.9805
100.008
100.031
99.9898
99.9578
100.009
100.055
99.9953
99.933
99.9949
100.078
100.021
99.9138
99.9575
100.089
100.07
99.9183
99.8992
100.062
100.131
99.9718
99.8455
99.9783
100.163
100.084
99.8534
99.8497
100.099
100.207
99.9824
99.7663
99.9104
100.212
100.203
99.8715
99.7126
99.9858
100.306
100.187
99.7751
99.6634
100.04
100.394
100.202
99.706
99.579
100.042
100.485
100.295
99.6883
99.4316
99.9455
100.544
100.526
99.7766
99.2655
99.652
100.469
100.887
100.098
99.2689
99.0912
100.062
101.13
100.781
99.8268
98.5187
99.1185
100.616
101.508
101.362
98.8716
98.0827
98.5965
100.8
103.344
101.402
99.2591
95.7905
96.1451
102.455
105.456
108.995
96.3539
77.7547
49.854
21.9917
4.40387
-8.00382
-5.83883
-3.8139
2.21555
3.84751
2.71262
1.44155
-2.36455
-1.97653
99.9959
100.006
100.011
99.9852
99.9816
100.023
100.028
99.9709
99.9613
100.032
100.052
99.9681
99.9325
100.026
100.084
99.987
99.901
99.9919
100.11
100.038
99.8864
99.9252
100.104
100.116
99.9227
99.8453
100.03
100.182
100.036
99.8152
99.884
100.153
100.194
99.9205
99.7508
99.9671
100.256
100.166
99.8076
99.7165
100.053
100.34
100.137
99.7117
99.6752
100.113
100.427
100.15
99.6387
99.5836
100.118
100.526
100.26
99.6076
99.4191
100.006
100.606
100.527
99.687
99.2348
99.6532
100.566
100.922
100.051
99.2251
98.9935
100.168
101.151
100.861
99.8078
98.3518
99.1754
100.506
101.719
101.433
98.7764
98.1479
98.2228
100.963
103.427
101.465
99.6508
95.3097
96.1174
102.267
105.229
109.823
96.2531
77.9634
49.7891
20.822
4.76315
-8.07691
-5.4556
-2.27783
1.42184
3.57346
2.08037
-0.609824
-0.932785
99.9977
99.9973
100.012
100.004
99.9788
99.994
100.03
100.01
99.9616
99.9824
100.045
100.028
99.9503
99.9583
100.05
100.059
99.9552
99.9228
100.032
100.095
99.9904
99.8906
99.9777
100.115
100.062
99.8948
99.8936
100.076
100.146
99.9744
99.829
99.9552
100.167
100.125
99.8755
99.8039
100.039
100.234
100.08
99.7883
99.7965
100.115
100.289
100.045
99.713
99.7722
100.17
100.358
100.051
99.6466
99.6949
100.179
100.451
100.148
99.602
99.5457
100.082
100.553
100.384
99.6553
99.357
99.761
100.571
100.733
99.9927
99.2783
99.1676
100.256
100.954
100.777
99.6952
98.5967
99.3471
100.407
101.651
101.06
98.9987
98.3481
98.3376
101.108
102.802
101.487
99.663
95.5178
96.8264
101.732
105.087
109.419
95.8081
79.1196
49.88
21.1326
4.77277
-9.84863
-5.22916
-2.18506
1.81924
6.01205
1.27391
-1.56074
99.9999
99.9943
100.006
100.012
99.9891
99.9819
100.015
100.026
99.9832
99.9656
100.016
100.044
99.9875
99.9457
100.004
100.064
100.009
99.9295
99.9726
100.072
100.051
99.9336
99.9237
100.05
100.101
99.9797
99.8816
99.9786
100.122
100.072
99.8963
99.8772
100.059
100.161
100.01
99.8295
99.9045
100.137
100.176
99.9449
99.7784
99.9353
100.203
100.191
99.8938
99.7269
99.9415
100.26
100.236
99.8745
99.6588
99.8915
100.302
100.331
99.9263
99.5732
99.7539
100.278
100.48
100.113
99.5295
99.5173
100.066
100.615
100.48
99.7113
99.2734
99.5413
100.482
100.906
100.365
99.4015
98.827
99.6812
100.808
101.365
100.549
98.7957
98.3682
99.1473
101.338
102.593
101.035
98.7935
96.0034
97.3645
102.312
105.572
108.115
95.2651
78.7808
49.9642
23.165
4.95914
-10.0638
-5.82159
-4.91437
2.2758
7.19118
2.16818
100.002
99.9926
99.9978
100.017
100.003
99.9735
99.9942
100.036
100.011
99.9561
99.9809
100.051
100.031
99.9457
99.9537
100.053
100.065
99.954
99.9153
100.03
100.103
99.9961
99.8838
99.9678
100.118
100.076
99.8967
99.8782
100.067
100.16
99.9925
99.8216
99.9299
100.163
100.152
99.8951
99.7819
100.004
100.239
100.124
99.8074
99.7565
100.069
100.305
100.11
99.7338
99.7139
100.102
100.382
100.145
99.6831
99.6226
100.066
100.476
100.261
99.7031
99.4592
99.9152
100.526
100.497
99.8928
99.2753
99.5965
100.352
100.814
100.368
99.3183
99.1622
99.6955
100.897
101.075
100.02
99.0869
98.5524
100.086
101.304
101.427
100.41
97.9938
98.2673
99.5068
101.79
103.342
100.405
98.1884
95.5526
97.0254
103.699
106.082
108.256
95.0821
76.7449
49.8734
23.5913
5.57885
-7.39283
-6.39005
-6.28799
1.40915
3.5626
100.004
99.9984
99.9867
100.006
100.023
99.9905
99.9661
100.01
100.045
99.9918
99.943
100.002
100.069
100.01
99.9218
99.9727
100.084
100.051
99.9173
99.9215
100.071
100.108
99.9529
99.8647
100.008
100.152
100.046
99.8491
99.892
100.123
100.169
99.9373
99.7878
99.9725
100.219
100.135
99.8279
99.7652
100.065
100.291
100.089
99.733
99.7497
100.142
100.359
100.068
99.6502
99.7029
100.18
100.453
100.107
99.5906
99.5815
100.144
100.571
100.257
99.6088
99.3592
99.9745
100.626
100.583
99.8132
99.1266
99.5797
100.398
101.035
100.343
99.2243
99.0046
99.5864
101.18
101.127
100.183
98.8669
98.2273
100.215
101.239
101.967
100.441
97.6748
98.2065
98.8566
102.296
103.738
100.508
98.6952
94.4208
96.7329
103.729
105.877
110.021
95.0673
76.3304
49.7576
21.1259
6.09979
-6.14981
-6.05223
-2.79167
0.204959
100.001
100.006
99.9921
99.9887
100.014
100.018
99.9801
99.9744
100.024
100.035
99.9753
99.9537
100.022
100.059
99.9853
99.9292
100.001
100.081
100.018
99.9132
99.9557
100.084
100.075
99.9297
99.894
100.041
100.132
100.003
99.8563
99.9393
100.133
100.123
99.9089
99.8244
100.018
100.2
100.08
99.8223
99.8201
100.097
100.249
100.035
99.748
99.8136
100.161
100.304
100.016
99.6806
99.7702
100.193
100.387
100.055
99.6282
99.6525
100.165
100.489
100.209
99.6312
99.4533
100.004
100.535
100.532
99.7875
99.2798
99.6001
100.348
100.938
100.247
99.4444
99.0088
99.6752
100.987
100.934
100.404
98.8399
98.5927
99.9866
100.93
102.051
100.198
98.39
98.2143
98.5898
102.289
102.822
101.163
99.1161
94.5212
97.4901
102.222
105.497
110.183
94.6707
78.7866
49.8273
20.1493
6.14384
-9.81386
-5.55857
0.333395
99.9989
100.005
99.9998
99.9893
100.001
100.017
99.9996
99.9773
99.9984
100.029
100.006
99.9661
99.9877
100.038
100.021
99.9606
99.9667
100.037
100.047
99.9702
99.9392
100.016
100.073
100.005
99.9214
99.9672
100.075
100.064
99.9421
99.9068
100.025
100.113
100.022
99.887
99.9231
100.086
100.127
99.9704
99.8467
99.9501
100.139
100.133
99.9251
99.8108
99.967
100.185
100.154
99.8973
99.7652
99.9525
100.224
100.209
99.9057
99.7035
99.8797
100.236
100.31
99.992
99.6469
99.7262
100.158
100.431
100.21
99.6858
99.5197
99.8791
100.449
100.544
99.9961
99.4448
99.3752
100.1
100.725
100.651
99.9191
99.0228
99.2496
100.121
101.078
101.165
99.7855
98.7496
98.4859
99.7449
101.86
102.006
100.779
98.2102
96.0498
98.4321
102.236
105.878
107.52
94.0039
79.7392
49.9583
24.1078
6.21433
-13.0352
-5.99376
99.9977
100.005
100.004
99.9879
99.9929
100.019
100.011
99.9755
99.9832
100.029
100.025
99.9681
99.9655
100.032
100.046
99.9728
99.941
100.017
100.071
99.9988
99.9198
99.9783
100.083
100.05
99.9246
99.9188
100.054
100.109
99.9823
99.8729
99.9672
100.125
100.091
99.9042
99.8563
100.035
100.174
100.05
99.8362
99.8582
100.1
100.211
100.012
99.778
99.8516
100.151
100.256
100.002
99.7221
99.8096
100.174
100.325
100.051
99.6717
99.7117
100.128
100.421
100.195
99.6774
99.5575
99.9359
100.489
100.442
99.8716
99.4206
99.5389
100.349
100.674
100.401
99.5595
99.0775
99.7642
100.482
101.113
100.346
99.1668
98.9521
99.2881
101.06
101.473
100.615
99.3876
97.6699
99.0206
100.765
102.227
102.742
99.131
97.1313
96.1887
98.2506
104.974
106.595
106.329
93.6892
75.7726
49.9017
27.6006
6.80984
-6.7639
99.9969
99.9994
100.013
99.9988
99.9776
100.002
100.032
100
99.9579
99.9949
100.052
100.014
99.9406
99.9735
100.064
100.044
99.9355
99.9351
100.057
100.088
99.9597
99.8899
100.012
100.126
100.028
99.8702
99.9226
100.114
100.129
99.9257
99.8281
100.008
100.192
100.078
99.8267
99.8321
100.106
100.237
100.008
99.7461
99.8518
100.194
100.273
99.9508
99.6732
99.8508
100.263
100.33
99.9361
99.5907
99.7955
100.295
100.44
100.001
99.5093
99.6501
100.229
100.611
100.189
99.525
99.3853
99.9683
100.74
100.533
99.8432
99.0941
99.4495
100.51
100.899
100.661
99.1863
98.8855
99.5579
100.671
101.722
100.211
99.1996
98.2758
98.9895
101.654
101.572
101.497
98.9232
96.7723
99.0086
100.02
103.649
103.637
98.7307
97.5395
93.7514
97.6654
106.283
106.535
109.996
93.721
72.2827
49.7446
21.6049
7.49263
100.001
99.9931
100.004
100.015
99.9919
99.9772
100.01
100.032
99.9894
99.9586
100.008
100.051
99.9988
99.9391
99.9899
100.069
100.027
99.928
99.9522
100.069
100.073
99.9437
99.9021
100.032
100.119
100.006
99.8707
99.9461
100.122
100.108
99.9109
99.8443
100.029
100.183
100.054
99.8255
99.8552
100.117
100.219
99.9898
99.7561
99.8734
100.193
100.251
99.943
99.6891
99.8676
100.251
100.312
99.9371
99.6136
99.8043
100.268
100.428
100.004
99.5569
99.6371
100.199
100.581
100.202
99.6148
99.3482
99.9659
100.618
100.585
99.9488
99.0974
99.5082
100.224
100.986
100.68
99.3426
99.0876
99.1314
100.75
101.435
100.492
99.6949
97.9172
99.2208
100.838
101.529
102.207
98.7697
97.8272
98.1499
99.0822
103.979
102.708
100.758
98.447
92.6769
98.2692
102.803
105.952
113.187
93.429
78.268
49.7655
7.66089
100.002
99.997
99.9965
100.007
100.006
99.9886
99.9911
100.015
100.013
99.9826
99.9816
100.018
100.025
99.9825
99.9675
100.014
100.04
99.9938
99.9527
99.9947
100.052
100.021
99.9486
99.9607
100.044
100.059
99.9722
99.9252
100.002
100.083
100.032
99.9228
99.9311
100.053
100.1
99.99
99.8857
99.9529
100.1
100.105
99.9488
99.8566
99.9734
100.14
100.114
99.9178
99.8235
99.976
100.175
100.147
99.9062
99.7794
99.9374
100.201
100.216
99.9406
99.7308
99.8296
100.191
100.304
100.079
99.7123
99.6578
100.065
100.344
100.361
99.8229
99.531
99.736
100.169
100.673
100.181
99.7305
99.3375
99.5845
100.607
100.586
100.545
99.5059
98.8656
99.7692
100.121
101.416
100.879
99.2644
99.1409
98.1695
100.23
102.045
101.178
101.55
97.7982
96.3003
99.5718
99.753
106.092
106.923
92.6933
92.1947
49.9244
)
;

boundaryField
{
    left
    {
        type            fixedValue;
        value           uniform 100;
    }
    right
    {
        type            zeroGradient;
    }
    up
    {
        type            zeroGradient;
    }
    down
    {
        type            fixedValue;
        value           uniform 0;
    }
    frontAndBack
    {
        type            empty;
    }
}


// ************************************************************************* //
