/*--------------------------------*- C++ -*----------------------------------*\
  =========                 |
  \\      /  F ield         | OpenFOAM: The Open Source CFD Toolbox
   \\    /   O peration     | Website:  https://openfoam.org
    \\  /    A nd           | Version:  8
     \\/     M anipulation  |
\*---------------------------------------------------------------------------*/
FoamFile
{
    version     2.0;
    format      ascii;
    class       volScalarField;
    location    "0.356";
    object      T;
}
// * * * * * * * * * * * * * * * * * * * * * * * * * * * * * * * * * * * * * //

dimensions      [0 0 0 1 0 0 0];

internalField   nonuniform List<scalar> 
10000
(
50
4.65429
-4.65375
-1.18676
1.18425
0.462196
-0.454888
-0.237009
0.220847
0.151369
-0.121554
-0.115084
0.0671002
0.0974599
-0.0287979
-0.0846807
-0.0028579
0.0690396
0.0290418
-0.0466028
-0.0464156
0.0176642
0.0500163
0.0124304
-0.0369949
-0.0341509
0.0106961
0.037927
0.0175136
-0.02107
-0.0320613
-0.00673064
0.0233006
0.0260551
0.00209319
-0.0215259
-0.022103
-0.002046
0.0177498
0.0198904
0.00494774
-0.0123611
-0.0178754
-0.0090767
0.00531116
0.0140837
0.0120883
0.00246452
-0.00730598
-0.0112063
-0.0080559
-0.00101966
0.00531522
0.00784346
0.00618251
0.00209732
-0.00199258
-0.00435002
-0.00449195
-0.00299284
-0.000889825
0.000894887
0.00187033
0.00200099
0.00154632
0.000854962
0.000211542
-0.000229363
-0.00043656
-0.000457821
-0.000370267
-0.000244571
-0.000128066
-4.29554e-05
7.28597e-06
2.9404e-05
3.33665e-05
2.81364e-05
1.99627e-05
1.2314e-05
6.57543e-06
2.89257e-06
8.51079e-07
-9.48779e-08
-4.13095e-07
-4.28318e-07
-3.32263e-07
-2.20564e-07
-1.30572e-07
-6.9777e-08
-3.34657e-08
-1.39804e-08
-4.62488e-09
-7.21719e-10
5.64442e-10
7.60884e-10
6.04964e-10
3.86953e-10
2.36138e-10
9.73278e-11
95.3458
49.9998
10.4945
-4.652
-2.83267
1.17816
1.1535
-0.440466
-0.608842
0.193302
0.388187
-0.0762253
-0.280771
0.00109102
0.213299
0.0567583
-0.154426
-0.10048
0.090776
0.12384
-0.0213811
-0.118158
-0.0435408
0.0797605
0.0858126
-0.0174489
-0.0880487
-0.0446907
0.0470655
0.0752007
0.0157966
-0.0550521
-0.0599259
-0.0018316
0.0523193
0.0493935
-0.000588526
-0.0448552
-0.0439679
-0.00470991
0.0342176
0.0407182
0.01424
-0.0199349
-0.0351931
-0.0235499
0.00257848
0.0233806
0.0264984
0.0132357
-0.00551178
-0.0181129
-0.0190541
-0.0103633
0.00152597
0.010298
0.012813
0.00962199
0.00356082
-0.00222392
-0.00569493
-0.00635995
-0.00490992
-0.00252445
-0.000261023
0.00126488
0.00190846
0.00184757
0.00138919
0.000819073
0.000326333
-6.83091e-06
-0.000177999
-0.000226773
-0.000203422
-0.000150263
-9.47943e-05
-5.04714e-05
-2.08494e-05
-4.10385e-06
3.5308e-06
5.74716e-06
5.31564e-06
3.95959e-06
2.56673e-06
1.48307e-06
7.63708e-07
3.41686e-07
1.21836e-07
2.23047e-08
-1.39181e-08
-2.12097e-08
-1.78108e-08
-1.21176e-08
-7.26158e-09
-3.95102e-09
-1.96668e-09
-8.95075e-10
-3.71886e-10
-1.01232e-10
104.654
89.5056
49.9994
12.1402
-4.64837
-3.52394
1.16725
1.52594
-0.417315
-0.847533
0.152794
0.55763
-0.0145815
-0.402595
-0.0818864
0.290938
0.15513
-0.184579
-0.200472
0.0719496
0.204928
0.0385294
-0.158803
-0.122727
0.0678697
0.151364
0.0384956
-0.109046
-0.112436
0.0142907
0.112161
0.0770502
-0.0370348
-0.101128
-0.0562035
0.03963
0.0876862
0.0491599
-0.0296795
-0.0740696
-0.0508389
0.0114052
0.0573785
0.0540144
0.0113122
-0.0339053
-0.0499754
-0.0311213
0.00450654
0.0320165
0.0367797
0.0206074
-0.00348371
-0.0214049
-0.0257547
-0.0176982
-0.0038889
0.00832444
0.0144393
0.0138343
0.00872806
0.00230315
-0.0028719
-0.00557508
-0.00585888
-0.00453279
-0.00258598
-0.000791112
0.000447021
0.00105442
0.00116155
0.000971634
0.000669151
0.000378069
0.000158294
2.21037e-05
-4.45544e-05
-6.46771e-05
-5.96567e-05
-4.48625e-05
-2.92265e-05
-1.67207e-05
-8.25917e-06
-3.27318e-06
-7.32748e-07
3.25951e-07
6.09377e-07
5.56979e-07
4.03998e-07
2.55461e-07
1.45307e-07
7.49731e-08
3.48215e-08
1.41106e-08
4.5231e-09
6.74583e-10
-5.51899e-10
-6.87979e-10
-5.79287e-10
-2.85697e-10
101.187
104.653
87.8598
49.9989
12.8316
-4.64225
-3.89727
1.15036
1.76715
-0.383995
-1.02209
0.098123
0.687864
0.0634702
-0.491846
-0.179705
0.334376
0.261019
-0.177372
-0.294388
0.0173306
0.262683
0.122817
-0.161914
-0.20405
0.0165949
0.192537
0.116877
-0.0889645
-0.171008
-0.0521886
0.11196
0.139824
0.019169
-0.108773
-0.116448
-0.011733
0.0930112
0.10273
0.0215466
-0.0689191
-0.0926911
-0.0403512
0.0365056
0.0769387
0.0576493
0.00167366
-0.0475952
-0.0598589
-0.0343288
0.00683741
0.0373931
0.0430853
0.0263424
0.000429563
-0.0203722
-0.0280545
-0.0227493
-0.0101178
0.00290277
0.0114275
0.0138785
0.0114136
0.00648549
0.00146581
-0.00214747
-0.00388126
-0.00401642
-0.00317811
-0.00199421
-0.000907514
-0.000132754
0.000296588
0.000450234
0.000431538
0.000333326
0.000219295
0.000123088
5.59439e-05
1.61382e-05
-3.38717e-06
-1.02901e-05
-1.06348e-05
-8.3695e-06
-5.64219e-06
-3.37761e-06
-1.8089e-06
-8.54323e-07
-3.37269e-07
-9.06609e-08
7.9773e-09
3.5482e-08
3.42555e-08
2.48095e-08
1.54741e-08
8.68856e-09
4.45323e-09
2.08767e-09
9.05569e-10
2.61815e-10
98.8153
102.833
104.65
87.1683
49.9983
13.2056
-4.63302
-4.14076
1.12641
1.94693
-0.339249
-1.16169
0.0284978
0.791116
0.157299
-0.552866
-0.289232
0.344954
0.368181
-0.135027
-0.373657
-0.0666317
0.289214
0.219246
-0.125275
-0.27177
-0.066025
0.197187
0.199657
-0.0283516
-0.201034
-0.135499
0.0683424
0.180361
0.0981388
-0.0724622
-0.156047
-0.0857362
0.0544769
0.13187
0.0890429
-0.021837
-0.102491
-0.0951821
-0.0187376
0.0611207
0.0886503
0.0543688
-0.00901571
-0.0573586
-0.0651046
-0.0359108
0.00690608
0.0384085
0.0456934
0.0310606
0.00643798
-0.0151452
-0.0257937
-0.0245142
-0.0153177
-0.00387408
0.00527707
0.0100039
0.0104342
0.00802632
0.00454279
0.00135134
-0.000837856
-0.00190185
-0.0020782
-0.00173067
-0.00118739
-0.000667762
-0.000276982
-3.57643e-05
8.161e-05
0.000116406
0.000106783
8.00537e-05
5.20299e-05
2.96994e-05
1.46287e-05
5.76825e-06
1.26553e-06
-6.02921e-07
-1.09647e-06
-9.96681e-07
-7.20937e-07
-4.54962e-07
-2.58298e-07
-1.32981e-07
-6.15674e-08
-2.48054e-08
-7.83532e-09
-1.05927e-09
1.07375e-09
1.28014e-09
1.06817e-09
5.26769e-10
99.5381
98.8203
103.524
104.646
86.7942
49.9974
13.4505
-4.62009
-4.32479
1.09436
2.09533
-0.28202
-1.27955
-0.0564471
0.872447
0.265554
-0.586825
-0.40644
0.323233
0.46976
-0.0607238
-0.430224
-0.171617
0.279181
0.314416
-0.0513144
-0.311938
-0.167067
0.159296
0.267564
0.0636222
-0.189091
-0.213745
-0.0132805
0.180136
0.176091
0.00378841
-0.15394
-0.15596
-0.0213976
0.116328
0.143125
0.0535673
-0.066077
-0.122183
-0.0844926
0.00568882
0.0795698
0.092821
0.0483503
-0.0167862
-0.0618725
-0.0667877
-0.0376526
0.00358132
0.034785
0.0445318
0.0342306
0.0134674
-0.00680932
-0.0193209
-0.0221147
-0.0174174
-0.00926279
-0.00135366
0.0040953
0.00650154
0.0064277
0.00491697
0.00296434
0.00124285
5.69966e-05
-0.000569629
-0.000765636
-0.000702347
-0.000527202
-0.000337919
-0.000183734
-7.90055e-05
-1.86854e-05
9.65814e-06
1.86453e-05
1.79338e-05
1.3638e-05
8.97791e-06
5.26311e-06
2.75558e-06
1.26235e-06
4.71503e-07
1.05196e-07
-3.39972e-08
-6.70652e-08
-5.92858e-08
-4.13712e-08
-2.52341e-08
-1.39403e-08
-7.05038e-09
-3.26616e-09
-1.3985e-09
-3.99825e-10
100.456
98.8464
98.8299
103.898
104.638
86.5491
49.9965
13.637
-4.6029
-4.48007
1.05328
2.22649
-0.211454
-1.38167
-0.156639
0.933442
0.386191
-0.593519
-0.52655
0.269984
0.558664
0.0409427
-0.45719
-0.287642
0.23042
0.394817
0.0529491
-0.314009
-0.270287
0.0799528
0.303204
0.170677
-0.130491
-0.264693
-0.11684
0.130801
0.227292
0.102251
-0.101596
-0.194363
-0.112281
0.0523341
0.156231
0.128316
0.00948199
-0.1007
-0.12752
-0.0672204
0.0264422
0.0900029
0.0918288
0.0430794
-0.0196099
-0.0610326
-0.0656654
-0.040005
-0.00294815
0.0268469
0.0393159
0.0345768
0.0194698
0.00248228
-0.0101249
-0.0158318
-0.0153441
-0.0110857
-0.00569253
-0.001069
0.00190042
0.00317553
0.00319407
0.00252582
0.00165015
0.000867855
0.000308165
-1.896e-05
-0.000164161
-0.000194055
-0.000166023
-0.00011907
-7.45094e-05
-4.08091e-05
-1.89591e-05
-6.62058e-06
-6.72768e-07
1.56421e-06
1.95714e-06
1.6181e-06
1.11389e-06
6.78777e-07
3.73905e-07
1.86642e-07
8.3207e-08
3.16223e-08
8.71926e-09
1.11321e-10
-2.23697e-09
-2.14228e-09
-1.64113e-09
-7.72488e-10
100.237
100.442
98.4733
98.8453
104.142
104.627
86.3622
49.9953
13.7962
-4.5809
-4.62143
1.00229
2.34735
-0.126917
-1.47044
-0.271561
0.973942
0.516512
-0.572336
-0.644212
0.186757
0.627971
0.163823
-0.449385
-0.403553
0.144323
0.44803
0.176453
-0.272202
-0.35818
-0.032593
0.294009
0.272165
-0.0305423
-0.270637
-0.218977
0.0368367
0.231138
0.196032
-0.00652633
-0.180848
-0.187153
-0.0447238
0.114561
0.169634
0.097441
-0.0313969
-0.121709
-0.122589
-0.0497779
0.0400057
0.0929304
0.0881302
0.040489
-0.0170054
-0.0551652
-0.0617645
-0.0421511
-0.0113276
0.0156902
0.030148
0.0309045
0.0221537
0.00989593
-0.000906329
-0.0076444
-0.00999081
-0.00906087
-0.00644797
-0.00352849
-0.00115088
0.000366815
0.00107701
0.00120998
0.00102451
0.000725516
0.000438805
0.000220615
8.07487e-05
5.46827e-06
-2.60671e-05
-3.27334e-05
-2.80302e-05
-1.99971e-05
-1.25468e-05
-7.03114e-06
-3.49542e-06
-1.48504e-06
-4.73572e-07
-3.77634e-08
1.0544e-07
1.21167e-07
9.40599e-08
6.13107e-08
3.55933e-08
1.88162e-08
9.06835e-09
3.97053e-09
1.53156e-09
3.59204e-10
99.7781
100.609
100.421
98.2311
98.8675
104.327
104.612
86.2027
49.9941
13.9433
-4.55354
-4.75658
0.940588
2.46123
-0.0279926
-1.54631
-0.400255
0.99295
0.653229
-0.522815
-0.753717
0.0761827
0.671345
0.300297
-0.403864
-0.507711
0.0259324
0.463941
0.305097
-0.186392
-0.414303
-0.163875
0.234546
0.346649
0.0960004
-0.222529
-0.29415
-0.0847762
0.178198
0.25639
0.108881
-0.110702
-0.216792
-0.144565
0.0249198
0.154759
0.161769
0.0620598
-0.0620162
-0.130021
-0.112651
-0.036523
0.0453396
0.0896666
0.0831762
0.0408549
-0.00963667
-0.0447932
-0.0545764
-0.0424114
-0.0192508
0.00342748
0.0182453
0.0231633
0.0201862
0.0130853
0.00542288
-0.000517123
-0.00390315
-0.00497556
-0.00449529
-0.00328555
-0.00197116
-0.000902563
-0.000196753
0.000176125
0.0003097
0.000304216
0.000237955
0.0001599
9.40585e-05
4.77908e-05
1.96311e-05
4.81658e-06
-1.60575e-06
-3.4781e-06
-3.29425e-06
-2.4424e-06
-1.57079e-06
-9.06095e-07
-4.72952e-07
-2.21532e-07
-9.00051e-08
-2.84369e-08
-3.49631e-09
4.30253e-09
5.26754e-09
3.95296e-09
2.70872e-09
1.21164e-09
99.8487
99.8043
100.849
100.389
98.05
98.8976
104.483
104.592
86.0551
49.9926
14.0865
-4.52031
-4.88967
0.867454
2.56951
0.0855045
-1.60872
-0.541326
0.989147
0.79254
-0.44499
-0.849226
-0.0578819
0.683439
0.441531
-0.320271
-0.588817
-0.116283
0.435831
0.423135
-0.0624051
-0.425578
-0.29507
0.127833
0.375788
0.227278
-0.122525
-0.320479
-0.207917
0.0736602
0.260967
0.213082
0.00247616
-0.184292
-0.212034
-0.0860631
0.0815028
0.17234
0.14195
0.0310354
-0.0800376
-0.128817
-0.101914
-0.0294112
0.0429267
0.0813552
0.0771235
0.0430208
0.000863103
-0.0308925
-0.0437238
-0.0390293
-0.0240473
-0.00700972
0.00619084
0.0131292
0.0142646
0.0115981
0.00738835
0.00335106
0.000393854
-0.00127434
-0.00187365
-0.00178665
-0.0013759
-0.000898807
-0.000495297
-0.000213879
-4.84046e-05
3.0631e-05
5.59237e-05
5.36489e-05
4.09283e-05
2.704e-05
1.58797e-05
8.29341e-06
3.75388e-06
1.34721e-06
2.39939e-07
-1.69233e-07
-2.52905e-07
-2.13586e-07
-1.467e-07
-8.89153e-08
-4.89567e-08
-2.47547e-08
-1.14433e-08
-4.79792e-09
-1.7419e-09
-3.73836e-10
100.123
99.6105
99.8435
101.026
100.346
97.8999
98.9366
104.626
104.568
85.9113
49.9911
14.2303
-4.48069
-5.02292
0.782246
2.67245
0.213528
-1.65647
-0.692963
0.961209
0.930229
-0.339614
-0.925017
-0.210339
0.660266
0.577867
-0.201037
-0.636772
-0.270956
0.361227
0.514816
0.0883564
-0.384293
-0.405579
-0.014596
0.347896
0.338144
0.0156134
-0.28512
-0.303096
-0.0628036
0.200785
0.274228
0.129534
-0.0921019
-0.219634
-0.180474
-0.0288862
0.118678
0.172613
0.119021
0.00924157
-0.0861801
-0.121361
-0.0926071
-0.0283646
0.0340679
0.0687228
0.0691302
0.0448133
0.0119684
-0.0153377
-0.0298403
-0.031276
-0.0238204
-0.0129062
-0.00289895
0.00387573
0.00699492
0.00723694
0.00581349
0.00382206
0.00199168
0.000660418
-0.000122993
-0.000466582
-0.000526913
-0.000444038
-0.000315407
-0.000195088
-0.00010469
-4.65101e-05
-1.41034e-05
1.04713e-06
6.2618e-06
6.64059e-06
5.20941e-06
3.48979e-06
2.08592e-06
1.12822e-06
5.50625e-07
2.37018e-07
8.39226e-08
1.82222e-08
-4.84783e-09
-9.69491e-09
-8.25854e-09
-5.41842e-09
-3.33307e-09
-1.36462e-09
100.115
100.079
99.439
99.897
101.167
100.29
97.7665
98.9855
104.763
104.537
85.7668
49.9894
14.3775
-4.43418
-5.15748
0.684398
2.76965
0.355794
-1.68808
-0.852955
0.908022
1.06177
-0.208292
-0.975741
-0.374929
0.599522
0.699323
-0.0514158
-0.643538
-0.424642
0.242407
0.566145
0.249963
-0.289533
-0.476023
-0.173986
0.260564
0.404845
0.168491
-0.187981
-0.344447
-0.200954
0.0840086
0.269783
0.233718
0.0369992
-0.158251
-0.222696
-0.138248
0.0162334
0.136841
0.162527
0.0990385
-0.00189442
-0.082459
-0.109845
-0.084952
-0.0317697
0.0206561
0.0524454
0.0581017
0.0437462
0.0206127
-0.00101075
-0.0151117
-0.0203637
-0.0186853
-0.0132776
-0.00707517
-0.00197005
0.00128123
0.00275447
0.00294571
0.00243358
0.00168398
0.000984589
0.000462321
0.000135405
-3.30979e-05
-9.61639e-05
-0.000101017
-8.09873e-05
-5.55249e-05
-3.36875e-05
-1.81785e-05
-8.55442e-06
-3.26994e-06
-7.38984e-07
2.55757e-07
5.03654e-07
4.51498e-07
3.19232e-07
1.96727e-07
1.09215e-07
5.50986e-08
2.51291e-08
9.97752e-09
3.24589e-09
4.17522e-10
-3.19796e-10
99.9315
100.283
100.018
99.3063
99.9657
101.288
100.221
97.643
99.045
104.898
104.501
85.6187
49.9875
14.5298
-4.38029
-5.29384
0.573427
2.86025
0.511784
-1.70191
-1.01872
0.828829
1.18245
-0.0535577
-0.996671
-0.544401
0.500835
0.796158
0.120693
-0.603895
-0.562874
0.0864959
0.566566
0.403617
-0.1478
-0.491257
-0.326874
0.121857
0.409768
0.30718
-0.0428741
-0.316364
-0.306943
-0.0647685
0.194124
0.281685
0.165763
-0.0420968
-0.193191
-0.205453
-0.0980461
0.0450925
0.139764
0.147835
0.0847933
-0.00326818
-0.0710828
-0.0951787
-0.0776354
-0.0369208
0.00527529
0.0338413
0.0437254
0.038112
0.0241586
0.00896842
-0.00276103
-0.00926247
-0.0110079
-0.00958874
-0.00674567
-0.00379999
-0.00148071
-9.85755e-06
0.000707823
0.00090064
0.000803117
0.000593524
0.00037958
0.000210416
9.71566e-05
3.17363e-05
-1.21383e-07
-1.1855e-05
-1.33629e-05
-1.07889e-05
-7.36663e-06
-4.46318e-06
-2.43437e-06
-1.1895e-06
-5.05341e-07
-1.69338e-07
-2.59092e-08
2.26036e-08
3.05073e-08
2.45759e-08
1.64e-08
9.5964e-09
5.51286e-09
2.20422e-09
99.9017
99.997
100.408
99.94
99.2
100.05
101.393
100.138
97.5259
99.116
105.034
104.458
85.4653
49.9855
14.6883
-4.31854
-5.43206
0.448932
2.94312
0.680739
-1.69633
-1.18735
0.723346
1.2875
0.121105
-0.983949
-0.710748
0.36593
0.859467
0.305098
-0.516051
-0.671378
-0.0949021
0.510396
0.529759
0.0272866
-0.442986
-0.448548
-0.0502366
0.345381
0.402775
0.124358
-0.218217
-0.351777
-0.209861
0.0617356
0.254351
0.253724
0.0943606
-0.0972439
-0.20265
-0.179739
-0.067221
0.0579884
0.131813
0.131892
0.076292
0.00281943
-0.0541669
-0.0775067
-0.0686304
-0.0405698
-0.00880401
0.0153856
0.0273616
0.0281388
0.0217747
0.0128017
0.00460747
-0.00109432
-0.00402101
-0.00474642
-0.00413855
-0.00298147
-0.0018073
-0.000883584
-0.000280275
4.45119e-05
0.000174403
0.000191533
0.000157442
0.000109911
6.76026e-05
3.68159e-05
1.73573e-05
6.52174e-06
1.28575e-06
-7.68128e-07
-1.25229e-06
-1.10012e-06
-7.80071e-07
-4.86859e-07
-2.75916e-07
-1.43641e-07
-6.87071e-08
-2.98975e-08
-1.14359e-08
-3.61652e-09
-5.50265e-10
2.2e-10
100.03
99.7831
100.08
100.5
99.8458
99.1153
100.15
101.486
100.039
97.414
99.1991
105.171
104.407
85.3056
49.9833
14.8537
-4.24844
-5.57193
0.310596
3.01698
0.861664
-1.66977
-1.35563
0.591841
1.37224
0.311283
-0.934807
-0.865512
0.198695
0.881791
0.489863
-0.382035
-0.737367
-0.286527
0.397839
0.610433
0.216266
-0.331575
-0.516966
-0.230129
0.216573
0.432408
0.280547
-0.0658446
-0.319239
-0.313371
-0.0952957
0.154123
0.270477
0.20702
0.0351211
-0.127356
-0.195206
-0.153991
-0.0483111
0.0574888
0.116437
0.115667
0.0715471
0.013155
-0.0340516
-0.0571645
-0.0563232
-0.039869
-0.0182556
0.00038206
0.0120091
0.0162993
0.0151632
0.0111949
0.00660243
0.00275212
0.00018184
-0.001148
-0.00156042
-0.00143542
-0.00108349
-0.000703761
-0.000394059
-0.000182079
-5.75728e-05
3.74389e-06
2.63155e-05
2.88365e-05
2.32367e-05
1.59438e-05
9.73883e-06
5.37068e-06
2.66518e-06
1.16167e-06
4.12734e-07
8.60143e-08
-2.97907e-08
-5.36452e-08
-4.50091e-08
-2.98559e-08
-1.71858e-08
-8.82892e-09
-4.18961e-09
-1.30168e-09
100.086
99.9439
99.7025
100.179
100.564
99.7362
99.0505
100.266
101.566
99.9262
97.3069
99.295
105.311
104.349
85.1388
49.981
15.0265
-4.16953
-5.71306
0.158189
3.0804
1.05333
-1.62081
-1.5201
0.435192
1.43222
0.511701
-0.847765
-1.00013
0.0051369
0.857674
0.662016
-0.20782
-0.750803
-0.470703
0.235445
0.631632
0.395984
-0.166749
-0.516581
-0.388489
0.0408196
0.38452
0.391949
0.110783
-0.211188
-0.345443
-0.235252
0.00589825
0.206637
0.257096
0.158716
-0.0051123
-0.136456
-0.17844
-0.132452
-0.0404426
0.0469551
0.0958893
0.0984893
0.0674597
0.0239108
-0.0137504
-0.0356447
-0.0407193
-0.0336692
-0.0210658
-0.0084658
0.000892773
0.00606134
0.00763723
0.00688515
0.00507178
0.00312013
0.0015326
0.000470959
-0.000110549
-0.000345216
-0.000374166
-0.000307601
-0.000215293
-0.000132692
-7.22253e-05
-3.38299e-05
-1.24102e-05
-2.09806e-06
1.87435e-06
2.72219e-06
2.31972e-06
1.60936e-06
9.79631e-07
5.35807e-07
2.6363e-07
1.14263e-07
4.06105e-08
8.75041e-09
-2.79566e-09
-5.00208e-09
-4.82647e-09
-2.61356e-09
100.002
100.159
99.8437
99.6562
100.291
100.602
99.6134
99.0061
100.396
101.633
99.798
97.2051
99.4042
105.453
104.283
84.9644
49.9784
15.2069
-4.08134
-5.8549
-0.00843304
3.13189
1.25427
-1.54824
-1.67712
0.254931
1.46336
0.716323
-0.722785
-1.10634
-0.206777
0.784157
0.808376
-0.00316931
-0.705525
-0.62892
0.0359101
0.585367
0.54242
0.0330412
-0.44143
-0.497085
-0.154039
0.262257
0.43173
0.273533
-0.0486196
-0.293168
-0.318305
-0.149026
0.0785265
0.225306
0.229311
0.119146
-0.0258278
-0.130013
-0.157238
-0.11575
-0.0406304
0.0300026
0.0718215
0.0792418
0.0608973
0.0312271
0.00312872
-0.0158805
-0.0240053
-0.0233894
-0.0177781
-0.0106889
-0.00448055
-0.000209241
0.00205501
0.00277449
0.00255998
0.0019374
0.00125701
0.000697339
0.000312608
8.7105e-05
-2.22479e-05
-6.01179e-05
-6.12113e-05
-4.78713e-05
-3.21494e-05
-1.9182e-05
-1.02263e-05
-4.78612e-06
-1.84483e-06
-4.47685e-07
1.04233e-07
2.49835e-07
2.3194e-07
1.68359e-07
1.07161e-07
6.22708e-08
3.37393e-08
1.70119e-08
8.50897e-09
3.07301e-09
99.9289
100.102
100.191
99.7349
99.6431
100.412
100.611
99.4797
98.9832
100.54
101.685
99.6549
97.1094
99.5272
105.597
104.208
84.7822
49.9758
15.3952
-3.98339
-5.9968
-0.189322
3.16991
1.46281
-1.45109
-1.82291
0.053264
1.4621
0.918494
-0.561395
-1.17653
-0.427395
0.661158
0.916474
0.218846
-0.600119
-0.743617
-0.182815
0.471177
0.633867
0.242589
-0.296956
-0.533868
-0.334221
0.0841026
0.386547
0.384589
0.13218
-0.165507
-0.318447
-0.264806
-0.0755672
0.119992
0.220512
0.198247
0.0922812
-0.029996
-0.112896
-0.133755
-0.102039
-0.044706
0.0105663
0.0462518
0.057727
0.0500383
0.0324001
0.0134634
-0.00123121
-0.00966
-0.0123974
-0.0112884
-0.00834145
-0.00509382
-0.00242033
-0.000626153
0.000347073
0.000720371
0.000737083
0.000590923
0.000405759
0.000244454
0.000128277
5.57666e-05
1.63768e-05
-1.61797e-06
-7.6337e-06
-7.96215e-06
-6.22181e-06
-4.18414e-06
-2.53252e-06
-1.40437e-06
-7.17281e-07
-3.36111e-07
-1.42253e-07
-5.23016e-08
-1.48902e-08
-1.6069e-09
1.75764e-09
2.01326e-09
9.53312e-10
99.9707
99.9051
100.205
100.186
99.6236
99.6631
100.536
100.593
99.3386
98.9834
100.695
101.722
99.4973
97.0209
99.6643
105.743
104.124
84.5918
49.9729
15.5915
-3.87523
-6.13803
-0.384438
3.19292
1.67704
-1.32871
-1.9536
-0.166922
1.42557
1.11111
-0.366741
-1.20422
-0.645769
0.491709
0.975493
0.442612
-0.438459
-0.800042
-0.399071
0.296848
0.654097
0.433087
-0.100136
-0.487425
-0.465968
-0.118641
0.260688
0.415607
0.287832
0.00754175
-0.232224
-0.305319
-0.207004
-0.0243325
0.134757
0.201879
0.169833
0.0774748
-0.0220702
-0.0888861
-0.108381
-0.0883736
-0.048133
-0.00706925
0.0222235
0.0356364
0.0355088
0.0272204
0.0162331
0.00640924
-0.000405482
-0.0039859
-0.0050314
-0.0045337
-0.00337116
-0.00213793
-0.00113814
-0.000461346
-7.47449e-05
0.00010236
0.000152632
0.000139878
0.000104763
6.87428e-05
4.04407e-05
2.13777e-05
9.98171e-06
3.89296e-06
1.02758e-06
-9.83705e-08
-4.00112e-07
-3.7601e-07
-2.63506e-07
-1.5698e-07
-8.20778e-08
-3.75772e-08
-1.40215e-08
-3.61143e-09
8.78225e-10
1.48823e-09
100.049
99.8724
99.9232
100.304
100.144
99.5169
99.7157
100.66
100.545
99.1938
99.0081
100.86
101.741
99.326
96.9411
99.8159
105.89
104.03
84.3932
49.9699
15.7959
-3.75639
-6.2778
-0.593648
3.19937
1.89485
-1.18074
-2.06533
-0.402069
1.35167
1.28682
-0.143602
-1.1844
-0.850138
0.282033
0.977182
0.651012
-0.229815
-0.787985
-0.589594
0.0781869
0.595061
0.576119
0.122271
-0.359942
-0.522072
-0.307316
0.0765536
0.355367
0.378665
0.181826
-0.0813124
-0.256357
-0.272849
-0.158263
0.00357344
0.129603
0.17599
0.145494
0.0712469
-0.00706353
-0.0612274
-0.0812267
-0.0722591
-0.0471444
-0.0189645
0.0033724
0.0162658
0.0202937
0.0182239
0.0132293
0.00780145
0.00337944
0.000464927
-0.00105133
-0.00155549
-0.00147104
-0.00113371
-0.00075569
-0.000441268
-0.000221563
-8.84079e-05
-1.88679e-05
1.07058e-05
1.86791e-05
1.70028e-05
1.23347e-05
7.76751e-06
4.35371e-06
2.16734e-06
9.27102e-07
3.02578e-07
3.09574e-08
-6.12899e-08
-7.46536e-08
-6.024e-08
-4.14082e-08
-2.51337e-08
-1.53833e-08
-6.6222e-09
100.048
100.024
99.787
99.9788
100.388
100.068
99.4223
99.7998
100.775
100.467
99.0496
99.0587
101.031
101.74
99.1418
96.8713
99.9822
106.038
103.926
84.1862
49.9666
16.0084
-3.62641
-6.41525
-0.81672
3.18776
2.11392
-1.00722
-2.15431
-0.647979
1.23924
1.43827
0.101672
-1.11391
-1.02851
0.0414218
0.91667
0.826681
0.011511
-0.703225
-0.731994
-0.162229
0.458729
0.647967
0.337264
-0.167993
-0.487723
-0.44344
-0.128991
0.213839
0.379452
0.310577
0.0924754
-0.131495
-0.251022
-0.235088
-0.123805
0.0117438
0.110936
0.146275
0.123699
0.0687236
0.00973934
-0.033483
-0.0535501
-0.0531624
-0.0401819
-0.0229944
-0.00769221
0.0027595
0.00799453
0.00916312
0.00790511
0.00567343
0.00344253
0.00169619
0.00055567
-6.13338e-05
-0.000312134
-0.000350219
-0.000290579
-0.000204084
-0.000126078
-6.88367e-05
-3.24024e-05
-1.19837e-05
-2.06294e-06
1.83542e-06
2.73168e-06
2.39532e-06
1.7271e-06
1.10911e-06
6.54858e-07
3.61054e-07
1.87501e-07
9.2121e-08
4.30411e-08
1.9027e-08
8.36813e-09
2.79758e-09
99.9809
100.124
99.9619
99.7249
100.066
100.449
99.9632
99.3471
99.913
100.878
100.361
98.9107
99.1362
101.206
101.718
98.9458
96.8132
100.163
106.186
103.812
83.9707
49.9632
16.2292
-3.48481
-6.54947
-1.05332
3.15663
2.33175
-0.808582
-2.21689
-0.899853
1.08814
1.55832
0.361284
-0.991752
-1.16928
-0.218075
0.793116
0.953393
0.267033
-0.548506
-0.807372
-0.39727
0.257726
0.633632
0.510518
0.0592144
-0.364461
-0.496914
-0.311966
0.0212864
0.287158
0.357649
0.238851
0.0309289
-0.148973
-0.228359
-0.199574
-0.10298
0.00584195
0.0840666
0.114216
0.101827
0.0649953
0.0232275
-0.00976807
-0.0282862
-0.0331533
-0.0287125
-0.019996
-0.0109542
-0.00383103
0.000657518
0.00278563
0.00326118
0.00282669
0.00205393
0.00129091
0.000695747
0.00030144
7.71907e-05
-2.83579e-05
-6.32293e-05
-6.27881e-05
-4.89734e-05
-3.32634e-05
-2.03964e-05
-1.14508e-05
-5.90198e-06
-2.7732e-06
-1.1629e-06
-4.12147e-07
-1.02982e-07
2.11352e-09
2.46028e-08
2.05231e-08
1.14529e-08
4.91492e-09
8.89186e-10
-6.33549e-10
99.9474
100.045
100.168
99.8736
99.6948
100.176
100.481
99.835
99.2982
100.052
100.961
100.227
98.7819
99.2412
101.382
101.673
98.7395
96.7682
100.359
106.333
103.686
83.7468
49.9595
16.4582
-3.33112
-6.67949
-1.30302
3.10457
2.54568
-0.585655
-2.24964
-1.15236
0.899356
1.64032
0.626177
-0.819314
-1.26195
-0.48217
0.610137
1.0175
0.515399
-0.333892
-0.802806
-0.598269
0.014526
0.529903
0.612019
0.284094
-0.171215
-0.453163
-0.430983
-0.177897
0.123225
0.30867
0.31428
0.17947
-0.00212588
-0.142496
-0.19672
-0.168311
-0.0916428
-0.00773786
0.0537126
0.0810889
0.0781349
0.0567146
0.0296604
0.00628825
-0.00898987
-0.0158592
-0.0163715
-0.0132868
-0.00898363
-0.00500284
-0.00205269
-0.000242824
0.000637885
0.000901971
0.000833234
0.000634007
0.000422013
0.000250239
0.000131656
5.9567e-05
2.08687e-05
2.9868e-06
-3.50362e-06
-4.62841e-06
-3.74549e-06
-2.46381e-06
-1.40104e-06
-6.92875e-07
-2.85844e-07
-8.19037e-08
4.528e-09
3.10486e-08
3.25719e-08
2.44047e-08
1.78062e-08
8.66709e-09
99.9874
99.9149
100.128
100.173
99.7712
99.7029
100.299
100.476
99.6913
99.2814
100.211
101.018
100.068
98.6683
99.3737
101.556
101.604
98.5245
96.7381
100.57
106.478
103.549
83.5142
49.9557
16.6956
-3.16486
-6.80431
-1.56528
3.03025
2.75287
-0.339724
-2.24943
-1.3997
0.675064
1.67842
0.886299
-0.600531
-1.29774
-0.735044
0.37596
1.00929
0.734105
-0.0764134
-0.713394
-0.738546
-0.24081
0.346906
0.621522
0.466924
0.058082
-0.317526
-0.457206
-0.335539
-0.0707806
0.176509
0.296095
0.266502
0.138118
-0.011666
-0.120252
-0.160631
-0.139823
-0.084146
-0.0225221
0.0247015
0.0493494
0.0532422
0.0435126
0.028169
0.0133265
0.00227721
-0.00415096
-0.00667175
-0.00661293
-0.00526878
-0.00358509
-0.00209921
-0.00101999
-0.000351619
-3.64897e-06
0.000135143
0.000158785
0.000131911
9.18262e-05
5.60528e-05
3.02091e-05
1.40239e-05
5.09412e-06
8.20662e-07
-8.309e-07
-1.19724e-06
-1.04446e-06
-7.55383e-07
-4.89622e-07
-2.93773e-07
-1.65737e-07
-8.91456e-08
-4.52958e-08
-2.34485e-08
-8.93695e-09
100.04
99.9094
99.9262
100.216
100.136
99.6688
99.752
100.423
100.431
99.5409
99.3014
100.384
101.045
99.8866
98.5748
99.5329
101.722
101.509
98.3027
96.7245
100.795
106.62
103.4
83.2729
49.9515
16.9412
-2.98555
-6.92289
-1.83943
2.93245
2.95034
-0.0725296
-2.21353
-1.63572
0.418668
1.66776
1.13092
-0.341921
-1.27034
-0.960226
0.103254
0.924173
0.901497
0.201068
-0.543582
-0.797045
-0.474243
0.107704
0.532877
0.573116
0.280228
-0.115588
-0.382176
-0.411939
-0.243603
-0.00118904
0.190725
0.264803
0.222994
0.113356
-0.00499958
-0.0890213
-0.122359
-0.111576
-0.0752106
-0.0328338
0.00178103
0.022646
0.0301137
0.0280271
0.0210579
0.0130163
0.006209
0.00154045
-0.0010387
-0.00204306
-0.00208618
-0.00167766
-0.00115452
-0.000693826
-0.000358973
-0.000148744
-3.4629e-05
1.65862e-05
3.22735e-05
3.10878e-05
2.39338e-05
1.62154e-05
1.00224e-05
5.74626e-06
3.08113e-06
1.5504e-06
7.32434e-07
3.24208e-07
1.34175e-07
5.17797e-08
1.90664e-08
6.86019e-09
3.10265e-09
1.50162e-09
100.036
100.02
99.8384
99.9798
100.29
100.059
99.5807
99.8414
100.536
100.346
99.3942
99.3612
100.564
101.037
99.6878
98.5063
99.7176
101.879
101.389
98.076
96.7289
101.035
106.759
103.238
83.0229
49.9471
17.1952
-2.7927
-7.03412
-2.12473
2.81003
3.13501
0.213719
-2.13967
-1.85402
0.134815
1.60481
1.34901
-0.0525159
-1.17641
-1.1416
-0.191389
0.763583
0.998908
0.47173
-0.307518
-0.761613
-0.652316
-0.154231
0.356312
0.580243
0.450998
0.111108
-0.221268
-0.386897
-0.348385
-0.172392
0.0326586
0.177722
0.224825
0.185618
0.0997436
0.0099113
-0.0547963
-0.0840097
-0.0823331
-0.0618654
-0.0352982
-0.0117787
0.0042733
0.0123423
0.0141858
0.0122952
0.00888247
0.00544031
0.00272009
0.000921412
-7.01509e-05
-0.000488862
-0.000568071
-0.000485631
-0.000353457
-0.00022924
-0.000134673
-7.17704e-05
-3.42604e-05
-1.41038e-05
-4.45534e-06
-5.0087e-07
7.20203e-07
8.25025e-07
5.92054e-07
3.38042e-07
1.57307e-07
5.33446e-08
4.27872e-09
-1.42652e-08
-1.61732e-08
-1.48981e-08
-8.2607e-09
99.988
100.095
99.9602
99.7924
100.068
100.335
99.9476
99.5204
99.9664
100.627
100.221
99.2616
99.4617
100.742
100.991
99.4766
98.4673
99.9258
102.02
101.241
97.8469
96.753
101.288
106.894
103.064
82.7641
49.9425
17.4576
-2.58579
-7.13687
-2.42028
2.662
3.30368
0.51633
-2.02613
-2.04805
-0.170623
1.48758
1.52969
0.256337
-1.01612
-1.2645
-0.488309
0.535412
1.01274
0.707288
-0.0282745
-0.631448
-0.747125
-0.39951
0.118007
0.483362
0.534417
0.313479
-0.0114003
-0.266273
-0.356518
-0.286417
-0.126343
0.0384854
0.147771
0.181267
0.152246
0.0904313
0.0253922
-0.023394
-0.0488762
-0.0535624
-0.0447278
-0.0302002
-0.0158645
-0.00490067
0.00182208
0.00487513
0.00541986
0.00461862
0.00334471
0.00211884
0.00117071
0.000541936
0.000180103
3.97738e-06
-6.11022e-05
-6.97757e-05
-5.59362e-05
-3.74444e-05
-2.18591e-05
-1.1133e-05
-4.73526e-06
-1.39898e-06
7.56575e-08
5.60617e-07
5.95426e-07
4.71352e-07
3.24034e-07
2.03164e-07
1.1962e-07
6.55526e-08
3.6692e-08
1.48313e-08
99.9589
100.048
100.119
99.8753
99.7852
100.178
100.341
99.8144
99.4995
100.119
100.682
100.063
99.1538
99.6016
100.91
100.905
99.2592
98.4617
100.155
102.144
101.066
97.6178
96.7983
101.556
107.022
102.875
82.4965
49.9375
17.7283
-2.36432
-7.22995
-2.72508
2.48751
3.45308
0.832128
-1.87182
-2.2113
-0.490601
1.31585
1.66267
0.571309
-0.793461
-1.31684
-0.765967
0.254001
0.936284
0.880939
0.264083
-0.418287
-0.740992
-0.588773
-0.143268
0.297407
0.511122
0.44586
0.196997
-0.0817956
-0.266941
-0.310147
-0.234613
-0.101771
0.0259231
0.108904
0.136501
0.119803
0.0794933
0.0352939
0.000148516
-0.0208674
-0.0286461
-0.0271466
-0.0208965
-0.0134983
-0.00711493
-0.00261175
1.66461e-05
0.00120168
0.00147376
0.00128191
0.000930907
0.000589141
0.000325959
0.000152334
5.2417e-05
3.17738e-06
-1.58728e-05
-1.94247e-05
-1.65084e-05
-1.19145e-05
-7.75089e-06
-4.66346e-06
-2.62945e-06
-1.39954e-06
-7.06038e-07
-3.3842e-07
-1.5426e-07
-6.7142e-08
-2.77967e-08
-1.15649e-08
-3.81415e-09
99.9813
99.9479
100.122
100.099
99.7841
99.8242
100.291
100.298
99.6737
99.5258
100.286
100.695
99.879
99.0807
99.7773
101.058
100.777
99.0425
98.493
100.401
102.244
100.865
97.3914
96.8661
101.836
107.145
102.673
82.2199
49.9322
18.0076
-2.12776
-7.31213
-3.03798
2.28584
3.57991
1.15746
-1.67639
-2.33743
-0.817003
1.09135
1.73882
0.877566
-0.516436
-1.29021
-1.00243
-0.060468
0.771122
0.97051
0.53556
-0.145991
-0.630141
-0.689338
-0.382245
0.0557834
0.383911
0.477241
0.352312
0.116528
-0.107657
-0.239465
-0.258793
-0.19324
-0.0908404
0.00478805
0.0680018
0.0928041
0.0869712
0.0639732
0.0364852
0.0129958
-0.00276732
-0.0107132
-0.012722
-0.0112101
-0.00824539
-0.00519762
-0.00275343
-0.00110326
-0.00015826
0.00027798
0.000404215
0.000374077
0.000286369
0.000194199
0.000119789
6.79077e-05
3.54117e-05
1.68482e-05
7.15168e-06
2.55911e-06
6.36508e-07
-2.76062e-08
-1.72244e-07
-1.44165e-07
-8.39581e-08
-3.73563e-08
-9.85436e-09
1.60191e-09
6.55504e-09
5.02838e-09
100.023
99.9176
99.983
100.187
100.033
99.7076
99.9091
100.39
100.208
99.5425
99.603
100.455
100.657
99.6796
99.0506
99.983
101.178
100.61
98.834
98.5637
100.66
102.318
100.637
97.1706
96.958
102.129
107.259
102.455
81.9343
49.9265
18.2954
-1.87556
-7.38212
-3.35773
2.05648
3.68083
1.48819
-1.44025
-2.42045
-1.14077
0.817916
1.75059
1.15937
-0.196964
-1.18081
-1.17707
-0.383195
0.52776
0.961432
0.752175
0.151696
-0.426534
-0.681422
-0.555234
-0.195177
0.178667
0.399876
0.415597
0.274196
0.0721176
-0.101285
-0.196185
-0.206991
-0.158235
-0.0847213
-0.0158772
0.0316409
0.0539389
0.0557041
0.045128
0.0300222
0.0158262
0.00524162
-0.00117741
-0.00412276
-0.00473924
-0.00411239
-0.00303629
-0.00197842
-0.00114601
-0.00058109
-0.000243543
-6.72629e-05
9.61008e-06
3.31174e-05
3.25384e-05
2.40009e-05
1.50037e-05
8.17817e-06
3.83383e-06
1.42585e-06
2.70883e-07
-1.79848e-07
-2.86661e-07
-2.54789e-07
-1.8502e-07
-1.2079e-07
-7.13065e-08
-4.2797e-08
-1.81862e-08
100.035
99.9833
99.8756
100.056
100.223
99.9325
99.6654
100.032
100.455
100.073
99.4383
99.7295
100.609
100.566
99.4773
99.0703
100.211
101.26
100.406
98.6416
98.6754
100.927
102.361
100.384
96.9585
97.0753
102.433
107.364
102.223
81.6396
49.9205
18.5917
-1.60716
-7.43858
-3.6829
1.7991
3.75251
1.81973
-1.16469
-2.45489
-1.45208
0.501534
1.69259
1.40079
0.149389
-0.990206
-1.27229
-0.686495
0.225492
0.84915
0.88429
0.435017
-0.157391
-0.562661
-0.628602
-0.405032
-0.0601407
0.232484
0.371741
0.348195
0.217344
0.0557172
-0.0752133
-0.145686
-0.156066
-0.125078
-0.0764578
-0.0294958
0.00492124
0.0238744
0.0297175
0.0270365
0.0203798
0.013083
0.00700375
0.00279088
0.000338865
-0.000795031
-0.00110651
-0.000998882
-0.000740053
-0.000476707
-0.000270064
-0.000131767
-5.07427e-05
-9.55843e-06
7.56392e-06
1.20451e-05
1.09796e-05
8.19774e-06
5.44885e-06
3.33193e-06
1.90475e-06
1.02669e-06
5.24167e-07
2.53924e-07
1.16804e-07
5.06911e-08
2.1441e-08
6.6895e-09
100.007
100.062
99.915
99.8742
100.149
100.212
99.8129
99.6722
100.178
100.472
99.9078
99.3771
99.8984
100.732
100.424
99.2864
99.1436
100.45
101.297
100.17
98.4731
98.8289
101.197
102.371
100.108
96.7581
97.219
102.748
107.46
101.975
81.3356
49.914
18.8967
-1.32199
-7.48013
-4.01193
1.51359
3.79171
2.14703
-0.851937
-2.436
-1.74054
0.150414
1.56205
1.58649
0.503943
-0.725896
-1.27537
-0.942044
-0.108619
0.640797
0.910989
0.663394
0.137699
-0.350185
-0.586286
-0.529763
-0.278572
0.0170874
0.234848
0.32032
0.284847
0.177997
0.0558148
-0.0410047
-0.0947618
-0.107312
-0.0914982
-0.0626703
-0.0331232
-0.00996332
0.00449962
0.0111464
0.0123029
0.0104431
0.00749604
0.00464829
0.00244198
0.000986403
0.00016568
-0.000210533
-0.000321454
-0.000300418
-0.00023102
-0.000157383
-9.77349e-05
-5.59922e-05
-2.96816e-05
-1.44922e-05
-6.42119e-06
-2.49062e-06
-7.6442e-07
-1.08498e-07
8.20144e-08
9.92813e-08
6.9729e-08
3.82168e-08
1.74839e-08
5.71788e-09
2.79748e-10
99.9736
100.067
100.043
99.8435
99.9216
100.239
100.148
99.6975
99.7354
100.326
100.43
99.7276
99.3713
100.098
100.811
100.236
99.1212
99.2716
100.69
101.284
99.9072
98.3365
99.0236
101.464
102.343
99.8098
96.5729
97.3903
103.073
107.543
101.71
81.0221
49.9072
19.2104
-1.01944
-7.50531
-4.34311
1.20007
3.79524
2.46466
-0.505184
-2.35998
-1.99552
-0.225136
1.35924
1.70277
0.845805
-0.40136
-1.1801
-1.12362
-0.441913
0.355565
0.82395
0.801682
0.412386
-0.0792132
-0.434741
-0.542449
-0.42608
-0.19096
0.0456673
0.204133
0.258696
0.227099
0.148132
0.0605984
-0.00914916
-0.050301
-0.0643212
-0.0592413
-0.044495
-0.0276964
-0.0134486
-0.00357219
0.00200952
0.0043112
0.00456337
0.003806
0.00274377
0.00176253
0.00101548
0.000518385
0.000224297
7.05122e-05
1.96895e-06
-2.09774e-05
-2.30632e-05
-1.78038e-05
-1.1526e-05
-6.54997e-06
-3.28296e-06
-1.40723e-06
-4.56855e-07
-4.25506e-08
9.81797e-08
1.17396e-07
9.55234e-08
6.38321e-08
4.23788e-08
1.92649e-08
99.9706
100.001
100.115
99.9796
99.7957
100.013
100.299
100.037
99.6105
99.8528
100.453
100.328
99.5535
99.4284
100.311
100.832
100.013
98.996
99.4518
100.917
101.216
99.6266
98.2392
99.2577
101.721
102.275
99.4928
96.4063
97.59
103.406
107.614
101.428
80.6992
49.8998
19.533
-0.69887
-7.5126
-4.67456
0.858908
3.76006
2.76681
-0.128632
-2.2241
-2.20639
-0.612867
1.08779
1.73829
1.15292
-0.0356804
-0.987919
-1.2098
-0.739176
0.0234078
0.629669
0.826072
0.621085
0.202483
-0.20296
-0.440505
-0.468725
-0.338258
-0.140581
0.0404024
0.155556
0.194359
0.173484
0.120666
0.0616206
0.0132
-0.0176764
-0.031585
-0.0330513
-0.0275175
-0.0194971
-0.0118819
-0.00602992
-0.00221217
-0.000110942
0.000794435
0.000997146
0.000864672
0.000625547
0.000397036
0.000223517
0.000109788
4.39896e-05
1.06385e-05
-3.4627e-06
-7.54852e-06
-7.22611e-06
-5.47794e-06
-3.65784e-06
-2.23692e-06
-1.27591e-06
-6.85223e-07
-3.48106e-07
-1.67685e-07
-7.61034e-08
-3.37583e-08
-1.08818e-08
99.9978
99.9399
100.064
100.125
99.8891
99.7936
100.131
100.309
99.8938
99.5734
100.013
100.537
100.171
99.4077
99.5495
100.52
100.789
99.7665
98.9232
99.6785
101.119
101.091
99.3374
98.188
99.5282
101.962
102.166
99.1598
96.2617
97.819
103.746
107.671
101.129
80.3664
49.8918
19.8645
-0.359647
-7.5004
-5.0042
0.490791
3.68328
3.04728
0.272397
-2.02696
-2.36284
-0.998722
0.754935
1.68509
1.40326
0.347049
-0.708773
-1.18652
-0.966056
-0.317331
0.350138
0.728764
0.726667
0.442447
0.0619659
-0.247532
-0.398136
-0.387746
-0.270424
-0.116656
0.0169702
0.101094
0.132131
0.122863
0.0917676
0.0552351
0.0238943
0.0023216
-0.00937015
-0.0134457
-0.0128223
-0.0100241
-0.00676879
-0.00397442
-0.00196586
-0.000718757
-5.69727e-05
0.00022225
0.000287035
0.000252876
0.000187537
0.000124315
7.5453e-05
4.23456e-05
2.20055e-05
1.05206e-05
4.54318e-06
1.69352e-06
4.73504e-07
2.75729e-08
-8.98238e-08
-9.003e-08
-6.10674e-08
-3.42238e-08
-1.70153e-08
-5.26851e-09
100.025
99.9432
99.9536
100.134
100.085
99.798
99.8481
100.25
100.257
99.7422
99.601
100.195
100.559
99.974
99.311
99.7288
100.702
100.677
99.515
98.9131
99.942
101.281
100.909
99.0502
98.1888
99.8306
102.179
102.012
98.8144
96.1428
98.0778
104.092
107.712
100.811
80.0238
49.8833
20.2051
-0.00110837
-7.46709
-5.32978
0.0967318
3.56233
3.29967
0.691488
-1.7688
-2.4554
-1.36729
0.371779
1.53967
1.5765
0.719044
-0.361479
-1.04981
-1.09348
-0.624007
0.0216878
0.521531
0.708597
0.593852
0.303454
-0.0102512
-0.236182
-0.33083
-0.309026
-0.216967
-0.1049
-0.00954632
0.0516585
0.0776706
0.0770995
0.0615538
0.0411379
0.0224789
0.00866426
0.000176951
-0.00393603
-0.00510886
-0.00466912
-0.00358434
-0.00243275
-0.00148488
-0.000814243
-0.000392865
-0.000156271
-3.93253e-05
8.87853e-06
2.23509e-05
2.1071e-05
1.53362e-05
9.63199e-06
5.39517e-06
2.7056e-06
1.18838e-06
4.22904e-07
8.34818e-08
-3.89582e-08
-6.66817e-08
-5.58064e-08
-4.27317e-08
-2.11204e-08
100.026
100.001
99.8978
100.013
100.182
99.9969
99.7362
99.9555
100.34
100.144
99.6114
99.6976
100.372
100.509
99.7577
99.2805
99.9529
100.838
100.501
99.2773
98.9721
100.23
101.393
100.675
98.7767
98.2461
100.159
102.365
101.814
98.4606
96.0531
98.3668
104.442
107.736
100.474
79.6709
49.8741
20.5549
0.3775
-7.41092
-5.64891
-0.322
3.39487
3.51741
1.12126
-1.45145
-2.47583
-1.7024
-0.0471185
1.30349
1.65573
1.05095
0.0273859
-0.807191
-1.10197
-0.855646
-0.309825
0.235221
0.568638
0.626889
0.469421
0.213442
-0.0296503
-0.191506
-0.253912
-0.235409
-0.17085
-0.0940949
-0.0284238
0.0155929
0.0374358
0.0422438
0.0368508
0.0272348
0.0174368
0.00952961
0.00411535
0.000942111
-0.000587481
-0.00109377
-0.00106692
-0.000829567
-0.000560317
-0.000337664
-0.000181848
-8.55329e-05
-3.24642e-05
-6.80208e-06
3.44484e-06
6.06462e-06
5.52049e-06
4.06338e-06
2.65473e-06
1.59517e-06
8.96737e-07
4.75777e-07
2.39734e-07
1.13962e-07
5.37517e-08
1.84818e-08
100.002
100.053
99.9425
99.8902
100.1
100.181
99.8811
99.7287
100.098
100.374
99.9841
99.5297
99.8558
100.517
100.386
99.5484
99.3269
100.203
100.91
100.268
99.0729
99.1027
100.527
101.443
100.394
98.529
98.3628
100.507
102.514
101.572
98.1032
95.9962
98.6861
104.795
107.741
100.117
79.3076
49.8642
20.914
0.77695
-7.33
-5.95887
-0.763724
3.17885
3.69367
1.55318
-1.0786
-2.41729
-1.98735
-0.483785
0.983472
1.62863
1.31356
0.424868
-0.477859
-0.984441
-0.978074
-0.594934
-0.0843469
0.331194
0.535035
0.524055
0.369383
0.16421
-0.0160901
-0.131689
-0.176749
-0.167349
-0.127574
-0.079216
-0.0367477
-0.00673434
0.010233
0.0168642
0.016898
0.0136813
0.00956594
0.00586899
0.00311237
0.00133088
0.000331326
-0.000136578
-0.000291636
-0.000290533
-0.00022946
-0.000158862
-9.99689e-05
-5.80718e-05
-3.13112e-05
-1.5643e-05
-7.16943e-06
-2.94064e-06
-1.0136e-06
-2.33207e-07
2.77461e-08
8.15924e-08
6.81532e-08
4.25368e-08
2.34701e-08
8.1785e-09
99.9788
100.052
100.036
99.878
99.9347
100.185
100.121
99.7685
99.7884
100.244
100.337
99.8039
99.5191
100.056
100.602
100.197
99.3741
99.4526
100.454
100.904
99.9951
98.9211
99.3021
100.815
101.423
100.076
98.3194
98.5403
100.865
102.618
101.285
97.7471
95.9757
99.0358
105.147
107.726
99.7394
78.9336
49.8535
21.2826
1.19796
-7.22244
-6.25674
-1.22623
2.91279
3.82165
1.97755
-0.656199
-2.27523
-2.20574
-0.917024
0.592861
1.48951
1.48039
0.793441
-0.0930642
-0.749466
-0.969871
-0.787452
-0.381649
0.0421526
0.339451
0.457548
0.420386
0.291632
0.138609
0.00972008
-0.0725235
-0.107275
-0.106304
-0.0852033
-0.0574959
-0.0320629
-0.0130788
-0.00124689
0.00465954
0.00653304
0.00614724
0.0048115
0.00332255
0.00206591
0.0011592
0.000578242
0.000244418
7.40242e-05
-2.3576e-07
-2.4373e-05
-2.60848e-05
-2.0097e-05
-1.31488e-05
-7.65571e-06
-4.01666e-06
-1.88195e-06
-7.5597e-07
-2.24821e-07
-1.02386e-08
5.73058e-08
5.95709e-08
5.0489e-08
2.62828e-08
99.9761
100.006
100.089
99.9743
99.8415
100.025
100.233
100.008
99.6936
99.9112
100.36
100.225
99.637
99.5904
100.269
100.608
99.9648
99.2611
99.6505
100.679
100.814
99.7013
98.8385
99.5626
101.077
101.329
99.7312
98.1599
98.7775
101.224
102.671
100.956
97.398
95.9951
99.4155
105.499
107.689
99.3402
78.5486
49.8419
21.6609
1.64137
-7.08628
-6.53948
-1.70699
2.59574
3.89482
2.384
-0.192296
-2.04785
-2.34266
-1.32379
0.150875
1.24094
1.53128
1.09541
0.306778
-0.422356
-0.828499
-0.854842
-0.603115
-0.239916
0.086898
0.292923
0.361658
0.323594
0.228032
0.120547
0.031251
-0.0270933
-0.0549433
-0.0599055
-0.0514698
-0.0377243
-0.0240372
-0.013103
-0.00565202
-0.00129183
0.00081323
0.00151572
0.00148544
0.00116301
0.000793169
0.000484564
0.000266338
0.000129606
5.28083e-05
1.45239e-05
-1.69234e-06
-6.67893e-06
-6.76258e-06
-5.21986e-06
-3.51606e-06
-2.16413e-06
-1.24311e-06
-6.73585e-07
-3.47075e-07
-1.68823e-07
-8.20733e-08
-2.90878e-08
99.994
99.9583
100.062
100.084
99.8918
99.8586
100.136
100.219
99.8686
99.6848
100.075
100.414
100.052
99.5186
99.7403
100.461
100.525
99.7164
99.2301
99.9039
100.852
100.642
99.411
98.8376
99.8711
101.292
101.159
99.3753
98.0613
99.0716
101.574
102.667
100.588
97.0619
96.0576
99.8246
105.846
107.627
98.9184
78.1521
49.8292
22.0492
2.10817
-6.91929
-6.80368
-2.20308
2.2271
3.90666
2.76127
0.303065
-1.73598
-2.38497
-1.67993
-0.318152
0.893638
1.45406
1.29641
0.676416
-0.0420423
-0.570806
-0.783894
-0.707906
-0.457663
-0.163888
0.0764994
0.218518
0.26247
0.235394
0.17203
0.101749
0.0428991
0.00290552
-0.0186131
-0.0260669
-0.0248697
-0.019643
-0.0135263
-0.00821248
-0.00432145
-0.00183537
-0.00045131
0.000192876
0.000405136
0.000402894
0.000318545
0.000221192
0.000139864
8.18147e-05
4.45475e-05
2.25682e-05
1.05595e-05
4.47896e-06
1.64728e-06
4.58749e-07
3.1616e-08
-7.99342e-08
-8.07398e-08
-5.42484e-08
-3.18999e-08
-1.18877e-08
100.015
99.9498
99.986
100.114
100.027
99.8239
99.9359
100.23
100.135
99.7395
99.7551
100.245
100.384
99.8499
99.4778
99.9498
100.596
100.357
99.4861
99.2927
100.188
100.949
100.396
99.1504
98.9258
100.21
101.444
100.915
99.0241
98.0331
99.4167
101.903
102.601
100.184
96.7454
96.1666
100.262
106.187
107.54
98.4731
77.7438
49.8154
22.4474
2.59924
-6.71914
-7.0455
-2.71076
1.80715
3.85095
3.09709
0.817128
-1.34412
-2.32229
-1.96072
-0.784485
0.467953
1.24715
1.36881
0.968996
0.340672
-0.234025
-0.585198
-0.675698
-0.564962
-0.352715
-0.131373
0.0396313
0.138159
0.170166
0.155996
0.118543
0.076065
0.0396389
0.0137682
-0.00155067
-0.00860993
-0.0103041
-0.00915584
-0.00694
-0.00468764
-0.00286402
-0.0015815
-0.000775152
-0.000319269
-9.04228e-05
7.07216e-06
3.71745e-05
3.77306e-05
2.85503e-05
1.85336e-05
1.07645e-05
5.65937e-06
2.67291e-06
1.09521e-06
3.45841e-07
3.7703e-08
-6.39455e-08
-7.31529e-08
-6.39865e-08
-3.37048e-08
100.022
99.9821
99.9285
100.051
100.128
99.9328
99.8058
100.056
100.269
99.9962
99.6611
99.897
100.378
100.267
99.6567
99.5311
100.187
100.647
100.122
99.3086
99.4493
100.47
100.953
100.096
98.9456
99.1034
100.556
101.517
100.605
98.6955
98.0827
99.8051
102.2
102.469
99.7486
96.4552
96.325
100.727
106.519
107.424
98.0032
77.3232
49.8003
22.856
3.11547
-6.48356
-7.26102
-3.22577
1.33716
3.72239
3.37901
1.33491
-0.881048
-2.14886
-2.14356
-1.21516
-0.0062592
0.922683
1.29808
1.14427
0.670437
0.127534
-0.296361
-0.51732
-0.54382
-0.438145
-0.275805
-0.117701
0.00125342
0.0707114
0.096894
0.0935117
0.0748215
0.051826
0.0311706
0.0157092
0.00574655
0.000277299
-0.00210122
-0.0026648
-0.00235124
-0.00174407
-0.00114713
-0.000680722
-0.00036393
-0.000171391
-6.61882e-05
-1.53317e-05
5.23284e-06
1.08278e-05
1.01511e-05
7.5823e-06
5.00796e-06
3.03923e-06
1.72568e-06
9.2526e-07
4.71413e-07
2.26616e-07
1.08184e-07
3.74497e-08
100.012
100.025
99.9315
99.9544
100.121
100.083
99.8376
99.8566
100.183
100.23
99.8366
99.6633
100.082
100.437
100.081
99.5152
99.6775
100.411
100.596
99.8516
99.2143
99.6872
100.717
100.855
99.7658
98.8199
99.3637
100.887
101.5
100.242
98.4078
98.2149
100.226
102.451
102.269
99.2891
96.1987
96.5354
101.217
106.838
107.278
97.5076
76.8898
49.7838
23.2751
3.65806
-6.20995
-7.44598
-3.74344
0.818983
3.51624
3.59441
1.83968
-0.35921
-1.86361
-2.20919
-1.57637
-0.492212
0.505471
1.08494
1.17477
0.897002
0.453463
0.02718
-0.270607
-0.407737
-0.409414
-0.327319
-0.213763
-0.106937
-0.0268702
0.0216304
0.0431951
0.0463056
0.0393945
0.0288769
0.0186782
0.0106173
0.00510212
0.00179284
8.40051e-05
-0.000616355
-0.000766226
-0.000668001
-0.000494512
-0.000328984
-0.000201333
-0.000114493
-6.06533e-05
-2.98108e-05
-1.34179e-05
-5.36193e-06
-1.74992e-06
-3.20204e-07
1.3532e-07
2.09412e-07
1.656e-07
1.03513e-07
6.03009e-08
2.33845e-08
99.9933
100.045
99.9849
99.9015
100.025
100.156
99.9864
99.7833
99.97
100.27
100.115
99.7027
99.7562
100.266
100.4
99.8592
99.4607
99.8969
100.579
100.444
99.5847
99.224
99.9814
100.895
100.658
99.4378
98.7916
99.6917
101.174
101.386
99.8417
98.1792
98.4312
100.667
102.646
102
98.8123
95.9831
96.8003
101.731
107.142
107.098
96.9849
76.4429
49.7655
23.7051
4.22817
-5.89546
-7.59548
-4.2581
0.255664
3.22864
3.73036
2.31233
0.2043
-1.47135
-2.14305
-1.83472
-0.946798
0.0336402
0.748026
1.05072
0.982048
0.685037
0.319486
0.00509025
-0.198894
-0.286316
-0.28363
-0.228637
-0.155423
-0.0871978
-0.0354474
-0.0026217
0.0141119
0.0196119
0.0186312
0.0147996
0.0104047
0.00660698
0.00380154
0.00195798
0.000867589
0.00029071
2.60145e-05
-6.93585e-05
-8.46922e-05
-6.95488e-05
-4.79658e-05
-2.95003e-05
-1.65283e-05
-8.47096e-06
-3.93056e-06
-1.59571e-06
-5.0886e-07
-6.76863e-08
7.70326e-08
9.25935e-08
8.1143e-08
4.24057e-08
99.9817
100.031
100.044
99.9243
99.9215
100.111
100.129
99.872
99.8009
100.113
100.282
99.9496
99.6384
99.924
100.401
100.266
99.6508
99.5129
100.152
100.655
100.208
99.3644
99.3449
100.297
100.976
100.376
99.1459
98.8715
100.066
101.394
101.175
99.4248
98.0269
98.7294
101.113
102.773
101.661
98.327
95.8163
97.1216
102.265
107.427
106.884
96.4338
75.9819
49.7453
24.1461
4.82691
-5.53722
-7.70437
-4.76327
-0.34834
2.85729
3.77466
2.73224
0.787738
-0.984247
-1.93843
-1.96156
-1.32491
-0.44371
0.3254
0.786939
0.911538
0.781639
0.521868
0.24452
0.0218815
-0.117367
-0.177255
-0.179085
-0.148184
-0.105712
-0.0654635
-0.0341179
-0.0131792
-0.00122805
0.00426285
0.00579126
0.00529707
0.00404782
0.00274111
0.00167906
0.000932763
0.000463412
0.000196791
6.11503e-05
1.51118e-06
-1.86463e-05
-2.09476e-05
-1.6837e-05
-1.16121e-05
-7.26265e-06
-4.21834e-06
-2.30165e-06
-1.18635e-06
-5.78444e-07
-2.6506e-07
-1.17646e-07
-3.71276e-08
99.9839
99.9972
100.066
99.9965
99.8829
99.9945
100.168
100.039
99.7865
99.896
100.238
100.204
99.7809
99.6713
100.128
100.446
100.058
99.5047
99.67
100.395
100.617
99.9219
99.2301
99.5681
100.591
100.942
100.035
98.924
99.061
100.457
101.523
100.872
99.015
97.9659
99.1033
101.547
102.821
101.256
97.8429
95.7059
97.5007
102.818
107.688
106.632
95.8528
75.5061
49.7229
24.5984
5.45555
-5.13213
-7.76702
-5.2516
-0.987226
2.40145
3.71596
3.0777
1.36518
-0.42178
-1.5975
-1.93563
-1.58358
-0.871425
-0.129625
0.42114
0.69843
0.729117
0.597344
0.396611
0.199655
0.0476432
-0.0467823
-0.0899044
-0.0966662
-0.0829756
-0.0614741
-0.0402107
-0.0231149
-0.011227
-0.0039783
-0.000171238
0.00142164
0.00177963
0.00156633
0.00117082
0.000786107
0.000485043
0.000277624
0.000147594
7.24141e-05
3.21912e-05
1.23845e-05
3.56619e-06
1.75593e-07
-7.96903e-07
-8.412e-07
-6.20898e-07
-3.91303e-07
-2.19412e-07
-1.20056e-07
-4.56103e-08
99.9964
99.969
100.043
100.063
99.9255
99.8947
100.092
100.161
99.9138
99.7712
100.043
100.296
100.051
99.6629
99.8014
100.313
100.381
99.8222
99.4601
99.9064
100.574
100.464
99.6326
99.2104
99.8675
100.822
100.788
99.6709
98.8014
99.3505
100.832
101.543
100.491
98.6385
98.0077
99.5424
101.95
102.78
100.79
97.3711
95.6599
97.9385
103.385
107.923
106.338
95.2402
75.0145
49.698
25.0624
6.11551
-4.67689
-7.77742
-5.71484
-1.65351
1.86262
3.54473
3.32669
1.90662
0.187992
-1.13433
-1.74764
-1.68747
-1.19334
-0.551505
0.01432
0.386953
0.547498
0.540234
0.4337
0.291799
0.159149
0.0584347
-0.00510912
-0.0367631
-0.0460385
-0.0424201
-0.0332463
-0.0231841
-0.014607
-0.0083065
-0.00418229
-0.0017575
-0.000491199
7.15415e-05
0.000254766
0.000261692
0.000205201
0.000139667
8.60778e-05
4.88422e-05
2.56259e-05
1.2363e-05
5.37726e-06
2.00075e-06
5.30209e-07
-1.53792e-08
-1.63808e-07
-1.54123e-07
-1.21764e-07
-6.02221e-08
100.01
99.9636
99.9951
100.082
100.01
99.8729
99.9671
100.168
100.08
99.805
99.8432
100.191
100.257
99.8675
99.6386
99.9988
100.426
100.213
99.6143
99.5356
100.176
100.649
100.216
99.3917
99.3174
100.203
100.952
100.526
99.3246
98.7998
99.7197
101.157
101.443
100.052
98.3221
98.1594
100.032
102.302
102.644
100.269
96.9238
95.6856
98.4354
103.962
108.126
106
94.5941
74.506
49.6701
25.5384
6.80848
-4.16763
-7.72878
-6.14371
-2.33824
1.24425
3.25343
3.45806
2.37996
0.810419
-0.574527
-1.40345
-1.61674
-1.36474
-0.877863
-0.364482
0.0414106
0.287522
0.383137
0.370062
0.29746
0.206163
0.122506
0.058851
0.0174195
-0.00524619
-0.0146661
-0.0161582
-0.0137953
-0.0101995
-0.00677752
-0.0040997
-0.0022542
-0.00110699
-0.000460848
-0.000135017
6.22445e-06
5.21795e-05
5.54588e-05
4.37932e-05
2.99402e-05
1.86159e-05
1.07532e-05
5.82867e-06
2.97547e-06
1.43014e-06
6.42005e-07
2.66449e-07
9.95965e-08
2.37676e-08
100.016
99.9808
99.9563
100.049
100.078
99.9302
99.877
100.073
100.178
99.9519
99.7624
99.9839
100.284
100.127
99.7129
99.7241
100.209
100.428
99.981
99.4895
99.7221
100.422
100.596
99.9145
99.2463
99.5422
100.524
100.954
100.181
99.0404
98.9289
100.137
101.398
101.222
99.583
98.092
98.4228
100.552
102.585
102.408
99.703
96.5144
95.7904
98.9904
104.544
108.291
105.614
93.9125
73.9794
49.6384
26.0263
7.53577
-3.60039
-7.61329
-6.52685
-3.02949
0.553119
2.83714
3.45098
2.7497
1.40263
0.0432966
-0.925241
-1.36851
-1.35543
-1.05558
-0.648625
-0.269448
0.00966216
0.17107
0.23218
0.225283
0.182855
0.129766
0.0811785
0.0438705
0.0189231
0.00439357
-0.00269374
-0.0051682
-0.00519928
-0.00420996
-0.00300273
-0.00195011
-0.00116918
-0.000649508
-0.000332788
-0.000154743
-6.26613e-05
-1.94736e-05
-1.7959e-06
3.82586e-06
4.46827e-06
3.49826e-06
2.31588e-06
1.38134e-06
7.62342e-07
3.89631e-07
1.95706e-07
6.94505e-08
100.012
100.007
99.9476
99.9926
100.093
100.02
99.869
99.948
100.161
100.108
99.8284
99.8127
100.144
100.28
99.9424
99.6428
99.9007
100.37
100.311
99.7419
99.4857
99.9824
100.586
100.418
99.6156
99.2303
99.8545
100.779
100.818
99.7949
98.8589
99.1845
100.564
101.523
100.887
99.1159
97.9716
98.7931
101.08
102.778
102.069
99.105
96.1572
95.9814
99.6022
105.126
108.414
105.177
93.1931
73.4337
49.6027
26.5265
8.29879
-2.97159
-7.42358
-6.85233
-3.71275
-0.199058
2.2973
3.29016
2.98156
1.9154
0.664716
-0.36005
-0.970814
-1.16702
-1.05841
-0.78822
-0.480174
-0.214549
-0.0269588
0.0802783
0.123358
0.12448
0.103876
0.0762364
0.0502535
0.0298035
0.01563
0.00685155
0.00202484
-0.00024727
-0.00105516
-0.00113519
-0.000925748
-0.00065461
-0.000419539
-0.000248203
-0.000136442
-6.95894e-05
-3.25758e-05
-1.36088e-05
-4.70131e-06
-9.70454e-07
3.24763e-07
5.95079e-07
5.15986e-07
3.48738e-07
2.29066e-07
1.02159e-07
100.002
100.026
99.9687
99.9475
100.055
100.087
99.9337
99.8684
100.058
100.184
99.9793
99.7669
99.9442
100.26
100.173
99.7675
99.6876
100.118
100.428
100.101
99.5615
99.6115
100.258
100.626
100.144
99.3799
99.3554
100.205
100.922
100.555
99.418
98.8111
99.5469
100.955
101.512
100.457
98.6872
97.9795
99.2587
101.589
102.863
101.629
98.4896
95.8671
96.2648
100.268
105.7
108.488
104.683
92.4328
72.8668
49.5621
27.0398
9.10011
-2.27599
-7.15069
-7.10706
-4.37241
-0.998695
1.63875
2.96501
3.04591
2.30137
1.23107
0.232001
-0.474886
-0.833904
-0.900126
-0.777169
-0.569149
-0.354232
-0.177233
-0.0543233
0.0172406
0.0494065
0.0561598
0.0494572
0.0377038
0.0258308
0.0161155
0.00915083
0.00465597
0.00202673
0.000645378
1.53777e-05
-0.000208407
-0.000239811
-0.000197502
-0.000139468
-8.92008e-05
-5.28809e-05
-2.93711e-05
-1.5346e-05
-7.53594e-06
-3.45448e-06
-1.45705e-06
-5.42302e-07
-1.65824e-07
-1.93854e-08
1.56613e-08
99.9926
100.028
100.003
99.9361
99.9935
100.099
100.024
99.8684
99.9396
100.153
100.12
99.8486
99.8016
100.108
100.281
99.9954
99.6664
99.8394
100.306
100.358
99.8541
99.4939
99.8418
100.48
100.524
99.8293
99.2602
99.6068
100.535
100.919
100.196
99.105
98.9138
99.981
101.264
101.353
99.9616
98.3351
98.1276
99.7999
102.049
102.825
101.096
97.875
95.6595
96.6457
100.985
106.261
108.506
104.128
91.6289
72.2765
49.5149
27.5652
9.94111
-1.50832
-6.78365
-7.27375
-4.98685
-1.82524
0.873021
2.46997
2.91479
2.51008
1.67503
0.776631
0.0494972
-0.411263
-0.614828
-0.626549
-0.526603
-0.383814
-0.244645
-0.133035
-0.0558329
-0.00966897
0.0132132
0.021075
0.0206962
0.0167641
0.0120494
0.0079032
0.00478355
0.00267584
0.00137267
0.000631238
0.000244961
6.41791e-05
-7.96814e-06
-2.84734e-05
-2.78821e-05
-2.09179e-05
-1.37131e-05
-8.21027e-06
-4.57492e-06
-2.39362e-06
-1.17758e-06
-5.4166e-07
-2.38137e-07
-7.26835e-08
99.9883
100.017
100.031
99.9579
99.9447
100.061
100.089
99.9333
99.8683
100.052
100.18
99.9928
99.7779
99.9248
100.235
100.192
99.8127
99.6812
100.051
100.401
100.176
99.6423
99.5645
100.12
100.591
100.297
99.5417
99.2888
99.9428
100.78
100.763
99.7924
98.9069
99.1649
100.439
101.45
101.051
99.4417
98.0959
98.4192
100.39
102.428
102.652
100.478
97.2824
95.5508
97.1282
101.746
106.797
108.461
103.507
90.7781
71.6612
49.4605
28.1029
10.8229
-0.664729
-6.31335
-7.33571
-5.53175
-2.65039
0.0249458
1.81703
2.57903
2.50671
1.93697
1.1954
0.514467
0.013853
-0.279973
-0.398446
-0.396969
-0.330848
-0.24273
-0.159197
-0.0928466
-0.0465951
-0.0179992
-0.00254778
0.00432148
0.00627231
0.00583041
0.00451864
0.00312797
0.00198707
0.00117172
0.000643172
0.000327129
0.000151861
6.1978e-05
1.9923e-05
2.58508e-06
-3.10844e-06
-3.96067e-06
-3.19701e-06
-2.16321e-06
-1.3255e-06
-7.41639e-07
-4.17526e-07
-1.67024e-07
99.9901
99.9992
100.04
99.9959
99.9295
99.9998
100.102
100.019
99.8697
99.9424
100.147
100.118
99.8615
99.8057
100.086
100.269
100.023
99.696
99.8124
100.251
100.366
99.9341
99.5321
99.7597
100.373
100.555
99.9926
99.3491
99.4682
100.301
100.889
100.469
99.4058
98.862
99.5411
100.863
101.48
100.623
98.9438
98.0013
98.8469
100.994
102.697
102.336
99.7935
96.7349
95.5568
97.7154
102.546
107.3
108.342
102.813
89.8757
71.0178
49.3973
28.6535
11.7487
0.261403
-5.72795
-7.27404
-5.98068
-3.44248
-0.87399
1.02997
2.04728
2.27976
1.98426
1.43781
0.85817
0.37616
0.0431853
-0.144509
-0.219275
-0.221225
-0.185645
-0.137759
-0.0924236
-0.0563322
-0.0308885
-0.0147284
-0.00549134
-0.000839971
0.00108807
0.00158239
0.00143729
0.00108709
0.000736424
0.000459933
0.000268385
0.000147149
7.58316e-05
3.65485e-05
1.62622e-05
6.48634e-06
2.14507e-06
4.2635e-07
-1.4226e-07
-2.365e-07
-2.16614e-07
-1.12917e-07
99.996
99.9849
100.03
100.029
99.9479
99.9492
100.068
100.082
99.9282
99.8763
100.055
100.17
99.9922
99.7917
99.9245
100.214
100.189
99.8418
99.6948
100.015
100.365
100.208
99.71
99.5624
100.027
100.529
100.374
99.6841
99.3017
99.7673
100.608
100.833
100.083
99.1027
98.9886
99.998
101.197
101.337
100.105
98.5193
98.074
99.3911
101.573
102.826
101.878
99.0625
96.2586
95.6924
98.4077
103.375
107.758
108.143
102.04
88.9166
70.3419
49.3218
29.2147
12.7192
1.27598
-5.01343
-7.0639
-6.29697
-4.15523
-1.77365
0.15439
1.35169
1.84091
1.80476
1.46888
1.02752
0.611491
0.286993
0.0707744
-0.0500834
-0.101013
-0.108384
-0.0935237
-0.0709071
-0.0487921
-0.0308665
-0.0179891
-0.00958189
-0.00455281
-0.00180585
-0.000460582
0.000100625
0.000267547
0.000263241
0.000202555
0.000137026
8.4899e-05
4.90622e-05
2.66674e-05
1.36712e-05
6.59497e-06
2.97352e-06
1.22549e-06
4.4973e-07
1.23541e-07
7.01946e-09
100.002
99.9794
100.009
100.045
99.9846
99.9287
100.012
100.1
100.006
99.8732
99.956
100.143
100.103
99.8664
99.8221
100.081
100.248
100.028
99.7236
99.8136
100.213
100.349
99.9772
99.579
99.7288
100.29
100.538
100.093
99.4498
99.4185
100.124
100.795
100.613
99.6699
98.9417
99.279
100.474
101.385
101.024
99.5483
98.2193
98.3248
100.02
102.08
102.79
101.284
98.3137
95.8817
95.9721
99.2032
104.222
108.157
107.849
101.18
87.8956
69.6298
49.2313
29.7852
13.7349
2.38364
-4.15736
-6.68087
-6.44112
-4.73369
-2.60712
-0.737655
0.560815
1.24694
1.43756
1.30758
1.02238
0.704404
0.425948
0.217242
0.0803664
0.0026907
-0.0331387
-0.0432639
-0.0400177
-0.0315067
-0.02231
-0.014533
-0.00879088
-0.00494453
-0.00256977
-0.00121183
-0.000495375
-0.000151855
-7.93928e-06
3.88268e-05
4.4036e-05
3.51142e-05
2.40023e-05
1.49101e-05
8.62806e-06
4.7075e-06
2.43959e-06
1.19214e-06
5.7915e-07
2.0257e-07
100.007
99.983
99.9889
100.04
100.02
99.9399
99.9618
100.075
100.067
99.92
99.8928
100.065
100.153
99.9792
99.8078
99.9408
100.2
100.169
99.8544
99.7213
100.007
100.329
100.205
99.7553
99.5885
99.9815
100.465
100.393
99.7834
99.3548
99.6782
100.459
100.815
100.264
99.3077
98.9614
99.6972
100.897
101.39
100.565
99.0144
98.0885
98.7489
100.689
102.47
102.571
100.57
97.5806
95.6342
96.4087
100.098
105.072
108.482
107.449
100.221
86.8047
68.8756
49.122
30.3635
14.7978
3.59183
-3.14383
-6.09674
-6.36943
-5.11778
-3.3003
-1.56374
-0.242464
0.573025
0.943435
0.996308
0.866033
0.661027
0.45281
0.278837
0.15157
0.0684976
0.0202928
-0.00379381
-0.0130804
-0.0144235
-0.012254
-0.00908881
-0.00614311
-0.00385602
-0.00226726
-0.00125189
-0.000647381
-0.000310583
-0.000135241
-5.06622e-05
-1.36408e-05
3.28391e-07
4.16266e-06
4.15322e-06
3.06736e-06
1.97963e-06
1.14657e-06
6.66691e-07
2.73559e-07
100.008
99.9921
99.9767
100.021
100.042
99.9707
99.9356
100.028
100.091
99.9867
99.8812
99.979
100.138
100.077
99.8662
99.8497
100.088
100.221
100.012
99.7479
99.8377
100.194
100.315
99.9863
99.6234
99.7384
100.238
100.496
100.132
99.5345
99.4302
100.02
100.689
100.655
99.8533
99.0718
99.1704
100.18
101.196
101.195
100.01
98.5712
98.1591
99.3229
101.344
102.697
102.159
99.7615
96.9028
95.5462
97.012
101.083
105.908
108.715
106.928
99.1536
85.6345
68.0714
48.9877
30.9458
15.9075
4.90541
-1.9595
-5.28563
-6.03959
-5.24662
-3.77463
-2.23177
-0.959153
-0.0827375
0.412346
0.611506
0.618497
0.524574
0.395621
0.271289
0.17025
0.0972561
0.049473
0.0210546
0.00589285
-0.00107394
-0.00348552
-0.0036803
-0.00300689
-0.00215235
-0.00140887
-0.000859608
-0.000493371
-0.000267311
-0.000136607
-6.54732e-05
-2.90358e-05
-1.15645e-05
-3.82243e-06
-7.56758e-07
2.62674e-07
4.32505e-07
4.00075e-07
2.11445e-07
100.006
100.002
99.9752
99.9995
100.044
100.005
99.937
99.9816
100.079
100.044
99.9126
99.9183
100.079
100.128
99.9578
99.8286
99.9701
100.187
100.134
99.8543
99.7583
100.022
100.296
100.175
99.7778
99.6321
99.9772
100.412
100.368
99.8341
99.421
99.661
100.358
100.752
100.342
99.468
99.0189
99.5413
100.646
101.311
100.812
99.4285
98.2853
98.4446
100.003
101.92
102.719
101.558
98.897
96.326
95.6477
97.7878
102.145
106.709
108.833
106.267
97.9631
84.3743
67.2082
48.8206
31.5252
17.0588
6.3223
-0.600644
-4.23419
-5.42477
-5.07732
-3.97093
-2.66887
-1.50779
-0.636636
-0.0760895
0.223546
0.337659
0.339272
0.285553
0.214541
0.147562
0.0938679
0.0552952
0.0299402
0.014584
0.00604094
0.00174302
-0.000131398
-0.000751406
-0.000801365
-0.000644689
-0.000452216
-0.000290097
-0.000173846
-9.83613e-05
-5.28152e-05
-2.69568e-05
-1.30538e-05
-5.96897e-06
-2.53942e-06
-9.88931e-07
-3.2727e-07
-5.8014e-08
100.003
100.009
99.9819
99.9829
100.032
100.03
99.9581
99.9514
100.045
100.074
99.9646
99.8973
100.008
100.127
100.042
99.8665
99.8878
100.102
100.186
99.9831
99.7723
99.8798
100.189
100.268
99.9685
99.6635
99.7789
100.218
100.439
100.122
99.5929
99.4811
99.9852
100.598
100.626
99.9463
99.1981
99.1716
100.01
101.006
101.206
100.286
98.9034
98.2121
98.9343
100.727
102.35
102.508
100.787
98.0262
95.9006
95.9674
98.7371
103.266
107.447
108.811
105.446
96.6335
83.0106
66.2734
48.6074
32.087
18.2347
7.82393
0.915357
-2.95432
-4.52634
-4.59634
-3.85843
-2.82758
-1.82736
-1.01926
-0.449942
-0.0985873
0.0853399
0.157219
0.164056
0.139801
0.10576
0.0733424
0.0473037
0.0285442
0.0161149
0.00845904
0.00406253
0.00171792
0.000572243
7.57879e-05
-9.83448e-05
-0.000129826
-0.000109171
-7.71861e-05
-4.92856e-05
-2.92595e-05
-1.63794e-05
-8.70854e-06
-4.41682e-06
-2.11969e-06
-1.01026e-06
-3.4716e-07
99.9993
100.012
99.9923
99.9754
100.013
100.04
99.9864
99.9429
100.005
100.075
100.014
99.9116
99.9519
100.089
100.094
99.9345
99.858
100.007
100.171
100.086
99.8494
99.8063
100.052
100.262
100.124
99.7849
99.6898
100.005
100.368
100.31
99.8427
99.4893
99.6993
100.308
100.67
100.336
99.5642
99.1141
99.5077
100.485
101.181
100.883
99.6942
98.5222
98.385
99.5884
101.415
102.567
102.047
99.8825
97.2101
95.6795
96.53
99.8546
104.42
108.09
108.619
104.439
95.1417
81.5211
65.2436
48.3218
32.6006
19.3992
9.36886
2.54306
-1.49203
-3.3861
-3.83635
-3.45691
-2.71302
-1.90894
-1.21021
-0.681106
-0.323188
-0.106801
0.00730387
0.0556142
0.0665193
0.0593982
0.0459615
0.0323527
0.021163
0.0129971
0.00752616
0.00410876
0.00210464
0.000999592
0.000428792
0.00015552
3.71794e-05
-6.43743e-06
-1.74246e-05
-1.62193e-05
-1.18173e-05
-7.60164e-06
-4.52892e-06
-2.49525e-06
-1.39644e-06
-5.60376e-07
99.9971
100.01
100.002
99.9767
99.9959
100.036
100.011
99.9523
99.9749
100.055
100.047
99.9464
99.9235
100.036
100.107
100.003
99.8744
99.9346
100.114
100.14
99.9477
99.8033
99.9348
100.187
100.208
99.9338
99.7051
99.8431
100.217
100.371
100.074
99.6295
99.5598
100.006
100.53
100.547
99.9582
99.2977
99.2461
99.9583
100.861
101.122
100.386
99.1351
98.3627
98.8054
100.337
101.976
102.517
101.345
98.903
96.5219
95.7165
97.3533
101.125
105.573
108.599
108.22
103.213
93.4552
79.8701
64.0765
47.9138
33.007
20.4843
10.8813
4.20161
0.071166
-2.08083
-2.86403
-2.81866
-2.3608
-1.77145
-1.21365
-0.76229
-0.435339
-0.219907
-0.0907216
-0.0212888
0.0106398
0.0213591
0.0215692
0.0175979
0.012764
0.00853124
0.00534422
0.00316476
0.00177872
0.000949431
0.000480026
0.00022828
0.000100625
3.98292e-05
1.30317e-05
2.43462e-06
-1.00519e-06
-1.66164e-06
-1.33977e-06
-9.81328e-07
-4.68518e-07
99.9962
100.007
100.009
99.9836
99.9844
100.024
100.026
99.9712
99.9592
100.027
100.059
99.9852
99.9224
99.989
100.089
100.052
99.918
99.8982
100.044
100.144
100.032
99.8502
99.8655
100.086
100.218
100.06
99.7888
99.7619
100.052
100.326
100.228
99.8232
99.5616
99.7793
100.299
100.577
100.264
99.6013
99.2251
99.5694
100.418
101.044
100.824
99.8006
98.7183
98.4768
99.4348
101.08
102.315
102.164
100.437
97.9292
96.0458
96.0652
98.4477
102.523
106.678
108.921
107.561
101.716
91.5217
78.0005
62.7076
47.3092
33.2211
21.3938
12.2544
5.77593
1.61606
-0.728294
-1.78971
-2.04134
-1.85225
-1.47827
-1.07544
-0.723841
-0.452839
-0.262496
-0.139157
-0.0652804
-0.0246916
-0.00470239
0.00359234
0.00589118
0.00553102
0.00428324
0.00297439
0.00191371
0.00115896
0.000666154
0.000364921
0.000190769
9.50473e-05
4.49406e-05
1.9976e-05
8.20786e-06
2.97466e-06
8.75313e-07
7.3192e-08
-1.05426e-07
99.9965
100.003
100.011
99.9923
99.9802
100.01
100.03
99.9913
99.958
100.001
100.053
100.016
99.9399
99.9584
100.056
100.074
99.9678
99.8963
99.984
100.114
100.085
99.9179
99.8472
99.994
100.176
100.136
99.8965
99.7574
99.9223
100.221
100.288
100.002
99.6595
99.6627
100.065
100.473
100.431
99.9096
99.3749
99.3739
100.003
100.768
100.978
100.338
99.2471
98.5417
98.8733
100.19
101.7
102.35
101.503
99.3919
97.0651
95.8729
96.7725
99.8089
104.003
107.668
108.981
106.565
99.8703
89.2595
75.8243
61.0421
46.4062
33.135
22.0138
13.3692
7.14385
3.02025
0.552796
-0.724021
-1.22349
-1.27095
-1.09667
-0.846762
-0.602367
-0.400069
-0.249428
-0.145985
-0.0797647
-0.0401132
-0.0179692
-0.00655922
-0.00127371
0.000784455
0.001304
0.0011937
0.000897885
0.00060583
0.000379335
0.000224067
0.000125965
6.77241e-05
3.48967e-05
1.72401e-05
8.1509e-06
3.65639e-06
1.60079e-06
5.01432e-07
99.9975
99.9994
100.01
99.9998
99.9816
99.9986
100.026
100.007
99.9663
99.9829
100.038
100.033
99.9649
99.9466
100.021
100.073
100.009
99.9173
99.9466
100.068
100.103
99.9819
99.867
99.9322
100.109
100.16
99.9926
99.8046
99.8478
100.102
100.271
100.127
99.7969
99.6482
99.8874
100.306
100.465
100.147
99.6029
99.3543
99.7041
100.424
100.906
100.664
99.7703
98.8559
98.6675
99.504
100.946
102.071
102.024
100.575
98.3208
96.4374
96.0955
97.8689
101.405
105.489
108.444
108.67
105.125
97.5689
86.5601
73.2312
58.967
45.0898
32.6316
22.2252
14.1048
8.18286
4.1615
1.64336
0.220573
-0.46751
-0.706472
-0.701788
-0.587988
-0.444294
-0.311184
-0.204712
-0.127301
-0.0749952
-0.0417986
-0.021918
-0.0106807
-0.00471046
-0.00176054
-0.000436065
7.47013e-05
0.000214207
0.000206701
0.000155991
0.000104121
6.41666e-05
3.72468e-05
2.05693e-05
1.0902e-05
5.48561e-06
2.80327e-06
1.04448e-06
99.9987
99.9973
100.008
100.005
99.9864
99.9912
100.019
100.015
99.9787
99.9747
100.02
100.038
99.9884
99.9498
99.9939
100.058
100.034
99.9478
99.9326
100.025
100.094
100.028
99.9063
99.9044
100.044
100.145
100.058
99.8736
99.8269
100.003
100.209
100.188
99.9277
99.7031
99.7868
100.136
100.405
100.284
99.8302
99.4536
99.5479
100.111
100.701
100.781
100.176
99.2657
98.7382
99.0963
100.258
101.547
102.084
101.335
99.477
97.3758
96.1868
96.7919
99.3506
103.16
106.857
108.857
107.839
103.095
94.6749
83.2957
70.1016
56.3714
43.2578
31.6167
21.9401
14.3774
8.81202
4.96072
2.46649
0.970767
0.158771
-0.219345
-0.345516
-0.341796
-0.283277
-0.211619
-0.146768
-0.0958808
-0.0594501
-0.0351163
-0.0197796
-0.0106066
-0.00538888
-0.00256857
-0.00112588
-0.000433864
-0.000128404
-9.47952e-06
2.6586e-05
3.00957e-05
2.35435e-05
1.57847e-05
9.71748e-06
5.49988e-06
3.18088e-06
1.31833e-06
99.9996
99.9966
100.005
100.007
99.992
99.9883
100.01
100.018
99.9906
99.9745
100.005
100.033
100.005
99.9614
99.9781
100.037
100.043
99.9769
99.9365
99.9928
100.071
100.052
99.9486
99.9043
99.9943
100.109
100.09
99.9405
99.8441
99.9385
100.132
100.195
100.025
99.7894
99.7572
100.002
100.298
100.327
100.008
99.607
99.5156
99.8855
100.456
100.741
100.424
99.6523
98.9706
98.9477
99.7497
100.97
101.84
101.682
100.35
98.3726
96.7405
96.4459
97.9996
101.154
104.93
107.918
108.711
106.297
100.307
91.0438
79.3441
66.334
53.1721
40.8427
30.0351
21.1119
14.1447
8.98986
5.37533
2.97803
1.48154
0.611052
0.148697
-0.0654194
-0.140492
-0.145892
-0.122328
-0.0914578
-0.0632676
-0.041216
-0.0255258
-0.0151076
-0.00856743
-0.0046583
-0.00242546
-0.0012051
-0.000567417
-0.00024987
-0.000100197
-3.4304e-05
-7.90907e-06
1.05828e-06
3.15648e-06
2.74681e-06
2.09625e-06
1.0272e-06
100
99.9968
100.002
100.007
99.9968
99.9888
100.003
100.016
99.9994
99.9791
99.995
100.025
100.014
99.9753
99.9726
100.018
100.041
99.9984
99.9502
99.9748
100.045
100.057
99.983
99.9209
99.9653
100.069
100.094
99.9912
99.8807
99.9094
100.064
100.167
100.081
99.8762
99.777
99.9191
100.186
100.305
100.118
99.7616
99.5657
99.7585
100.236
100.612
100.526
99.9485
99.257
98.987
99.4488
100.471
101.454
101.712
100.891
99.2254
97.4767
96.6018
97.3032
99.6812
103.128
106.492
108.423
107.762
103.837
96.594
86.5508
74.6191
61.8756
49.3444
37.8421
27.9006
19.7637
13.4331
8.74077
5.42406
3.18924
1.75663
0.886728
0.390497
0.128751
0.00530027
-0.042354
-0.0523086
-0.0461858
-0.0352212
-0.0245568
-0.0160456
-0.0099522
-0.00590203
-0.00336053
-0.00184111
-0.000971173
-0.00049285
-0.000240023
-0.000111645
-4.915e-05
-2.01694e-05
-7.41121e-06
-2.28591e-06
-3.21008e-07
1.77263e-07
100.001
99.9975
100
100.006
100
99.9911
99.9986
100.012
100.004
99.9854
99.9904
100.015
100.017
99.9875
99.9744
100.004
100.033
100.011
99.9664
99.9689
100.022
100.05
100.005
99.9434
99.9544
100.035
100.081
100.022
99.9207
99.9069
100.014
100.126
100.101
99.9453
99.8218
99.8822
100.093
100.248
100.167
99.8862
99.6544
99.7148
100.073
100.456
100.521
100.135
99.5219
99.1306
99.3261
100.107
101.053
101.548
101.141
99.8459
98.1948
97.0257
97.1035
98.7573
101.688
105.019
107.543
108.075
105.759
100.269
91.8324
81.1301
69.1025
56.7444
44.9326
34.3177
25.2844
17.969
12.3123
8.12608
5.15707
3.1381
1.82237
1.00204
0.514397
0.239714
0.0947343
0.0245748
-0.00505922
-0.0144331
-0.0147967
-0.0119394
-0.00854585
-0.00565993
-0.00353776
-0.00210936
-0.00120724
-0.000665691
-0.000354401
-0.000182323
-9.06085e-05
-4.34427e-05
-2.00353e-05
-8.80681e-06
-3.78811e-06
-1.17285e-06
100.001
99.9983
99.999
100.004
100.002
99.9939
99.9965
100.008
100.006
99.9913
99.9896
100.008
100.015
99.9961
99.9798
99.9961
100.023
100.016
99.9808
99.9711
100.007
100.038
100.016
99.9647
99.9561
100.011
100.061
100.034
99.9545
99.9201
99.9854
100.084
100.097
99.9906
99.8719
99.8792
100.03
100.183
100.17
99.9697
99.7487
99.7274
99.9728
100.313
100.456
100.225
99.7265
99.3089
99.3283
99.8856
100.714
101.3
101.18
100.229
98.7837
97.5336
97.2187
98.2906
100.677
103.747
106.474
107.726
106.565
102.479
95.462
85.9763
74.8047
62.8675
51.0477
40.0646
30.4071
22.3247
15.8598
10.9024
7.25022
4.66122
2.89367
1.73117
0.994939
0.546511
0.284475
0.138196
0.0607533
0.0223736
0.00502057
-0.00171572
-0.00353145
-0.00335385
-0.00257003
-0.00176214
-0.00112317
-0.00067781
-0.000391208
-0.000217242
-0.000116504
-6.04455e-05
-3.04433e-05
-1.47069e-05
-7.23633e-06
-2.62374e-06
100.001
99.999
99.9988
100.002
100.002
99.9963
99.9962
100.004
100.006
99.9957
99.9913
100.003
100.012
100.001
99.986
99.9931
100.014
100.015
99.991
99.9773
99.998
100.026
100.019
99.9809
99.9645
99.9977
100.041
100.035
99.978
99.9393
99.9742
100.051
100.079
100.014
99.9152
99.8956
99.9949
100.125
100.149
100.014
99.828
99.7689
99.9271
100.204
100.369
100.243
99.8606
99.4746
99.3996
99.7823
100.467
101.048
101.096
100.416
99.2044
98.0054
97.4884
98.1473
100.056
102.779
105.467
107.083
106.682
103.64
97.7837
89.3894
79.0859
67.6961
56.0724
44.9614
34.9197
26.2839
19.1833
13.5817
9.33068
6.22084
4.02452
2.52543
1.53595
0.904209
0.514184
0.281534
0.147672
0.0735841
0.0343199
0.014546
0.00520952
0.00118454
-0.000303223
-0.000680115
-0.000635081
-0.000474054
-0.000316018
-0.000195826
-0.000114995
-6.45998e-05
-3.50871e-05
-1.81581e-05
-9.69549e-06
-3.79868e-06
100
99.9995
99.9989
100.001
100.002
99.9981
99.9969
100.002
100.005
99.9984
99.9937
100
100.008
100.003
99.9914
99.9932
100.007
100.012
99.9969
99.9842
99.995
100.016
100.016
99.991
99.9745
99.9929
100.026
100.028
99.9913
99.9578
99.9743
100.029
100.059
100.02
99.9462
99.919
99.982
100.083
100.117
100.03
99.8846
99.818
99.9186
100.132
100.286
100.221
99.9333
99.6045
99.4954
99.7598
100.311
100.836
100.96
100.468
99.4671
98.3826
97.7978
98.1976
99.7354
102.116
104.642
106.384
106.433
104.116
99.1465
91.6608
82.1512
71.3398
60.0268
48.9563
38.722
29.7208
22.1508
16.0399
11.2909
7.72952
5.14771
3.33572
2.10321
1.29005
0.769411
0.445851
0.250694
0.136512
0.0717762
0.0362721
0.0174873
0.00794112
0.00331444
0.00120196
0.000314342
-1.10859e-05
-9.88407e-05
-9.85695e-05
-7.39867e-05
-4.87085e-05
-2.9805e-05
-1.68749e-05
-9.85115e-06
-4.14558e-06
100
99.9998
99.9992
100.001
100.001
99.9992
99.9979
100.001
100.003
99.9997
99.996
99.9992
100.005
100.003
99.9952
99.9949
100.004
100.008
99.9995
99.9902
99.9953
100.009
100.011
99.996
99.9834
99.9933
100.015
100.02
99.9968
99.9723
99.9802
100.017
100.041
100.018
99.9652
99.9416
99.9827
100.057
100.087
100.028
99.9191
99.8621
99.9307
100.093
100.22
100.182
99.9616
99.6934
99.5876
99.783
100.229
100.681
100.819
100.442
99.6058
98.6507
98.0786
98.3395
99.6183
101.71
104.033
105.762
106.04
104.188
99.8566
93.0794
84.2408
73.9704
63.0093
52.0804
41.7906
32.5748
24.6813
18.1895
13.047
9.1135
6.20239
4.11447
2.66127
1.67872
1.03281
0.619701
0.362547
0.206708
0.11477
0.0619817
0.0325015
0.016505
0.00808524
0.00379708
0.00169211
0.000702294
0.000260985
7.79426e-05
1.00055e-05
-1.00713e-05
-1.27342e-05
-9.70484e-06
-6.96557e-06
-3.33015e-06
100
99.9999
99.9996
100
100.001
99.9997
99.9988
100
100.002
100
99.9979
99.9994
100.002
100.002
99.9975
99.9971
100.002
100.004
99.9998
99.9945
99.9972
100.005
100.007
99.9976
99.9901
99.9962
100.01
100.012
99.9973
99.982
99.9879
100.012
100.027
100.01
99.9746
99.9597
99.9902
100.043
100.063
100.017
99.9362
99.8959
99.9512
100.077
100.174
100.141
99.9624
99.7463
99.6622
99.8255
100.198
100.579
100.7
100.381
99.6597
98.8213
98.3009
98.5049
99.6203
101.493
103.623
105.269
105.635
104.058
100.157
93.9025
85.5969
75.7932
65.1748
54.4348
44.1777
34.8583
26.7586
19.997
14.5578
10.3307
7.15012
4.82924
3.18438
2.05081
1.29037
0.793409
0.476796
0.280051
0.160756
0.0901613
0.0493859
0.0264008
0.0137602
0.00698203
0.00344159
0.0016428
0.000755736
0.000332524
0.000138077
5.28474e-05
1.74665e-05
4.29397e-06
-3.66921e-07
-1.02317e-06
100
99.9999
99.9999
100
100
99.9998
99.9996
100
100.001
99.9997
99.9991
100
100.001
100
99.9986
99.9991
100.001
100.002
99.999
99.997
99.9996
100.004
100.003
99.997
99.9942
99.9997
100.007
100.006
99.9953
99.9874
99.9949
100.012
100.019
100.003
99.9773
99.9719
99.9995
100.038
100.046
100.004
99.9416
99.9181
99.9719
100.076
100.147
100.106
99.9498
99.7721
99.7149
99.8697
100.197
100.521
100.611
100.312
99.6637
98.9166
98.4585
98.6547
99.6789
101.4
103.371
104.914
105.288
103.854
100.226
94.3347
86.4287
77.0009
66.6847
56.1414
45.9643
36.6155
28.3977
21.4566
15.8045
11.356
7.96456
5.45552
3.65156
2.38944
1.52923
0.957563
0.586832
0.35206
0.2068
0.118947
0.0669931
0.0369431
0.0199418
0.010533
0.00544062
0.00274586
0.00135242
0.000648959
0.000302605
0.000136654
5.94008e-05
2.46043e-05
9.79965e-06
2.76733e-06
100
99.9999
100
100
99.9999
99.9997
100
100
100
99.9993
99.9998
100.001
100.001
99.9992
99.9988
100
100.002
100
99.9979
99.9983
100.002
100.003
100
99.9957
99.9964
100.003
100.007
100.002
99.9926
99.9899
100
100.014
100.014
99.996
99.9767
99.9791
100.008
100.038
100.036
99.9928
99.9407
99.931
99.9888
100.081
100.133
100.081
99.9334
99.7811
99.7483
99.907
100.21
100.493
100.551
100.253
99.6441
98.9616
98.5608
98.7733
99.7542
101.379
103.23
104.677
105.018
103.647
100.179
94.5299
86.9097
77.7692
67.7018
57.3393
47.2604
37.9265
29.6512
22.5982
16.8003
12.1914
8.64083
5.98518
4.05379
2.68616
1.74219
1.10646
0.68838
0.419676
0.250797
0.146946
0.084431
0.0475786
0.0262975
0.0142563
0.00757961
0.0039514
0.00201919
0.00101092
0.000495551
0.000237561
0.000111389
5.05344e-05
2.32832e-05
7.98953e-06
100
99.9999
100
100
99.9997
99.9995
100
100.001
99.9997
99.9989
100
100.001
100
99.9984
99.9988
100.001
100.002
99.9995
99.9969
99.9987
100.003
100.004
99.9987
99.9943
99.9973
100.005
100.008
100
99.9901
99.9905
100.004
100.016
100.012
99.9912
99.9745
99.9828
100.014
100.04
100.031
99.9841
99.937
99.9374
100.001
100.089
100.127
100.064
99.918
99.7807
99.7671
99.9347
100.228
100.484
100.514
100.207
99.6168
98.976
98.6207
98.8581
99.825
101.394
103.163
104.53
104.827
103.471
100.09
94.5916
87.1654
78.2332
68.3585
58.1484
48.1665
38.8695
30.5756
23.459
17.5667
12.8467
9.18099
6.41564
4.38621
2.93543
1.92398
1.23561
0.777843
0.480183
0.290788
0.172797
0.100788
0.0577151
0.032454
0.0179229
0.00972195
0.00517993
0.00271092
0.00139343
0.000703407
0.000348449
0.00016976
8.02609e-05
3.9151e-05
1.42915e-05
100
99.9998
100
100
99.9996
99.9994
100.001
100.001
99.9996
99.9986
100
100.002
100
99.9979
99.9985
100.002
100.003
99.9992
99.996
99.9987
100.004
100.004
99.9979
99.9931
99.9974
100.007
100.009
99.9991
99.9882
99.9901
100.006
100.018
100.011
99.9882
99.9721
99.9841
100.018
100.043
100.029
99.9783
99.9328
99.9395
100.009
100.096
100.126
100.055
99.9059
99.7761
99.7759
99.9532
100.244
100.485
100.495
100.175
99.5911
98.9746
98.6521
98.9139
99.8816
101.422
103.138
104.446
104.7
103.337
99.9976
94.5881
87.2885
78.5014
68.7692
58.68
48.7838
39.531
31.2403
24.0917
18.1414
13.3474
9.60096
6.75594
4.65326
3.1388
2.07457
1.34418
0.854173
0.532564
0.325912
0.195833
0.115575
0.067014
0.0381854
0.0213874
0.011777
0.00637665
0.00339539
0.00177806
0.000915909
0.000463749
0.000231561
0.000112281
5.66126e-05
2.1368e-05
100
99.9998
100
100
99.9996
99.9992
100.001
100.001
99.9996
99.9984
100
100.002
100.001
99.9976
99.9982
100.002
100.003
99.9991
99.9955
99.9984
100.005
100.005
99.9977
99.9923
99.9971
100.007
100.01
99.9989
99.9869
99.9895
100.007
100.02
100.012
99.9865
99.9701
99.9841
100.021
100.046
100.028
99.975
99.9293
99.9395
100.013
100.101
100.128
100.05
99.8976
99.7708
99.7788
99.9641
100.256
100.49
100.486
100.155
99.5706
98.9668
98.6656
98.9475
99.9225
101.45
103.136
104.403
104.622
103.243
99.9185
94.5577
87.3361
78.6452
69.0133
59.0145
49.188
39.9778
31.7009
24.5401
18.5569
13.7161
9.91565
7.01511
4.85982
3.29849
2.19454
1.43191
0.916704
0.576064
0.355477
0.215484
0.128359
0.0751599
0.0432733
0.0245043
0.0136508
0.00748274
0.00403677
0.00214353
0.00112071
0.000576471
0.000292901
0.000144517
7.44999e-05
2.87352e-05
100
99.9998
100
100
99.9996
99.9992
100.001
100.001
99.9996
99.9982
100
100.002
100.001
99.9975
99.998
100.002
100.004
99.9992
99.9952
99.9982
100.005
100.005
99.9976
99.9918
99.9968
100.008
100.01
99.9989
99.9862
99.9889
100.007
100.021
100.012
99.9857
99.9687
99.9837
100.022
100.048
100.029
99.9732
99.9267
99.9387
100.015
100.105
100.13
100.048
99.8924
99.7662
99.779
99.9702
100.265
100.495
100.483
100.144
99.556
98.9579
98.6699
98.9664
99.95
101.474
103.142
104.384
104.576
103.181
99.8582
94.5225
87.3474
78.7184
69.1549
59.2213
49.4483
40.2746
32.0148
24.8525
18.8521
13.9827
10.1469
7.20858
5.01631
3.42119
2.28799
1.50117
0.96672
0.611306
0.379735
0.231809
0.139113
0.0820975
0.0476604
0.0272253
0.0153071
0.00847267
0.00461806
0.00247898
0.00131114
0.000682646
0.000351472
0.000175688
9.20663e-05
3.60747e-05
100
99.9997
100
100.001
99.9996
99.9991
100
100.001
99.9996
99.9982
99.9999
100.002
100.001
99.9975
99.9978
100.002
100.004
99.9993
99.995
99.998
100.005
100.006
99.9977
99.9915
99.9965
100.008
100.011
99.999
99.9857
99.9883
100.007
100.022
100.013
99.9854
99.9678
99.9831
100.023
100.049
100.03
99.9724
99.925
99.9376
100.016
100.107
100.132
100.047
99.8893
99.7626
99.7779
99.9731
100.27
100.5
100.483
100.138
99.5463
98.9499
98.6693
98.9758
99.967
101.492
103.152
104.377
104.551
103.142
99.8158
94.4907
87.341
78.7496
69.2304
59.3414
49.6075
40.4627
32.2195
25.0611
19.0534
14.168
10.3104
7.34751
5.13038
3.51191
2.35804
1.55376
1.00519
0.638755
0.39886
0.244837
0.147795
0.0877654
0.0512864
0.0295005
0.016708
0.00931971
0.00512123
0.00277273
0.00147985
0.000777816
0.000404617
0.00020429
0.000108405
4.29873e-05
100
99.9997
100
100.001
99.9996
99.9991
100
100.001
99.9997
99.9981
99.9999
100.002
100.001
99.9975
99.9977
100.002
100.004
99.9994
99.995
99.9979
100.005
100.006
99.9978
99.9913
99.9963
100.008
100.011
99.9992
99.9856
99.9879
100.007
100.022
100.013
99.9854
99.9672
99.9826
100.023
100.05
100.03
99.9722
99.9239
99.9366
100.016
100.108
100.133
100.048
99.8879
99.7602
99.7765
99.9741
100.274
100.503
100.484
100.135
99.5405
98.9441
98.6672
98.9798
99.9768
101.504
103.16
104.377
104.539
103.119
99.788
94.4667
87.3309
78.7619
69.2708
59.4117
49.7052
40.5822
32.3529
25.2
19.1899
14.2958
10.425
7.4463
5.21261
3.57818
2.40985
1.59315
1.03434
0.659794
0.413686
0.255049
0.154678
0.092307
0.0542236
0.0313633
0.0178674
0.0100283
0.00554667
0.00302378
0.00162561
0.000860922
0.000451549
0.000229807
0.000123165
4.93042e-05
100
99.9997
100
100.001
99.9996
99.9991
100
100.001
99.9997
99.9981
99.9998
100.002
100.001
99.9975
99.9977
100.002
100.004
99.9995
99.995
99.9978
100.005
100.006
99.9979
99.9913
99.9962
100.008
100.011
99.9994
99.9856
99.9877
100.007
100.022
100.014
99.9855
99.967
99.9823
100.023
100.05
100.031
99.9722
99.9234
99.936
100.016
100.109
100.134
100.048
99.8872
99.7588
99.7753
99.9743
100.275
100.505
100.485
100.134
99.5373
98.9401
98.6648
98.981
99.982
101.511
103.167
104.379
104.533
103.107
99.7705
94.4493
87.3196
78.763
69.2886
59.4484
49.7602
40.6527
32.4344
25.2872
19.2777
14.3795
10.5014
7.51329
5.26923
3.62446
2.44652
1.62138
1.0555
0.67525
0.424705
0.262725
0.159909
0.0957967
0.0565047
0.0328255
0.0187871
0.0105961
0.00589118
0.00322917
0.00174609
0.000930313
0.000491153
0.000251546
0.000135886
5.48066e-05
100
99.9997
100
100.001
99.9996
99.9991
100
100.001
99.9997
99.9981
99.9998
100.002
100.001
99.9975
99.9977
100.002
100.004
99.9995
99.995
99.9977
100.005
100.006
99.998
99.9913
99.9961
100.008
100.011
99.9995
99.9855
99.9877
100.007
100.022
100.014
99.9856
99.9669
99.9821
100.023
100.05
100.031
99.9723
99.9232
99.9356
100.016
100.109
100.135
100.048
99.887
99.758
99.7745
99.9741
100.276
100.507
100.486
100.134
99.5356
98.9376
98.6629
98.9812
99.9847
101.516
103.171
104.381
104.531
103.1
99.7601
94.4381
87.3115
78.7618
69.2976
59.4693
49.7933
40.6964
32.4861
25.3436
19.3353
14.4354
10.5531
7.55918
5.30849
3.65692
2.47254
1.64163
1.07083
0.686566
0.432855
0.268459
0.163854
0.0984545
0.0582588
0.0339605
0.0195077
0.0110454
0.00616626
0.00339471
0.00184412
0.000987295
0.000523992
0.00026973
0.000146641
5.9504e-05
100
99.9997
100
100.001
99.9996
99.9991
100
100.001
99.9997
99.9981
99.9998
100.002
100.001
99.9975
99.9976
100.002
100.004
99.9995
99.995
99.9977
100.005
100.006
99.998
99.9913
99.9961
100.008
100.011
99.9995
99.9856
99.9876
100.007
100.022
100.014
99.9857
99.9668
99.9819
100.023
100.05
100.031
99.9724
99.923
99.9353
100.016
100.11
100.135
100.049
99.887
99.7575
99.7738
99.9738
100.277
100.508
100.487
100.134
99.5348
98.936
98.6613
98.9806
99.9858
101.519
103.175
104.383
104.532
103.097
99.7542
94.4307
87.3047
78.7581
69.2993
59.4779
49.8093
40.7194
32.5149
25.3762
19.3697
14.4696
10.5854
7.58842
5.33393
3.67829
2.48991
1.65534
1.08135
0.69442
0.438578
0.272532
0.166687
0.100383
0.0595449
0.0348012
0.0200469
0.0113847
0.00637611
0.0035222
0.00192034
0.00103201
0.000550014
0.000284263
0.000155326
6.3334e-05
100
99.9997
100
100.001
99.9996
99.9991
100
100.001
99.9997
99.9981
99.9998
100.002
100.001
99.9976
99.9976
100.002
100.004
99.9995
99.995
99.9977
100.005
100.006
99.9981
99.9913
99.996
100.008
100.011
99.9996
99.9856
99.9875
100.007
100.022
100.014
99.9858
99.9668
99.9818
100.022
100.05
100.031
99.9726
99.9231
99.9351
100.016
100.109
100.136
100.049
99.8871
99.7574
99.7735
99.9736
100.277
100.508
100.488
100.135
99.5346
98.9354
98.6605
98.9802
99.9861
101.52
103.176
104.385
104.532
103.095
99.7512
94.4268
87.3012
78.7564
69.3008
59.4836
49.8197
40.7343
32.5335
25.3975
19.3923
14.4922
10.607
7.60807
5.35117
3.6929
2.50189
1.66487
1.08872
0.699977
0.442661
0.275461
0.168742
0.101794
0.0604935
0.0354264
0.0204511
0.0116413
0.00653603
0.00362016
0.00197937
0.00106693
0.000570505
0.000295793
0.000162281
6.64273e-05
100
99.9997
100
100.001
99.9996
99.9991
100
100.001
99.9997
99.9982
99.9998
100.002
100.001
99.9976
99.9977
100.002
100.004
99.9995
99.995
99.9977
100.005
100.006
99.9981
99.9914
99.996
100.008
100.011
99.9996
99.9856
99.9876
100.007
100.022
100.014
99.9858
99.9669
99.9818
100.022
100.05
100.031
99.9726
99.9231
99.9351
100.015
100.109
100.136
100.049
99.8871
99.7573
99.7733
99.9734
100.277
100.508
100.488
100.135
99.5344
98.9348
98.6599
98.9797
99.9863
101.52
103.178
104.386
104.532
103.095
99.7495
94.424
87.298
78.7536
69.2994
59.4844
49.8231
40.7405
32.5422
25.4081
19.4042
14.5046
10.6192
7.61956
5.3615
3.70182
2.50935
1.6709
1.09346
0.703597
0.445356
0.27742
0.170132
0.102759
0.0611495
0.0358634
0.0207365
0.0118242
0.00665119
0.00369137
0.0020227
0.00109279
0.000585822
0.000304483
0.000167575
6.88033e-05
100
99.9997
100
100.001
99.9996
99.9991
100
100.001
99.9997
99.9982
99.9998
100.002
100.001
99.9976
99.9977
100.002
100.004
99.9995
99.995
99.9977
100.005
100.006
99.9981
99.9913
99.996
100.008
100.011
99.9996
99.9856
99.9875
100.007
100.022
100.014
99.9858
99.9669
99.9818
100.022
100.05
100.031
99.9726
99.9231
99.9351
100.015
100.109
100.136
100.049
99.8872
99.7573
99.7732
99.9733
100.277
100.509
100.488
100.135
99.5345
98.9347
98.6596
98.9795
99.9862
101.521
103.178
104.386
104.533
103.095
99.7488
94.423
87.2969
78.7531
69.2998
59.4862
49.8266
40.7456
32.5488
25.4159
19.4127
14.5134
10.6277
7.62751
5.36862
3.70798
2.5145
1.67508
1.09675
0.706125
0.447247
0.278801
0.171118
0.103448
0.0616203
0.0361789
0.0209438
0.011958
0.00673594
0.00374411
0.00205501
0.0011122
0.000597401
0.000311093
0.000171634
7.06382e-05
100
99.9997
100
100.001
99.9996
99.9991
100
100.001
99.9997
99.9982
99.9998
100.002
100.001
99.9976
99.9976
100.002
100.004
99.9995
99.995
99.9977
100.005
100.006
99.9981
99.9913
99.996
100.008
100.011
99.9996
99.9856
99.9875
100.007
100.022
100.014
99.9858
99.9669
99.9818
100.022
100.05
100.031
99.9727
99.9231
99.935
100.015
100.109
100.136
100.049
99.8872
99.7573
99.7731
99.9732
100.277
100.509
100.489
100.135
99.5345
98.9345
98.6593
98.9792
99.9861
101.521
103.179
104.387
104.533
103.095
99.7484
94.422
87.2955
78.7514
69.2982
59.4851
49.8263
40.7463
32.5505
25.4186
19.416
14.5172
10.6317
7.63145
5.37232
3.7113
2.51736
1.67746
1.09868
0.707633
0.448397
0.279654
0.171737
0.103886
0.0619242
0.0363851
0.0210811
0.0120475
0.0067933
0.00378019
0.00207733
0.00112574
0.00060556
0.000315792
0.000174548
7.19681e-05
100
99.9997
100
100.001
99.9996
99.9991
100
100.001
99.9997
99.9982
99.9998
100.002
100.001
99.9976
99.9977
100.002
100.004
99.9995
99.995
99.9977
100.005
100.006
99.9981
99.9914
99.996
100.008
100.011
99.9996
99.9857
99.9876
100.007
100.022
100.014
99.9858
99.9669
99.9818
100.022
100.05
100.031
99.9727
99.9231
99.9351
100.015
100.109
100.136
100.049
99.8873
99.7573
99.7732
99.9732
100.276
100.509
100.489
100.135
99.5346
98.9346
98.6594
98.9792
99.986
101.521
103.178
104.387
104.533
103.095
99.7483
94.422
87.2955
78.7517
69.2989
59.4863
49.828
40.7486
32.5533
25.4217
19.4194
14.5206
10.6351
7.63463
5.3752
3.71382
2.51949
1.67922
1.10008
0.708722
0.449223
0.280267
0.17218
0.1042
0.062142
0.0365332
0.0211798
0.0121121
0.00683482
0.0038064
0.00209362
0.00113566
0.000611568
0.000319266
0.000176715
7.29627e-05
100
99.9997
100
100.001
99.9996
99.9991
100
100.001
99.9997
99.9982
99.9998
100.002
100.001
99.9976
99.9977
100.002
100.004
99.9995
99.995
99.9977
100.005
100.006
99.9981
99.9914
99.996
100.008
100.011
99.9996
99.9856
99.9876
100.007
100.022
100.014
99.9858
99.9669
99.9818
100.022
100.05
100.031
99.9727
99.9231
99.9351
100.015
100.109
100.136
100.049
99.8872
99.7573
99.7732
99.9732
100.277
100.509
100.489
100.135
99.5345
98.9345
98.6592
98.9791
99.986
101.521
103.179
104.387
104.533
103.095
99.7482
94.4215
87.2947
78.7505
69.2976
59.485
49.8269
40.7478
32.5529
25.4217
19.4198
14.5213
10.636
7.63565
5.37625
3.71483
2.52042
1.68002
1.10076
0.709273
0.449656
0.280598
0.172427
0.104379
0.0622687
0.0366211
0.0212394
0.0121518
0.00686071
0.00382298
0.00210406
0.0011421
0.000615516
0.000321573
0.000178173
7.36386e-05
100
99.9997
100
100.001
99.9996
99.9991
100
100.001
99.9997
99.9982
99.9998
100.002
100.001
99.9976
99.9977
100.002
100.004
99.9995
99.995
99.9977
100.005
100.006
99.9981
99.9914
99.996
100.008
100.011
99.9996
99.9856
99.9876
100.007
100.022
100.014
99.9858
99.9669
99.9818
100.022
100.05
100.031
99.9727
99.9231
99.935
100.015
100.109
100.136
100.049
99.8873
99.7573
99.7732
99.9732
100.276
100.509
100.489
100.135
99.5346
98.9346
98.6593
98.9791
99.9859
101.521
103.179
104.387
104.533
103.095
99.7483
94.4217
87.2951
78.7512
69.2984
59.4861
49.8282
40.7492
32.5544
25.4233
19.4215
14.5229
10.6375
7.63706
5.3775
3.71591
2.52133
1.68077
1.10136
0.709739
0.450011
0.280863
0.17262
0.104517
0.0623652
0.0366873
0.0212841
0.0121813
0.00687989
0.00383523
0.00211176
0.00114684
0.000618423
0.000323273
0.000179248
7.41382e-05
100
99.9997
100
100.001
99.9996
99.9991
100
100.001
99.9997
99.9982
99.9998
100.002
100.001
99.9976
99.9977
100.002
100.004
99.9995
99.995
99.9977
100.005
100.006
99.9981
99.9914
99.996
100.008
100.011
99.9996
99.9856
99.9875
100.007
100.022
100.014
99.9858
99.9669
99.9818
100.022
100.05
100.031
99.9727
99.9231
99.935
100.015
100.109
100.136
100.049
99.8873
99.7573
99.7731
99.9731
100.276
100.509
100.489
100.135
99.5346
98.9345
98.6591
98.979
99.9859
101.521
103.179
104.388
104.534
103.095
99.7483
94.4214
87.2945
78.7503
69.2973
59.4848
49.8269
40.7481
32.5535
25.4226
19.4209
14.5226
10.6374
7.63703
5.37757
3.71605
2.5215
1.68095
1.10153
0.709893
0.450141
0.280968
0.172702
0.104579
0.0624109
0.03672
0.0213069
0.0121969
0.0068903
0.00384204
0.00211614
0.0011496
0.000620148
0.000324297
0.000179907
7.44498e-05
100
99.9997
100
100.001
99.9996
99.9991
100
100.001
99.9997
99.9982
99.9998
100.002
100.001
99.9976
99.9977
100.002
100.004
99.9995
99.995
99.9977
100.005
100.006
99.9981
99.9914
99.996
100.008
100.011
99.9996
99.9857
99.9876
100.007
100.022
100.014
99.9858
99.9669
99.9818
100.022
100.05
100.031
99.9727
99.9231
99.9351
100.015
100.109
100.136
100.049
99.8873
99.7574
99.7732
99.9732
100.276
100.509
100.489
100.135
99.5346
98.9346
98.6593
98.9791
99.9859
101.521
103.179
104.387
104.533
103.095
99.7483
94.4217
87.295
78.751
69.2983
59.486
49.8282
40.7494
32.5547
25.4238
19.422
14.5236
10.6383
7.63782
5.37825
3.71661
2.52196
1.68132
1.10181
0.710109
0.450304
0.281088
0.172789
0.104641
0.062454
0.0367496
0.0213268
0.0122101
0.00689895
0.00384759
0.00211965
0.00115178
0.000621492
0.000325089
0.000180413
7.46868e-05
100
99.9997
100
100.001
99.9996
99.9991
100
100.001
99.9997
99.9982
99.9998
100.002
100.001
99.9976
99.9977
100.002
100.004
99.9995
99.995
99.9977
100.005
100.006
99.9981
99.9914
99.996
100.008
100.011
99.9996
99.9856
99.9876
100.007
100.022
100.014
99.9858
99.9669
99.9818
100.022
100.05
100.031
99.9727
99.9231
99.935
100.015
100.109
100.136
100.049
99.8873
99.7573
99.7731
99.9732
100.276
100.509
100.489
100.135
99.5346
98.9345
98.6591
98.979
99.9859
101.521
103.179
104.388
104.534
103.095
99.7483
94.4214
87.2944
78.7502
69.2973
59.4848
49.8269
40.7481
32.5536
25.4228
19.4212
14.5229
10.6378
7.63745
5.37799
3.71645
2.52186
1.68127
1.1018
0.710111
0.450316
0.281103
0.172804
0.104654
0.0624655
0.0367586
0.0213336
0.012215
0.00690238
0.00384994
0.00212122
0.0011528
0.000622149
0.000325488
0.000180678
7.48149e-05
100
99.9997
100
100.001
99.9996
99.9991
100
100.001
99.9997
99.9982
99.9998
100.002
100.001
99.9976
99.9977
100.002
100.004
99.9995
99.995
99.9977
100.005
100.006
99.9981
99.9914
99.996
100.008
100.011
99.9996
99.9856
99.9876
100.007
100.022
100.014
99.9858
99.9669
99.9818
100.022
100.05
100.031
99.9727
99.9231
99.935
100.015
100.109
100.136
100.049
99.8873
99.7573
99.7732
99.9731
100.276
100.509
100.489
100.135
99.5346
98.9346
98.6593
98.979
99.9859
101.521
103.179
104.387
104.533
103.095
99.7483
94.4217
87.295
78.751
69.2983
59.4859
49.8281
40.7494
32.5548
25.4239
19.4222
14.5238
10.6385
7.63805
5.37848
3.71683
2.52216
1.68149
1.10196
0.710236
0.450406
0.281167
0.17285
0.104686
0.062487
0.0367731
0.0213432
0.0122213
0.00690644
0.00385252
0.00212284
0.0011538
0.000622767
0.000325853
0.000180909
7.49242e-05
100
99.9997
100
100.001
99.9996
99.9991
100
100.001
99.9997
99.9982
99.9998
100.002
100.001
99.9976
99.9977
100.002
100.004
99.9995
99.995
99.9977
100.005
100.006
99.9981
99.9914
99.996
100.008
100.011
99.9996
99.9856
99.9876
100.007
100.022
100.014
99.9858
99.9669
99.9818
100.022
100.05
100.031
99.9727
99.9231
99.935
100.015
100.109
100.136
100.049
99.8873
99.7573
99.7731
99.9731
100.276
100.509
100.489
100.135
99.5346
98.9345
98.6592
98.979
99.9859
101.521
103.179
104.388
104.534
103.095
99.7483
94.4214
87.2945
78.7502
69.2973
59.4848
49.8269
40.7481
32.5536
25.4228
19.4213
14.523
10.6379
7.63758
5.37812
3.71657
2.52198
1.68137
1.10188
0.710185
0.450375
0.28115
0.17284
0.104682
0.0624854
0.0367728
0.0213436
0.0122219
0.00690703
0.00385302
0.00212322
0.00115407
0.000622961
0.000325977
0.000180999
7.49686e-05
100
99.9997
100
100.001
99.9996
99.9991
100
100.001
99.9997
99.9982
99.9998
100.002
100.001
99.9976
99.9977
100.002
100.004
99.9995
99.995
99.9977
100.005
100.006
99.9981
99.9914
99.996
100.008
100.011
99.9996
99.9856
99.9876
100.007
100.022
100.014
99.9858
99.9669
99.9818
100.022
100.05
100.031
99.9727
99.9231
99.9351
100.015
100.109
100.136
100.049
99.8873
99.7573
99.7732
99.9731
100.276
100.509
100.489
100.135
99.5346
98.9346
98.6593
98.979
99.9859
101.521
103.179
104.387
104.533
103.095
99.7483
94.4217
87.2949
78.7509
69.2981
59.4858
49.828
40.7492
32.5546
25.4238
19.4221
14.5237
10.6385
7.63804
5.37849
3.71685
2.52219
1.68153
1.102
0.710265
0.450431
0.281189
0.172867
0.104699
0.0624969
0.0367804
0.0213485
0.012225
0.00690898
0.00385423
0.00212397
0.00115453
0.000623234
0.000326138
0.000181097
7.50173e-05
100
99.9997
100
100.001
99.9996
99.9991
100
100.001
99.9997
99.9982
99.9998
100.002
100.001
99.9976
99.9977
100.002
100.004
99.9995
99.995
99.9977
100.005
100.006
99.9981
99.9914
99.996
100.008
100.011
99.9996
99.9856
99.9876
100.007
100.022
100.014
99.9858
99.9669
99.9818
100.022
100.05
100.031
99.9727
99.9231
99.9351
100.015
100.109
100.136
100.049
99.8873
99.7573
99.7732
99.9732
100.276
100.509
100.489
100.135
99.5346
98.9346
98.6593
98.979
99.9859
101.521
103.179
104.387
104.533
103.095
99.7484
94.4218
87.2952
78.7512
69.2986
59.4863
49.8286
40.7499
32.5553
25.4244
19.4227
14.5243
10.6389
7.63842
5.37879
3.7171
2.52238
1.68167
1.1021
0.710343
0.450487
0.281228
0.172894
0.104718
0.0625094
0.0367886
0.0213539
0.0122285
0.00691118
0.00385561
0.00212482
0.00115505
0.000623551
0.000326322
0.000181214
7.50711e-05
)
;

boundaryField
{
    left
    {
        type            fixedValue;
        value           uniform 100;
    }
    right
    {
        type            zeroGradient;
    }
    up
    {
        type            zeroGradient;
    }
    down
    {
        type            fixedValue;
        value           uniform 0;
    }
    frontAndBack
    {
        type            empty;
    }
}


// ************************************************************************* //
