/*--------------------------------*- C++ -*----------------------------------*\
  =========                 |
  \\      /  F ield         | OpenFOAM: The Open Source CFD Toolbox
   \\    /   O peration     | Website:  https://openfoam.org
    \\  /    A nd           | Version:  8
     \\/     M anipulation  |
\*---------------------------------------------------------------------------*/
FoamFile
{
    version     2.0;
    format      ascii;
    class       volScalarField;
    location    "0.687";
    object      T;
}
// * * * * * * * * * * * * * * * * * * * * * * * * * * * * * * * * * * * * * //

dimensions      [0 0 0 1 0 0 0];

internalField   nonuniform List<scalar> 
10000
(
50
4.64961
-4.64953
-1.17709
1.17674
0.44681
-0.445797
-0.215058
0.212793
0.122381
-0.118106
-0.0796897
0.0725164
0.0582394
-0.0472197
-0.0468406
0.0310881
0.0404017
-0.0192627
-0.036231
0.00950341
0.0326891
-0.000865389
-0.0286829
-0.0068312
0.0235118
0.0132577
-0.0168765
-0.017767
0.00895338
0.0196132
-0.000453566
-0.0182316
-0.00741516
0.0135576
0.0131517
-0.00629697
-0.0153635
-0.00198038
0.0133045
0.00907199
-0.00739604
-0.0127417
-0.000566555
0.0116259
0.00772222
-0.00602507
-0.0111846
-0.00173988
0.00932872
0.00812838
-0.00305911
-0.00983069
-0.00440454
0.00599506
0.00868485
0.00119114
-0.00729145
-0.00694947
0.00107067
0.00749437
0.00531119
-0.002392
-0.0071204
-0.00409899
0.00296394
0.00652335
0.00339495
-0.00298418
-0.00589287
-0.00313135
0.00257487
0.00530459
0.00314999
-0.00178608
-0.0047368
-0.00328863
0.000721412
0.00400211
0.00349453
0.000355419
-0.00284923
-0.00363881
-0.00131953
0.00146374
0.00317839
0.00230602
-0.000260194
-0.00199752
-0.00268514
-0.00110702
0.000957822
0.00179645
0.00212119
0.00036527
-0.00103668
-0.00133699
-0.00177292
-8.18354e-06
0.000819737
95.3504
50
10.4762
-4.64929
-2.80056
1.17589
1.10755
-0.443757
-0.550106
0.208817
0.320065
-0.111309
-0.210379
0.0619476
0.152315
-0.0319777
-0.118469
0.0104866
0.096193
0.00695391
-0.0789023
-0.0219101
0.062893
0.0344272
-0.046151
-0.0436537
0.0279555
0.0482877
-0.00878279
-0.0470539
-0.00976165
0.0392649
0.0251805
-0.0253991
-0.0346259
0.00752011
0.0357715
0.010716
-0.0278751
-0.0246937
0.0126648
0.0301864
0.00543949
-0.0251091
-0.0202752
0.0110446
0.0260525
0.00653039
-0.0201924
-0.0198296
0.00524006
0.0224087
0.0112223
-0.0127933
-0.0202248
-0.00339504
0.0163368
0.01623
-0.00230162
-0.0170991
-0.0122028
0.00572883
0.0163677
0.00904717
-0.00729227
-0.0150721
-0.00704589
0.00749025
0.0137212
0.00612846
-0.00670229
-0.0124758
-0.00607043
0.00518928
0.0111975
0.00663812
-0.00320225
-0.00955121
-0.00750766
0.000877418
0.00742942
0.0079173
0.00188977
-0.00505477
-0.00718376
-0.00445823
0.00198725
0.00584311
0.00524435
0.00177531
-0.00366125
-0.00488538
-0.0034947
-0.000459058
0.00394886
0.00346623
0.00251048
0.000197184
-0.00365547
-0.00212336
104.65
89.5238
49.9999
12.0996
-4.64878
-3.46125
1.17434
1.44257
-0.440425
-0.747837
0.202803
0.450934
-0.101635
-0.304835
0.0476576
0.224588
-0.0122996
-0.175214
-0.0149565
0.140138
0.0378939
-0.110648
-0.0571895
0.0820384
0.071832
-0.0521855
-0.0799215
0.0210695
0.0793958
0.00942847
-0.0688623
-0.0358507
0.0484957
0.0538767
-0.0207863
-0.0595414
-0.00921896
0.0508335
0.0345725
-0.0292373
-0.0481762
0.000478156
0.0454127
0.026282
-0.026747
-0.0412477
-0.00100346
0.0381236
0.026264
-0.0180748
-0.0372289
-0.00936626
0.0283219
0.0296514
-0.00433826
-0.0312891
-0.0202728
0.0132793
0.0298664
0.0120368
-0.0179494
-0.0266175
-0.00615458
0.0195565
0.0232168
0.00276334
-0.0192248
-0.0204923
-0.00151542
0.0176973
0.0186363
0.00196491
-0.0153673
-0.0173742
-0.0037152
0.0123672
0.0162228
0.00619903
-0.00850047
-0.0148244
-0.00852168
0.00367135
0.0125342
0.0102512
0.00102862
-0.00820273
-0.0111123
-0.00470427
0.00291163
0.00882428
0.00806449
0.00098257
-0.00373757
-0.00790222
-0.00544908
0.000691668
0.00281394
0.00681746
0.00377581
-0.00108463
101.177
104.649
87.9004
49.9998
12.7603
-4.64791
-3.79629
1.17193
1.64042
-0.435547
-0.879012
0.194445
0.54598
-0.0887666
-0.378079
0.0293857
0.282764
0.011927
-0.221077
-0.0450904
0.174233
0.0730222
-0.132402
-0.0953197
0.0906349
0.10983
-0.0473835
-0.113714
0.00396948
0.104538
0.035817
-0.081486
-0.0664678
0.0465236
0.0821385
-0.00509084
-0.0786645
-0.0341995
0.0558058
0.0613018
-0.0188954
-0.0678876
-0.0212248
0.0511534
0.050795
-0.0165893
-0.0582506
-0.022188
0.0400451
0.048064
-0.00439265
-0.0483234
-0.030809
0.0228284
0.0461119
0.0138763
-0.032626
-0.038918
-0.000845314
0.0359525
0.0308326
-0.00748109
-0.0354479
-0.0241215
0.0116877
0.033163
0.0196413
-0.0127317
-0.0303016
-0.0173755
0.0114098
0.0273441
0.016837
-0.00827194
-0.0241667
-0.0174112
0.00388363
0.020166
0.0183809
0.00122006
-0.0150233
-0.0183283
-0.00684092
0.00913105
0.0159484
0.0115114
-0.0019716
-0.0121243
-0.0123279
-0.00575656
0.00629649
0.010782
0.00855126
0.0027521
-0.0074742
-0.00794036
-0.00617525
-0.00203847
0.0071437
0.00497079
98.8232
102.801
104.649
87.2397
49.9998
13.0954
-4.6466
-3.99426
1.16847
1.77193
-0.428879
-0.974719
0.183459
0.620353
-0.0724298
-0.437971
0.00694015
0.330997
0.0407099
-0.258175
-0.0796225
0.19946
0.111635
-0.144603
-0.135122
0.089047
0.146797
-0.0324544
-0.143143
-0.0219479
0.121921
0.0681162
-0.0837469
-0.0985664
0.0333554
0.106595
0.0200742
-0.0891156
-0.0641899
0.0493001
0.0866675
0.00223369
-0.0798459
-0.0490782
0.0452669
0.0740671
0.00443268
-0.0667433
-0.0484416
0.0298975
0.0663229
0.0187749
-0.0488249
-0.0536907
0.00566091
0.0548127
0.0374872
-0.0218373
-0.0528601
-0.0230129
0.0304451
0.0474927
0.0125247
-0.0335391
-0.041688
-0.00637731
0.0331089
0.036922
0.00402969
-0.0304842
-0.033574
-0.00468579
0.0263464
0.0312173
0.00761207
-0.0209662
-0.0289685
-0.0118611
0.0141369
0.0261218
0.0158684
-0.0057077
-0.0216973
-0.0186464
-0.00257957
0.0139332
0.0196216
0.00903583
-0.0045846
-0.015199
-0.0145185
-0.00239697
0.00618586
0.013657
0.0100142
-0.000699364
-0.00460108
-0.011744
-0.0070595
0.00153221
99.5532
98.8239
103.461
104.648
86.9046
49.9996
13.2934
-4.64475
-4.12604
1.16379
1.86825
-0.420188
-1.05022
0.169583
0.682048
-0.0523916
-0.488811
-0.0197996
0.371542
0.0739518
-0.287578
-0.118123
0.216248
0.152879
-0.147461
-0.175288
0.0776584
0.181065
-0.00831011
-0.166437
-0.0549872
0.130102
0.103796
-0.0750742
-0.129048
0.00979849
0.124214
0.0522936
-0.0888462
-0.095462
0.0311802
0.10658
0.0318797
-0.0810607
-0.0788004
0.0273154
0.0912787
0.0335477
-0.0635497
-0.0746253
0.00803767
0.0759232
0.0472343
-0.0366002
-0.0719917
-0.0206268
0.0515755
0.0604315
0.000304833
-0.0564892
-0.0476072
0.0125612
0.0555296
0.0370099
-0.0189556
-0.0518924
-0.0299627
0.0204454
0.0474008
0.0264556
-0.0183223
-0.0427669
-0.0257138
0.0134171
0.0378236
0.0267215
-0.00655168
-0.0316419
-0.0283603
-0.00142627
0.023658
0.0284611
0.0102107
-0.0144986
-0.0248901
-0.0176431
0.00343872
0.0189663
0.0191253
0.00862461
-0.010024
-0.0167606
-0.0131905
-0.00397179
0.0117365
0.0122801
0.00948548
0.00290158
-0.011153
-0.0076283
100.446
98.8925
98.8253
103.796
104.647
86.7066
49.9995
13.4253
-4.64227
-4.22283
1.15773
1.94473
-0.409254
-1.11362
0.152581
0.735506
-0.0284636
-0.532999
-0.0508823
0.405585
0.111452
-0.309756
-0.160034
0.224727
0.195766
-0.14112
-0.214421
0.0569717
0.210983
0.0238915
-0.182022
-0.0931732
0.128067
0.140156
-0.0555503
-0.154922
-0.0225786
0.132494
0.0885199
-0.0767922
-0.124103
0.00256676
0.117488
0.0666614
-0.0698577
-0.105702
-0.00138482
0.0983411
0.0665353
-0.0473347
-0.0953266
-0.02295
0.0731286
0.0754167
-0.0121028
-0.0802589
-0.0511515
0.0347829
0.0762692
0.0299924
-0.0464858
-0.0677529
-0.0149547
0.0503864
0.058959
0.00633873
-0.0494027
-0.0519631
-0.00321436
0.0454195
0.0472583
0.00438887
-0.0393986
-0.0441403
-0.00886676
0.0317251
0.0412614
0.0153321
-0.0219959
-0.0376397
-0.0214758
0.00980053
0.0318679
0.0259088
0.00233761
-0.021106
-0.0280307
-0.011828
0.00765345
0.0224477
0.0202346
0.00242029
-0.00966391
-0.0199494
-0.0136091
0.0017817
0.00721815
0.0171141
0.00937018
-0.00274225
100.215
100.444
98.5574
98.8274
103.994
104.646
86.5746
49.9993
13.5224
-4.63909
-4.30005
1.15013
2.00958
-0.395866
-1.16949
0.13224
0.783271
-0.000502586
-0.571855
-0.0862837
0.433682
0.152908
-0.324834
-0.204677
0.224895
0.2392
-0.125765
-0.251074
0.0276686
0.23498
0.0627326
-0.188595
-0.134295
0.115298
0.174432
-0.0259249
-0.173469
-0.0615284
0.129636
0.125285
-0.0529631
-0.146339
-0.0342548
0.11673
0.102426
-0.0460768
-0.125231
-0.0379045
0.0924459
0.0982869
-0.018834
-0.105689
-0.0586199
0.0562591
0.0973277
0.0216394
-0.0746997
-0.0795968
0.0058014
0.0796176
0.0611041
-0.0226988
-0.076986
-0.0463568
0.0307673
0.071216
0.0368737
-0.0322737
-0.0647903
-0.0324006
0.0289543
0.0586319
0.0317844
-0.0219227
-0.0523424
-0.033741
0.0123402
0.0444094
0.0368647
-0.00127329
-0.033979
-0.038047
-0.0112126
0.0219833
0.034081
0.0223631
-0.00716399
-0.0268522
-0.0254334
-0.00989432
0.0155325
0.0230366
0.0171994
0.00368128
-0.0173279
-0.0165842
-0.012353
-0.00239827
0.0161953
0.010195
99.7871
100.55
100.441
98.3595
98.8306
104.126
104.644
86.4775
49.9992
13.6
-4.63511
-4.36596
1.14084
2.06747
-0.379826
-1.22051
0.108372
0.826798
0.0315871
-0.606054
-0.125904
0.456012
0.197916
-0.332748
-0.251261
0.216717
0.281999
-0.101686
-0.283793
-0.00935429
0.25162
0.106543
-0.185192
-0.175972
0.0918119
0.203921
0.0124024
-0.182399
-0.104246
0.114674
0.158942
-0.0184624
-0.158861
-0.0760182
0.102805
0.134664
-0.0111276
-0.133509
-0.0780181
0.0724755
0.123482
0.0191786
-0.102183
-0.0932987
0.0260589
0.107597
0.0594424
-0.0539875
-0.0994222
-0.0311172
0.067378
0.0864563
0.0116156
-0.070885
-0.0741042
-0.000847702
0.0685184
0.0648222
-0.00264112
-0.0627793
-0.0590068
0.000451051
0.0548677
0.0555772
0.00615778
-0.0451144
-0.0527297
-0.0155005
0.032706
0.0491853
0.024576
-0.0167826
-0.042999
-0.0316319
0.00049227
0.0300053
0.0360705
0.0126481
-0.0126769
-0.0305231
-0.0249699
-0.000703243
0.0144692
0.0266507
0.0160816
-0.00413513
-0.0107875
-0.0228355
-0.0106423
0.00472233
99.8777
99.7908
100.748
100.436
98.2279
98.835
104.223
104.641
86.3998
49.9989
13.6665
-4.63026
-4.42531
1.1297
2.12117
-0.36095
-1.26825
0.0808185
0.8669
0.0678505
-0.635875
-0.169569
0.472527
0.245974
-0.333344
-0.298897
0.200196
0.322918
-0.0693313
-0.311164
-0.0529697
0.259671
0.15343
-0.171243
-0.215732
0.0581938
0.226117
0.0574327
-0.179996
-0.147531
0.0875709
0.185935
0.0245694
-0.159122
-0.118748
0.0755699
0.158968
0.0321091
-0.127821
-0.116677
0.0392251
0.137325
0.0621907
-0.0832121
-0.120939
-0.0142786
0.102456
0.0947946
-0.019688
-0.105156
-0.0695092
0.0395595
0.0993794
0.0502221
-0.0482245
-0.0907286
-0.0383726
0.0489256
0.0821364
0.0333667
-0.0439829
-0.0745266
-0.0336137
0.0346879
0.0672571
0.0373772
-0.0222032
-0.0583013
-0.0428632
0.00764307
0.0462298
0.0462594
0.00905107
-0.0318558
-0.0432587
-0.0247637
0.0134552
0.0357544
0.03077
0.00891693
-0.0227724
-0.029457
-0.0201095
-0.00153325
0.0240064
0.0206688
0.0144392
0.000392472
-0.0219144
-0.0124768
100.118
99.6799
99.7966
100.879
100.43
98.1314
98.8407
104.3
104.637
86.3333
49.9987
13.7267
-4.62445
-4.48093
1.11657
2.17238
-0.339066
-1.31367
0.0494503
0.903983
0.108281
-0.661348
-0.217024
0.48305
0.296489
-0.326451
-0.346614
0.175429
0.360689
-0.0293298
-0.33186
-0.101824
0.258155
0.201326
-0.146622
-0.25112
0.0155871
0.238839
0.106661
-0.165248
-0.187989
0.0492492
0.203079
0.0730964
-0.145594
-0.158108
0.0362986
0.171513
0.0795418
-0.106991
-0.148608
-0.00460223
0.136234
0.104521
-0.0494793
-0.136068
-0.0594945
0.080503
0.12097
0.0238112
-0.0935304
-0.101929
-0.000392432
0.0951452
0.0852405
-0.0116989
-0.0905562
-0.073498
0.0147368
0.0827485
0.0669119
-0.0109257
-0.0729079
-0.0640192
0.0017922
0.0611894
0.0623627
0.0109628
-0.0464836
-0.0600102
-0.0239856
0.0272955
0.0545369
0.0348794
-0.00671405
-0.0406034
-0.0428813
-0.010781
0.0200487
0.0390121
0.0278935
-0.00316623
-0.0207348
-0.0332041
-0.0167494
0.0079335
0.0153324
0.0283414
0.0103204
-0.00748928
100.08
100.112
99.5489
99.8046
100.975
100.422
98.0548
98.8479
104.366
104.633
86.2731
49.9985
13.7833
-4.6176
-4.53463
1.1013
2.22217
-0.314018
-1.3573
0.0141693
0.938195
0.152819
-0.682347
-0.267944
0.48734
0.348785
-0.311927
-0.393382
0.142632
0.394053
0.0174958
-0.344692
-0.154362
0.246401
0.248058
-0.111669
-0.2798
-0.0343405
0.240365
0.157201
-0.137926
-0.22225
0.00155258
0.207811
0.123409
-0.117935
-0.1898
-0.0123842
0.169482
0.126277
-0.0715941
-0.168962
-0.0546563
0.118407
0.140077
-0.00401652
-0.134675
-0.10303
0.0431377
0.132177
0.0700042
-0.0643688
-0.121281
-0.0461952
0.0722888
0.1087
0.0324828
-0.0712799
-0.097659
-0.0276295
0.0642055
0.088938
0.0294802
-0.0523955
-0.0815268
-0.0358623
0.0368567
0.07269
0.0447806
-0.0186913
-0.0600689
-0.0519347
-0.00244928
0.0442032
0.0515991
0.0236886
-0.0230276
-0.0451837
-0.0342819
-0.00471068
0.0319744
0.03535
0.0211958
-0.00330097
-0.0317163
-0.0239111
-0.0151505
0.00388086
0.0281523
0.0139957
99.9273
100.211
100.102
99.4536
99.8153
101.051
100.411
97.9897
98.8568
104.426
104.627
86.2164
49.9982
13.8383
-4.60964
-4.58755
1.08377
2.27121
-0.285666
-1.39944
-0.0250932
0.969516
0.201356
-0.698652
-0.321937
0.485132
0.402117
-0.28969
-0.438129
0.102163
0.421791
0.0701323
-0.348647
-0.208857
0.224081
0.291418
-0.067187
-0.299659
-0.0894636
0.229527
0.205946
-0.0986186
-0.247196
-0.0528578
0.198414
0.171408
-0.0770612
-0.209958
-0.0667125
0.151401
0.16712
-0.0239663
-0.173917
-0.105423
0.0841598
0.163177
0.0481631
-0.11496
-0.137949
-0.00558099
0.124725
0.111218
-0.0207202
-0.122353
-0.0897418
0.0330974
0.114303
0.0758124
-0.0348495
-0.103992
-0.0691183
0.0287409
0.0924952
0.0676388
-0.0164329
-0.0796025
-0.0682734
-0.00046538
0.0635743
0.0685779
0.0182766
-0.0418032
-0.0657503
-0.0340281
0.0170243
0.0528115
0.0472867
0.00502621
-0.0299936
-0.047557
-0.0277617
0.0099443
0.0285403
0.0391654
0.0144634
-0.0136579
-0.0210105
-0.0332134
-0.00738317
0.0114089
99.9418
99.9376
100.305
100.09
99.3789
99.8289
101.115
100.398
97.9315
98.8675
104.482
104.621
86.1613
49.9979
13.8929
-4.60049
-4.64045
1.06384
2.3199
-0.253882
-1.44019
-0.0683772
0.99781
0.253734
-0.709982
-0.378544
0.476171
0.455678
-0.259739
-0.479764
0.0545297
0.44276
0.127386
-0.342925
-0.263454
0.191228
0.329237
-0.0144314
-0.308908
-0.147284
0.205783
0.249723
-0.0487201
-0.260162
-0.110661
0.17416
0.212906
-0.0251149
-0.215508
-0.12209
0.117341
0.197108
0.0319811
-0.161192
-0.150822
0.0359677
0.169378
0.100614
-0.0776567
-0.158071
-0.0593471
0.0976842
0.139973
0.0314288
-0.102875
-0.1226
-0.0166282
0.0989313
0.10912
0.0127992
-0.089213
-0.0999122
-0.0171571
0.0749132
0.0934503
0.0271745
-0.0566605
-0.0861473
-0.0408515
0.0352995
0.074534
0.0535258
-0.00975963
-0.058814
-0.0577919
-0.0179455
0.0364013
0.0543834
0.0348442
-0.0035739
-0.043237
-0.0398733
-0.0196303
0.0114995
0.0403695
0.0256298
0.0138918
-0.0110799
-0.0347975
-0.0143353
100.047
99.8474
99.9516
100.379
100.074
99.3169
99.8456
101.171
100.382
97.8775
98.8801
104.536
104.614
86.1066
49.9976
13.9479
-4.59007
-4.69385
1.04139
2.36848
-0.218549
-1.47954
-0.115693
1.02286
0.309749
-0.716026
-0.437247
0.460229
0.508609
-0.222173
-0.517196
0.000395398
0.455916
0.187897
-0.326971
-0.316217
0.148253
0.359462
0.0449256
-0.306158
-0.205031
0.169272
0.285466
0.00961858
-0.259125
-0.168074
0.135411
0.243953
0.0346578
-0.204481
-0.173463
0.0689843
0.212043
0.091081
-0.130364
-0.184946
-0.0216752
0.156084
0.146328
-0.0261596
-0.158877
-0.110528
0.0532873
0.150218
0.0840439
-0.0641457
-0.137648
-0.0683934
0.0633705
0.124682
0.0625254
-0.0543314
-0.112005
-0.0637652
0.0386026
0.0989232
0.0682652
-0.0172791
-0.0829832
-0.0730321
-0.00597141
0.0600653
0.0750704
0.0276326
-0.0319037
-0.0656506
-0.0478892
0.00545017
0.0423579
0.055082
0.0235469
-0.0199931
-0.0375399
-0.0436251
-0.00851922
0.0214053
0.0275688
0.0367431
0.0013598
-0.0164464
100.047
100.032
99.7748
99.9697
100.439
100.054
99.263
99.8656
101.222
100.364
97.826
98.8949
104.589
104.605
86.0516
49.9973
14.0038
-4.57831
-4.74807
1.0163
2.41707
-0.179569
-1.51738
-0.167021
1.04441
0.369143
-0.716465
-0.497468
0.437129
0.560009
-0.177203
-0.549351
-0.0594153
0.460344
0.250157
-0.300501
-0.365169
0.095949
0.380231
0.108835
-0.290506
-0.259774
0.120835
0.310386
0.0735796
-0.242859
-0.221077
0.083649
0.261147
0.0981024
-0.176229
-0.215778
0.00957653
0.208946
0.14742
-0.0830772
-0.202719
-0.0827353
0.123076
0.17858
0.0338382
-0.138357
-0.151207
-0.00321191
0.138441
0.128367
-0.011191
-0.130331
-0.11272
0.0127461
0.117671
0.103977
-0.00490231
-0.101245
-0.0999807
-0.00959044
0.0809876
0.0962382
0.0290195
-0.0572412
-0.0879039
-0.0488428
0.0280088
0.0745006
0.0600345
0.00630726
-0.0529711
-0.0620155
-0.0310764
0.0163434
0.0555706
0.0419313
0.014501
-0.0230385
-0.0489497
-0.0250794
-0.010072
0.0210543
0.040913
0.0130813
99.9686
100.119
100.013
99.7162
99.9919
100.49
100.03
99.2148
99.8892
101.27
100.342
97.7757
98.9119
104.642
104.595
85.9955
49.9969
14.061
-4.56512
-4.80333
0.988447
2.46569
-0.136857
-1.55357
-0.222305
1.06214
0.431611
-0.710986
-0.558572
0.406757
0.60895
-0.125166
-0.575201
-0.12392
0.455297
0.312538
-0.263528
-0.408362
0.0354934
0.389953
0.174937
-0.261594
-0.308555
0.0620107
0.32214
0.139808
-0.211063
-0.265685
0.021434
0.261932
0.160456
-0.131591
-0.244419
-0.0563163
0.186483
0.194886
-0.0229544
-0.200627
-0.14023
0.0726645
0.191924
0.0949648
-0.0975255
-0.174354
-0.0642587
0.104629
0.156194
0.0480842
-0.099979
-0.140742
-0.044262
0.0873883
0.127968
0.0495023
-0.0682073
-0.116335
-0.0594579
0.0427185
0.102524
0.0706303
-0.0139775
-0.080763
-0.0799258
-0.0142126
0.0510043
0.0771367
0.042747
-0.0209805
-0.0561775
-0.0596585
-0.0141072
0.033009
0.0467047
0.0449439
-0.00164042
-0.0306551
-0.0341818
-0.0375377
0.0079815
0.0220842
99.9595
99.9891
100.176
99.9889
99.6675
100.018
100.535
100.002
99.1707
99.9164
101.316
100.318
97.7262
98.9313
104.696
104.584
85.9382
49.9966
14.1198
-4.55045
-4.85979
0.957728
2.51433
-0.0903489
-1.58789
-0.281459
1.07575
0.496798
-0.699302
-0.61988
0.369081
0.654487
-0.0665313
-0.593785
-0.191989
0.440215
0.373327
-0.216383
-0.443933
-0.0315806
0.387388
0.240639
-0.21966
-0.348535
-0.00500656
0.318995
0.204592
-0.164434
-0.29822
-0.0477276
0.244864
0.216695
-0.0728886
-0.25571
-0.12314
0.145179
0.22787
0.0446463
-0.177216
-0.187063
0.00956771
0.183074
0.149042
-0.0403853
-0.175142
-0.120893
0.0523744
0.161521
0.10406
-0.0502691
-0.145909
-0.0971381
0.0379949
0.128404
0.0972729
-0.0183519
-0.107757
-0.0993326
-0.00741394
0.0833454
0.0970801
0.0355281
-0.0521309
-0.0888883
-0.0558369
0.0121652
0.0713458
0.0657582
0.0214167
-0.0336297
-0.0671608
-0.0397661
-0.00487285
0.0375654
0.0556716
0.0210891
0.00299941
-0.0334221
-0.0449019
-0.00952727
100.02
99.9032
100.014
100.222
99.9602
99.6264
100.05
100.575
99.9705
99.13
99.9476
101.361
100.29
97.677
98.9532
104.75
104.572
85.8792
49.9962
14.1805
-4.53421
-4.91751
0.924041
2.56289
-0.0399953
-1.6201
-0.344361
1.08491
0.564306
-0.68116
-0.680673
0.324154
0.695686
-0.00189674
-0.60424
-0.262366
0.41476
0.430775
-0.159716
-0.470176
-0.103422
0.371704
0.303227
-0.165552
-0.377143
-0.0774616
0.299955
0.264075
-0.104665
-0.315602
-0.119586
0.20977
0.261963
-0.00382138
-0.247283
-0.184869
0.0874947
0.241898
0.113139
-0.133386
-0.216958
-0.0594943
0.151416
0.18832
0.0263706
-0.151768
-0.164192
-0.0114647
0.141787
0.147002
0.0112525
-0.125497
-0.135607
-0.02193
0.103677
0.127498
0.0388355
-0.075227
-0.118597
-0.0580878
0.0418896
0.101361
0.0769639
-0.007567
-0.0729586
-0.0844516
-0.0295847
0.0414099
0.0696208
0.0588528
-0.00182653
-0.0481509
-0.0544154
-0.0411032
0.0166424
0.0404862
0.039666
0.0338174
-0.0209644
-0.0276379
100.036
99.9934
99.8588
100.045
100.26
99.9269
99.5917
100.085
100.609
99.9343
99.0922
99.9826
101.403
100.258
97.6278
98.9778
104.806
104.558
85.8184
49.9957
14.2431
-4.51634
-4.97654
0.887289
2.61127
0.0142363
-1.64997
-0.410863
1.0893
0.633697
-0.656351
-0.740207
0.272118
0.731632
0.0680156
-0.605813
-0.333689
0.378819
0.483136
-0.0944846
-0.485597
-0.177919
0.342529
0.359964
-0.100705
-0.39221
-0.152156
0.264843
0.314482
-0.0343862
-0.315568
-0.189439
0.157833
0.291962
0.0707954
-0.218372
-0.235564
0.0176851
0.234148
0.175422
-0.0724586
-0.225219
-0.126629
0.0993093
0.206532
0.0942538
-0.105952
-0.186657
-0.0777849
0.0985853
0.168736
0.0744649
-0.0814205
-0.151757
-0.0808043
0.0569163
0.133011
0.0912131
-0.025243
-0.110772
-0.0980533
-0.0115117
0.0808158
0.0984342
0.0425679
-0.0376939
-0.0891135
-0.0626889
-0.0045522
0.0547322
0.0754803
0.0313807
-0.00987286
-0.0541556
-0.0582927
-0.0124171
0.00782374
0.0474
0.0448868
0.00296196
99.9903
100.08
99.9624
99.8241
100.079
100.29
99.8893
99.5629
100.125
100.64
99.8939
99.0572
100.022
101.445
100.223
97.5786
99.005
104.863
104.542
85.7556
49.9953
14.3077
-4.49677
-5.0369
0.847381
2.65935
0.0723652
-1.67721
-0.480786
1.0886
0.7045
-0.624707
-0.797716
0.213208
0.76144
0.142367
-0.597883
-0.404514
0.33252
0.528711
-0.0219364
-0.488965
-0.252757
0.29997
0.408202
-0.0271059
-0.392078
-0.225593
0.214342
0.352337
0.0429676
-0.296864
-0.252429
0.0915555
0.30332
0.145388
-0.169963
-0.26991
-0.0585629
0.203861
0.224574
0.000142988
-0.209439
-0.183621
0.0318415
0.199933
0.154002
-0.0427525
-0.183553
-0.136556
0.037631
0.164025
0.128693
-0.0205307
-0.141172
-0.126821
-0.00407139
0.112075
0.126253
0.0323615
-0.0764815
-0.117762
-0.0626277
0.0379646
0.0949379
0.084005
0.00669174
-0.0654214
-0.0798492
-0.0500483
0.0246707
0.0636724
0.0584269
0.0301943
-0.0362587
-0.0493843
-0.0424273
-0.0239828
0.0371425
0.0320971
99.967
100.022
100.112
99.927
99.7983
100.118
100.313
99.8475
99.5399
100.168
100.666
99.8493
99.0251
100.065
101.485
100.185
97.5292
99.0352
104.921
104.525
85.6908
49.9949
14.3746
-4.47542
-5.09857
0.804226
2.70696
0.134396
-1.70154
-0.553926
1.08252
0.776204
-0.586112
-0.852414
0.147751
0.784271
0.220208
-0.579969
-0.473334
0.276232
0.565886
0.0564069
-0.479355
-0.325483
0.244635
0.445481
0.0527673
-0.375697
-0.294133
0.150002
0.374669
0.123318
-0.259372
-0.303865
0.0146423
0.293903
0.214013
-0.104769
-0.28377
-0.134543
0.152462
0.254678
0.0772845
-0.169799
-0.22303
-0.0435805
0.167863
0.19684
0.0300746
-0.15396
-0.178059
-0.0323729
0.132053
0.164221
0.0465909
-0.103826
-0.15081
-0.0673624
0.0679914
0.134689
0.0861636
-0.0239823
-0.110527
-0.0986966
-0.0180373
0.0687076
0.102331
0.049886
-0.0199239
-0.0772614
-0.0771867
-0.0152449
0.0294183
0.0704508
0.0542443
-0.00158353
-0.0221187
-0.0609595
-0.038914
0.00677563
100.001
99.9363
100.057
100.134
99.8881
99.7809
100.16
100.329
99.8021
99.5226
100.216
100.688
99.8005
98.9959
100.112
101.524
100.142
97.4798
99.0683
104.981
104.507
85.6237
49.9944
14.4436
-4.45223
-5.16151
0.75774
2.75393
0.200318
-1.72268
-0.630043
1.07075
0.848266
-0.540508
-0.903508
0.0761719
0.799341
0.30048
-0.551751
-0.538605
0.210577
0.593171
0.138775
-0.456189
-0.393572
0.177634
0.469627
0.136016
-0.342709
-0.354149
0.0742021
0.379206
0.202142
-0.204171
-0.339563
-0.0681717
0.26302
0.270864
-0.027168
-0.274553
-0.203187
0.0836386
0.261416
0.150881
-0.109247
-0.239155
-0.117947
0.112864
0.215973
0.10275
-0.100869
-0.194629
-0.100975
0.0770504
0.173593
0.108044
-0.0450184
-0.147748
-0.119147
0.00800914
0.114022
0.124061
0.0338916
-0.075013
-0.112281
-0.0715993
0.0261042
0.0897645
0.0829226
0.0308065
-0.053042
-0.0764508
-0.0558535
-0.0108254
0.058552
0.0549406
0.0403789
0.0069916
-0.0545388
-0.033889
100.029
99.9654
99.9166
100.096
100.147
99.8463
99.7719
100.205
100.337
99.7535
99.5114
100.268
100.705
99.7479
98.9699
100.164
101.561
100.096
97.4304
99.1045
105.042
104.486
85.5545
49.9939
14.5149
-4.42712
-5.22568
0.707845
2.80008
0.270099
-1.74031
-0.708868
1.05305
0.920108
-0.487898
-0.9502
-0.000999446
0.805941
0.382027
-0.513085
-0.598769
0.136433
0.609252
0.22318
-0.419281
-0.454509
0.100579
0.478865
0.21942
-0.2935
-0.402224
-0.00991075
0.364545
0.274737
-0.133578
-0.356135
-0.151446
0.21163
0.310693
0.057141
-0.241633
-0.257679
0.00309386
0.242636
0.212798
-0.0334443
-0.228719
-0.181858
0.0406796
0.207639
0.164703
-0.0307507
-0.182386
-0.157191
0.00755937
0.153205
0.153072
0.0245464
-0.116899
-0.147757
-0.0570952
0.0693498
0.135136
0.0845328
-0.0183951
-0.10128
-0.105453
-0.0249454
0.0506912
0.0968855
0.0681989
-0.00918841
-0.0519959
-0.0825081
-0.0407299
0.020607
0.038535
0.0706609
0.0250129
-0.0191623
100.007
100.047
99.9276
99.9076
100.136
100.15
99.8027
99.7712
100.253
100.338
99.7023
99.5064
100.322
100.717
99.6914
98.9474
100.219
101.596
100.046
97.3811
99.1438
105.104
104.464
85.4829
49.9934
14.5884
-4.40004
-5.29102
0.654474
2.84521
0.343687
-1.75416
-0.790099
1.02917
0.991125
-0.428361
-0.991705
-0.0831329
0.803454
0.463611
-0.464023
-0.652299
0.054927
0.613034
0.307464
-0.368867
-0.505881
0.0155452
0.471914
0.299566
-0.229245
-0.435325
-0.098566
0.33031
0.33648
-0.0510297
-0.351328
-0.229355
0.142328
0.329338
0.141532
-0.186525
-0.292131
-0.0819537
0.198782
0.255741
0.0497575
-0.191411
-0.226848
-0.0401593
0.171649
0.206287
0.0471814
-0.142298
-0.190889
-0.0655471
0.105095
0.173426
0.0909259
-0.0618902
-0.147488
-0.113358
0.0105863
0.113874
0.118464
0.0435434
-0.0667772
-0.108983
-0.0742207
0.000241761
0.0834831
0.0819684
0.0436558
-0.0173028
-0.0798449
-0.0539531
-0.0312924
0.0173075
0.0697787
0.0310386
99.9761
100.044
100.053
99.8889
99.9088
100.177
100.144
99.7585
99.779
100.301
100.332
99.6492
99.5079
100.38
100.724
99.6315
98.9287
100.278
101.63
99.9918
97.332
99.1864
105.168
104.439
85.4091
49.9928
14.6643
-4.3709
-5.35745
0.597564
2.88911
0.421012
-1.76393
-0.873407
0.998911
1.06069
-0.362045
-1.02726
-0.169504
0.791372
0.543938
-0.404819
-0.697732
-0.0325836
0.603687
0.389366
-0.305616
-0.545471
-0.0749861
0.448073
0.372988
-0.151872
-0.451006
-0.187529
0.277209
0.383159
0.0390555
-0.324223
-0.296143
0.059251
0.324125
0.219011
-0.112882
-0.30221
-0.163484
0.133059
0.274078
0.131236
-0.130168
-0.246584
-0.119236
0.111328
0.220773
0.121718
-0.0797457
-0.194931
-0.130981
0.0375254
0.163896
0.141163
0.00835549
-0.119373
-0.146225
-0.051451
0.0646669
0.128743
0.0923091
-0.0129302
-0.083998
-0.10755
-0.044743
0.0407731
0.0740304
0.0852753
0.015623
-0.0430082
-0.0544654
-0.0721642
-0.00194101
0.0328422
99.9866
99.9713
100.081
100.049
99.8512
99.9201
100.217
100.129
99.7147
99.7953
100.35
100.318
99.5949
99.5162
100.439
100.726
99.5684
98.914
100.342
101.661
99.9338
97.2833
99.2324
105.233
104.413
85.3329
49.9923
14.7425
-4.33965
-5.4249
0.537062
2.93157
0.50199
-1.76933
-0.958441
0.962112
1.12818
-0.289169
-1.05615
-0.259304
0.769304
0.621673
-0.335923
-0.733703
-0.124541
0.580674
0.466573
-0.230622
-0.571343
-0.168206
0.40726
0.436331
-0.0640144
-0.447539
-0.272336
0.207056
0.411232
0.131559
-0.275389
-0.346531
-0.0322224
0.294211
0.282776
-0.0261935
-0.285696
-0.233452
0.0512355
0.264473
0.201831
-0.0512376
-0.237456
-0.185965
0.0334395
0.20551
0.180982
-0.00306989
-0.167602
-0.177908
-0.0371299
0.123547
0.166863
0.0793299
-0.0685875
-0.146284
-0.106238
0.00172819
0.10992
0.115837
0.0496737
-0.0420107
-0.109982
-0.075086
-0.0196836
0.0522627
0.0946748
0.0431773
0.0136003
-0.047176
-0.078225
-0.0217347
100.017
99.9509
99.9781
100.116
100.034
99.816
99.9408
100.255
100.105
99.6727
99.8199
100.398
100.296
99.5402
99.5317
100.5
100.721
99.5024
98.9038
100.409
101.689
99.8718
97.2352
99.2817
105.299
104.385
85.2544
49.9917
14.823
-4.30622
-5.49329
0.472915
2.97238
0.586524
-1.7701
-1.04483
0.918639
1.19294
-0.210019
-1.07769
-0.351649
0.736983
0.695466
-0.257981
-0.758976
-0.219213
0.543768
0.536795
-0.145381
-0.58191
-0.261075
0.350049
0.486485
0.0310993
-0.424039
-0.348495
0.122687
0.418094
0.220927
-0.20686
-0.376155
-0.125801
0.240705
0.326801
0.0666864
-0.242877
-0.284443
-0.0390685
0.226552
0.25328
0.0364734
-0.19895
-0.231466
-0.0519765
0.161682
0.214909
0.0774064
-0.113487
-0.196668
-0.106409
0.0581709
0.164285
0.134252
-0.00217692
-0.114507
-0.141896
-0.0578185
0.0611529
0.113055
0.102187
0.00512543
-0.0755231
-0.0899339
-0.0734263
0.0209401
0.0651275
0.0658528
0.060996
-0.0294474
-0.0452253
100.018
100.009
99.919
99.9953
100.146
100.01
99.7851
99.9704
100.289
100.072
99.6337
99.8528
100.444
100.266
99.486
99.5543
100.563
100.71
99.434
98.8984
100.479
101.714
99.8058
97.1879
99.3346
105.366
104.355
85.1735
49.9911
14.9059
-4.27055
-5.56253
0.405072
3.01133
0.674501
-1.76597
-1.13218
0.868395
1.25433
-0.124947
-1.09122
-0.445585
0.694265
0.763963
-0.171827
-0.772463
-0.314724
0.493068
0.597806
-0.0517662
-0.575998
-0.350402
0.277656
0.520724
0.129739
-0.380519
-0.411736
0.0278742
0.402244
0.301508
-0.122069
-0.381929
-0.214666
0.166595
0.346464
0.157999
-0.176571
-0.31043
-0.129213
0.163333
0.278804
0.122849
-0.134291
-0.249565
-0.132714
0.0935971
0.218071
0.149342
-0.041375
-0.181405
-0.160196
-0.018916
0.132207
0.160929
0.0694781
-0.0613478
-0.145914
-0.102489
-0.00756378
0.0892831
0.123948
0.0513985
-0.0158821
-0.0886318
-0.0961471
-0.0204842
0.012507
0.0778562
0.074429
0.00514313
99.9907
100.048
99.9908
99.8931
100.022
100.17
99.9768
99.7601
100.008
100.317
100.032
99.5991
99.8936
100.487
100.229
99.4332
99.5844
100.625
100.692
99.3635
98.8981
100.553
101.737
99.7359
97.1415
99.391
105.435
104.322
85.0902
49.9905
14.9911
-4.23257
-5.63252
0.333488
3.04817
0.765793
-1.75668
-1.22007
0.811318
1.31167
-0.0343758
-1.09617
-0.540087
0.641146
0.825819
-0.0784849
-0.77325
-0.409078
0.429012
0.647513
0.0479983
-0.552893
-0.432953
0.191948
0.536824
0.22782
-0.317948
-0.45822
-0.0728226
0.363415
0.36791
-0.0257245
-0.3623
-0.29196
0.0765871
0.339085
0.239557
-0.0917561
-0.307711
-0.210099
0.0808917
0.273894
0.198098
-0.0509684
-0.236662
-0.197157
0.00914219
0.19041
0.199511
0.0388365
-0.133906
-0.189782
-0.0910167
0.0723441
0.156687
0.130207
0.000595556
-0.112158
-0.12819
-0.074297
0.0481298
0.105885
0.0925245
0.0428787
-0.0649189
-0.0810156
-0.0674599
-0.033868
0.0649191
0.0523919
99.9799
100.01
100.071
99.9639
99.875
100.055
100.187
99.9371
99.7426
100.052
100.339
99.9843
99.5701
99.9418
100.526
100.183
99.3828
99.622
100.688
100.668
99.2914
98.9032
100.63
101.756
99.6621
97.0963
99.4511
105.504
104.288
85.0046
49.9898
15.0787
-4.19221
-5.70318
0.258126
3.0827
0.860249
-1.74196
-1.30805
0.747394
1.36432
0.0611951
-1.09201
-0.634067
0.577768
0.879726
0.0208339
-0.760629
-0.500194
0.352398
0.684008
0.151383
-0.512405
-0.505549
0.0954051
0.533192
0.321055
-0.238268
-0.48477
-0.174253
0.302663
0.415394
0.0763576
-0.317352
-0.351433
-0.0229985
0.304111
0.303553
0.00477971
-0.275619
-0.272674
-0.0127758
0.237745
0.253249
0.0403748
-0.192158
-0.236904
-0.0794634
0.135374
0.217843
0.116722
-0.0643187
-0.186884
-0.145201
-0.00631921
0.126117
0.161452
0.0627962
-0.0491719
-0.131883
-0.115428
-0.00922503
0.0590027
0.117161
0.0772899
-0.0137176
-0.044019
-0.101317
-0.0533755
0.0177632
100.001
99.9596
100.036
100.084
99.9308
99.8662
100.095
100.194
99.8923
99.7337
100.102
100.353
99.9306
99.5479
99.9968
100.559
100.131
99.3357
99.667
100.749
100.637
99.2183
98.9141
100.71
101.771
99.5844
97.0524
99.5148
105.575
104.251
84.9166
49.9892
15.1686
-4.14939
-5.77437
0.178959
3.11465
0.957699
-1.7216
-1.39567
0.676658
1.41161
0.16119
-1.07828
-0.726388
0.504436
0.924435
0.124741
-0.734134
-0.585952
0.264382
0.705651
0.255608
-0.454907
-0.565203
-0.00892544
0.508964
0.405163
-0.14439
-0.489039
-0.270997
0.222464
0.44013
0.177685
-0.248979
-0.387975
-0.124562
0.243088
0.343663
0.104552
-0.21634
-0.309213
-0.108553
0.174038
0.280347
0.128541
-0.120194
-0.247075
-0.157401
0.0583332
0.201907
0.17948
0.0137251
-0.147229
-0.175673
-0.0851399
0.0741819
0.152884
0.118515
0.0209259
-0.106598
-0.121153
-0.0747102
0.00680997
0.107494
0.083143
0.0541143
-0.00935669
-0.0964455
-0.0497464
100.019
99.9743
99.9499
100.068
100.087
99.8941
99.8678
100.137
100.191
99.844
99.7346
100.156
100.358
99.8721
99.5337
100.058
100.587
100.071
99.2928
99.7193
100.808
100.599
99.1448
98.9309
100.792
101.782
99.503
97.0102
99.5823
105.646
104.212
84.8262
49.9885
15.2608
-4.10407
-5.84601
0.0959695
3.14382
1.05795
-1.69537
-1.48242
0.599196
1.4529
0.264962
-1.05463
-0.815878
0.421615
0.958793
0.231694
-0.693562
-0.66425
0.166471
0.711125
0.357735
-0.381367
-0.609224
-0.117557
0.464132
0.476034
-0.0400451
-0.469748
-0.357632
0.126625
0.439484
0.271603
-0.160996
-0.397888
-0.220017
0.159796
0.355722
0.197902
-0.134307
-0.315061
-0.196274
0.0899289
0.273847
0.203779
-0.0308606
-0.224753
-0.212262
-0.0318269
0.156862
0.212546
0.089456
-0.0772217
-0.179652
-0.142429
0.00405497
0.110887
0.155284
0.0762862
-0.0478586
-0.100709
-0.125899
-0.0339184
0.0549192
0.0743569
0.107328
0.0129172
-0.0433566
100.008
100.026
99.9448
99.9516
100.101
100.078
99.8564
99.8805
100.18
100.177
99.7946
99.746
100.212
100.353
99.81
99.5282
100.124
100.607
100.006
99.2552
99.7787
100.864
100.553
99.0712
98.954
100.876
101.789
99.4179
96.9697
99.6536
105.718
104.17
84.7334
49.9877
15.3554
-4.05617
-5.91797
0.00914739
3.16996
1.16081
-1.66309
-1.56782
0.515146
1.48759
0.371805
-1.02079
-0.901355
0.329929
0.981762
0.340028
-0.638991
-0.733054
0.0604809
0.699507
0.454736
-0.29331
-0.635368
-0.226664
0.399548
0.529954
0.0703726
-0.426829
-0.429011
0.0200398
0.412325
0.351725
-0.0589651
-0.379101
-0.301757
0.0604651
0.337686
0.275407
-0.0360763
-0.289523
-0.264983
-0.00623659
0.233459
0.257164
0.0622632
-0.169314
-0.238168
-0.120091
0.0899824
0.206374
0.155191
0.00496399
-0.152059
-0.166326
-0.0756297
0.0535925
0.155086
0.109773
0.0325163
-0.0695644
-0.135214
-0.0644985
-0.0229406
0.0631912
0.112732
0.0335045
99.9859
100.036
100.022
99.9154
99.9649
100.133
100.058
99.8207
99.9043
100.221
100.152
99.7461
99.7683
100.269
100.337
99.7459
99.5325
100.193
100.618
99.9344
99.2238
99.845
100.917
100.501
98.9984
98.9835
100.963
101.791
99.3293
96.9313
99.7287
105.79
104.126
84.6383
49.987
15.4524
-4.00564
-5.99015
-0.0815158
3.19286
1.26604
-1.62458
-1.65138
0.424689
1.51509
0.48096
-0.97658
-0.981635
0.230145
0.99244
0.447978
-0.570773
-0.790455
-0.0514893
0.670288
0.543606
-0.192802
-0.641922
-0.332225
0.316917
0.563799
0.182003
-0.361483
-0.480508
-0.0916935
0.359338
0.412131
0.0504518
-0.331674
-0.363174
-0.0465689
0.28939
0.329769
0.0689535
-0.234617
-0.305349
-0.105521
0.165235
0.279481
0.147415
-0.0864503
-0.233938
-0.188134
0.00682004
0.164081
0.200223
0.0792743
-0.0892981
-0.160499
-0.143609
-0.00498203
0.108664
0.127347
0.103244
-0.0314887
-0.0933773
-0.0935389
-0.0861474
0.0431209
0.0648722
99.9865
99.992
100.062
100.006
99.8899
99.9891
100.16
100.028
99.7898
99.9386
100.258
100.117
99.7009
99.8015
100.324
100.311
99.6815
99.547
100.266
100.621
99.8585
99.1994
99.9176
100.966
100.441
98.9269
99.0197
101.051
101.788
99.2372
96.8951
99.8076
105.863
104.079
84.5408
49.9862
15.5516
-3.95242
-6.06243
-0.176027
3.21228
1.37344
-1.57968
-1.73257
0.328048
1.53484
0.591617
-0.921938
-1.05555
0.123176
0.990071
0.553712
-0.489543
-0.834697
-0.167107
0.623401
0.62143
-0.0823839
-0.627794
-0.430128
0.218698
0.57527
0.289609
-0.276013
-0.508469
-0.202412
0.282961
0.447711
0.160215
-0.258416
-0.398411
-0.152452
0.213505
0.3561
0.16916
-0.153737
-0.312965
-0.196589
0.0782677
0.264041
0.216787
0.00934141
-0.197901
-0.223571
-0.0845336
0.0996006
0.209016
0.136095
-0.00107069
-0.134274
-0.173398
-0.063721
0.0310199
0.130713
0.132485
0.0219892
-0.023767
-0.114806
-0.101723
-0.00292644
100.007
99.9629
100.009
100.082
99.9798
99.8713
100.022
100.18
99.9884
99.7663
99.9824
100.289
100.071
99.6612
99.8452
100.375
100.273
99.6185
99.5722
100.339
100.614
99.7788
99.1828
99.996
101.009
100.374
98.8574
99.0627
101.14
101.78
99.1419
96.8615
99.8905
105.937
104.029
84.4409
49.9855
15.6532
-3.89643
-6.1347
-0.27439
3.228
1.48275
-1.52824
-1.81087
0.225494
1.54631
0.702916
-0.856884
-1.12193
0.0100691
0.974057
0.655342
-0.396207
-0.864231
-0.283823
0.559217
0.685501
0.0349231
-0.592502
-0.51641
0.108149
0.562935
0.387857
-0.173734
-0.510579
-0.305429
0.186872
0.455095
0.262823
-0.164401
-0.402874
-0.2491
0.116647
0.35067
0.253788
-0.0529779
-0.288513
-0.26568
-0.0195752
0.212439
0.262577
0.100174
-0.128425
-0.226186
-0.166514
0.0256576
0.171876
0.175916
0.0855994
-0.0881712
-0.154088
-0.123337
-0.0432348
0.106245
0.114778
0.0901856
0.0330934
-0.102454
-0.0731754
100.016
99.9891
99.9471
100.035
100.093
99.9464
99.8622
100.063
100.189
99.9418
99.7524
100.034
100.31
100.017
99.6292
99.8987
100.42
100.225
99.5587
99.6083
100.412
100.597
99.6964
99.1748
100.08
101.047
100.3
98.7905
99.1127
101.23
101.766
99.0434
96.8306
99.9772
106.01
103.977
84.3387
49.9846
15.7572
-3.83761
-6.20684
-0.376602
3.23978
1.59371
-1.47015
-1.88575
0.117348
1.549
0.813944
-0.781548
-1.17966
-0.107982
0.943972
0.750964
-0.291977
-0.877721
-0.398958
0.478616
0.733353
0.155731
-0.536266
-0.587398
-0.0107066
0.526211
0.471762
-0.0591439
-0.485771
-0.394121
0.0758787
0.433214
0.350183
-0.0556874
-0.374927
-0.328726
0.00830082
0.310995
0.315756
0.0563267
-0.234017
-0.301817
-0.120601
0.135582
0.273564
0.174696
-0.0326763
-0.201982
-0.21584
-0.0542266
0.0988342
0.195195
0.142023
-0.0154985
-0.102518
-0.167888
-0.0870876
0.0395401
0.0761373
0.144903
0.0554435
-0.0373461
100.002
100.029
99.9643
99.9416
100.066
100.093
99.9086
99.8647
100.107
100.188
99.8906
99.7501
100.091
100.32
99.9556
99.6068
99.9609
100.458
100.167
99.5039
99.6551
100.484
100.569
99.6124
99.1761
100.168
101.078
100.22
98.7269
99.1696
101.32
101.747
98.9419
96.8027
100.068
106.084
103.922
84.2341
49.9838
15.8634
-3.77588
-6.2787
-0.482646
3.2474
1.70604
-1.40529
-1.95667
0.00399292
1.54246
0.923743
-0.696186
-1.22765
-0.229657
0.899603
0.838669
-0.178338
-0.874125
-0.50973
0.382988
0.762841
0.276414
-0.460124
-0.639767
-0.133313
0.465548
0.536942
0.0621095
-0.434041
-0.462874
-0.0436196
0.382797
0.414666
0.0611239
-0.317032
-0.382769
-0.102463
0.239001
0.350312
0.15924
-0.15088
-0.302825
-0.211682
0.0458177
0.241133
0.230136
0.0680384
-0.151331
-0.220091
-0.137045
0.0169686
0.178033
0.16076
0.0772273
-0.0479033
-0.166686
-0.103892
-0.0559512
0.0459213
0.144546
0.0594796
99.9861
100.026
100.031
99.9363
99.9481
100.099
100.081
99.8701
99.8798
100.153
100.173
99.8378
99.7606
100.151
100.318
99.8893
99.5958
100.03
100.486
100.101
99.4559
99.7123
100.552
100.53
99.5282
99.1872
100.26
101.101
100.134
98.6673
99.2336
101.409
101.722
98.8377
96.778
100.162
106.158
103.865
84.1271
49.9829
15.972
-3.7112
-6.35016
-0.592496
3.25062
1.81942
-1.33361
-2.02307
-0.114135
1.52629
1.03132
-0.601174
-1.26488
-0.353509
0.840957
0.916599
-0.0570378
-0.852749
-0.613318
0.274204
0.772267
0.393203
-0.36597
-0.670622
-0.254933
0.382751
0.579526
0.183854
-0.356796
-0.507488
-0.163539
0.305433
0.451279
0.177483
-0.233964
-0.403689
-0.208283
0.143417
0.3514
0.244141
-0.0447561
-0.273301
-0.274339
-0.0509352
0.170781
0.261967
0.148929
-0.0693174
-0.188861
-0.204749
-0.0521747
0.111237
0.15785
0.156782
-0.00151864
-0.104372
-0.116451
-0.132833
0.023287
0.0759344
99.9906
99.9866
100.05
100.02
99.9096
99.9668
100.129
100.056
99.8345
99.9076
100.195
100.145
99.7866
99.7846
100.212
100.303
99.8205
99.5975
100.105
100.503
100.026
99.4164
99.7794
100.615
100.481
99.445
99.2085
100.355
101.116
100.042
98.6123
99.3045
101.498
101.691
98.731
96.7567
100.261
106.232
103.804
84.0178
49.982
16.0829
-3.64349
-6.42108
-0.706121
3.24924
1.93355
-1.25506
-2.08443
-0.236545
1.50016
1.13565
-0.497013
-1.29046
-0.477993
0.768276
0.982988
0.0699451
-0.813299
-0.706901
0.154511
0.760565
0.502173
-0.256338
-0.677831
-0.370722
0.280965
0.596146
0.300271
-0.25774
-0.524361
-0.275797
0.204393
0.458061
0.282451
-0.130071
-0.38934
-0.300245
0.035905
0.313299
0.306631
0.0687562
-0.215422
-0.29607
-0.150447
0.0824911
0.256007
0.200442
0.0371807
-0.141476
-0.227264
-0.110004
0.00983791
0.146657
0.182654
0.0516831
-0.00824986
-0.13014
-0.14534
-0.0200492
100.008
99.9684
99.9992
100.071
99.9982
99.8884
99.9966
100.153
100.02
99.8058
99.9473
100.232
100.104
99.7403
99.822
100.269
100.274
99.7517
99.6127
100.182
100.507
99.9448
99.3871
99.8554
100.671
100.421
99.3643
99.2404
100.451
101.123
99.9446
98.5626
99.3824
101.586
101.653
98.622
96.7392
100.363
106.306
103.741
83.9061
49.981
16.1961
-3.57271
-6.49131
-0.823485
3.24305
2.04809
-1.16963
-2.14021
-0.362707
1.46381
1.2357
-0.38431
-1.30358
-0.601466
0.681999
1.03625
0.200383
-0.755814
-0.787836
0.0265714
0.727298
0.599368
-0.134198
-0.660439
-0.475458
0.163926
0.584851
0.40564
-0.142514
-0.510326
-0.374149
0.0866196
0.433603
0.366196
-0.0105547
-0.343707
-0.365633
-0.0757951
0.238641
0.343403
0.169325
-0.126635
-0.280687
-0.23735
-0.00614294
0.199923
0.230523
0.138098
-0.082551
-0.190237
-0.16745
-0.0823168
0.114108
0.14677
0.123028
0.0662925
-0.115042
-0.0960409
100.013
99.9945
99.9522
100.022
100.084
99.9671
99.8765
100.035
100.167
99.9753
99.7871
99.997
100.259
100.053
99.7022
99.8721
100.321
100.231
99.686
99.6421
100.26
100.499
99.8594
99.3692
99.9393
100.719
100.35
99.2874
99.2831
100.549
101.12
99.8425
98.519
99.4671
101.672
101.609
98.5109
96.7255
100.47
106.379
103.674
83.7921
49.98
16.3117
-3.49881
-6.56073
-0.944558
3.23186
2.16269
-1.07733
-2.18992
-0.492043
1.41702
1.33046
-0.263793
-1.30355
-0.722253
0.582805
1.07495
0.331867
-0.680674
-0.853782
-0.106461
0.672451
0.681253
-0.00322952
-0.61841
-0.563923
0.0356394
0.545889
0.493465
-0.0167928
-0.464661
-0.453214
-0.0380805
0.375953
0.424036
0.113982
-0.271043
-0.393738
-0.187128
0.141454
0.344419
0.246058
-0.0118741
-0.240739
-0.285727
-0.0942089
0.104748
0.242806
0.198074
0.000801689
-0.116511
-0.21334
-0.129177
0.0358394
0.0866717
0.185185
0.0876543
-0.0385002
100.001
100.027
99.9725
99.9459
100.051
100.086
99.9304
99.8768
100.079
100.168
99.9243
99.7814
100.054
100.273
99.9916
99.6752
99.9332
100.364
100.175
99.626
99.6855
100.336
100.476
99.7716
99.3639
100.03
100.758
100.271
99.2157
99.3365
100.646
101.108
99.7364
98.4819
99.5585
101.756
101.559
98.398
96.716
100.58
106.452
103.605
83.6758
49.9789
16.4296
-3.42173
-6.62918
-1.06931
3.21547
2.27701
-0.97818
-2.23302
-0.623949
1.35966
1.41887
-0.136285
-1.2898
-0.83865
0.471632
1.09779
0.461939
-0.58874
-0.902589
-0.24116
0.596528
0.744904
0.13196
-0.552043
-0.632004
-0.0987149
0.480797
0.557291
0.114415
-0.390852
-0.505888
-0.161521
0.286723
0.454257
0.228204
-0.17166
-0.384591
-0.28719
0.0365085
0.299017
0.301435
0.105647
-0.178268
-0.281169
-0.18586
0.00491361
0.219153
0.209988
0.108901
-0.0471434
-0.20937
-0.138523
-0.0794868
0.0465228
0.183603
0.0811096
99.9877
100.021
100.028
99.9466
99.9518
100.083
100.074
99.8924
99.891
100.124
100.154
99.8711
99.7906
100.115
100.273
99.9245
99.662
100.003
100.394
100.108
99.5747
99.7424
100.408
100.438
99.6836
99.3723
100.125
100.785
100.182
99.1507
99.4006
100.742
101.085
99.6269
98.4521
99.6564
101.837
101.501
98.2835
96.7109
100.694
106.525
103.532
83.5571
49.9778
16.5499
-3.34141
-6.69651
-1.1977
3.19369
2.39067
-0.872245
-2.26902
-0.757784
1.29169
1.49988
-0.00268069
-1.26193
-0.948885
0.349613
1.10367
0.588108
-0.481419
-0.932185
-0.374205
0.50103
0.787564
0.266491
-0.462333
-0.677012
-0.232157
0.390757
0.593433
0.244293
-0.294158
-0.52481
-0.278989
0.175262
0.451597
0.321193
-0.0487389
-0.346446
-0.356038
-0.0728736
0.212953
0.335186
0.196927
-0.0827752
-0.238385
-0.264146
-0.0732311
0.138416
0.200258
0.203905
0.00390918
-0.131353
-0.148009
-0.173534
0.024639
0.0961821
99.9919
99.9882
100.044
100.018
99.9217
99.9706
100.112
100.049
99.858
99.9193
100.166
100.125
99.82
99.8154
100.176
100.256
99.8546
99.6642
100.079
100.411
100.031
99.5346
99.8118
100.473
100.387
99.5977
99.3948
100.223
100.801
100.086
99.0937
99.4751
100.835
101.052
99.5148
98.4302
99.7604
101.915
101.437
98.1678
96.7105
100.812
106.597
103.456
83.4362
49.9766
16.6725
-3.25782
-6.76253
-1.3297
3.16634
2.50327
-0.759608
-2.2974
-0.892861
1.21313
1.57242
0.136042
-1.21973
-1.0511
0.217996
1.0919
0.707681
-0.360406
-0.940909
-0.502295
0.388507
0.806351
0.396233
-0.352325
-0.696193
-0.357811
0.277662
0.601424
0.362609
-0.17746
-0.508405
-0.38377
0.0538316
0.408388
0.39203
0.0818356
-0.2817
-0.379741
-0.187788
0.110762
0.330017
0.253952
0.042986
-0.184216
-0.291221
-0.13763
0.015782
0.189842
0.233587
0.0637459
-0.0125779
-0.168619
-0.185978
-0.0244929
100.006
99.9723
100.001
100.062
99.9957
99.9031
100.001
100.133
100.013
99.8317
99.9606
100.201
100.083
99.7755
99.8557
100.232
100.224
99.7859
99.6833
100.158
100.412
99.9471
99.5081
99.8919
100.527
100.322
99.5164
99.4319
100.323
100.803
99.9835
99.046
99.5596
100.924
101.008
99.4009
98.4166
99.8704
101.989
101.365
98.0511
96.7149
100.933
106.668
103.376
83.3129
49.9752
16.7976
-3.17091
-6.82706
-1.46527
3.13325
2.61441
-0.640395
-2.31768
-1.02845
1.12409
1.63546
0.278762
-1.16313
-1.14348
0.0782486
1.06211
0.817781
-0.227464
-0.928011
-0.621533
0.261612
0.799363
0.517198
-0.226892
-0.686061
-0.471318
0.147402
0.580056
0.460116
-0.0432736
-0.462097
-0.462596
-0.0721894
0.32635
0.440056
0.19758
-0.182887
-0.365511
-0.292994
0.0116964
0.267377
0.292654
0.163559
-0.121107
-0.248041
-0.209758
-0.0934173
0.157537
0.189094
0.154492
0.074811
-0.155994
-0.1232
100.012
99.9932
99.9593
100.023
100.071
99.9648
99.8951
100.04
100.142
99.9667
99.8177
100.012
100.223
100.028
99.7419
99.91
100.28
100.175
99.7225
99.7193
100.236
100.396
99.8595
99.4971
99.9807
100.57
100.244
99.442
99.4835
100.422
100.791
99.8759
99.0088
99.6534
101.008
100.953
99.2861
98.4119
99.9858
102.058
101.287
97.9337
96.7245
101.059
106.738
103.293
83.1875
49.9736
16.9252
-3.08068
-6.88989
-1.60434
3.09424
2.72368
-0.514805
-2.32936
-1.16381
1.02483
1.68798
0.424248
-1.09217
-1.22442
-0.0677179
1.01397
0.915888
-0.0849406
-0.893261
-0.727704
0.122708
0.766844
0.623823
-0.0900948
-0.645282
-0.568959
0.00916104
0.525487
0.534101
0.0987848
-0.389519
-0.503507
-0.202458
0.221525
0.452336
0.289449
-0.051602
-0.329972
-0.356349
-0.0903414
0.159717
0.319081
0.235758
-0.0241818
-0.165704
-0.275642
-0.146489
0.0637296
0.123072
0.239258
0.0952744
-0.0601638
100.002
100.022
99.9721
99.957
100.051
100.068
99.9294
99.901
100.083
100.137
99.9161
99.8191
100.07
100.229
99.9645
99.7227
99.9757
100.316
100.113
99.6683
99.7718
100.309
100.363
99.7714
99.5031
100.076
100.599
100.156
99.3771
99.5492
100.517
100.765
99.7648
98.9833
99.7559
101.085
100.887
99.1714
98.4166
100.106
102.122
101.202
97.816
96.7394
101.188
106.807
103.207
83.0598
49.9718
17.0553
-2.98713
-6.95083
-1.74686
3.04917
2.83067
-0.383107
-2.33189
-1.29829
0.915803
1.72888
0.571342
-1.00723
-1.2923
-0.217782
0.94729
1.00008
0.0637333
-0.836031
-0.817801
-0.0245539
0.709785
0.709956
0.0555395
-0.577314
-0.643421
-0.130892
0.437587
0.584501
0.232554
-0.286737
-0.508338
-0.326442
0.108641
0.41313
0.365861
0.0849145
-0.270845
-0.361184
-0.206699
0.0499607
0.304303
0.256443
0.111133
-0.095735
-0.279895
-0.162771
-0.0814395
0.0898344
0.241149
0.0928724
99.99
100.021
100.02
99.9486
99.9676
100.08
100.051
99.8951
99.9219
100.124
100.115
99.8658
99.8377
100.129
100.219
99.8968
99.7209
100.049
100.335
100.038
99.6271
99.8393
100.373
100.312
99.6863
99.5269
100.174
100.611
100.058
99.3237
99.6282
100.608
100.725
99.6519
98.9704
99.866
101.156
100.811
99.0578
98.4311
100.232
102.181
101.11
97.6983
96.7599
101.32
106.875
103.116
82.9301
49.9696
17.188
-2.89026
-7.00967
-1.89277
2.99789
2.935
-0.245589
-2.32481
-1.43119
0.797572
1.75708
0.718959
-0.909094
-1.34531
-0.370133
0.862682
1.06826
0.215005
-0.755888
-0.890254
-0.174249
0.627539
0.772718
0.204962
-0.486558
-0.686083
-0.271535
0.325949
0.604029
0.348676
-0.153495
-0.487634
-0.419994
-0.0154074
0.329207
0.427065
0.193448
-0.167215
-0.329919
-0.314737
-0.0354837
0.216364
0.265191
0.233052
-0.0449459
-0.190658
-0.195931
-0.197498
0.072728
0.134846
99.9913
99.9942
100.04
100.005
99.9288
99.9909
100.102
100.021
99.8677
99.9572
100.159
100.078
99.8216
99.8736
100.185
100.189
99.8299
99.7381
100.126
100.336
99.9562
99.6023
99.9192
100.425
100.245
99.6079
99.5686
100.272
100.607
99.9533
99.2839
99.7194
100.691
100.669
99.539
98.9711
99.9828
101.217
100.724
98.9461
98.4557
100.361
102.233
101.01
97.5809
96.7863
101.456
106.942
103.022
82.7984
49.967
17.3234
-2.79008
-7.0662
-2.04199
2.94021
3.03632
-0.102596
-2.30761
-1.56178
0.670664
1.77174
0.865745
-0.798494
-1.38188
-0.522946
0.761526
1.11763
0.366496
-0.654547
-0.942364
-0.32103
0.519711
0.812394
0.348318
-0.372461
-0.695672
-0.407335
0.201814
0.580873
0.450791
-0.0072617
-0.43934
-0.468363
-0.157692
0.229968
0.446011
0.272634
-0.0200708
-0.29385
-0.363094
-0.1197
0.0772188
0.282419
0.275394
0.0356395
-0.0579483
-0.249006
-0.211763
-0.000557861
100.003
99.9758
100.01
100.052
99.9801
99.9181
100.024
100.114
99.9799
99.8522
100.004
100.182
100.027
99.7887
99.9249
100.231
100.142
99.7691
99.7747
100.201
100.317
99.8705
99.5962
100.008
100.461
100.163
99.5398
99.6279
100.367
100.584
99.8446
99.2596
99.8213
100.764
100.6
99.4281
98.9859
100.105
101.269
100.627
98.8376
98.4908
100.494
102.279
100.904
97.464
96.8189
101.594
107.008
102.924
82.6648
49.9639
17.4616
-2.68658
-7.12024
-2.19437
2.87585
3.13435
0.0453113
-2.27965
-1.68945
0.535811
1.77206
1.01002
-0.675848
-1.40132
-0.673274
0.644539
1.14634
0.515588
-0.535348
-0.969427
-0.463
0.391156
0.826003
0.477571
-0.234012
-0.678324
-0.522382
0.0648562
0.516411
0.538226
0.127937
-0.34665
-0.484575
-0.29789
0.130289
0.396184
0.348454
0.123483
-0.24134
-0.331927
-0.23337
-0.0416513
0.262582
0.23882
0.17233
0.0279919
-0.244235
-0.150615
100.011
99.9879
99.9693
100.033
100.053
99.9492
99.9207
100.063
100.111
99.9334
99.8527
100.058
100.188
99.9665
99.7718
99.9885
100.262
100.08
99.7198
99.8296
100.269
100.278
99.7859
99.6106
100.103
100.48
100.071
99.4853
99.7036
100.455
100.542
99.7345
99.2521
99.932
100.826
100.516
99.3211
99.0154
100.231
101.309
100.521
98.7334
98.5364
100.63
102.317
100.792
97.348
96.8581
101.736
107.073
102.821
82.5295
49.96
17.6029
-2.5798
-7.1716
-2.34971
2.80452
3.22894
0.197389
-2.24015
-1.81384
0.394268
1.75694
1.15053
-0.542151
-1.40317
-0.81754
0.511616
1.15498
0.656886
-0.399557
-0.969421
-0.597894
0.250201
0.80588
0.59329
-0.0810615
-0.634058
-0.603671
-0.0898431
0.429472
0.589925
0.249367
-0.209864
-0.48636
-0.393728
0.00960986
0.297486
0.420064
0.213984
-0.128798
-0.268742
-0.343703
-0.100075
0.148047
0.198762
0.296677
0.0443278
-0.116586
100.005
100.014
99.9679
99.975
100.058
100.04
99.9184
99.9386
100.101
100.091
99.8873
99.8714
100.113
100.175
99.9025
99.7743
100.06
100.275
100.005
99.6865
99.9002
100.325
100.22
99.7076
99.6459
100.198
100.477
99.9696
99.4475
99.7936
100.533
100.483
99.6262
99.2625
100.049
100.874
100.419
99.22
99.0599
100.36
101.338
100.405
98.6344
98.5929
100.769
102.347
100.673
97.2332
96.9041
101.881
107.136
102.714
82.3926
49.9553
17.7472
-2.4697
-7.22015
-2.50784
2.72595
3.31989
0.353009
-2.18849
-1.93457
0.247285
1.72524
1.28654
-0.399418
-1.38595
-0.953791
0.364328
1.14391
0.784495
-0.246316
-0.945853
-0.717433
0.099219
0.750317
0.696493
0.0696718
-0.551735
-0.657366
-0.249145
0.330382
0.584951
0.37375
-0.0645061
-0.45801
-0.432557
-0.148213
0.20295
0.436703
0.265001
0.0422989
-0.230839
-0.369001
-0.145604
-0.0305291
0.207342
0.303874
0.0723039
99.9935
100.022
100.005
99.9498
99.9936
100.078
100.014
99.8942
99.9712
100.131
100.054
99.8482
99.908
100.163
100.142
99.8411
99.7977
100.132
100.267
99.925
99.6732
99.9826
100.365
100.145
99.6405
99.7017
100.289
100.454
99.8644
99.4289
99.8956
100.598
100.406
99.5228
99.2916
100.171
100.907
100.311
99.1268
99.1194
100.49
101.354
100.28
98.5419
98.6602
100.909
102.369
100.548
97.1197
96.9572
102.027
107.199
102.602
82.2543
49.9496
17.8946
-2.35609
-7.26584
-2.66838
2.63961
3.40707
0.511512
-2.12416
-2.05073
0.0954119
1.67674
1.4163
-0.248963
-1.34834
-1.08104
0.206751
1.10994
0.897183
-0.0793293
-0.900181
-0.81242
-0.0652173
0.66933
0.774691
0.214742
-0.428726
-0.694142
-0.383608
0.202504
0.536164
0.49496
0.0578554
-0.363441
-0.451457
-0.303803
0.123757
0.358698
0.333725
0.194155
-0.194164
-0.283439
-0.246772
-0.160098
0.202861
0.190089
99.9905
100.004
100.034
99.985
99.94
100.022
100.088
99.9768
99.8825
100.015
100.148
100.005
99.8224
99.9601
100.201
100.091
99.789
99.8417
100.199
100.237
99.844
99.6822
100.072
100.384
100.057
99.5891
99.776
100.372
100.408
99.7593
99.4311
100.006
100.646
100.314
99.4276
99.3394
100.295
100.923
100.193
99.0434
99.1937
100.619
101.357
100.148
98.457
98.7381
101.051
102.382
100.417
97.0079
97.018
102.176
107.26
102.485
82.1148
49.9427
18.0451
-2.2388
-7.30874
-2.83058
2.54466
3.49073
0.671515
-2.04624
-2.16159
-0.0605224
1.61188
1.53645
-0.0903246
-1.29203
-1.19499
0.0412195
1.05075
0.995772
0.0910538
-0.825387
-0.884187
-0.236199
0.569752
0.810946
0.364594
-0.28744
-0.698895
-0.482953
0.034771
0.476493
0.566553
0.174372
-0.210484
-0.474979
-0.388412
0.00716955
0.228483
0.417076
0.253494
-0.0750364
-0.16929
-0.364557
-0.174534
0.0764073
99.9987
99.982
100.022
100.036
99.9591
99.9432
100.056
100.082
99.9353
99.8876
100.065
100.147
99.948
99.8149
100.023
100.221
100.026
99.7522
99.9039
100.255
100.185
99.7691
99.7145
100.162
100.38
99.9598
99.5575
99.866
100.441
100.343
99.6589
99.4554
100.122
100.676
100.208
99.3438
99.4056
100.417
100.921
100.066
98.9718
99.2824
100.746
101.345
100.01
98.3809
98.8266
101.193
102.384
100.281
96.898
97.0867
102.327
107.321
102.362
81.9744
49.9346
18.1988
-2.11779
-7.34902
-2.99376
2.44055
3.57135
0.831294
-1.95354
-2.26756
-0.218193
1.53017
1.64522
0.0759024
-1.22019
-1.28907
-0.13417
0.971864
1.0744
0.259306
-0.717503
-0.940393
-0.392951
0.441617
0.810948
0.513736
-0.151008
-0.643625
-0.57116
-0.137116
0.405362
0.560017
0.319337
-0.0678745
-0.45911
-0.396789
-0.172262
0.136556
0.423859
0.252706
0.127688
-0.127199
-0.365834
-0.145899
100.008
99.9822
99.9853
100.043
100.024
99.9336
99.9614
100.087
100.06
99.8961
99.9112
100.113
100.126
99.8903
99.8287
100.09
100.22
99.9522
99.736
99.9797
100.294
100.115
99.7065
99.7693
100.247
100.352
99.8596
99.5487
99.9678
100.492
100.258
99.5677
99.5018
100.239
100.684
100.091
99.2742
99.4896
100.535
100.901
99.9327
98.9138
99.3851
100.868
101.319
99.8648
98.3146
98.9256
101.335
102.376
100.139
96.7901
97.164
102.478
107.38
102.233
81.833
49.9255
18.3556
-1.99268
-7.38699
-3.15764
2.32684
3.64902
0.990344
-1.84575
-2.36862
-0.375933
1.43031
1.74354
0.246009
-1.13149
-1.36229
-0.318718
0.87944
1.12318
0.431667
-0.588329
-0.974694
-0.527404
0.276193
0.797109
0.630758
-0.00567802
-0.537101
-0.661116
-0.265384
0.280156
0.519013
0.469834
0.0250043
-0.345292
-0.409235
-0.340728
0.0925761
0.29903
0.301127
0.287651
-0.130671
-0.209996
100.008
100.003
99.967
100.001
100.058
99.9999
99.9158
99.9933
100.11
100.022
99.8668
99.952
100.152
100.086
99.8395
99.8643
100.153
100.195
99.8769
99.7434
100.063
100.31
100.031
99.662
99.8439
100.321
100.3
99.7623
99.5644
100.076
100.522
100.158
99.4903
99.5696
100.353
100.671
99.9666
99.2215
99.5897
100.646
100.861
99.7953
98.8707
99.5006
100.984
101.278
99.7154
98.2592
99.0344
101.476
102.357
99.9938
96.6844
97.2502
102.631
107.439
102.099
81.6904
49.9152
18.5151
-1.8624
-7.42307
-3.32123
2.20227
3.72342
1.14857
-1.72328
-2.46195
-0.535122
1.31372
1.82874
0.417672
-1.02214
-1.41832
-0.502544
0.766691
1.14307
0.607298
-0.449887
-0.966612
-0.656137
0.0939958
0.762497
0.697867
0.175192
-0.423648
-0.708308
-0.362838
0.0885265
0.495482
0.545531
0.128757
-0.160354
-0.462406
-0.398936
-0.0125465
0.120722
0.407888
0.301377
-0.0263732
99.9988
100.019
99.9867
99.9601
100.025
100.063
99.9669
99.9117
100.034
100.117
99.974
99.8538
100.006
100.175
100.029
99.8033
99.9193
100.206
100.147
99.8079
99.7757
100.147
100.301
99.9388
99.6404
99.9339
100.377
100.226
99.674
99.6051
100.186
100.528
100.046
99.4307
99.6571
100.459
100.635
99.8376
99.1881
99.7042
100.746
100.802
99.6563
98.8441
99.6279
101.092
101.222
99.5626
98.2158
99.1527
101.616
102.327
99.8447
96.581
97.3454
102.784
107.497
101.958
81.5469
49.9038
18.6765
-1.72631
-7.45794
-3.48229
2.06517
3.79533
1.30332
-1.58569
-2.54509
-0.696345
1.18515
1.89254
0.59399
-0.897716
-1.45279
-0.676825
0.625025
1.14626
0.762238
-0.292334
-0.916782
-0.782334
-0.0709368
0.668936
0.741892
0.361524
-0.31645
-0.662252
-0.481407
-0.0947264
0.451636
0.513372
0.302162
-0.0161931
-0.454998
-0.353237
-0.226736
0.0244974
0.409392
0.219585
99.9917
100.014
100.02
99.9657
99.966
100.053
100.052
99.9322
99.9249
100.077
100.104
99.9226
99.8614
100.065
100.176
99.9631
99.7877
99.9887
100.239
100.081
99.753
99.8314
100.223
100.266
99.846
99.6448
100.034
100.41
100.135
99.6007
99.6698
100.292
100.509
99.9266
99.3925
99.7618
100.552
100.577
99.7082
99.1759
99.8308
100.834
100.724
99.5184
98.8354
99.7655
101.191
101.151
99.4078
98.1856
99.2799
101.753
102.284
99.6924
96.4806
97.4503
102.937
107.554
101.812
81.4029
49.892
18.8397
-1.5847
-7.49243
-3.63991
1.91538
3.86645
1.45174
-1.43179
-2.6206
-0.855676
1.04582
1.93294
0.777121
-0.770091
-1.45422
-0.84891
0.467532
1.13342
0.880342
-0.101001
-0.858564
-0.87192
-0.224251
0.517865
0.79431
0.485254
-0.170705
-0.56594
-0.614404
-0.193551
0.310269
0.465723
0.47408
0.03113
-0.296398
-0.338523
-0.405872
0.0358601
0.214022
99.994
99.9936
100.03
100.008
99.9469
99.9858
100.076
100.026
99.9035
99.9556
100.114
100.072
99.8763
99.891
100.123
100.154
99.895
99.7967
100.065
100.249
100.001
99.7188
99.9068
100.283
100.206
99.7602
99.6764
100.137
100.418
100.03
99.5476
99.7561
100.387
100.464
99.8054
99.3783
99.8804
100.63
100.497
99.5824
99.1863
99.9668
100.906
100.628
99.3839
98.8454
99.9121
101.277
101.065
99.2521
98.1694
99.4159
101.887
102.228
99.537
96.3832
97.5656
103.09
107.61
101.658
81.2573
49.8804
19.0051
-1.43636
-7.52696
-3.79557
1.75332
3.93556
1.59649
-1.26233
-2.68916
-1.01141
0.890686
1.95762
0.959874
-0.634301
-1.42371
-1.02694
0.312074
1.08362
0.985208
0.108033
-0.79875
-0.901652
-0.409252
0.366419
0.821694
0.553604
0.0463461
-0.506725
-0.679277
-0.270521
0.0852172
0.494478
0.52554
0.104425
-0.0686334
-0.435527
-0.410958
-0.0236653
100.003
99.9816
100.007
100.04
99.986
99.9376
100.017
100.086
99.9872
99.8886
100
100.136
100.023
99.8436
99.9402
100.169
100.109
99.8343
99.8311
100.14
100.233
99.9149
99.7102
99.9957
100.323
100.126
99.6889
99.7342
100.235
100.398
99.918
99.519
99.86
100.466
100.395
99.6879
99.3898
100.009
100.689
100.397
99.4642
99.2197
100.109
100.96
100.516
99.2556
98.8745
100.066
101.351
100.965
99.0968
98.1674
99.5596
102.018
102.16
99.3794
96.2885
97.6909
103.243
107.666
101.499
81.1087
49.869
19.1707
-1.27821
-7.56165
-3.94745
1.57703
3.99886
1.74057
-1.08104
-2.74043
-1.16936
0.721987
1.96298
1.13255
-0.473387
-1.37593
-1.18754
0.144756
0.988647
1.0923
0.296625
-0.68499
-0.901353
-0.612081
0.235242
0.749885
0.644041
0.26933
-0.450329
-0.618215
-0.435717
-0.107615
0.491125
0.44749
0.328098
0.0758819
-0.459897
-0.292983
100.008
99.9898
99.9779
100.027
100.038
99.9583
99.9431
100.052
100.08
99.9436
99.8929
100.052
100.138
99.965
99.8314
100.003
100.195
100.046
99.7896
99.8886
100.205
100.19
99.8326
99.73
100.09
100.335
100.03
99.6391
99.8151
100.321
100.35
99.8064
99.518
99.9761
100.524
100.303
99.58
99.4278
100.141
100.724
100.28
99.3582
99.2762
100.254
100.994
100.389
99.1367
98.923
100.224
101.41
100.851
98.9444
98.1805
99.7098
102.143
102.079
99.2209
96.1972
97.8256
103.395
107.72
101.334
80.9586
49.8578
19.3341
-1.1105
-7.5978
-4.08979
1.38482
4.05813
1.87762
-0.890674
-2.76785
-1.33232
0.556431
1.93104
1.30024
-0.300126
-1.31352
-1.30026
-0.0566395
0.886294
1.15736
0.459602
-0.501889
-0.911439
-0.737651
0.0717516
0.603774
0.75617
0.383282
-0.283429
-0.511556
-0.612747
-0.17163
0.297204
0.369531
0.535158
0.0768562
-0.217532
100.005
100.008
99.9737
99.9867
100.047
100.022
99.9333
99.9651
100.084
100.055
99.9038
99.9182
100.101
100.116
99.9055
99.844
100.072
100.197
99.9708
99.7684
99.9638
100.249
100.123
99.7629
99.7778
100.181
100.318
99.927
99.616
99.9141
100.388
100.276
99.7024
99.5462
100.099
100.556
100.192
99.4874
99.492
100.274
100.734
100.149
99.2685
99.3556
100.397
101.006
100.249
99.0302
98.9919
100.384
101.452
100.723
98.7968
98.2101
99.8663
102.261
101.984
99.0618
96.1117
97.971
103.545
107.772
101.163
80.8085
49.8487
19.4976
-0.936625
-7.6369
-4.22475
1.17953
4.11925
2.00348
-0.688322
-2.78482
-1.49302
0.396945
1.86403
1.47789
-0.146205
-1.2186
-1.3914
-0.273024
0.806103
1.14717
0.646768
-0.330731
-0.912874
-0.772362
-0.162007
0.517509
0.796599
0.425973
-0.0261353
-0.513161
-0.637595
-0.203451
0.0222338
0.442487
0.504108
0.0792565
99.9967
100.017
99.9969
99.9623
100.007
100.059
99.9929
99.919
100.001
100.103
100.013
99.8768
99.9624
100.139
100.073
99.855
99.8817
100.136
100.171
99.8941
99.7749
100.049
100.268
100.038
99.7139
99.8506
100.26
100.271
99.8249
99.6229
100.024
100.429
100.179
99.6128
99.6032
100.221
100.56
100.067
99.4146
99.5809
100.4
100.717
100.007
99.198
99.4568
100.536
100.994
100.098
98.9377
99.0809
100.545
101.477
100.582
98.6546
98.2563
100.03
102.373
101.874
98.9004
96.0314
98.1282
103.696
107.82
100.985
80.6535
49.8429
19.664
-0.753197
-7.67662
-4.36166
0.96346
4.17462
2.13088
-0.471881
-2.79471
-1.64702
0.217378
1.78539
1.65239
0.00778098
-1.08082
-1.50168
-0.467853
0.689324
1.11004
0.87388
-0.205091
-0.826865
-0.841178
-0.415452
0.481467
0.71388
0.58278
0.191654
-0.547735
-0.530667
-0.426747
-0.133661
0.526996
0.351101
99.9925
100.008
100.022
99.9776
99.9621
100.034
100.056
99.9579
99.9218
100.044
100.103
99.963
99.8698
100.019
100.156
100.013
99.8227
99.9405
100.186
100.12
99.826
99.8104
100.133
100.258
99.9444
99.6921
99.942
100.318
100.198
99.733
99.6606
100.138
100.442
100.067
99.5444
99.6864
100.335
100.535
99.9339
99.3659
99.691
100.516
100.674
99.8599
99.1495
99.5766
100.666
100.958
99.9395
98.8608
99.1881
100.704
101.485
100.429
98.5192
98.3171
100.198
102.478
101.753
98.7378
95.9537
98.2948
103.848
107.868
100.802
80.4907
49.8376
19.8263
-0.552989
-7.71409
-4.49399
0.733672
4.20871
2.26618
-0.253786
-2.76632
-1.80115
0.0189846
1.6899
1.7816
0.206878
-0.928949
-1.57502
-0.64265
0.481691
1.08882
1.0328
-0.0319211
-0.640264
-0.958601
-0.569063
0.301797
0.566996
0.802368
0.291658
-0.335277
-0.423008
-0.710556
-0.166343
0.258485
99.9961
99.9914
100.024
100.015
99.9576
99.9765
100.06
100.037
99.9257
99.9439
100.084
100.082
99.9133
99.8868
100.078
100.149
99.9453
99.8158
100.013
100.212
100.049
99.7766
99.8719
100.206
100.217
99.8521
99.7016
100.043
100.349
100.104
99.6603
99.7274
100.245
100.423
99.9452
99.5031
99.7916
100.435
100.48
99.7998
99.3453
99.8179
100.614
100.604
99.7133
99.1265
99.7118
100.783
100.899
99.7787
98.8033
99.3121
100.855
101.474
100.268
98.3953
98.3923
100.369
102.572
101.621
98.5782
95.882
98.4685
103.995
107.915
100.617
80.3291
49.8324
19.9797
-0.343056
-7.7545
-4.60576
0.490505
4.23367
2.38988
-0.047545
-2.69267
-1.96332
-0.145087
1.5496
1.87584
0.417231
-0.806245
-1.53938
-0.835943
0.287476
1.04605
1.05261
0.224762
-0.509726
-0.963089
-0.601084
-0.00694158
0.515458
0.79445
0.316554
0.025372
-0.437151
-0.639144
-0.162958
100.003
99.9842
100.002
100.035
99.9953
99.9454
100.004
100.075
100.003
99.9055
99.983
100.112
100.04
99.8747
99.9272
100.129
100.115
99.881
99.8378
100.089
100.209
99.9659
99.7541
99.9535
100.257
100.148
99.7717
99.7435
100.145
100.347
99.9954
99.6142
99.8198
100.337
100.371
99.8228
99.4935
99.914
100.512
100.396
99.6711
99.3559
99.9578
100.69
100.508
99.5717
99.1321
99.8606
100.882
100.814
99.6177
98.7685
99.4542
100.998
101.442
100.096
98.2861
98.4858
100.543
102.652
101.475
98.4201
95.8229
98.6538
104.139
107.954
100.423
80.1722
49.8326
20.1387
-0.134851
-7.80131
-4.71366
0.239828
4.27198
2.49866
0.166887
-2.62232
-2.12917
-0.279119
1.37323
2.00645
0.579226
-0.678233
-1.4767
-1.07275
0.199206
0.92827
1.10089
0.474185
-0.509943
-0.828831
-0.733639
-0.206594
0.58545
0.610135
0.504215
0.144084
-0.561273
-0.375671
100.007
99.9928
99.9796
100.02
100.035
99.9693
99.9475
100.038
100.073
99.9613
99.9045
100.032
100.12
99.985
99.8563
99.9855
100.162
100.058
99.8311
99.8869
100.157
100.176
99.8825
99.7629
100.046
100.281
100.058
99.7124
99.8147
100.238
100.312
99.8824
99.5994
99.9314
100.407
100.29
99.7072
99.5166
100.047
100.563
100.287
99.5533
99.3975
100.106
100.742
100.388
99.4383
99.1659
100.021
100.963
100.706
99.4572
98.7553
99.6142
101.131
101.389
99.913
98.1888
98.597
100.724
102.72
101.313
98.2569
95.7719
98.8538
104.289
107.985
100.218
80.0022
49.8377
20.31
0.08607
-7.8397
-4.84484
-0.0181556
4.29071
2.62414
0.411659
-2.5541
-2.27432
-0.472611
1.19192
2.14024
0.737818
-0.452751
-1.47515
-1.28258
0.0568711
0.725484
1.28019
0.649104
-0.368713
-0.686378
-1.04187
-0.292852
0.421769
0.538209
0.897205
0.129396
-0.360681
100.004
100.008
99.9782
99.9868
100.039
100.021
99.9448
99.9665
100.069
100.051
99.922
99.9256
100.08
100.103
99.9272
99.8639
100.052
100.169
99.9866
99.8052
99.9569
100.205
100.116
99.8106
99.8032
100.137
100.272
99.9581
99.6819
99.9081
100.31
100.246
99.7758
99.6181
100.052
100.449
100.185
99.6075
99.5711
100.182
100.584
100.16
99.4535
99.4674
100.254
100.766
100.251
99.3189
99.2251
100.184
101.024
100.578
99.303
98.7615
99.7852
101.253
101.322
99.7237
98.1031
98.7173
100.909
102.781
101.143
98.0928
95.7188
99.0603
104.442
108.025
100.013
79.8169
49.8373
20.4661
0.33494
-7.86265
-4.96605
-0.283802
4.24865
2.76477
0.637756
-2.41054
-2.38637
-0.703456
1.01156
2.13759
0.950875
-0.199506
-1.41764
-1.34718
-0.248819
0.532776
1.31135
0.73761
0.0277125
-0.594324
-1.09042
-0.398503
-0.0681327
0.537897
0.904758
0.246918
99.9971
100.015
99.9977
99.9679
100.006
100.05
99.9948
99.9313
99.9997
100.087
100.013
99.896
99.9666
100.117
100.063
99.8787
99.8985
100.113
100.146
99.9133
99.8098
100.038
100.225
100.035
99.7619
99.8717
100.214
100.229
99.8591
99.6861
100.014
100.353
100.153
99.6869
99.671
100.172
100.456
100.064
99.5336
99.6557
100.308
100.571
100.021
99.3804
99.5646
100.393
100.758
100.103
99.2225
99.3108
100.344
101.056
100.435
99.164
98.7922
99.9618
101.354
101.238
99.5361
98.04
98.8456
101.087
102.824
100.972
97.9397
95.6757
99.2675
104.577
108.067
99.8099
79.6499
49.8338
20.6023
0.582018
-7.89856
-5.03988
-0.551377
4.20833
2.87909
0.801908
-2.20946
-2.51748
-0.830343
0.820057
2.06151
1.16951
-0.107018
-1.21952
-1.37818
-0.488512
0.492707
1.07251
0.852076
0.238702
-0.588203
-0.761283
-0.569962
-0.219567
0.542759
0.430086
99.9937
100.007
100.018
99.9802
99.969
100.03
100.046
99.9625
99.9356
100.04
100.085
99.9653
99.8916
100.02
100.131
100.006
99.8504
99.9558
100.158
100.095
99.8501
99.8466
100.117
100.211
99.9453
99.7447
99.9613
100.267
100.155
99.7724
99.727
100.124
100.36
100.042
99.6245
99.7565
100.282
100.425
99.9322
99.4915
99.7684
100.419
100.521
99.8749
99.3392
99.6891
100.519
100.715
99.9428
99.1535
99.4265
100.5
101.057
100.271
99.0419
98.8542
100.149
101.43
101.127
99.3454
98.005
98.9951
101.264
102.837
100.784
97.7905
95.6614
99.49
104.705
108.084
99.5851
79.4995
49.8429
20.7712
0.807379
-7.95088
-5.13282
-0.828803
4.22562
2.97958
1.00172
-2.05958
-2.69534
-0.913527
0.57942
2.1276
1.3494
-0.0405014
-1.01292
-1.61696
-0.56306
0.421915
0.936324
1.18417
0.158431
-0.496407
-0.70057
-0.939564
0.038282
0.43813
99.9963
99.9939
100.021
100.01
99.9631
99.9844
100.052
100.026
99.9343
99.9594
100.076
100.061
99.92
99.9122
100.075
100.119
99.9413
99.8496
100.026
100.178
100.023
99.808
99.9108
100.184
100.165
99.858
99.7618
100.061
100.289
100.058
99.7078
99.8002
100.226
100.332
99.9206
99.5932
99.8674
100.374
100.36
99.799
99.4826
99.902
100.509
100.439
99.7278
99.3287
99.8353
100.629
100.641
99.775
99.1087
99.5674
100.651
101.031
100.089
98.9305
98.941
100.35
101.492
100.995
99.1422
97.9849
99.1651
101.453
102.838
100.573
97.6271
95.6547
99.7365
104.859
108.092
99.3418
79.3083
49.8548
20.971
1.06275
-7.96095
-5.29311
-1.12158
4.178
3.10883
1.2991
-1.91371
-2.79101
-1.1499
0.281798
2.1924
1.48613
0.305166
-0.852665
-1.81516
-0.708126
-0.0125157
0.971911
1.42278
0.325134
0.0118594
-0.928077
-1.17143
-0.172683
100.002
99.9867
100.005
100.029
99.9907
99.955
100.011
100.062
99.9922
99.9201
99.9984
100.097
100.019
99.8889
99.9549
100.119
100.08
99.8844
99.878
100.096
100.166
99.9442
99.7959
99.9922
100.224
100.093
99.7876
99.8119
100.156
100.275
99.9519
99.6745
99.8968
100.307
100.27
99.8042
99.5971
99.9914
100.438
100.267
99.6776
99.5073
100.044
100.572
100.331
99.5922
99.3486
99.9902
100.717
100.543
99.6127
99.0892
99.7199
100.79
100.984
99.9054
98.8344
99.0402
100.548
101.541
100.86
98.9399
97.9741
99.3298
101.645
102.841
100.367
97.4636
95.6267
99.9818
105.012
108.133
99.1157
79.0917
49.8457
21.1119
1.36649
-7.93415
-5.40279
-1.39459
3.99564
3.23759
1.50464
-1.64521
-2.7488
-1.41056
0.06885
1.95167
1.57764
0.654103
-0.683765
-1.55225
-0.943387
-0.395489
0.826475
1.07773
0.704816
0.40274
-0.751262
-0.666939
100.006
99.992
99.9853
100.021
100.025
99.9679
99.9621
100.041
100.054
99.9551
99.927
100.043
100.095
99.9672
99.882
100.012
100.139
100.021
99.8483
99.9327
100.151
100.123
99.8718
99.8191
100.078
100.23
100.003
99.7472
99.8904
100.231
100.225
99.8498
99.6806
100.007
100.355
100.179
99.7065
99.6406
100.117
100.464
100.15
99.5815
99.5699
100.182
100.596
100.203
99.4819
99.4059
100.145
100.767
100.421
99.4692
99.1078
99.8802
100.898
100.905
99.7294
98.7728
99.1602
100.728
101.555
100.718
98.7617
97.9972
99.4872
101.812
102.812
100.18
97.3284
95.6205
100.211
105.115
108.178
98.8932
78.9452
49.8361
21.2182
1.63268
-7.97444
-5.41277
-1.64833
3.89259
3.33819
1.54577
-1.34818
-2.82452
-1.45788
-0.0203534
1.67381
1.76208
0.581287
-0.520303
-1.30327
-1.15452
-0.164959
0.562033
0.835564
0.873204
-0.0305242
-0.388956
100.004
100.004
99.9805
99.9955
100.035
100.008
99.9504
99.9854
100.063
100.026
99.9252
99.9562
100.082
100.067
99.9181
99.9036
100.071
100.128
99.9534
99.8418
100.005
100.179
100.053
99.8186
99.8761
100.155
100.197
99.9085
99.7437
99.9895
100.278
100.14
99.7621
99.7278
100.123
100.363
100.062
99.6352
99.7238
100.239
100.447
100.013
99.5159
99.6717
100.316
100.577
100.052
99.3992
99.5051
100.302
100.776
100.268
99.3415
99.1713
100.059
100.977
100.783
99.5477
98.7481
99.3199
100.903
101.527
100.539
98.5943
98.0665
99.6782
101.967
102.729
99.9649
97.1993
95.6814
100.466
105.218
108.155
98.619
78.8242
49.8571
21.4363
1.8532
-8.04497
-5.51703
-1.96569
3.93219
3.44579
1.75635
-1.1435
-3.07021
-1.51043
-0.315227
1.71468
2.06096
0.570899
-0.198264
-1.61677
-1.39257
-0.109574
0.261009
1.41476
1.01909
-0.123247
99.9992
100.012
99.9923
99.9757
100.015
100.038
99.981
99.9466
100.019
100.07
99.986
99.9125
100.001
100.104
100.02
99.8841
99.9498
100.12
100.089
99.8899
99.8669
100.082
100.176
99.9692
99.7937
99.9571
100.212
100.133
99.8221
99.7763
100.095
100.29
100.034
99.6979
99.8083
100.231
100.335
99.9325
99.5935
99.8359
100.348
100.395
99.8672
99.4794
99.8012
100.439
100.524
99.8868
99.3392
99.6335
100.459
100.758
100.092
99.2217
99.2632
100.253
101.045
100.633
99.3536
98.7355
99.5062
101.094
101.486
100.335
98.4043
98.1468
99.9016
102.149
102.645
99.7023
97.0359
95.7337
100.768
105.392
108.124
98.3266
78.5805
49.8694
21.6939
2.15882
-7.97155
-5.74531
-2.31355
3.76592
3.53489
2.18399
-0.901033
-3.00927
-1.79126
-0.834528
1.64784
2.03422
1.08372
0.304952
-1.68292
-1.36251
-0.884218
-0.197924
1.53653
0.95411
99.9952
100.009
100.01
99.9774
99.983
100.035
100.026
99.9546
99.9607
100.053
100.056
99.9447
99.9231
100.051
100.1
99.9636
99.8758
100.01
100.144
100.029
99.8467
99.9193
100.145
100.14
99.8891
99.8036
100.046
100.236
100.048
99.7607
99.8402
100.189
100.266
99.924
99.6688
99.9096
100.315
100.274
99.8109
99.5885
99.9603
100.428
100.314
99.7329
99.4776
99.9398
100.534
100.446
99.7323
99.3098
99.7721
100.594
100.716
99.9217
99.1263
99.3674
100.431
101.095
100.483
99.1802
98.7297
99.6832
101.266
101.448
100.152
98.2192
98.2179
100.087
102.34
102.586
99.478
96.8728
95.7167
101.049
105.545
108.195
98.0938
78.3156
49.8366
21.7687
2.5314
-7.85786
-5.80185
-2.529
3.37395
3.58921
2.28531
-0.566034
-2.64368
-1.9938
-0.925052
1.16151
1.70541
1.38501
0.352891
-0.97655
-1.0396
-1.21691
-0.17932
0.527214
99.9956
99.9991
100.018
99.9984
99.9679
100.002
100.046
100.001
99.9396
99.991
100.074
100.023
99.9158
99.9572
100.09
100.07
99.9134
99.8986
100.071
100.135
99.9601
99.8364
99.9908
100.179
100.074
99.8291
99.8511
100.129
100.218
99.953
99.7386
99.9303
100.254
100.202
99.8244
99.6859
100.023
100.357
100.179
99.7126
99.6308
100.088
100.461
100.202
99.6268
99.5245
100.081
100.582
100.333
99.6028
99.3324
99.9224
100.684
100.63
99.7633
99.0851
99.5008
100.576
101.091
100.319
99.056
98.7726
99.8601
101.376
101.37
99.983
98.1041
98.3295
100.236
102.469
102.469
99.3215
96.7678
95.7639
101.272
105.582
108.249
97.8527
78.2456
49.8253
21.8251
2.78693
-7.97022
-5.70886
-2.72559
3.27913
3.72663
2.10237
-0.269035
-2.7535
-1.99026
-0.684101
0.818984
1.98065
1.12741
0.0614979
-0.6331
-1.4404
-0.633454
0.230637
99.9995
99.9909
100.011
100.018
99.9804
99.9711
100.027
100.041
99.9695
99.9436
100.03
100.073
99.9771
99.909
100.008
100.107
100.016
99.8816
99.9498
100.12
100.092
99.8949
99.8624
100.07
100.178
99.9891
99.7989
99.9308
100.193
100.16
99.8596
99.759
100.039
100.284
100.102
99.7426
99.7489
100.143
100.357
100.053
99.6404
99.7205
100.218
100.448
100.058
99.5464
99.6222
100.231
100.584
100.177
99.4883
99.4093
100.1
100.74
100.489
99.5943
99.0925
99.6871
100.718
101.027
100.106
98.9476
98.8824
100.085
101.46
101.219
99.7597
98.0264
98.5161
100.455
102.554
102.263
99.0928
96.6752
95.9537
101.545
105.665
108.13
97.5029
78.1686
49.8716
22.178
2.9928
-8.07512
-5.88231
-3.1756
3.39567
3.86923
2.44229
0.0630451
-3.16286
-2.09011
-1.20191
0.757658
2.5851
1.18808
0.757307
-0.898418
-2.20419
-0.703708
100.003
99.9902
99.9957
100.023
100.007
99.9646
99.9886
100.047
100.02
99.9424
99.9673
100.065
100.05
99.9329
99.9272
100.062
100.098
99.9545
99.8761
100.016
100.144
100.027
99.8475
99.9177
100.14
100.143
99.9009
99.8016
100.026
100.23
100.074
99.7818
99.8138
100.148
100.279
99.9848
99.6856
99.8422
100.255
100.322
99.9143
99.5942
99.8378
100.34
100.403
99.8995
99.4866
99.7472
100.382
100.562
100.002
99.3817
99.5105
100.292
100.785
100.325
99.4124
99.1093
99.8975
100.874
100.958
99.8622
98.8182
98.9959
100.346
101.581
101.061
99.4959
97.8876
98.7097
100.732
102.71
102.086
98.7577
96.5147
96.0696
101.926
105.901
108.042
97.1654
77.7874
49.8731
22.5058
3.38967
-7.79472
-6.19928
-3.59778
2.99847
3.75544
3.06661
0.443335
-2.71137
-2.21121
-2.06638
0.446046
1.98369
1.57581
1.82553
-0.591158
-1.30914
100.005
99.9974
99.9844
100.009
100.027
99.9866
99.9601
100.015
100.054
99.9877
99.9316
100.004
100.083
100.011
99.9056
99.9665
100.101
100.064
99.9027
99.9004
100.08
100.137
99.9557
99.8325
99.9892
100.182
100.083
99.8325
99.8388
100.115
100.229
99.9802
99.7391
99.8928
100.232
100.239
99.875
99.6685
99.9479
100.333
100.257
99.7932
99.5874
99.96
100.427
100.333
99.7619
99.4647
99.8752
100.497
100.514
99.846
99.3124
99.6165
100.451
100.802
100.177
99.2674
99.1383
100.075
100.996
100.898
99.6607
98.7194
99.0722
100.563
101.679
100.962
99.2909
97.7449
98.845
100.907
102.909
101.972
98.5471
96.3414
96.0271
102.238
106.035
108.205
96.9576
77.4657
49.805
22.3922
3.83384
-7.58268
-6.11471
-3.58683
2.36305
3.6778
2.87104
0.596247
-1.91176
-2.22125
-1.66592
0.0851279
0.999275
1.57935
1.09034
-0.049259
100.002
100.006
99.987
99.9886
100.024
100.018
99.9671
99.9725
100.04
100.04
99.9559
99.9445
100.043
100.074
99.9648
99.9066
100.018
100.111
100.009
99.8767
99.953
100.123
100.093
99.8944
99.8586
100.064
100.181
100.002
99.8009
99.9109
100.179
100.181
99.8902
99.7468
99.9914
100.273
100.157
99.7878
99.7068
100.061
100.358
100.154
99.7049
99.64
100.085
100.453
100.221
99.6583
99.5093
100.014
100.55
100.411
99.7128
99.318
99.756
100.557
100.742
100.023
99.1958
99.2395
100.23
101.031
100.774
99.5054
98.7208
99.2001
100.722
101.65
100.834
99.1421
97.7615
99.0029
101.003
102.958
101.767
98.4972
96.2743
96.1666
102.386
105.96
108.264
96.6853
77.5867
49.8114
22.4081
4.0342
-7.92986
-5.90831
-3.72074
2.42013
4.06396
2.4213
0.818147
-2.32029
-2.48789
-0.975368
-0.150702
1.82655
1.69128
0.116825
99.9982
100.009
99.9985
99.98
100.004
100.031
99.9966
99.9573
100
100.054
100.008
99.9353
99.9795
100.073
100.039
99.9246
99.9373
100.07
100.09
99.946
99.8826
100.024
100.139
100.021
99.8533
99.9216
100.132
100.14
99.9133
99.8084
100.009
100.215
100.093
99.8102
99.8017
100.104
100.273
100.038
99.7223
99.7958
100.181
100.335
100.013
99.6411
99.7479
100.223
100.431
100.061
99.5704
99.6151
100.183
100.564
100.244
99.5696
99.3827
99.956
100.654
100.609
99.813
99.1525
99.4254
100.438
101.022
100.552
99.3019
98.7737
99.4499
100.926
101.568
100.561
98.9274
97.8554
99.2985
101.24
102.884
101.432
98.2474
96.2629
96.5601
102.659
106.056
107.933
96.2268
77.5369
49.8927
23.0637
4.24087
-8.03188
-6.24072
-4.53327
2.60778
4.20326
3.09796
1.60706
-2.88437
-2.61936
-2.08879
-0.86324
2.71422
1.82103
99.996
100.006
100.01
99.985
99.9827
100.023
100.026
99.9706
99.9628
100.033
100.051
99.9683
99.9337
100.025
100.083
99.9895
99.9024
99.9874
100.107
100.045
99.8924
99.9162
100.093
100.125
99.9417
99.8395
100.002
100.178
100.072
99.8351
99.8468
100.11
100.221
99.9882
99.7517
99.8829
100.209
100.244
99.9103
99.6802
99.9064
100.293
100.287
99.8648
99.596
99.8747
100.357
100.39
99.8902
99.4903
99.7364
100.359
100.571
100.064
99.417
99.4501
100.17
100.769
100.475
99.5822
99.0791
99.6115
100.682
101.053
100.333
99.035
98.7764
99.6918
101.217
101.57
100.276
98.6315
97.791
99.6298
101.568
103.002
101.157
97.7843
96.1255
96.7036
103.195
106.401
107.79
95.8702
76.8553
49.8605
23.4158
4.77929
-7.30578
-6.61265
-4.96078
1.8239
3.5106
3.85742
2.03193
-1.71802
-1.94661
-3.17584
-1.2713
0.952802
99.9969
99.9977
100.014
100.002
99.9744
99.9961
100.037
100.008
99.9529
99.9836
100.056
100.029
99.9379
99.9541
100.063
100.067
99.9432
99.9088
100.04
100.115
99.989
99.8681
99.969
100.136
100.083
99.8798
99.8611
100.077
100.185
99.9958
99.7941
99.9091
100.183
100.19
99.8963
99.7371
99.9718
100.273
100.186
99.8103
99.6821
100.012
100.356
100.217
99.7529
99.5947
99.9904
100.439
100.327
99.7601
99.4579
99.8475
100.477
100.551
99.9237
99.3239
99.5167
100.322
100.836
100.37
99.4302
99.0314
99.744
100.833
101.087
100.193
98.8634
98.7647
99.8054
101.434
101.572
100.183
98.4108
97.7021
99.778
101.699
103.256
100.995
97.6553
95.8938
96.5775
103.526
106.46
108.183
95.7189
76.5222
49.7553
22.8923
5.26623
-7.0781
-6.28094
-4.38235
1.01454
3.39533
3.11684
1.4099
-0.614447
-1.89603
-1.81641
-0.425615
100
99.9925
100.006
100.016
99.9883
99.9754
100.016
100.035
99.9833
99.9538
100.014
100.058
99.9932
99.9296
99.9934
100.08
100.027
99.9151
99.9469
100.081
100.084
99.9356
99.8851
100.032
100.139
100.016
99.8521
99.9222
100.131
100.142
99.9203
99.8064
99.9947
100.21
100.113
99.8292
99.784
100.067
100.275
100.088
99.7514
99.7508
100.115
100.348
100.104
99.6895
99.6704
100.107
100.44
100.207
99.6733
99.519
99.9829
100.516
100.442
99.7976
99.3382
99.6555
100.424
100.776
100.217
99.3615
99.1224
99.9053
100.865
100.981
100.028
98.8581
98.8888
99.9527
101.451
101.398
100.091
98.3493
97.9177
99.8635
101.714
103.14
100.753
97.8141
95.8701
96.8908
103.457
106.226
108.201
95.3751
77.045
49.8068
22.9711
5.37035
-7.96181
-6.01649
-4.60089
1.38051
4.51203
2.52216
1.75513
-1.63043
-3.29928
-0.918423
100.003
99.9932
99.9965
100.016
100.005
99.9753
99.9908
100.033
100.015
99.9602
99.9752
100.045
100.037
99.9545
99.9468
100.041
100.071
99.9712
99.9117
100.008
100.102
100.023
99.8941
99.9377
100.095
100.105
99.9352
99.8584
100.012
100.161
100.059
99.8504
99.8636
100.097
100.199
99.9983
99.7814
99.8806
100.171
100.231
99.9513
99.7175
99.875
100.228
100.288
99.9448
99.6461
99.8101
100.251
100.394
100.021
99.5844
99.6487
100.178
100.531
100.247
99.6225
99.3995
99.8932
100.563
100.646
99.9519
99.2622
99.3107
100.189
100.934
100.743
99.7249
98.8096
99.1587
100.295
101.489
101.116
99.6945
98.2714
98.2372
100.267
101.94
102.767
100.329
97.4737
96.0702
97.5534
103.738
106.406
107.446
94.7832
76.9203
49.9167
24.2211
5.62824
-7.87408
-6.58397
-6.21953
1.51782
4.34407
3.71131
3.76352
-2.09434
-2.91508
100.003
99.9974
99.9887
100.008
100.02
99.9876
99.971
100.014
100.039
99.9865
99.9492
100.008
100.062
100.002
99.9274
99.9817
100.079
100.041
99.921
99.9314
100.069
100.098
99.9556
99.8752
100.005
100.14
100.049
99.865
99.8893
100.101
100.167
99.9665
99.8006
99.9384
100.187
100.166
99.8839
99.7542
99.9873
100.262
100.171
99.8184
99.6985
100.004
100.333
100.22
99.7871
99.6078
99.9503
100.394
100.352
99.8366
99.4862
99.7667
100.379
100.568
100.068
99.4246
99.4233
100.121
100.745
100.571
99.6798
99.0993
99.4204
100.502
101.094
100.599
99.3894
98.603
99.3478
100.634
101.774
100.94
99.2865
97.9706
98.2489
100.812
102.275
102.9
99.8945
96.8115
95.9814
97.6222
104.616
106.882
107.322
94.4572
75.6549
49.8231
24.4127
6.34027
-6.27976
-6.90207
-6.33391
0.240944
2.3361
4.35098
3.64344
-0.0335682
100.002
100.005
99.989
99.9919
100.02
100.013
99.9722
99.98
100.034
100.03
99.9616
99.9579
100.039
100.057
99.9666
99.9262
100.021
100.09
100
99.8987
99.9696
100.104
100.068
99.9072
99.8909
100.062
100.145
99.9897
99.8355
99.9401
100.154
100.137
99.8963
99.7978
100.011
100.228
100.111
99.8119
99.7713
100.072
100.294
100.102
99.7418
99.7215
100.099
100.373
100.149
99.6965
99.6167
100.05
100.46
100.298
99.728
99.454
99.8527
100.483
100.567
99.9629
99.3286
99.4527
100.234
100.836
100.525
99.5588
99.0169
99.4575
100.649
101.158
100.6
99.2172
98.5267
99.3396
100.752
101.966
100.886
99.2978
97.6704
98.2312
100.848
102.386
103.294
99.6849
96.9068
95.5272
97.3736
104.902
106.766
108.219
94.3693
75.4867
49.6974
23.0891
6.80977
-6.34412
-6.25957
-4.52972
-0.548835
2.72069
2.93327
0.953079
99.9988
100.007
99.9985
99.9856
100.003
100.022
99.9966
99.9692
100.001
100.039
100.004
99.9528
99.987
100.053
100.026
99.9439
99.9565
100.053
100.064
99.958
99.9157
100.021
100.101
100.012
99.8918
99.9466
100.099
100.099
99.9322
99.8614
100.012
100.158
100.062
99.8572
99.8588
100.082
100.199
100.02
99.7931
99.8565
100.14
100.244
100
99.733
99.8228
100.173
100.314
100.033
99.6791
99.7264
100.146
100.414
100.164
99.6765
99.5542
99.9855
100.481
100.429
99.85
99.3822
99.6141
100.315
100.742
100.346
99.5186
99.1368
99.6489
100.658
101.002
100.424
99.1913
98.7599
99.466
100.819
101.683
100.715
99.3156
97.8255
98.6371
100.662
102.328
102.846
99.6022
97.3587
95.5914
97.9929
104.321
106.367
108.029
93.8927
76.7933
49.8179
23.5433
6.81114
-8.35408
-6.05465
-5.37163
0.185078
5.6914
2.47543
99.9977
100.005
100.005
99.9885
99.9923
100.018
100.012
99.9768
99.9818
100.027
100.026
99.9711
99.9634
100.027
100.048
99.9792
99.9393
100.008
100.071
100.011
99.9229
99.9641
100.074
100.066
99.9409
99.9053
100.029
100.116
100.017
99.8794
99.9273
100.099
100.127
99.9544
99.8374
99.9648
100.159
100.127
99.898
99.8016
99.9927
100.213
100.142
99.8591
99.7514
99.9861
100.263
100.201
99.8573
99.674
99.9113
100.289
100.325
99.9415
99.5949
99.7278
100.215
100.488
100.187
99.6342
99.4502
99.9072
100.512
100.603
100.014
99.3334
99.3338
100.027
100.832
100.784
99.9681
99.0239
98.9716
99.9914
101.074
101.421
100.225
98.822
98.1298
99.1343
101.267
102.371
102.04
99.1342
96.7763
96.3161
98.9257
104.728
106.726
106.45
93.1756
76.2922
49.9296
25.9605
7.1938
-7.52962
-6.8546
-8.84512
0.0643817
4.13844
99.9971
100.001
100.011
99.9956
99.9815
100.007
100.027
99.9933
99.964
100.004
100.045
100.002
99.9462
99.9873
100.06
100.028
99.9372
99.952
100.059
100.071
99.955
99.9064
100.02
100.111
100.018
99.8833
99.935
100.103
100.115
99.9363
99.8451
99.9984
100.169
100.085
99.8573
99.8318
100.066
100.221
100.053
99.7891
99.815
100.117
100.277
100.05
99.7296
99.7627
100.133
100.354
100.11
99.6925
99.6472
100.068
100.44
100.279
99.7404
99.4795
99.8434
100.441
100.561
100.008
99.3971
99.4133
100.146
100.756
100.613
99.7299
99.0592
99.3579
100.322
101.186
100.73
99.6685
98.6014
98.9393
100.392
101.46
101.703
99.729
98.3725
97.7549
99.298
102.136
102.631
102.368
98.2837
95.9097
96.2093
98.7684
106.351
107.286
106.616
92.9376
73.8721
49.7582
25.4685
8.06562
-4.04673
-6.96533
-7.60913
-1.65225
99.9993
99.9948
100.008
100.01
99.9857
99.984
100.02
100.023
99.9765
99.9675
100.025
100.043
99.9782
99.9444
100.014
100.068
99.9999
99.9225
99.9794
100.082
100.048
99.9229
99.9215
100.059
100.109
99.9749
99.8699
99.9753
100.133
100.085
99.8912
99.8559
100.051
100.184
100.038
99.8182
99.8606
100.122
100.223
99.9962
99.7536
99.8525
100.177
100.276
99.9883
99.6888
99.7974
100.199
100.366
100.052
99.6365
99.6631
100.136
100.479
100.243
99.6702
99.457
99.8894
100.512
100.571
99.9609
99.3255
99.4049
100.197
100.819
100.649
99.6575
99.018
99.2746
100.396
101.249
100.802
99.7049
98.4116
98.9475
100.2
101.684
101.824
99.8053
98.5069
97.2194
99.3922
101.786
102.963
102.954
98.1045
96.4485
95.1129
98.4436
106.325
106.889
108.597
92.8763
74.3763
49.6462
22.3565
8.45012
-5.38421
-6.04609
-2.18053
100.001
99.9952
99.9992
100.011
100.001
99.9829
99.9979
100.023
100.005
99.9713
99.9895
100.033
100.018
99.9642
99.9711
100.035
100.042
99.9704
99.9447
100.018
100.068
100.001
99.9246
99.9728
100.074
100.058
99.9404
99.9119
100.029
100.11
100.017
99.8873
99.9268
100.088
100.125
99.9695
99.8462
99.9481
100.139
100.138
99.9307
99.8056
99.9531
100.183
100.173
99.9162
99.7526
99.9166
100.211
100.248
99.9548
99.6922
99.8084
100.185
100.363
100.098
99.6825
99.6184
100.014
100.438
100.378
99.8733
99.4484
99.6271
100.237
100.659
100.401
99.6516
99.2349
99.5098
100.434
100.917
100.612
99.6074
98.8044
99.2414
100.184
101.475
101.183
99.9871
98.6167
97.8846
99.6973
101.15
102.803
101.911
98.6895
97.1691
95.5048
99.5085
104.596
106.391
107.695
92.2107
77.4565
49.8403
24.1524
8.39617
-10.855
-6.02472
100.002
99.9964
99.9965
100.009
100.006
99.9866
99.9908
100.018
100.014
99.9795
99.98
100.022
100.028
99.9795
99.9633
100.016
100.046
99.9936
99.946
99.9919
100.058
100.027
99.9436
99.9502
100.045
100.072
99.9781
99.9116
99.9872
100.092
100.055
99.9245
99.9031
100.035
100.124
100.026
99.8781
99.9035
100.079
100.152
100.005
99.8367
99.8919
100.109
100.191
100.009
99.7974
99.8468
100.112
100.251
100.066
99.7755
99.7514
100.048
100.313
100.206
99.8311
99.6242
99.8596
100.287
100.419
100.069
99.5977
99.5466
99.9908
100.517
100.505
99.9635
99.3798
99.3873
100.066
100.704
100.791
99.9858
99.1844
99.0124
99.76
100.957
101.229
100.672
99.1416
98.2895
98.8267
100.258
102.211
102.133
100.689
98.0469
96.1626
97.4514
100.593
105.597
106.996
104.262
91.421
75.6263
49.9141
30.0671
8.96756
-6.94025
100.003
99.9993
99.9906
100.004
100.016
99.9948
99.976
100.005
100.032
99.9974
99.96
99.9968
100.047
100.013
99.947
99.9734
100.055
100.044
99.9496
99.9357
100.038
100.084
99.9852
99.9012
99.9811
100.103
100.061
99.9108
99.8956
100.053
100.139
100.006
99.8498
99.9197
100.124
100.153
99.9461
99.8019
99.9465
100.186
100.17
99.9005
99.7506
99.9482
100.24
100.219
99.8882
99.6807
99.8925
100.271
100.323
99.9489
99.6055
99.7394
100.224
100.472
100.153
99.6114
99.4859
99.9792
100.536
100.54
99.8865
99.3212
99.4405
100.214
100.854
100.579
99.7477
98.9374
99.3263
100.285
101.194
101.013
99.628
98.7976
98.4646
100.174
101.434
101.784
100.825
98.1265
97.9708
98.0621
101.008
103.385
102.391
101.495
96.0855
95.2486
96.8882
100.086
109.02
107.515
105.656
91.3039
69.7112
49.6725
26.5803
9.93233
100
100.005
99.9942
99.9901
100.011
100.016
99.9855
99.9776
100.017
100.031
99.9836
99.9602
100.013
100.05
99.9953
99.9415
99.9916
100.065
100.027
99.9341
99.95
100.058
100.075
99.9605
99.9022
100.007
100.111
100.037
99.8922
99.9128
100.08
100.133
99.9758
99.8417
99.9461
100.146
100.138
99.9162
99.801
99.9757
100.204
100.152
99.8721
99.7504
99.9755
100.258
100.205
99.8619
99.6748
99.9117
100.292
100.321
99.9307
99.5911
99.7415
100.239
100.483
100.159
99.5964
99.473
99.9586
100.551
100.568
99.9132
99.322
99.364
100.201
100.818
100.714
99.7811
98.9487
99.227
100.083
101.328
100.986
100.024
98.6888
98.3248
99.987
100.99
102.408
100.767
98.8276
97.8154
97.2089
101.1
102.235
103.707
102.144
96.4088
96.4269
94.0309
99.8462
107.723
106.783
111.078
91.1903
73.1856
49.6131
10.1927
99.9989
100.003
100.001
99.9928
99.9981
100.011
100.003
99.985
99.994
100.018
100.01
99.9792
99.9844
100.022
100.023
99.9799
99.969
100.015
100.039
99.9939
99.9538
99.9924
100.049
100.025
99.9543
99.9547
100.033
100.064
99.9899
99.9254
99.9777
100.072
100.059
99.95
99.9097
100.008
100.103
100.049
99.9143
99.8962
100.032
100.134
100.049
99.8852
99.8699
100.038
100.169
100.078
99.87
99.8184
100.006
100.205
100.154
99.8979
99.7457
99.9033
100.197
100.279
100.026
99.7136
99.7154
100.044
100.374
100.285
99.8907
99.5435
99.6873
100.184
100.516
100.404
99.7397
99.4185
99.4801
100.223
100.769
100.568
100.032
98.9757
99.2638
99.7591
100.868
101.421
100.254
99.6858
98.0454
98.8544
100.363
101.217
103.028
100.277
98.9365
97.2168
95.7192
101.404
102.41
106.317
107.147
90.3186
89.539
49.8577
)
;

boundaryField
{
    left
    {
        type            fixedValue;
        value           uniform 100;
    }
    right
    {
        type            zeroGradient;
    }
    up
    {
        type            zeroGradient;
    }
    down
    {
        type            fixedValue;
        value           uniform 0;
    }
    frontAndBack
    {
        type            empty;
    }
}


// ************************************************************************* //
