/*--------------------------------*- C++ -*----------------------------------*\
  =========                 |
  \\      /  F ield         | OpenFOAM: The Open Source CFD Toolbox
   \\    /   O peration     | Website:  https://openfoam.org
    \\  /    A nd           | Version:  8
     \\/     M anipulation  |
\*---------------------------------------------------------------------------*/
FoamFile
{
    version     2.0;
    format      ascii;
    class       volScalarField;
    location    "0.768";
    object      T;
}
// * * * * * * * * * * * * * * * * * * * * * * * * * * * * * * * * * * * * * //

dimensions      [0 0 0 1 0 0 0];

internalField   nonuniform List<scalar> 
2500
(
50
4.65339
-4.65296
-1.18489
1.1829
0.459189
-0.453377
-0.232702
0.219816
0.145735
-0.121852
-0.108442
0.0696666
0.090706
-0.0343972
-0.0793509
0.00577191
0.0672691
0.0185273
-0.0501425
-0.0370087
0.0270856
0.0456415
-0.000652691
-0.0406854
-0.0233938
0.0232517
0.0349264
0.0029295
-0.0301733
-0.0246265
0.0104902
0.0282151
0.016047
-0.0154739
-0.0263973
-0.00806889
0.013116
0.0254703
0.00656645
-0.0140466
-0.0179796
-0.0130107
0.0122497
0.0183994
0.00853261
0.00196606
-0.0187157
-0.0146788
0.00128821
95.3467
49.9998
10.491
-4.65157
-2.82653
1.17804
1.14477
-0.441864
-0.597884
0.197736
0.376049
-0.0852248
-0.269525
0.0156058
0.206109
0.0372805
-0.155034
-0.0791597
0.102332
0.106299
-0.0434104
-0.112533
-0.0156702
0.0909328
0.0638992
-0.044601
-0.0851127
-0.0120564
0.0664536
0.0601754
-0.0206431
-0.0679831
-0.0335746
0.0318228
0.0640445
0.0163877
-0.0361222
-0.0513479
-0.0186494
0.0411738
0.0413955
0.0172852
-0.0228632
-0.0516985
-0.0125192
0.0112819
0.0319455
0.0408987
-0.0114295
-0.0223828
104.653
89.5091
49.9995
12.1325
-4.64868
-3.51205
1.16933
1.51033
-0.423324
-0.829506
0.165091
0.539842
-0.0349655
-0.389417
-0.0533375
0.287908
0.121833
-0.197186
-0.169836
0.101929
0.188238
-0.00359707
-0.167197
-0.0816634
0.102475
0.134041
-0.0134415
-0.127234
-0.0729714
0.0637951
0.116407
0.0213373
-0.0805358
-0.0926718
0.0019587
0.0890787
0.0651619
-0.00442976
-0.0831866
-0.0639016
0.0172395
0.0549381
0.0722998
-0.000566054
-0.0609901
-0.0439916
-0.0371558
0.0359868
0.0683587
0.0155335
101.185
104.652
87.8675
49.9991
12.8181
-4.64379
-3.87822
1.15583
1.74376
-0.396563
-0.99703
0.120769
0.666023
0.0292652
-0.480208
-0.136061
0.340794
0.21561
-0.207632
-0.260034
0.0687532
0.25658
0.062242
-0.192922
-0.160677
0.0795086
0.193862
0.0472184
-0.13802
-0.145111
0.028042
0.149154
0.087851
-0.0568364
-0.143626
-0.0506438
0.0706901
0.115468
0.0546374
-0.0819984
-0.0952134
-0.0470928
0.0397669
0.115475
0.037458
-0.0183852
-0.0654592
-0.096824
0.0148752
0.0475134
98.8167
102.826
104.65
87.1819
49.9986
13.1847
-4.63642
-4.11329
1.13663
1.91512
-0.360507
-1.13014
0.0639675
0.767544
0.107301
-0.546922
-0.230715
0.366517
0.313933
-0.187191
-0.343653
0.00727603
0.303169
0.146626
-0.185425
-0.240542
0.0253282
0.228172
0.129614
-0.114994
-0.207459
-0.0369668
0.14411
0.164421
-0.00457516
-0.158674
-0.115177
0.00883971
0.147953
0.112683
-0.0313565
-0.0977525
-0.127682
0.00192585
0.108321
0.0776933
0.06517
-0.0644916
-0.120798
-0.0270522
99.5411
98.8208
103.512
104.646
86.8151
49.998
13.4208
-4.62608
-4.28775
1.11092
2.05475
-0.314212
-1.24261
-0.00576082
0.850068
0.19858
-0.591435
-0.334435
0.365239
0.41193
-0.137478
-0.414199
-0.076756
0.320727
0.241822
-0.145635
-0.306022
-0.0563468
0.228789
0.21979
-0.0610687
-0.237986
-0.126303
0.102775
0.225038
0.0664494
-0.120372
-0.180029
-0.0733049
0.137521
0.146345
0.065417
-0.0726505
-0.180124
-0.0495278
0.0351736
0.107504
0.145636
-0.033217
-0.0763185
100.454
98.8552
98.8284
103.879
104.64
86.5789
49.9972
13.5971
-4.61234
-4.43243
1.07789
2.17711
-0.256927
-1.34095
-0.0886006
0.915783
0.301989
-0.614083
-0.443521
0.336464
0.50508
-0.0621801
-0.463876
-0.17835
0.306318
0.336848
-0.0762975
-0.34314
-0.160288
0.196782
0.295112
0.0231109
-0.22668
-0.225477
0.0359552
0.238995
0.151361
-0.0366645
-0.223586
-0.145009
0.0645295
0.149962
0.174629
-0.0264257
-0.162741
-0.107463
-0.0796689
0.1121
0.169554
0.0288955
100.232
100.443
98.4892
98.8407
104.114
104.632
86.4024
49.9963
13.7447
-4.59476
-4.56229
1.03679
2.28955
-0.18813
-1.42793
-0.184632
0.96539
0.415445
-0.613893
-0.55458
0.280946
0.587831
0.0345601
-0.485764
-0.292293
0.261772
0.416438
0.0221474
-0.346839
-0.272436
0.134404
0.333699
0.136777
-0.180656
-0.303911
-0.0512757
0.191416
0.241469
0.0622919
-0.213102
-0.18983
-0.0641072
0.129509
0.241748
0.040031
-0.0664416
-0.160668
-0.179558
0.0744341
0.109064
99.7794
100.598
100.426
98.255
98.8584
104.289
104.62
86.2546
49.9952
13.8788
-4.57289
-4.68521
0.986927
2.39575
-0.107326
-1.50455
-0.293536
0.998568
0.536335
-0.589342
-0.66463
0.201449
0.652512
0.150565
-0.477934
-0.408393
0.187847
0.467857
0.147266
-0.320236
-0.368153
0.0365574
0.330091
0.264263
-0.110068
-0.327492
-0.16207
0.0976879
0.308904
0.148019
-0.123737
-0.211189
-0.204063
0.0844641
0.222515
0.12806
0.0720204
-0.184544
-0.207808
-0.0155562
99.8544
99.8003
100.831
100.401
98.0826
98.8826
104.435
104.604
86.1201
49.9941
14.0077
-4.54627
-4.80551
0.92772
2.49727
-0.0139546
-1.57099
-0.414035
1.01354
0.662799
-0.540581
-0.768582
0.0999282
0.692761
0.282637
-0.442009
-0.511205
0.0806367
0.489133
0.283765
-0.261749
-0.426626
-0.100203
0.295232
0.368547
-0.0105884
-0.284981
-0.288035
-0.00849664
0.308991
0.2149
0.0327838
-0.213503
-0.2904
0.000678882
0.115086
0.222354
0.186875
-0.143666
-0.143228
100.123
99.623
99.8318
101
100.366
97.9417
98.9138
104.566
104.584
85.9908
49.9927
14.1361
-4.51461
-4.92536
0.858495
2.59483
0.0919466
-1.62656
-0.544557
1.00833
0.793121
-0.469809
-0.858536
-0.0244874
0.70827
0.4201
-0.375381
-0.590069
-0.059275
0.484322
0.404345
-0.158567
-0.448378
-0.256106
0.234683
0.412724
0.129512
-0.199919
-0.389596
-0.105951
0.212367
0.273724
0.198503
-0.180967
-0.278301
-0.129963
-0.0311659
0.278421
0.221446
-0.0177171
100.109
100.087
99.4577
99.875
101.134
100.321
97.8178
98.9531
104.69
104.56
85.8623
49.9911
14.2667
-4.47782
-5.04583
0.77844
2.68912
0.209362
-1.66926
-0.684956
0.983384
0.922921
-0.377191
-0.929387
-0.170572
0.701113
0.547638
-0.26958
-0.647596
-0.214464
0.446621
0.491941
-0.00427636
-0.44799
-0.387712
0.131756
0.39377
0.298937
-0.106387
-0.410802
-0.204326
0.0409479
0.322417
0.301737
-0.082004
-0.179966
-0.282013
-0.144996
0.240934
0.169207
99.9292
100.271
100.038
99.3297
99.9309
101.249
100.265
97.7035
99.001
104.812
104.53
85.7315
49.9894
14.4016
-4.43544
-5.16784
0.686926
2.78003
0.33804
-1.69719
-0.835337
0.939928
1.04567
-0.258817
-0.982556
-0.328694
0.664584
0.659261
-0.123542
-0.687198
-0.35888
0.354456
0.555842
0.176996
-0.420472
-0.462627
-0.0347134
0.342804
0.445737
-0.00647457
-0.323831
-0.322541
-0.137979
0.321226
0.311038
0.10016
-0.054574
-0.388082
-0.189393
0.0781051
99.9087
99.9826
100.393
99.974
99.2258
100
101.35
100.197
97.595
99.0581
104.935
104.495
85.5966
49.9871
14.5419
-4.38655
-5.29178
0.583802
2.86526
0.47957
-1.71053
-0.991162
0.873983
1.15875
-0.115439
-1.01651
-0.486087
0.584831
0.761197
0.0427435
-0.68994
-0.484278
0.200363
0.607198
0.337399
-0.328453
-0.489278
-0.245063
0.280259
0.501374
0.132291
-0.159859
-0.436501
-0.257459
0.208492
0.251486
0.32186
0.0442248
-0.357456
-0.179083
100.036
99.7912
100.051
100.487
99.8959
99.1405
100.082
101.44
100.117
97.491
99.1245
105.058
104.454
85.4577
49.9835
14.6882
-4.33175
-5.41607
0.468725
2.94332
0.633244
-1.71
-1.14464
0.779151
1.26586
0.0390053
-1.01748
-0.641712
0.464357
0.851869
0.201702
-0.625239
-0.607617
0.0214763
0.622957
0.449131
-0.148626
-0.502414
-0.423349
0.184823
0.442287
0.320935
0.0006992
-0.468616
-0.296002
-0.0246417
0.181475
0.468053
0.0961536
-0.153711
100.08
99.9637
99.707
100.135
100.556
99.8042
99.0719
100.178
101.52
100.024
97.3914
99.2012
105.184
104.406
85.3147
49.979
14.8423
-4.27345
-5.53915
0.339984
3.0178
0.794083
-1.69281
-1.29639
0.658162
1.36799
0.192394
-0.972463
-0.808392
0.329906
0.907688
0.355991
-0.49561
-0.740044
-0.131752
0.558348
0.540862
0.0797744
-0.514035
-0.504564
0.0134169
0.329763
0.512719
0.0984309
-0.35803
-0.30755
-0.296123
0.150181
0.447329
0.138704
99.9934
100.158
99.8781
99.6518
100.231
100.603
99.6993
99.0198
100.288
101.59
99.9169
97.2958
99.2893
105.314
104.349
85.1657
49.9738
15.0063
-4.21029
-5.66308
0.195456
3.08983
0.962054
-1.65335
-1.45442
0.51893
1.45224
0.357339
-0.887717
-0.983839
0.191713
0.901304
0.538706
-0.340275
-0.844422
-0.267502
0.394597
0.654351
0.285909
-0.465233
-0.506614
-0.250527
0.234664
0.616737
0.179068
-0.105031
-0.359288
-0.498457
0.103701
0.25441
99.9312
100.08
100.203
99.7821
99.6238
100.337
100.629
99.5827
98.9839
100.409
101.652
99.7962
97.2035
99.3873
105.449
104.285
85.0099
49.9648
15.1794
-4.13659
-5.78858
0.037424
3.14662
1.1455
-1.59327
-1.60718
0.35659
1.50129
0.547969
-0.781259
-1.12254
0.017545
0.83788
0.738229
-0.18385
-0.845354
-0.437147
0.177187
0.742491
0.423578
-0.270084
-0.485736
-0.518894
0.13946
0.52792
0.314386
0.208593
-0.389302
-0.512849
-0.0650974
99.9815
99.894
100.173
100.215
99.6805
99.6226
100.449
100.632
99.458
98.9653
100.54
101.702
99.6637
97.1177
99.4918
105.588
104.212
84.8542
49.9485
15.3592
-4.05667
-5.90901
-0.126762
3.17859
1.3453
-1.52995
-1.7224
0.157905
1.52913
0.733906
-0.661319
-1.18509
-0.212965
0.772402
0.86987
-0.0129689
-0.736225
-0.641758
0.0122653
0.701146
0.502382
0.0273664
-0.484568
-0.61946
0.00338822
0.273708
0.476566
0.378521
-0.30653
-0.300428
100.052
99.8914
99.8928
100.266
100.197
99.5794
99.6496
100.563
100.611
99.3285
98.9687
100.679
101.738
99.518
97.0444
99.6055
105.728
104.124
84.7026
49.9301
15.5516
-3.98412
-6.02397
-0.298828
3.20429
1.55413
-1.47381
-1.80269
-0.0809394
1.57705
0.878625
-0.507783
-1.22008
-0.471148
0.743816
0.899512
0.219094
-0.628381
-0.833968
-0.0703277
0.522768
0.627411
0.279258
-0.512682
-0.544893
-0.222128
0.0694021
0.641894
0.33837
-0.109959
100.038
100.046
99.8066
99.9264
100.352
100.146
99.4826
99.7067
100.675
100.563
99.1926
98.9968
100.828
101.758
99.3523
96.9816
99.7354
105.876
104.015
84.5417
49.913
15.7653
-3.9065
-6.14774
-0.493666
3.23054
1.77835
-1.39275
-1.88914
-0.352571
1.61907
1.0124
-0.280531
-1.28177
-0.719805
0.659343
0.896912
0.545048
-0.554767
-0.942371
-0.229574
0.258425
0.839472
0.458491
-0.399701
-0.4447
-0.60408
-0.0525318
0.677716
0.317674
99.9716
100.117
100.005
99.734
99.9905
100.428
100.068
99.3929
99.7898
100.786
100.493
99.0504
99.0441
100.987
101.773
99.1678
96.9221
99.8716
106.043
103.9
84.3664
49.8831
15.9852
-3.7902
-6.28095
-0.697322
3.20382
2.02533
-1.26354
-1.96312
-0.623252
1.55042
1.17374
-0.0190321
-1.27695
-0.914877
0.406281
0.894846
0.824462
-0.383041
-0.860493
-0.525537
-0.0206403
0.878878
0.546976
0.0086689
-0.313309
-0.86348
-0.193098
0.286682
99.9523
100.015
100.176
99.9372
99.6817
100.077
100.485
99.9702
99.319
99.8917
100.884
100.406
98.9142
99.1082
101.138
101.781
98.9788
96.8775
99.9939
106.216
103.78
84.2088
49.8356
16.1876
-3.6549
-6.40984
-0.854783
3.09662
2.28938
-1.16492
-1.95911
-0.854112
1.3889
1.34831
0.123585
-1.11513
-1.05717
0.123475
0.904056
0.845187
-0.0963893
-0.697546
-0.748932
-0.096354
0.609506
0.523388
0.377642
-0.276047
-0.659768
-0.199587
100.002
99.9038
100.083
100.204
99.8515
99.6611
100.179
100.509
99.8551
99.2752
100.015
100.955
100.295
98.7963
99.2056
101.275
101.761
98.7829
96.8717
100.12
106.375
103.625
84.0774
49.8042
16.4009
-3.55196
-6.5574
-0.978946
2.98805
2.59345
-1.15162
-1.91528
-1.11274
1.2879
1.54578
0.166515
-0.896893
-1.30529
-0.0229878
0.953312
0.78449
0.254885
-0.765358
-0.882702
-0.0431325
0.311034
0.738211
0.515875
-0.457076
-0.399812
100.043
99.9344
99.8918
100.165
100.195
99.7519
99.6782
100.299
100.498
99.7167
99.262
100.172
101.002
100.146
98.6827
99.3485
101.421
101.709
98.55
96.8892
100.289
106.544
103.43
83.9024
49.7998
16.6612
-3.42209
-6.7492
-1.17287
2.9005
2.9407
-1.0587
-1.90535
-1.48058
1.18461
1.72493
0.391518
-0.668608
-1.6529
-0.219636
0.820327
0.936196
0.744618
-0.828266
-0.959268
-0.385257
-0.0621449
1.12443
0.719864
-0.165437
100.025
100.047
99.8583
99.9164
100.254
100.153
99.6453
99.7251
100.43
100.461
99.5622
99.2639
100.35
101.045
99.9791
98.5548
99.5096
101.583
101.669
98.2818
96.8898
100.464
106.759
103.259
83.6645
49.7706
16.8894
-3.16164
-6.93846
-1.39293
2.7072
3.21704
-0.773314
-1.87949
-1.7489
0.863904
1.7394
0.759117
-0.397172
-1.65877
-0.551574
0.373867
1.02547
1.03357
-0.419149
-0.674801
-0.859218
-0.474765
0.832469
0.594117
99.9746
100.092
100.016
99.7909
99.9702
100.329
100.086
99.5539
99.7939
100.545
100.405
99.4232
99.2849
100.514
101.067
99.8281
98.4463
99.6597
101.712
101.649
98.0383
96.903
100.576
106.973
103.122
83.4818
49.7216
17.0073
-2.86834
-7.11712
-1.44277
2.41149
3.40207
-0.549819
-1.85174
-1.70344
0.445356
1.74508
0.866264
-0.278854
-1.28589
-0.824922
0.19928
0.908681
0.7539
0.049064
-0.458098
-0.824138
-0.223065
0.225888
99.9629
100.01
100.137
99.9552
99.7541
100.051
100.368
99.9892
99.5023
99.8982
100.621
100.304
99.3164
99.363
100.657
101.025
99.6732
98.409
99.8377
101.783
101.566
97.832
96.9971
100.692
107.111
102.914
83.3735
49.7453
17.1615
-2.69746
-7.37816
-1.42622
2.19881
3.72688
-0.509877
-1.9173
-1.71305
0.116115
2.07088
0.844517
-0.227734
-1.18967
-1.26031
0.466525
0.920863
0.719835
0.38769
-0.974191
-0.863249
0.0123106
99.9974
99.9296
100.075
100.146
99.8667
99.7579
100.164
100.365
99.8523
99.4872
100.055
100.672
100.139
99.2125
99.5103
100.827
100.921
99.4596
98.4086
100.097
101.868
101.391
97.5724
97.1267
100.94
107.239
102.628
83.1373
49.8212
17.48
-2.49529
-7.66553
-1.69023
2.0377
4.16105
-0.268388
-1.88028
-2.10736
-0.29953
2.2914
1.10273
0.301943
-1.30214
-1.84413
0.232705
0.641758
1.3436
1.08415
-1.05149
-0.900647
100.032
99.9344
99.9328
100.158
100.121
99.7613
99.7921
100.297
100.338
99.6917
99.4843
100.24
100.725
99.951
99.0875
99.6728
101.029
100.827
99.2082
98.3659
100.383
102.012
101.248
97.2304
97.1845
101.218
107.474
102.435
82.7412
49.8144
17.7174
-2.05502
-7.79226
-2.07899
1.74939
4.23666
0.290594
-1.60834
-2.32758
-0.737378
1.79424
1.35349
0.92925
-0.959664
-1.68543
-0.499431
-0.119433
1.36732
1.25845
-0.0405443
100.027
100.024
99.8699
99.9675
100.232
100.07
99.6718
99.8479
100.408
100.292
99.5568
99.5009
100.396
100.752
99.7976
98.9912
99.8095
101.177
100.768
99.0105
98.3282
100.578
102.129
101.192
96.9536
97.2221
101.322
107.735
102.333
82.5032
49.7542
17.6903
-1.60859
-7.88892
-2.09048
1.45638
4.01144
0.691203
-1.58989
-1.97532
-0.88109
1.25655
1.43538
0.662356
-0.53091
-1.05595
-0.758086
0.00610938
0.765386
0.421925
99.9871
100.075
99.9815
99.834
100.032
100.264
99.9876
99.6335
99.9422
100.464
100.193
99.4765
99.5887
100.511
100.685
99.6629
98.9992
99.9737
101.209
100.647
98.8804
98.4344
100.719
102.13
101.043
96.8338
97.3911
101.38
107.838
102.062
82.5086
49.8001
17.793
-1.44985
-8.24082
-1.94353
1.29428
4.23647
0.855249
-1.97653
-1.76895
-1.17953
1.49253
1.84846
0.203905
-0.362605
-1.48685
-1.01812
0.895918
0.722781
99.9699
100.034
100.087
99.9092
99.8445
100.13
100.243
99.8613
99.6482
100.097
100.475
100.014
99.4202
99.772
100.638
100.518
99.4707
99.0906
100.242
101.208
100.386
98.711
98.6642
100.988
102.086
100.692
96.6773
97.6602
101.703
107.861
101.607
82.3118
49.9045
18.3241
-1.29859
-8.59297
-2.33517
1.00547
4.85437
1.25217
-1.84952
-2.1167
-2.09467
1.62683
2.18054
0.896618
0.359708
-2.34011
-1.69291
0.280662
99.9817
99.9667
100.103
100.059
99.8176
99.893
100.251
100.19
99.7052
99.6856
100.289
100.481
99.7933
99.3478
99.9892
100.809
100.333
99.2216
99.1509
100.579
101.275
100.104
98.4324
98.8357
101.383
102.141
100.364
96.2865
97.8476
102.143
108.095
101.313
81.7321
49.8694
18.7345
-0.75582
-8.49162
-3.02897
0.535492
4.77679
1.81671
-0.931424
-2.24088
-2.59125
0.785584
1.50339
1.79113
1.23436
-1.62357
-1.30905
100.018
99.9257
99.9984
100.166
100.004
99.7399
99.96
100.351
100.124
99.5763
99.732
100.447
100.476
99.6166
99.2904
100.156
100.949
100.204
99.0327
99.1539
100.838
101.341
99.9714
98.1587
98.9181
101.623
102.283
100.249
95.8957
97.9351
102.235
108.525
101.225
81.3744
49.739
18.5315
-0.117619
-8.32539
-3.08958
0.357817
3.96592
2.1139
-0.627001
-1.863
-1.85868
-0.03485
0.944303
1.45382
0.593199
-0.300652
100.03
99.9841
99.8953
100.052
100.186
99.9336
99.7217
100.044
100.378
100.03
99.5325
99.8255
100.518
100.391
99.5203
99.3418
100.281
100.935
100.079
98.9889
99.2545
100.946
101.255
99.8969
98.0884
99.1056
101.602
102.299
100.108
95.8911
98.1069
102.103
108.707
100.907
81.6017
49.7586
18.4126
0.0921186
-8.82611
-2.68467
0.431426
3.87886
2.47314
-1.49311
-1.7596
-1.5639
-0.140355
2.11201
1.02401
-0.297262
100.008
100.041
99.9314
99.9186
100.121
100.138
99.8423
99.7846
100.165
100.316
99.8743
99.5717
100.015
100.528
100.177
99.4394
99.5452
100.458
100.777
99.8265
99.0231
99.5677
101.052
100.999
99.6156
98.194
99.5038
101.683
102.051
99.6586
96.0552
98.4767
102.412
108.499
100.252
81.6381
49.9114
19.1821
0.148766
-9.49197
-3.00254
-0.0907237
4.7831
3.27099
-1.61823
-1.80929
-3.09491
-0.61415
3.08946
1.48116
99.9861
100.057
100.002
99.8717
99.9952
100.2
100.033
99.7308
99.9013
100.322
100.211
99.6613
99.6353
100.277
100.55
99.8849
99.3028
99.8047
100.736
100.622
99.4417
98.992
99.9523
101.346
100.725
99.1596
98.1485
99.9746
102.111
101.784
99.1095
95.7568
98.9207
103.125
108.506
99.7876
80.8012
49.9112
20.0311
0.720624
-9.1455
-4.04382
-1.12549
4.86309
3.63746
0.0512376
-1.1584
-4.17877
-1.44759
1.19779
99.9695
100.024
100.098
99.9318
99.8256
100.092
100.264
99.9189
99.6353
100.019
100.461
100.115
99.4713
99.683
100.502
100.596
99.6427
99.1624
99.9713
101.013
100.546
99.1464
98.8519
100.206
101.68
100.607
98.862
97.8289
100.327
102.457
101.9
98.7921
95.146
99.1679
103.374
109.145
99.7321
79.9912
49.73
19.6752
1.61305
-8.29736
-4.38465
-1.2208
3.44772
3.0845
1.19451
-0.729849
-2.53722
-1.08492
99.9929
99.9487
100.075
100.103
99.8673
99.8286
100.169
100.263
99.8304
99.6235
100.113
100.497
100.022
99.4084
99.756
100.594
100.559
99.5313
99.1591
100.055
101.1
100.451
99.1053
98.7886
100.35
101.679
100.616
98.8106
97.7103
100.495
102.291
102.201
98.6022
95.1807
99.1457
103.025
109.658
99.4927
80.3853
49.6846
18.9162
2.01575
-8.78123
-3.72884
-0.3015
2.61069
3.33697
0.0270293
-1.84453
-0.777119
100.017
99.9532
99.975
100.108
100.045
99.8344
99.9132
100.212
100.157
99.7649
99.7416
100.214
100.383
99.8743
99.4961
99.9462
100.571
100.328
99.4778
99.3696
100.234
100.933
100.188
99.1417
99.068
100.549
101.364
100.399
98.7449
98.1895
100.663
102.018
101.9
98.2727
95.9122
99.2961
103.137
109.159
98.6923
81.0814
49.8702
19.7371
1.97358
-10.311
-3.66196
-0.726329
3.59577
5.41895
-0.96315
-2.28506
100.02
99.9799
99.9388
100.054
100.109
99.9244
99.8329
100.075
100.235
99.9596
99.694
99.9604
100.359
100.175
99.6371
99.6453
100.276
100.54
99.9517
99.323
99.7164
100.584
100.75
99.7054
99.0141
99.5721
100.941
101.198
99.7334
98.5099
98.728
101.233
102.188
100.997
97.759
96.0567
100.08
104.11
108.448
97.9413
80.1824
49.9542
21.604
2.4132
-10.114
-4.88236
-3.22109
4.25126
6.31191
0.893185
100.017
100.026
99.9106
99.9557
100.158
100.082
99.7837
99.8508
100.254
100.25
99.7498
99.6176
100.183
100.518
99.9859
99.3747
99.7554
100.606
100.591
99.6007
99.0813
99.9771
100.969
100.776
99.187
98.788
99.7999
101.526
101.289
99.1443
98.1301
98.6437
102.147
102.504
100.722
97.0924
95.2138
100.951
104.752
109.116
97.8106
78.3276
49.7567
21.5736
3.50801
-7.73194
-5.75784
-4.17143
2.64499
3.26087
99.9844
100.065
100.001
99.8543
99.9964
100.227
100.035
99.6963
99.8922
100.362
100.23
99.624
99.5997
100.313
100.586
99.8793
99.2443
99.8211
100.75
100.647
99.4165
98.9965
100.005
101.199
100.805
99.0265
98.6564
99.695
101.924
101.247
99.2916
97.7044
98.4529
102.465
102.472
101.467
96.4827
94.9419
100.792
104.297
110.567
97.7383
78.3952
49.6007
19.3859
4.27594
-7.16876
-5.10238
-1.03227
0.748957
99.9772
100.013
100.078
99.9582
99.8621
100.054
100.206
99.9617
99.7221
99.9844
100.342
100.12
99.6235
99.7281
100.342
100.46
99.7962
99.3704
99.9388
100.679
100.472
99.4226
99.2075
100.044
101.104
100.524
99.2333
98.7745
99.8611
101.653
100.935
99.61
97.7076
99.0149
101.822
102.224
101.57
96.4581
96.1621
100.026
103.951
110.213
96.9418
80.5439
49.7605
19.2207
4.27509
-10.7845
-4.41329
1.20424
99.9902
99.9859
100.051
100.024
99.9094
99.9558
100.125
100.082
99.8528
99.8613
100.147
100.213
99.8901
99.7061
100.02
100.354
100.13
99.6452
99.6771
100.244
100.509
100.005
99.415
99.63
100.429
100.74
99.9947
99.1752
99.3162
100.485
101.181
100.415
99.0353
98.4242
99.9288
101.707
101.881
100.007
96.8517
97.1893
100.754
104.91
107.896
95.8509
80.6365
49.9565
23.2992
4.45933
-13.2542
-5.37072
99.9969
99.9608
100.048
100.08
99.9156
99.8685
100.104
100.197
99.9036
99.7263
100.047
100.35
100.055
99.6032
99.7825
100.38
100.418
99.7491
99.4022
99.9602
100.703
100.391
99.5099
99.1347
100.117
100.959
100.628
99.3677
98.6412
99.9544
101.073
101.562
99.5752
98.0819
98.7542
100.45
103.185
101.354
98.7205
96.216
96.4571
103.206
106.102
107.496
95.4424
76.5423
49.8192
26.1495
5.56312
-6.79247
100.024
99.9467
99.954
100.126
100.082
99.8109
99.8565
100.233
100.236
99.7582
99.6429
100.19
100.494
99.9422
99.4019
99.8135
100.635
100.481
99.5382
99.1632
100.126
100.986
100.467
99.1905
98.8315
100.345
101.24
100.978
98.8093
98.3823
99.8147
101.53
102.315
99.0088
97.9973
97.6688
100.86
104.297
101.347
99.5917
94.1973
95.5549
103.949
105.882
111.104
95.503
73.7038
49.5506
20.0904
6.76538
100.019
100.015
99.9104
99.9794
100.158
100.045
99.7788
99.9006
100.27
100.189
99.715
99.6835
100.244
100.459
99.8886
99.4131
99.879
100.626
100.434
99.5292
99.1982
100.167
100.889
100.536
99.1265
99.0108
100.129
101.274
100.985
98.8738
98.6903
99.2148
101.827
101.877
99.6299
98.3839
96.8942
101.239
102.926
102.363
100.683
93.6149
96.7499
100.884
105.002
113.476
94.9095
79.729
49.5981
7.06098
99.9981
100.03
99.9803
99.9368
100.034
100.101
99.9641
99.8559
100.018
100.187
100.027
99.779
99.8957
100.228
100.207
99.8211
99.6746
100.071
100.389
100.148
99.5941
99.6497
100.203
100.57
100.121
99.4006
99.547
100.148
100.933
100.198
99.4512
99.0741
99.7936
101.297
100.643
100.165
98.3888
98.6703
100.952
101.164
102.355
99.1619
96.6028
98.8267
98.8818
105.48
107.049
93.583
92.703
49.8711
)
;

boundaryField
{
    left
    {
        type            fixedValue;
        value           uniform 100;
    }
    right
    {
        type            zeroGradient;
    }
    up
    {
        type            zeroGradient;
    }
    down
    {
        type            fixedValue;
        value           uniform 0;
    }
    frontAndBack
    {
        type            empty;
    }
}


// ************************************************************************* //
