/*--------------------------------*- C++ -*----------------------------------*\
  =========                 |
  \\      /  F ield         | OpenFOAM: The Open Source CFD Toolbox
   \\    /   O peration     | Website:  https://openfoam.org
    \\  /    A nd           | Version:  8
     \\/     M anipulation  |
\*---------------------------------------------------------------------------*/
FoamFile
{
    version     2.0;
    format      ascii;
    class       volScalarField;
    location    "0.244";
    object      T;
}
// * * * * * * * * * * * * * * * * * * * * * * * * * * * * * * * * * * * * * //

dimensions      [0 0 0 1 0 0 0];

internalField   nonuniform List<scalar> 
10000
(
49.9999
4.66157
-4.65989
-1.20206
1.19423
0.486985
-0.464322
-0.272385
0.223105
0.196031
-0.108392
-0.162836
0.0312858
0.135495
0.0306654
-0.0952495
-0.0743292
0.0374119
0.085756
0.025008
-0.0557229
-0.0635173
-0.00253954
0.0527944
0.0487131
-0.000774926
-0.0428145
-0.0421192
-0.00691902
0.0285583
0.0375276
0.0187789
-0.00932595
-0.0267966
-0.0254558
-0.0104762
0.0067752
0.0170662
0.0174872
0.0107336
0.00180101
-0.00515199
-0.00828996
-0.0079323
-0.00553412
-0.00264806
-0.000316755
0.00105867
0.00155213
0.00145913
0.0010943
0.000686202
0.000355029
0.000136176
1.68322e-05
-3.34698e-05
-4.45382e-05
-3.8019e-05
-2.6623e-05
-1.62925e-05
-8.89153e-06
-4.32246e-06
-1.82565e-06
-6.16757e-07
-1.11106e-07
5.61752e-08
8.36872e-08
6.6165e-08
4.21324e-08
2.36007e-08
1.20041e-08
5.6105e-09
2.41122e-09
9.42886e-10
3.25476e-10
9.09513e-11
1.3591e-11
-6.00593e-12
-7.56564e-12
-5.1459e-12
-2.84719e-12
-1.39904e-12
-6.30666e-13
-2.64438e-13
-1.036e-13
-3.78284e-14
-1.2732e-14
-3.84418e-15
-9.69478e-16
-1.53198e-16
2.77599e-17
4.21753e-17
2.67107e-17
1.3409e-17
5.95175e-18
2.42752e-18
9.25353e-19
3.31504e-19
1.13915e-19
2.96236e-20
95.3387
49.9993
10.5226
-4.65446
-2.88184
1.17549
1.22257
-0.420593
-0.691927
0.142206
0.470593
0.0167127
-0.336784
-0.131409
0.210271
0.202817
-0.0679222
-0.207206
-0.070237
0.129475
0.151808
0.00310559
-0.128416
-0.110477
0.0137194
0.108132
0.0920447
-0.00113307
-0.0801493
-0.0850331
-0.0261769
0.0418029
0.0709949
0.0509802
0.00483101
-0.0350954
-0.0490185
-0.036745
-0.0112539
0.0124005
0.0250542
0.0254232
0.0176179
0.0072792
-0.00129157
-0.00619021
-0.00754232
-0.00653435
-0.00451707
-0.00248879
-0.000957831
-3.80803e-05
0.000378441
0.000471856
0.000404526
0.000286593
0.000176358
9.52607e-05
4.4365e-05
1.65572e-05
3.49951e-06
-1.42796e-06
-2.51957e-06
-2.15632e-06
-1.46293e-06
-8.6575e-07
-4.61976e-07
-2.24833e-07
-9.96289e-08
-3.95339e-08
-1.33901e-08
-3.28893e-09
-2.39417e-11
6.79011e-10
5.99441e-10
3.81234e-10
2.07689e-10
1.02135e-10
4.63093e-11
1.95168e-11
7.64396e-12
2.75793e-12
8.95457e-13
2.46219e-13
4.59155e-14
-3.95211e-15
-1.02554e-14
-7.18415e-15
-3.85766e-15
-1.81173e-15
-7.77606e-16
-3.10781e-16
-1.16578e-16
-4.11e-17
-1.35547e-17
-4.12702e-18
-1.12419e-18
-2.53716e-19
-3.03516e-20
6.79339e-21
104.661
89.4776
49.9983
12.2021
-4.64333
-3.61829
1.14231
1.64626
-0.351842
-0.976218
0.0277099
0.661022
0.175408
-0.432713
-0.311556
0.201626
0.357206
0.0345699
-0.278326
-0.213329
0.0864351
0.247964
0.123037
-0.110704
-0.2037
-0.0919835
0.0873317
0.166373
0.0975379
-0.0373821
-0.124207
-0.110333
-0.0257571
0.0602942
0.0955403
0.0718726
0.0164794
-0.0346333
-0.0586708
-0.0529762
-0.0290765
-0.00213947
0.0170287
0.0247203
0.0228555
0.0158456
0.00788891
0.00160298
-0.00211211
-0.00353574
-0.00345396
-0.00266311
-0.00173008
-0.000952757
-0.000424235
-0.000122193
1.88961e-05
6.50899e-05
6.53784e-05
4.94049e-05
3.18776e-05
1.8277e-05
9.42335e-06
4.34419e-06
1.73829e-06
5.4907e-07
8.16861e-08
-6.03317e-08
-7.71635e-08
-5.77129e-08
-3.53397e-08
-1.91643e-08
-9.47577e-09
-4.31975e-09
-1.81703e-09
-6.98583e-10
-2.3897e-10
-6.75445e-11
-1.15533e-11
2.84135e-12
4.38978e-12
3.04884e-12
1.68525e-12
8.22206e-13
3.6734e-13
1.52671e-13
5.93742e-14
2.15865e-14
7.27562e-15
2.22595e-15
5.86709e-16
1.11937e-16
-9.56226e-19
-1.60825e-17
-1.13375e-17
-5.87989e-18
-2.64378e-18
-1.0807e-18
-4.22338e-19
-1.22982e-19
101.201
104.657
87.7979
49.9967
12.9397
-4.62464
-4.04686
1.09151
1.94275
-0.255028
-1.18889
-0.120353
0.788308
0.360593
-0.456692
-0.492297
0.117596
0.470593
0.189528
-0.271606
-0.35271
-0.0327332
0.276732
0.259984
-0.00990556
-0.233241
-0.215299
-0.0144731
0.169448
0.194054
0.071217
-0.0821782
-0.156021
-0.120061
-0.0205594
0.0710414
0.107808
0.0856378
0.0311733
-0.0222511
-0.0529906
-0.0566102
-0.0411654
-0.0188638
0.000489509
0.0121796
0.0160447
0.0144582
0.010342
0.00595627
0.0025211
0.000376519
-0.000657719
-0.000952067
-0.000859479
-0.000628745
-0.000397476
-0.000220927
-0.000106899
-4.27665e-05
-1.15045e-05
1.09562e-06
4.55945e-06
4.3309e-06
3.07814e-06
1.87745e-06
1.02661e-06
5.11459e-07
2.32643e-07
9.55583e-08
3.42624e-08
9.67684e-09
1.19401e-09
-1.00184e-09
-1.12482e-09
-7.70482e-10
-4.36871e-10
-2.20911e-10
-1.02493e-10
-4.41419e-11
-1.76932e-11
-6.56534e-12
-2.21814e-12
-6.54611e-13
-1.48756e-13
-1.0175e-14
1.55922e-14
1.34185e-14
7.74428e-15
3.78613e-15
1.6713e-15
6.83394e-16
2.61781e-16
9.42897e-17
3.18646e-17
1.00116e-17
2.86027e-18
7.07414e-19
1.22112e-19
4.78173e-22
98.8042
102.882
104.649
87.0599
49.9947
13.3716
-4.59659
-4.35431
1.02023
2.17867
-0.128089
-1.35359
-0.299906
0.858422
0.562281
-0.411192
-0.655017
-0.030279
0.523137
0.368559
-0.182903
-0.450575
-0.20089
0.218688
0.364721
0.146998
-0.172629
-0.298333
-0.161123
0.0815097
0.226801
0.190237
0.0339321
-0.116489
-0.17159
-0.122481
-0.0211325
0.0681167
0.10677
0.0926256
0.0478042
-0.000401138
-0.0333786
-0.0454372
-0.0407093
-0.0273814
-0.0129309
-0.00184331
0.0044883
0.00672059
0.00633777
0.00478078
0.00304637
0.00163963
0.000702425
0.000178267
-5.87556e-05
-0.000130023
-0.000123382
-9.08774e-05
-5.7656e-05
-3.25985e-05
-1.65747e-05
-7.51389e-06
-2.93105e-06
-8.75409e-07
-8.87348e-08
1.36037e-07
1.50602e-07
1.08305e-07
6.49909e-08
3.47634e-08
1.69985e-08
7.66898e-09
3.1901e-09
1.2096e-09
4.05238e-10
1.09775e-10
1.56215e-11
-7.22177e-12
-8.69628e-12
-5.76152e-12
-3.11647e-12
-1.5e-12
-6.63377e-13
-2.73311e-13
-1.054e-13
-3.79732e-14
-1.26566e-14
-3.81047e-15
-9.75201e-16
-1.70327e-16
1.29928e-17
3.27702e-17
2.16111e-17
1.09283e-17
4.8437e-18
1.96045e-18
7.59727e-19
2.19773e-19
99.5138
98.8199
103.619
104.635
86.6273
49.9922
13.6858
-4.5575
-4.60958
0.925961
2.38061
0.0300132
-1.47807
-0.506859
0.871564
0.768121
-0.299398
-0.780957
-0.225517
0.501052
0.539758
-0.0213989
-0.476358
-0.378959
0.0761721
0.394979
0.312801
-0.0266387
-0.29475
-0.293012
-0.0747142
0.161229
0.251594
0.169859
0.0039305
-0.132194
-0.173304
-0.123641
-0.0315055
0.0503001
0.0913674
0.089196
0.0594971
0.0224002
-0.00733986
-0.0236267
-0.0274088
-0.0231395
-0.0156405
-0.00836591
-0.00300207
0.000142307
0.00150743
0.00175591
0.00146616
0.00102171
0.000620243
0.00033036
0.00015101
5.43853e-05
9.82247e-06
-6.44632e-06
-9.59789e-06
-7.9279e-06
-5.28809e-06
-3.09509e-06
-1.63731e-06
-7.90516e-07
-3.47308e-07
-1.36294e-07
-4.53069e-08
-1.05703e-08
4.17838e-10
2.62093e-09
2.20847e-09
1.38085e-09
7.45154e-10
3.64064e-10
1.64221e-10
6.88925e-11
2.6858e-11
9.63864e-12
3.10634e-12
8.42598e-13
1.50365e-13
-1.8748e-14
-3.80412e-14
-2.60229e-14
-1.38413e-14
-6.46555e-15
-2.76489e-15
-1.10193e-15
-4.12373e-16
-1.45064e-16
-4.77325e-17
-1.44935e-17
-3.93214e-18
-8.80402e-19
-1.01152e-19
2.57499e-20
100.467
98.7765
98.8493
104.05
104.611
86.3121
49.9892
13.9526
-4.50573
-4.84185
0.806553
2.5591
0.219255
-1.56312
-0.7352
0.826297
0.964068
-0.127294
-0.852941
-0.446774
0.398764
0.671079
0.190892
-0.412106
-0.523029
-0.126418
0.326508
0.432868
0.16883
-0.187066
-0.349584
-0.241431
0.00824589
0.209426
0.25176
0.148673
-0.00885954
-0.127878
-0.163285
-0.123962
-0.0491253
0.0208342
0.062326
0.0715979
0.058005
0.0348629
0.012873
-0.00241029
-0.0100246
-0.0116937
-0.00995774
-0.0069899
-0.00415052
-0.00203348
-0.000720566
-4.6171e-05
0.000216561
0.000260031
0.000212656
0.00014477
8.67397e-05
4.65842e-05
2.24042e-05
9.43762e-06
3.2428e-06
6.66643e-07
-1.95776e-07
-3.56566e-07
-2.89768e-07
-1.85865e-07
-1.04324e-07
-5.31199e-08
-2.48867e-08
-1.07584e-08
-4.26126e-09
-1.51251e-09
-4.53302e-10
-9.22151e-11
8.04637e-12
2.35471e-11
1.77928e-11
1.02544e-11
5.15137e-12
2.35755e-12
1.00136e-12
3.97684e-13
1.47727e-13
5.09851e-14
1.60605e-14
4.42212e-15
9.32727e-16
5.20809e-17
-9.28276e-17
-7.39319e-17
-4.01804e-17
-1.85955e-17
-7.79808e-18
-3.03002e-18
-1.13188e-18
-3.17777e-19
100.272
100.427
98.3499
98.8958
104.36
104.578
86.044
49.9858
14.2026
-4.4397
-5.06434
0.660216
2.71734
0.438532
-1.60642
-0.977164
0.721649
1.13519
0.0953729
-0.857082
-0.668958
0.22028
0.734293
0.421581
-0.256302
-0.59288
-0.346947
0.160497
0.460613
0.356249
0.00483289
-0.293406
-0.348086
-0.176947
0.0659918
0.226038
0.238522
0.135789
-0.00229663
-0.104942
-0.141005
-0.118374
-0.0654696
-0.0112751
0.0263374
0.0426048
0.0418065
0.031659
0.0191234
0.00852544
0.00151465
-0.00207145
-0.00321389
-0.00299473
-0.00224075
-0.00144136
-0.000811224
-0.000394725
-0.000156391
-3.8919e-05
8.41504e-06
2.08585e-05
1.90933e-05
1.34656e-05
8.20934e-06
4.49542e-06
2.24146e-06
1.01752e-06
4.14452e-07
1.45093e-07
3.79272e-08
1.8899e-09
-6.59667e-09
-6.25202e-09
-4.10787e-09
-2.29084e-09
-1.14911e-09
-5.30583e-10
-2.27575e-10
-9.07287e-11
-3.33618e-11
-1.10759e-11
-3.14348e-12
-6.31759e-13
2.06798e-14
1.17459e-13
8.6903e-14
4.79522e-14
2.29708e-14
1.00264e-14
4.06971e-15
1.5497e-15
5.54717e-16
1.85928e-16
5.76631e-17
1.60973e-17
3.76168e-18
5.60316e-19
-1.07567e-19
-1.05538e-19
99.7737
100.695
100.361
98.0492
98.9625
104.619
104.532
85.7923
49.9819
14.4507
-4.35787
-5.28305
0.485532
2.85483
0.685651
-1.60442
-1.22345
0.558318
1.26658
0.354855
-0.784346
-0.865099
-0.0204237
0.708941
0.632126
-0.0252986
-0.56048
-0.533989
-0.0746879
0.371862
0.473291
0.227336
-0.127287
-0.340708
-0.316435
-0.124507
0.0912564
0.216935
0.218667
0.131884
0.0194704
-0.0670485
-0.105422
-0.10014
-0.0695911
-0.0331778
-0.0038528
0.0134396
0.0196589
0.0185112
0.0139345
0.00879378
0.00460271
0.00181511
0.00027909
-0.000382392
-0.000541895
-0.000472189
-0.000335088
-0.000207527
-0.000114754
-5.67405e-05
-2.46011e-05
-8.76522e-06
-1.96022e-06
4.19897e-07
9.20302e-07
7.7822e-07
5.1175e-07
2.93035e-07
1.51856e-07
7.23056e-08
3.17384e-08
1.27572e-08
4.59409e-09
1.39768e-09
2.89918e-10
-2.36623e-11
-7.41629e-11
-5.69229e-11
-3.32226e-11
-1.68838e-11
-7.8121e-12
-3.3532e-12
-1.34524e-12
-5.04596e-13
-1.75777e-13
-5.58544e-14
-1.5497e-14
-3.28302e-15
-1.73649e-16
3.41097e-16
2.7185e-16
1.48656e-16
6.92974e-17
2.92716e-17
1.1488e-17
4.22748e-18
1.49667e-18
4.00677e-19
99.8032
99.8516
100.985
100.268
97.8077
99.052
104.856
104.473
85.542
49.9775
14.7048
-4.25874
-5.50032
0.28147
2.96913
0.957338
-1.55346
-1.46353
0.339377
1.3443
0.633688
-0.631834
-1.00872
-0.300126
0.585729
0.783374
0.248142
-0.416857
-0.638031
-0.328371
0.174184
0.472624
0.408781
0.10248
-0.206976
-0.343677
-0.277977
-0.0956876
0.085835
0.18748
0.192336
0.130153
0.0464348
-0.0226304
-0.060565
-0.0683759
-0.0564698
-0.0367657
-0.018012
-0.00450304
0.00304753
0.00589963
0.0058892
0.00459844
0.00305585
0.00176723
0.000880392
0.000356033
8.99526e-05
-2.03984e-05
-5.05919e-05
-4.69547e-05
-3.35775e-05
-2.07392e-05
-1.14919e-05
-5.78878e-06
-2.64845e-06
-1.08267e-06
-3.76796e-07
-9.45395e-08
-7.00611e-11
2.11825e-08
1.90425e-08
1.23813e-08
6.89832e-09
3.46825e-09
1.60671e-09
6.91271e-10
2.76092e-10
1.01418e-10
3.34289e-11
9.26706e-12
1.6883e-12
-2.1597e-13
-4.45864e-13
-3.11003e-13
-1.68629e-13
-8.02673e-14
-3.49633e-14
-1.41875e-14
-5.4034e-15
-1.93352e-15
-6.468e-16
-1.9949e-16
-5.49293e-17
-1.23745e-17
-1.5089e-18
5.23262e-19
5.85608e-19
2.57214e-19
100.112
99.5229
99.9642
101.204
100.143
97.5985
99.1668
105.085
104.399
85.2851
49.9726
14.9693
-4.14085
-5.7165
0.0473962
3.05673
1.24926
-1.45036
-1.68596
0.0706884
1.3564
0.911411
-0.403671
-1.07651
-0.588229
0.368831
0.841768
0.519279
-0.175869
-0.62333
-0.538555
-0.0918636
0.338962
0.483068
0.319384
0.0138462
-0.235818
-0.319924
-0.245062
-0.0903771
0.0562665
0.141355
0.155538
0.119791
0.064605
0.014446
-0.0184035
-0.0325488
-0.0328425
-0.0258148
-0.0168169
-0.00901314
-0.00359919
-0.00051445
0.000853761
0.00119524
0.00104932
0.000751756
0.000469548
0.000261156
0.000129242
5.5515e-05
1.90485e-05
3.46664e-06
-1.8137e-06
-2.7274e-06
-2.18678e-06
-1.41286e-06
-8.03091e-07
-4.1454e-07
-1.96665e-07
-8.58317e-08
-3.41182e-08
-1.20003e-08
-3.44191e-09
-5.54944e-10
2.03322e-10
2.78469e-10
1.94521e-10
1.09686e-10
5.4799e-11
2.50962e-11
1.06901e-11
4.25719e-12
1.58228e-12
5.4359e-13
1.68554e-13
4.4394e-14
7.97088e-15
-6.29595e-16
-1.62339e-15
-1.09904e-15
-5.70419e-16
-2.59298e-16
-1.07914e-16
-4.19109e-17
-1.53187e-17
-5.27528e-18
-1.73423e-18
-4.30996e-19
100.165
99.9877
99.3251
100.112
101.377
99.9866
97.4113
99.309
105.311
104.308
85.0172
49.9673
15.2467
-4.00273
-5.93075
-0.216916
3.11356
1.55605
-1.29292
-1.87883
-0.238925
1.29385
1.16566
-0.111387
-1.05095
-0.849689
0.0766542
0.785344
0.738409
0.126219
-0.477897
-0.647018
-0.360836
0.0977563
0.413968
0.443286
0.242042
-0.0289732
-0.224167
-0.280627
-0.218203
-0.0995864
0.0132938
0.0844201
0.107092
0.0938981
0.0636653
0.032119
0.00811023
-0.00590478
-0.0114571
-0.0115786
-0.00913736
-0.00611288
-0.00353533
-0.0017384
-0.000669507
-0.000129656
8.75213e-05
0.000138272
0.000119986
8.37001e-05
5.1027e-05
2.79934e-05
1.39393e-05
6.26493e-06
2.47783e-06
7.99611e-07
1.50804e-07
-4.92181e-08
-8.02415e-08
-6.19759e-08
-3.81453e-08
-2.06542e-08
-1.01918e-08
-4.65013e-09
-1.96996e-09
-7.71718e-10
-2.75393e-10
-8.61876e-11
-2.11402e-11
-2.00935e-12
2.00994e-12
1.92687e-12
1.17986e-12
6.0566e-13
2.79524e-13
1.19221e-13
4.75655e-14
1.78263e-14
6.26474e-15
2.04664e-15
6.08747e-16
1.56701e-16
2.95903e-17
1.44015e-19
-3.76276e-18
-2.6156e-18
-1.38345e-18
-4.85289e-19
99.9658
100.347
99.8271
99.1895
100.294
101.511
99.797
97.2427
99.4801
105.537
104.199
84.7358
49.9613
15.5385
-3.84294
-6.14146
-0.511267
3.13527
1.87137
-1.08028
-2.03016
-0.577697
1.15144
1.37354
0.226287
-0.922805
-1.04881
-0.259216
0.608617
0.85957
0.43579
-0.219152
-0.615219
-0.558746
-0.188286
0.211603
0.421618
0.387507
0.192915
-0.0304619
-0.182738
-0.229043
-0.189338
-0.108244
-0.0273407
0.0291164
0.0552571
0.0572511
0.0456201
0.0297764
0.0156654
0.00574913
0.000107373
-0.00231313
-0.00278885
-0.00235039
-0.00165049
-0.00101489
-0.000553973
-0.000266025
-0.00010764
-3.13494e-05
-4.66069e-07
8.53511e-06
8.70588e-06
6.32195e-06
3.8985e-06
2.15182e-06
1.08489e-06
5.02623e-07
2.12982e-07
8.09826e-08
2.62314e-08
6.04874e-09
-1.33948e-10
-1.33707e-09
-1.11719e-09
-6.87544e-10
-3.65072e-10
-1.75745e-10
-7.82931e-11
-3.25475e-11
-1.26372e-11
-4.5539e-12
-1.49688e-12
-4.30213e-13
-9.50794e-14
-6.0399e-15
9.80482e-15
8.20808e-15
4.64235e-15
2.23004e-15
9.69097e-16
3.90834e-16
1.47972e-16
5.28168e-17
1.77511e-17
5.57879e-18
1.62352e-18
3.46867e-19
99.8599
100.132
100.45
99.6368
99.1108
100.506
101.607
99.5752
97.0935
99.6816
105.764
104.069
84.4391
49.9548
15.8458
-3.66005
-6.34653
-0.835018
3.11753
2.18799
-0.813146
-2.12841
-0.931124
0.928533
1.51326
0.584272
-0.692954
-1.15358
-0.597024
0.325437
0.849654
0.691185
0.106644
-0.437024
-0.624043
-0.435437
-0.0659036
0.253336
0.387988
0.333663
0.170941
-0.00278983
-0.121657
-0.16564
-0.149388
-0.101901
-0.0497981
-0.00924892
0.0144829
0.023461
0.0228127
0.0176421
0.0115637
0.00647887
0.00298943
0.000962495
-1.41188e-05
-0.000361299
-0.000395166
-0.00031029
-0.000205911
-0.00012127
-6.44685e-05
-3.09464e-05
-1.31894e-05
-4.73664e-06
-1.1859e-06
5.54102e-08
3.42959e-07
3.07528e-07
2.0449e-07
1.17112e-07
6.05743e-08
2.88456e-08
1.27324e-08
5.19994e-09
1.94194e-09
6.43197e-10
1.7353e-10
2.56493e-11
-1.00771e-11
-1.26305e-11
-8.37828e-12
-4.51762e-12
-2.16667e-12
-9.55667e-13
-3.9337e-13
-1.51964e-13
-5.50702e-14
-1.85904e-14
-5.74426e-15
-1.55816e-15
-3.27521e-16
-2.16261e-17
2.87633e-17
2.32051e-17
1.25325e-17
5.71958e-18
2.43864e-18
7.57282e-19
99.9699
99.7785
100.319
100.481
99.4264
99.0897
100.742
101.661
99.3231
96.9661
99.9144
105.991
103.919
84.1261
49.9477
16.1691
-3.45261
-6.54345
-1.18707
3.05609
2.49783
-0.494047
-2.16301
-1.28234
0.629636
1.56587
0.932647
-0.373544
-1.14012
-0.889662
-0.0309111
0.69632
0.834966
0.431952
-0.144397
-0.527657
-0.564389
-0.32846
-0.00533103
0.239224
0.330314
0.283507
0.16305
0.0360806
-0.0547671
-0.0967764
-0.0984818
-0.0770686
-0.0486478
-0.0236486
-0.00642517
0.0029531
0.00648988
0.00659259
0.00519181
0.00349003
0.00206151
0.00107066
0.000474892
0.000161881
2.15984e-05
-2.71269e-05
-3.45529e-05
-2.74786e-05
-1.80245e-05
-1.04614e-05
-5.51465e-06
-2.6635e-06
-1.17556e-06
-4.66372e-07
-1.58859e-07
-3.99524e-08
-1.21734e-09
7.41213e-09
6.74791e-09
4.34639e-09
2.39039e-09
1.18662e-09
5.4382e-10
2.32245e-10
9.25642e-11
3.42345e-11
1.15577e-11
3.42165e-12
7.88207e-13
6.26945e-14
-7.56479e-14
-6.71682e-14
-3.91704e-14
-1.92836e-14
-8.56737e-15
-3.52803e-15
-1.3629e-15
-4.96152e-16
-1.70064e-16
-5.45183e-17
-1.60749e-17
-4.21085e-18
-8.61425e-19
-7.32181e-20
100.101
99.7896
99.7833
100.511
100.439
99.2083
99.1287
100.996
101.669
99.0434
96.8644
100.179
106.216
103.745
83.7961
49.9399
16.5089
-3.21914
-6.72939
-1.56585
2.947
2.79212
-0.127456
-2.1249
-1.61268
0.264765
1.51704
1.23878
0.0119308
-0.996766
-1.09093
-0.410827
0.413087
0.827016
0.681835
0.19661
-0.285842
-0.527716
-0.484381
-0.258543
0.00173429
0.186508
0.256121
0.229128
0.150911
0.0652996
-0.000371815
-0.0371133
-0.0486428
-0.0440849
-0.0324983
-0.0202204
-0.0104588
-0.00406154
-0.000573788
0.00091247
0.00126108
0.00109418
0.000777507
0.000483974
0.000270065
0.000135541
6.02887e-05
2.26284e-05
6.00961e-06
-1.29133e-07
-1.69026e-06
-1.59333e-06
-1.09745e-06
-6.47959e-07
-3.44605e-07
-1.68401e-07
-7.61427e-08
-3.17917e-08
-1.21057e-08
-4.06897e-09
-1.10005e-09
-1.49308e-10
8.12615e-11
9.44714e-11
6.26876e-11
3.41732e-11
1.66214e-11
7.4424e-12
3.11014e-12
1.21925e-12
4.47925e-13
1.53013e-13
4.76787e-14
1.29379e-14
2.64459e-15
9.46497e-17
-3.00984e-16
-2.29557e-16
-1.23158e-16
-5.6685e-17
-2.37223e-17
-9.21887e-18
-3.45233e-18
-9.73075e-19
100.077
100.075
99.624
99.8678
100.687
100.327
98.9971
99.2299
101.258
101.627
98.7402
96.7926
100.476
106.437
103.548
83.4486
49.9314
16.8654
-2.95818
-6.90129
-1.96927
2.7867
3.06146
0.280069
-2.00706
-1.90236
-0.150509
1.35879
1.47003
0.429722
-0.727204
-1.16256
-0.75473
0.0401579
0.655769
0.791766
0.50009
0.0394408
-0.32994
-0.475425
-0.407819
-0.22249
-0.0258034
0.112534
0.171303
0.164866
0.122338
0.0709387
0.0279423
6.53323e-06
-0.0136099
-0.0170715
-0.0149884
-0.0108903
-0.00685493
-0.00376478
-0.0017595
-0.000633831
-9.59811e-05
0.000105635
0.00014387
0.000119145
8.08495e-05
4.83622e-05
2.61924e-05
1.29545e-05
5.82974e-06
2.34147e-06
7.94726e-07
1.87339e-07
-1.04838e-08
-5.15731e-08
-4.40756e-08
-2.81663e-08
-1.55712e-08
-7.80422e-09
-3.61578e-09
-1.56045e-09
-6.2734e-10
-2.33133e-10
-7.84609e-11
-2.2715e-11
-4.76671e-12
2.35248e-14
7.98312e-13
6.15385e-13
3.47266e-13
1.69426e-13
7.52465e-14
3.10883e-14
1.20651e-14
4.41191e-15
1.51671e-15
4.85916e-16
1.4217e-16
3.6197e-17
6.86836e-18
1.72561e-19
-8.11397e-19
-4.36218e-19
99.9586
100.221
99.9688
99.4984
100.022
100.827
100.15
98.8086
99.3939
101.516
101.531
98.4186
96.7556
100.804
106.652
103.324
83.0831
49.9221
17.239
-2.66819
-7.0558
-2.39472
2.57216
3.29603
0.719828
-1.80507
-2.13143
-0.595317
1.09091
1.5968
0.838203
-0.352113
-1.08123
-1.00215
-0.359975
0.344695
0.725538
0.682501
0.355048
-0.0315022
-0.302982
-0.39475
-0.336439
-0.201974
-0.0625512
0.0385374
0.0889187
0.097271
0.0806228
0.054961
0.0308767
0.0131795
0.00252931
-0.00253595
-0.00404553
-0.00374017
-0.00278309
-0.00179856
-0.00103512
-0.000532013
-0.000239766
-8.90528e-05
-2.11736e-05
3.93062e-06
9.83006e-06
8.68459e-06
5.92205e-06
3.50913e-06
1.8809e-06
9.26759e-07
4.21612e-07
1.76224e-07
6.64742e-08
2.1591e-08
5.18067e-09
1.34785e-10
-9.02876e-10
-7.89395e-10
-4.90924e-10
-2.61482e-10
-1.2606e-10
-5.6274e-11
-2.34915e-11
-9.19427e-12
-3.36189e-12
-1.1351e-12
-3.44261e-13
-8.72876e-14
-1.38576e-14
2.56258e-15
3.90379e-15
2.4949e-15
1.26586e-15
5.68639e-16
2.35066e-16
9.09688e-17
3.32133e-17
1.14506e-17
3.78057e-18
9.46137e-19
99.9077
100.073
100.302
99.803
99.4352
100.23
100.913
99.9155
98.6589
99.6186
101.76
101.378
98.0847
96.758
101.164
106.857
103.073
82.6992
49.9119
17.6297
-2.34761
-7.18937
-2.83904
2.30095
3.4857
1.18096
-1.51765
-2.28068
-1.04413
0.722153
1.59586
1.19151
0.0911416
-0.844302
-1.10247
-0.712228
-0.048335
0.488597
0.687752
0.563923
0.267726
-0.0328189
-0.230257
-0.296668
-0.26133
-0.17537
-0.0840388
-0.0140379
0.0264922
0.0415931
0.0402357
0.0311824
0.0205963
0.0117161
0.00557425
0.00195546
0.000164578
-0.000515279
-0.000628283
-0.000514344
-0.000351004
-0.000211976
-0.00011579
-5.74979e-05
-2.57318e-05
-1.00668e-05
-3.14015e-06
-4.85252e-07
3.07233e-07
4.02694e-07
3.00939e-07
1.839e-07
9.97497e-08
4.95282e-08
2.28051e-08
9.77347e-09
3.88376e-09
1.41147e-09
4.53428e-10
1.16911e-10
1.4619e-11
-8.58378e-12
-9.36296e-12
-5.97897e-12
-3.15428e-12
-1.48954e-12
-6.49292e-13
-2.64881e-13
-1.01697e-13
-3.6745e-14
-1.24233e-14
-3.87372e-15
-1.07748e-15
-2.44178e-16
-2.90574e-17
1.17594e-17
1.20415e-17
6.82986e-18
3.31494e-18
1.11453e-18
99.9741
99.857
100.229
100.3
99.607
99.4513
100.471
100.928
99.6379
98.5636
99.8991
101.976
101.166
97.7457
96.8046
101.553
107.051
102.792
82.2965
49.9007
18.0378
-1.99484
-7.29819
-3.29844
1.97143
3.62026
1.6505
-1.14717
-2.33291
-1.46776
0.270784
1.45362
1.44429
0.551144
-0.473414
-1.02578
-0.942989
-0.44017
0.132096
0.507765
0.597912
0.462773
0.227851
0.00701692
-0.136412
-0.191225
-0.179206
-0.13274
-0.079327
-0.0353226
-0.00650225
0.00826188
0.0130913
0.0123679
0.00941095
0.00619484
0.00360594
0.00185151
0.000812677
0.000273046
3.35649e-05
-4.85882e-05
-6.04195e-05
-4.78209e-05
-3.13746e-05
-1.82701e-05
-9.6911e-06
-4.72694e-06
-2.11817e-06
-8.61273e-07
-3.07113e-07
-8.68653e-08
-1.11879e-08
8.49451e-09
9.76079e-09
6.74443e-09
3.85571e-09
1.96925e-09
9.255e-10
4.05458e-10
1.66328e-10
6.37763e-11
2.26486e-11
7.28499e-12
2.00766e-12
3.91662e-13
-1.39007e-14
-7.0739e-14
-5.11934e-14
-2.7753e-14
-1.31004e-14
-5.65089e-15
-2.27407e-15
-8.61938e-16
-3.08725e-16
-1.04342e-16
-3.30349e-17
-9.6514e-18
-2.50366e-18
-4.43906e-19
100.062
99.8342
99.9007
100.385
100.208
99.4148
99.5552
100.717
100.86
99.3344
98.5366
100.227
102.151
100.894
97.4097
96.9001
101.97
107.23
102.481
81.8748
49.8884
18.4635
-1.60818
-7.37821
-3.76853
1.58285
3.68962
2.11346
-0.700051
-2.27407
-1.83487
-0.235441
1.16899
1.55728
0.967537
-0.0146456
-0.771728
-0.996502
-0.739607
-0.255549
0.190871
0.4453
0.485277
0.375787
0.207863
0.0540461
-0.0488628
-0.0959015
-0.100627
-0.0819679
-0.0558656
-0.0321407
-0.0148949
-0.00442672
0.000776566
0.00263197
0.00273646
0.00214839
0.00144296
0.00086316
0.000466004
0.000226469
9.6934e-05
3.41833e-05
7.54528e-06
-1.68684e-06
-3.60799e-06
-3.04933e-06
-2.01346e-06
-1.16193e-06
-6.09271e-07
-2.95034e-07
-1.32655e-07
-5.52455e-08
-2.10534e-08
-7.11915e-09
-1.96158e-09
-2.96123e-10
1.19047e-10
1.5249e-10
1.0345e-10
5.7078e-11
2.80297e-11
1.26698e-11
5.35083e-12
2.12458e-12
7.93472e-13
2.77295e-13
8.94519e-14
2.5817e-14
6.13258e-15
8.23561e-16
-2.57662e-16
-2.98256e-16
-1.78104e-16
-8.65353e-17
-3.75605e-17
-1.50257e-17
-5.78965e-18
-1.67329e-18
100.07
99.9992
99.724
100.031
100.499
100.033
99.2619
99.745
100.941
100.704
99.0265
98.5894
100.592
102.274
100.565
97.0857
97.0486
102.414
107.39
102.137
81.4334
49.8748
18.907
-1.18589
-7.42514
-4.24421
1.13547
3.6841
2.55304
-0.187158
-2.09464
-2.11377
-0.760129
0.755609
1.50321
1.27843
0.465403
-0.374316
-0.850336
-0.869981
-0.569755
-0.167437
0.161151
0.335278
0.360288
0.288569
0.180395
0.0801266
0.00937848
-0.0287358
-0.0413888
-0.0387401
-0.0295214
-0.0194033
-0.0111478
-0.00550694
-0.00217629
-0.000487513
0.000207506
0.00038796
0.000350332
0.000250687
0.00015655
8.82744e-05
4.55205e-05
2.14831e-05
9.17414e-06
3.42898e-06
1.01611e-06
1.388e-07
-1.05735e-07
-1.27439e-07
-9.16264e-08
-5.43729e-08
-2.87782e-08
-1.39958e-08
-6.33598e-09
-2.68176e-09
-1.05903e-09
-3.86365e-10
-1.27128e-10
-3.54882e-11
-6.72901e-12
5.90325e-13
1.56119e-12
1.11683e-12
6.13377e-13
2.95161e-13
1.30076e-13
5.35204e-14
2.07419e-14
7.59335e-15
2.62079e-15
8.46279e-16
2.51229e-16
6.58595e-17
1.35407e-17
1.05241e-18
-1.07926e-18
-6.53261e-19
100.002
100.146
99.8649
99.6863
100.219
100.536
99.7968
99.181
100.008
101.111
100.462
98.7382
98.7292
100.978
102.33
100.181
96.7834
97.2541
102.881
107.528
101.758
80.972
49.8599
19.3685
-0.726107
-7.43438
-4.71965
0.630738
3.59468
2.95089
0.375962
-1.79088
-2.27471
-1.26002
0.242891
1.27242
1.42956
0.888049
0.0995836
-0.525814
-0.792048
-0.719975
-0.452657
-0.148672
0.0845746
0.207749
0.233037
0.196562
0.13556
0.0763353
0.0318104
0.00457712
-0.00846345
-0.0122285
-0.011156
-0.00831759
-0.00541343
-0.00314392
-0.00163124
-0.000741291
-0.000276249
-6.40652e-05
1.53152e-05
3.40143e-05
3.00201e-05
2.0668e-05
1.24112e-05
6.75711e-06
3.38886e-06
1.5733e-06
6.73705e-07
2.62211e-07
8.93249e-08
2.38073e-08
2.45601e-09
-2.65864e-09
-2.7578e-09
-1.8249e-09
-1.01138e-09
-5.03571e-10
-2.31602e-10
-9.9628e-11
-4.02749e-11
-1.52873e-11
-5.41042e-12
-1.75518e-12
-5.01427e-13
-1.12197e-13
-9.12494e-15
9.73672e-15
8.51964e-15
4.85965e-15
2.34114e-15
1.01979e-15
4.12827e-16
1.57307e-16
5.67424e-17
1.93705e-17
6.3398e-18
1.57574e-18
99.9392
100.125
100.129
99.7066
99.7464
100.425
100.473
99.5337
99.1975
100.321
101.201
100.144
98.495
98.9592
101.368
102.31
99.7482
96.5133
97.5198
103.368
107.639
101.343
80.4898
49.8433
19.8484
-0.226893
-7.40103
-5.18822
0.0714722
3.41337
3.28749
0.968985
-1.36617
-2.29249
-1.68779
-0.324413
0.877335
1.38439
1.17523
0.559343
-0.089578
-0.520865
-0.661593
-0.572592
-0.369174
-0.155916
0.00474779
0.093994
0.12214
0.111421
0.0834885
0.0534763
0.0291646
0.0127776
0.00341929
-0.000958045
-0.00237781
-0.00234728
-0.00179186
-0.00118158
-0.000698707
-0.000375517
-0.000183392
-8.01895e-05
-3.00454e-05
-8.34192e-06
-3.63617e-07
1.74656e-06
1.74766e-06
1.22361e-06
7.28734e-07
3.90873e-07
1.93264e-07
8.89596e-08
3.82013e-08
1.52309e-08
5.55634e-09
1.7901e-09
4.60465e-10
5.45564e-11
-3.73846e-11
-3.97422e-11
-2.54428e-11
-1.35293e-11
-6.45568e-12
-2.84862e-12
-1.17847e-12
-4.59784e-13
-1.69302e-13
-5.85877e-14
-1.88404e-14
-5.49037e-15
-1.36215e-15
-2.29321e-16
1.94158e-17
4.40013e-17
2.8367e-17
1.4047e-17
6.33812e-18
2.04658e-18
99.9441
99.9822
100.235
100.016
99.5803
99.9057
100.597
100.302
99.2864
99.3255
100.651
101.188
99.7691
98.3221
99.2768
101.743
102.204
99.2749
96.2861
97.8485
103.871
107.719
100.889
79.9863
49.8249
20.347
0.313825
-7.31986
-5.64239
-0.537971
3.13362
3.54263
1.56688
-0.832143
-2.14935
-1.99585
-0.888487
0.35506
1.13361
1.26498
0.907112
0.356476
-0.129555
-0.417713
-0.496425
-0.427167
-0.290746
-0.151769
-0.0457378
0.0177731
0.0451187
0.048686
0.0403221
0.0284235
0.0176031
0.00960912
0.0045144
0.00167375
0.000310332
-0.000214004
-0.000328785
-0.000281878
-0.000195802
-0.0001198
-6.65874e-05
-3.40338e-05
-1.60235e-05
-6.89247e-06
-2.64361e-06
-8.46268e-07
-1.74556e-07
2.98918e-08
6.48414e-08
5.12926e-08
3.16474e-08
1.71301e-08
8.4724e-09
3.89749e-09
1.68039e-09
6.79957e-10
2.57095e-10
8.96988e-11
2.80483e-11
7.28069e-12
1.13607e-12
-2.80386e-13
-3.93019e-13
-2.56033e-13
-1.33878e-13
-6.22064e-14
-2.66509e-14
-1.0705e-14
-4.06286e-15
-1.4606e-15
-4.96479e-16
-1.58472e-16
-4.67503e-17
-1.2346e-17
-2.60761e-18
-2.61506e-19
100.002
99.8724
100.106
100.275
99.8324
99.537
100.14
100.689
100.04
99.1007
99.5642
100.959
101.059
99.3626
98.2425
99.6735
102.081
102.006
98.7714
96.1133
98.242
104.385
107.763
100.394
79.4605
49.8044
20.8645
0.898257
-7.18525
-6.07368
-1.19147
2.75071
3.69605
2.14022
-0.209567
-1.83789
-2.14111
-1.38296
-0.233288
0.701997
1.1272
1.06022
0.698284
0.266686
-0.0771763
-0.270426
-0.32398
-0.285126
-0.205471
-0.123151
-0.0582916
-0.0164166
0.00549344
0.0136492
0.0140922
0.0112434
0.00771569
0.00471971
0.00260206
0.00128656
0.000555574
0.000192968
3.63575e-05
-1.79271e-05
-2.81183e-05
-2.3122e-05
-1.53333e-05
-8.97578e-06
-4.79538e-06
-2.37172e-06
-1.09098e-06
-4.65516e-07
-1.82098e-07
-6.34136e-08
-1.81546e-08
-3.0115e-09
9.73472e-10
1.39893e-09
9.88975e-10
5.63428e-10
2.84991e-10
1.32625e-10
5.76991e-11
2.36352e-11
9.1309e-12
3.316e-12
1.12102e-12
3.45127e-13
9.17717e-14
1.76881e-14
-1.75064e-16
-2.6357e-15
-1.88977e-15
-1.00012e-15
-4.59992e-16
-1.9352e-16
-7.61454e-17
-2.82505e-17
-1.01659e-17
-2.77995e-18
100.051
99.891
99.894
100.255
100.208
99.6323
99.6095
100.403
100.663
99.7196
99.018
99.8966
101.203
100.811
98.9573
98.275
100.135
102.358
101.711
98.2503
96.0061
98.7015
104.906
107.768
99.8562
78.9117
49.7813
21.4015
1.52877
-6.99117
-6.47253
-1.88088
2.26234
3.72823
2.65587
0.47108
-1.36408
-2.09074
-1.73997
-0.807315
0.150726
0.776869
0.976264
0.843677
0.547438
0.237578
0.00304459
-0.129248
-0.173616
-0.16135
-0.12316
-0.0807854
-0.0456888
-0.0214596
-0.00716084
-8.41617e-05
0.0025669
0.00293825
0.00238995
0.00164483
0.00100948
0.000563832
0.00028829
0.000134236
5.57517e-05
1.94964e-05
4.6462e-06
-4.10893e-07
-1.52106e-06
-1.32852e-06
-8.79151e-07
-5.05567e-07
-2.64365e-07
-1.28168e-07
-5.80968e-08
-2.46652e-08
-9.76635e-09
-3.56116e-09
-1.16077e-09
-3.12484e-10
-4.93227e-11
1.43861e-11
1.98989e-11
1.33709e-11
7.24394e-12
3.49061e-12
1.55094e-12
6.45904e-13
2.54056e-13
9.46121e-14
3.32988e-14
1.09993e-14
3.3575e-15
9.14817e-16
2.02436e-16
2.26684e-17
-1.03484e-17
-9.98834e-18
-5.84446e-18
-2.15094e-18
100.051
100.002
99.7982
100.015
100.361
100.036
99.4803
99.8018
100.635
100.503
99.3927
99.0684
100.29
101.344
100.452
98.5903
98.4323
100.639
102.553
101.321
97.727
95.9761
99.2269
105.428
107.726
99.2719
78.3385
49.7554
21.9583
2.2079
-6.73109
-6.82822
-2.59577
1.66924
3.62144
3.07794
1.16949
-0.749927
-1.82846
-1.89935
-1.27641
-0.426565
0.28065
0.673861
0.757615
0.63345
0.421991
0.215064
0.0606791
-0.0301823
-0.0683947
-0.0725347
-0.0598142
-0.0422431
-0.0263535
-0.0145946
-0.00704721
-0.00278109
-0.00068117
0.000171636
0.000400992
0.000371761
0.000268539
0.00016903
9.63951e-05
5.06211e-05
2.46099e-05
1.10447e-05
4.51597e-06
1.62642e-06
4.68356e-07
6.474e-08
-4.32713e-08
-5.21318e-08
-3.68657e-08
-2.15187e-08
-1.12305e-08
-5.40495e-09
-2.43284e-09
-1.03036e-09
-4.10901e-10
-1.53619e-10
-5.32097e-11
-1.66278e-11
-4.38257e-12
-7.53022e-13
1.05165e-13
1.95145e-13
1.31281e-13
6.93019e-14
3.23139e-14
1.38687e-14
5.58091e-15
2.12446e-15
7.67741e-16
2.63295e-16
8.52871e-17
2.58278e-17
7.17806e-18
1.44516e-18
100.008
100.099
99.8806
99.79
100.196
100.363
99.7966
99.4363
100.085
100.773
100.22
99.1181
99.2642
100.696
101.35
100.007
98.3004
98.7188
101.16
102.644
100.837
97.2188
96.0341
99.817
105.943
107.633
98.6384
77.7398
49.7259
22.5353
2.93837
-6.39797
-7.12863
-3.323
0.975905
3.36088
3.36915
1.83616
-0.0353134
-1.36045
-1.81924
-1.55345
-0.916668
-0.249868
0.237197
0.481111
0.519859
0.433706
0.300335
0.172927
0.0769989
0.017337
-0.0125228
-0.0226132
-0.022022
-0.0171371
-0.0116091
-0.0070567
-0.0038857
-0.00192935
-0.000843779
-0.000303017
-6.64919e-05
1.82493e-05
3.67382e-05
3.16322e-05
2.14691e-05
1.27863e-05
6.94201e-06
3.49328e-06
1.64014e-06
7.18533e-07
2.9171e-07
1.07796e-07
3.47085e-08
8.51516e-09
5.18738e-10
-1.18287e-09
-1.08637e-09
-6.84025e-10
-3.66877e-10
-1.78236e-10
-8.04489e-11
-3.41416e-11
-1.36944e-11
-5.19479e-12
-1.85654e-12
-6.18859e-13
-1.88245e-13
-4.95958e-14
-9.54372e-15
2.29882e-17
1.34257e-15
9.63534e-16
5.07817e-16
2.32478e-16
9.74416e-17
3.81194e-17
1.44693e-17
4.14897e-18
99.9638
100.107
100.048
99.7564
99.8964
100.366
100.236
99.5583
99.536
100.402
100.769
99.8529
98.9542
99.5953
101.061
101.2
99.5112
98.1247
99.1295
101.665
102.613
100.271
96.7453
96.1908
100.469
106.443
107.482
97.9525
77.1138
49.6922
23.1331
3.72315
-5.9841
-7.36016
-4.04648
0.191308
2.93624
3.49308
2.4143
0.721787
-0.720368
-1.48798
-1.5741
-1.21151
-0.684001
-0.205582
0.118727
0.275741
0.304521
0.25941
0.18689
0.116704
0.0625667
0.027102
0.00720241
-0.00201253
-0.00499655
-0.00495201
-0.00380966
-0.00254275
-0.00153029
-0.000843364
-0.000427243
-0.000197743
-8.18935e-05
-2.86882e-05
-6.94891e-06
4.73211e-07
2.13637e-06
1.89181e-06
1.2608e-06
7.2963e-07
3.84226e-07
1.87885e-07
8.61024e-08
3.70868e-08
1.49804e-08
5.62551e-09
1.92485e-09
5.71884e-10
1.26628e-10
3.34496e-12
-1.87933e-11
-1.54456e-11
-9.05966e-12
-4.57581e-12
-2.10496e-12
-9.03151e-13
-3.65579e-13
-1.40334e-13
-5.1141e-14
-1.76443e-14
-5.71872e-15
-1.71263e-15
-4.56779e-16
-9.79899e-17
-9.67573e-18
5.58987e-18
5.363e-18
2.2898e-18
99.9517
100.034
100.16
99.9089
99.7093
100.095
100.446
99.9952
99.4007
99.7777
100.675
100.601
99.4634
98.9472
100.027
101.327
100.894
99.0112
98.095
99.6483
102.118
102.444
99.6347
96.3282
96.4557
101.18
106.92
107.266
97.2102
76.4586
49.6536
23.7521
4.56543
-5.48115
-7.50758
-4.74664
-0.669886
2.34381
3.41728
2.84314
1.44644
0.0265732
-0.936765
-1.32011
-1.24203
-0.913759
-0.527399
-0.204243
0.00833389
0.114738
0.144094
0.129654
0.0977783
0.0647666
0.0382085
0.019947
0.00889656
0.00300385
0.000309007
-0.000648886
-0.000796685
-0.000645739
-0.000438139
-0.000265509
-0.000147466
-7.58977e-05
-3.62956e-05
-1.60531e-05
-6.46902e-06
-2.28871e-06
-6.37984e-07
-7.35029e-08
7.17661e-08
7.92941e-08
5.49135e-08
3.17812e-08
1.65312e-08
7.95522e-09
3.58992e-09
1.52844e-09
6.14759e-10
2.32864e-10
8.2325e-11
2.6631e-11
7.52568e-12
1.6103e-12
6.61744e-14
-1.95222e-13
-1.56989e-13
-8.85435e-14
-4.28868e-14
-1.89206e-14
-7.79353e-15
-3.03328e-15
-1.12183e-15
-3.9491e-16
-1.32067e-16
-4.16967e-17
-1.23876e-17
-2.75447e-18
99.9752
99.9452
100.145
100.107
99.7504
99.7898
100.315
100.381
99.7053
99.3899
100.117
100.827
100.282
99.1286
99.1209
100.504
101.44
100.448
98.5621
98.2339
100.248
102.482
102.127
98.9485
95.9904
96.8369
101.942
107.363
106.978
96.4074
75.7721
49.6087
24.3927
5.46856
-4.88005
-7.55367
-5.39966
-1.58588
1.58898
3.11678
3.06185
2.04964
0.782593
-0.247868
-0.83776
-1.00826
-0.8948
-0.65104
-0.393898
-0.187543
-0.0517227
0.0209448
0.0488788
0.0509247
0.0413999
0.0291019
0.0183293
0.0104758
0.0054287
0.00251048
0.000988216
0.000281681
2.85767e-06
-7.71088e-05
-7.86281e-05
-5.76652e-05
-3.62237e-05
-2.0562e-05
-1.07876e-05
-5.28437e-06
-2.42493e-06
-1.04003e-06
-4.13065e-07
-1.4863e-07
-4.59083e-08
-1.01463e-08
2.43196e-10
2.13335e-09
1.74058e-09
1.05399e-09
5.54447e-10
2.66396e-10
1.19479e-10
5.055e-11
2.02699e-11
7.70841e-12
2.77109e-12
9.33664e-13
2.89509e-13
7.92666e-14
1.69868e-14
1.25809e-15
-1.44174e-15
-1.2099e-15
-6.71079e-16
-3.16034e-16
-1.35202e-16
-5.38115e-17
-2.07973e-17
-6.06243e-18
100.012
99.9044
100.036
100.209
99.9527
99.6632
99.9913
100.464
100.167
99.4585
99.5552
100.474
100.802
99.8627
98.9254
99.4678
100.953
101.365
99.9008
98.2213
98.5506
100.888
102.717
101.662
98.2374
95.7563
97.3411
102.749
107.762
106.609
95.5392
75.0512
49.5563
25.0552
6.43619
-4.17069
-7.47875
-5.97686
-2.52668
0.688298
2.57802
3.01583
2.43655
1.42595
0.45152
-0.237395
-0.587279
-0.66406
-0.575877
-0.421235
-0.266425
-0.144123
-0.0623803
-0.015693
0.00625519
0.0134137
0.0132027
0.0102385
0.00692364
0.00423374
0.00237632
0.00122933
0.000583321
0.000249469
9.18369e-05
2.50695e-05
9.34186e-07
-5.34872e-06
-5.31462e-06
-3.72957e-06
-2.23835e-06
-1.21612e-06
-6.12641e-07
-2.89412e-07
-1.28811e-07
-5.40163e-08
-2.1239e-08
-7.73614e-09
-2.54098e-09
-7.02996e-10
-1.25989e-10
1.95618e-11
3.69763e-11
2.60669e-11
1.44549e-11
7.08707e-12
3.20087e-12
1.35678e-12
5.44757e-13
2.08055e-13
7.5637e-14
2.61042e-14
8.49236e-15
2.56618e-15
6.97754e-16
1.57192e-16
2.03179e-17
-5.59087e-18
-6.78672e-18
-3.02727e-18
100.037
99.9288
99.9182
100.167
100.158
99.764
99.7156
100.246
100.462
99.8562
99.3474
99.8731
100.749
100.579
99.4273
98.9145
99.9461
101.294
101.088
99.3117
98.0431
99.0379
101.521
102.79
101.053
97.5324
95.6506
97.9724
103.59
108.102
106.149
94.5996
74.2924
49.4942
25.7397
7.4724
-3.3419
-7.26084
-6.4447
-3.45328
-0.327501
1.80578
2.66922
2.52528
1.83538
1.01722
0.334631
-0.108756
-0.321998
-0.368547
-0.321394
-0.238692
-0.156443
-0.0912353
-0.046736
-0.0199947
-0.00590021
0.00037399
0.00242427
0.00253578
0.00196892
0.00131605
0.000794495
0.000442138
0.000228808
0.000110291
4.92688e-05
2.00958e-05
7.21906e-06
2.05962e-06
2.60842e-07
-2.18183e-07
-2.52826e-07
-1.7911e-07
-1.05642e-07
-5.59655e-08
-2.74428e-08
-1.26337e-08
-5.49777e-09
-2.26663e-09
-8.84017e-10
-3.24202e-10
-1.10321e-10
-3.38396e-11
-8.69076e-12
-1.38574e-12
2.83495e-13
4.26278e-13
2.78862e-13
1.45768e-13
6.77625e-14
2.91161e-14
1.17705e-14
4.51674e-15
1.65192e-15
5.76238e-16
1.91227e-16
5.99655e-17
1.76934e-17
3.90741e-18
100.036
99.9915
99.8647
100.033
100.243
99.9891
99.6445
99.9139
100.446
100.282
99.5504
99.4319
100.267
100.853
100.189
99.076
99.1235
100.481
101.454
100.623
98.7551
98.071
99.6693
102.09
102.67
100.317
96.8701
95.6979
98.7322
104.451
108.368
105.588
93.5819
73.4915
49.4202
26.4463
8.5811
-2.38221
-6.87614
-6.76426
-4.31485
-1.40686
0.835576
2.02481
2.27564
1.92752
1.33247
0.74424
0.29333
0.0118668
-0.125318
-0.164523
-0.150222
-0.114942
-0.0778604
-0.0476712
-0.0265133
-0.0132862
-0.00582711
-0.00205023
-0.000376543
0.000222914
0.000342694
0.000288544
0.000197672
0.000120194
6.7054e-05
3.48464e-05
1.69833e-05
7.77328e-06
3.32881e-06
1.31945e-06
4.72365e-07
1.4367e-07
2.97645e-08
-2.76338e-09
-8.14339e-09
-6.37349e-09
-3.83007e-09
-2.01909e-09
-9.7666e-10
-4.42276e-10
-1.8938e-10
-7.70347e-11
-2.97988e-11
-1.09362e-11
-3.78279e-12
-1.21616e-12
-3.52732e-13
-8.55132e-14
-1.26341e-14
2.79007e-15
3.77818e-15
2.34377e-15
1.16997e-15
5.21167e-16
2.15237e-16
8.35926e-17
3.1697e-17
9.12289e-18
100.016
100.05
99.8928
99.9
100.183
100.187
99.7776
99.6775
100.189
100.492
99.9683
99.3654
99.7112
100.623
100.733
99.7146
98.9042
99.5354
100.974
101.382
100.02
98.3133
98.3304
100.398
102.531
102.338
99.4816
96.2924
95.9217
99.618
105.315
108.543
104.912
92.4782
72.6431
49.3307
27.1737
9.76523
-1.27998
-6.2979
-6.88812
-5.04304
-2.46813
-0.252362
1.14411
1.71626
1.69155
1.3493
0.915863
0.528996
0.246146
0.0710992
-0.0187187
-0.052548
-0.0556186
-0.0454472
-0.0321757
-0.0205451
-0.0120319
-0.00649858
-0.00322746
-0.0014534
-0.000572137
-0.000176601
-2.21189e-05
2.46834e-05
2.98474e-05
2.26875e-05
1.44005e-05
8.20605e-06
4.32204e-06
2.13321e-06
9.93129e-07
4.36974e-07
1.81345e-07
7.04894e-08
2.52696e-08
8.07151e-09
2.09129e-09
2.75024e-10
-1.43592e-10
-1.63689e-10
-1.06917e-10
-5.77393e-11
-2.8025e-11
-1.26282e-11
-5.36503e-12
-2.1661e-12
-8.3417e-13
-3.06614e-13
-1.07334e-13
-3.55739e-14
-1.103e-14
-3.12142e-15
-7.60114e-16
-1.2997e-16
6.43214e-18
2.05478e-17
1.4006e-17
5.45765e-18
99.9909
100.074
99.9708
99.8383
100.039
100.26
100.003
99.6407
99.8765
100.421
100.337
99.6296
99.3881
100.114
100.822
100.395
99.2716
98.9769
100.084
101.32
101.059
99.358
98.0665
98.8213
101.157
102.784
101.786
98.5877
95.8455
96.343
100.623
106.163
108.608
104.109
91.2785
71.7396
49.2198
27.9187
11.0274
-0.0215482
-5.49335
-6.75672
-5.54818
-3.39596
-1.32931
0.152231
0.952002
1.20049
1.1047
0.853438
0.577052
0.344485
0.178563
0.0752408
0.0192751
-0.00598048
-0.0139721
-0.0137732
-0.0106512
-0.00720229
-0.00442713
-0.00251668
-0.00133286
-0.000658283
-0.000301569
-0.000126247
-4.66019e-05
-1.37011e-05
-1.83116e-06
1.48136e-06
1.78664e-06
1.30465e-06
7.92183e-07
4.32063e-07
2.18248e-07
1.03609e-07
4.65669e-08
1.9875e-08
8.05317e-09
3.086e-09
1.10842e-09
3.6628e-10
1.06783e-10
2.42984e-11
1.84389e-12
-2.40211e-12
-2.12952e-12
-1.25541e-12
-6.29143e-13
-2.86428e-13
-1.21747e-13
-4.89653e-14
-1.87618e-14
-6.86954e-15
-2.40391e-15
-8.01817e-16
-2.53201e-16
-7.47583e-17
-2.01287e-17
-3.87968e-18
99.974
100.059
100.05
99.8623
99.9014
100.2
100.189
99.7776
99.6728
100.165
100.488
100.023
99.4032
99.6367
100.513
100.779
99.9156
98.987
99.3056
100.658
101.428
100.515
98.7423
98.0798
99.5125
101.862
102.792
101.026
97.6884
95.5789
96.9794
101.735
106.97
108.538
103.159
89.9695
70.7704
49.0799
28.678
12.3717
1.41035
-4.4241
-6.30206
-5.72761
-4.05486
-2.23654
-0.784143
0.140751
0.58936
0.702417
0.627416
0.477952
0.323867
0.198139
0.109402
0.0535875
0.0220848
0.00631243
-0.00039692
-0.00248273
-0.00255224
-0.00195692
-0.00129766
-0.000781062
-0.000435881
-0.000227836
-0.000112008
-5.17707e-05
-2.23781e-05
-8.92967e-06
-3.19517e-06
-9.50599e-07
-1.71825e-07
4.54993e-08
7.48854e-08
5.59455e-08
3.34744e-08
1.77987e-08
8.73548e-09
4.028e-09
1.76083e-09
7.32959e-10
2.90872e-10
1.09868e-10
3.92961e-11
1.31665e-11
4.04262e-12
1.08076e-12
2.13615e-13
1.82242e-15
-2.92709e-14
-2.1742e-14
-1.17731e-14
-5.53949e-15
-2.39067e-15
-9.68837e-16
-3.73237e-16
-1.37189e-16
-4.9491e-17
-1.36966e-17
99.9712
100.022
100.093
99.9411
99.8301
100.064
100.262
99.9855
99.645
99.8838
100.404
100.337
99.6704
99.3982
100.04
100.763
100.482
99.426
98.9609
99.8354
101.125
101.243
99.8252
98.2883
98.3893
100.338
102.419
102.515
100.089
96.8506
95.5439
97.8428
102.933
107.703
108.305
102.04
88.5345
69.7233
48.9029
29.4486
13.8019
3.03022
-3.05826
-5.46689
-5.49265
-4.32375
-2.8264
-1.50235
-0.554175
0.0086305
0.27023
0.33799
0.304159
0.232341
0.158618
0.0988344
0.0566418
0.0298131
0.0142368
0.00596745
0.00199418
0.000319239
-0.000246142
-0.000342098
-0.000278678
-0.000187247
-0.00011248
-6.23496e-05
-3.23786e-05
-1.58715e-05
-7.36627e-06
-3.23558e-06
-1.33927e-06
-5.17171e-07
-1.82394e-07
-5.58928e-08
-1.26989e-08
-2.2605e-10
2.14731e-09
1.8185e-09
1.11168e-09
5.87896e-10
2.84205e-10
1.2863e-10
5.51665e-11
2.25627e-11
8.8264e-12
3.30417e-12
1.18134e-12
4.01361e-13
1.28285e-13
3.78137e-14
9.83148e-15
1.97555e-15
1.07935e-16
-1.79921e-16
-1.39647e-16
-7.38034e-17
-3.47302e-17
-1.1551e-17
99.9802
99.9833
100.092
100.028
99.8387
99.9296
100.219
100.16
99.7609
99.7012
100.178
100.461
100.015
99.4384
99.6409
100.455
100.755
100.005
99.0827
99.231
100.446
101.354
100.768
99.1138
98.1039
98.9884
101.197
102.73
101.931
99.0315
96.154
95.7905
98.9363
104.189
108.323
107.873
100.728
86.9554
68.5845
48.6775
30.2204
15.3083
4.82992
-1.3972
-4.23799
-4.80759
-4.13993
-3.01006
-1.8938
-1.01447
-0.424599
-0.0852833
0.0750989
0.126427
0.121966
0.0958684
0.0666468
0.0423011
0.0248683
0.0136203
0.00694801
0.00327831
0.00140533
0.000523957
0.000148545
1.03364e-05
-2.76163e-05
-2.92045e-05
-2.11845e-05
-1.30933e-05
-7.335e-06
-3.82301e-06
-1.878e-06
-8.7535e-07
-3.88292e-07
-1.63935e-07
-6.56889e-08
-2.48101e-08
-8.70991e-09
-2.75935e-09
-7.31865e-10
-1.19667e-10
2.67788e-11
4.08033e-11
2.76707e-11
1.50471e-11
7.29244e-12
3.27324e-12
1.38537e-12
5.58072e-13
2.15009e-13
7.93799e-14
2.80719e-14
9.48114e-15
3.03842e-15
9.12338e-16
2.5e-16
5.90096e-17
9.1772e-18
-4.2387e-19
99.9944
99.9585
100.059
100.087
99.9026
99.8477
100.107
100.241
99.9374
99.6615
99.936
100.397
100.285
99.6678
99.4483
100.049
100.709
100.465
99.5002
99.0159
99.7474
100.972
101.255
100.079
98.5319
98.2655
99.8176
101.961
102.71
101.054
97.9389
95.6879
96.363
100.251
105.46
108.783
107.204
99.1935
85.2087
67.3304
48.3754
30.9562
16.8421
6.75011
0.493854
-2.6776
-3.72139
-3.5305
-2.78868
-1.9349
-1.19733
-0.656214
-0.30675
-0.107167
-0.00866783
0.0299215
0.0376499
0.0323361
0.0234871
0.0153434
0.0092514
0.00521335
0.00276163
0.00137694
0.000644276
0.000280428
0.000111354
3.85355e-05
1.00941e-05
5.39832e-07
-1.77342e-06
-1.73681e-06
-1.18647e-06
-6.94562e-07
-3.6993e-07
-1.83889e-07
-8.64154e-08
-3.86525e-08
-1.65101e-08
-6.73948e-09
-2.62472e-09
-9.7067e-10
-3.37647e-10
-1.08405e-10
-3.08073e-11
-6.86586e-12
-5.2773e-13
6.36729e-13
5.5882e-13
3.25092e-13
1.6098e-13
7.2578e-14
3.0635e-14
1.22763e-14
4.706e-15
1.73284e-15
6.14113e-16
2.09114e-16
6.96431e-17
1.79259e-17
100.007
99.9525
100.014
100.105
99.9831
99.8327
99.9863
100.228
100.094
99.738
99.7679
100.222
100.405
99.9514
99.4717
99.7164
100.45
100.68
99.9836
99.1541
99.278
100.371
101.248
100.813
99.3207
98.232
98.7934
100.76
102.487
102.297
99.9363
96.9221
95.5469
97.2958
101.763
106.694
109.027
106.251
97.3946
83.2509
65.9076
47.9274
31.567
18.2931
8.66045
2.47108
-0.932596
-2.37164
-2.61271
-2.25189
-1.68543
-1.13504
-0.696577
-0.389452
-0.195581
-0.0846483
-0.0276313
-0.00216324
0.00675123
0.00807873
0.00661151
0.0045928
0.00288107
0.00167534
0.000914896
0.00047234
0.000231183
0.000107234
4.69638e-05
1.92512e-05
7.25348e-06
2.41185e-06
6.29213e-07
5.97378e-08
-7.4616e-08
-7.64938e-08
-5.1228e-08
-2.90473e-08
-1.49393e-08
-7.16974e-09
-3.25668e-09
-1.41084e-09
-5.85307e-10
-2.32937e-10
-8.8904e-11
-3.24634e-11
-1.12816e-11
-3.694e-12
-1.11762e-12
-2.99256e-13
-6.25481e-14
-4.14259e-15
5.52789e-15
4.52064e-15
2.4878e-15
1.16952e-15
5.01617e-16
2.00888e-16
7.85402e-17
2.32164e-17
100.015
99.9615
99.9765
100.088
100.048
99.8689
99.8993
100.153
100.186
99.8699
99.7063
100.027
100.382
100.18
99.6375
99.5427
100.128
100.655
100.358
99.494
99.1172
99.8071
100.901
101.156
100.113
98.6859
98.3308
99.6312
101.648
102.634
101.477
98.6772
96.1191
95.8279
98.6112
103.433
107.823
108.98
104.941
95.2564
80.9945
64.2094
47.2042
31.9002
19.486
10.3673
4.32918
0.790421
-0.954463
-1.56132
-1.5454
-1.25861
-0.909233
-0.599765
-0.36575
-0.206937
-0.108228
-0.0516236
-0.0217176
-0.00732791
-0.00121403
0.00088782
0.00127162
0.00105643
0.000724253
0.000444809
0.000252787
0.000135049
6.8397e-05
3.29835e-05
1.517e-05
6.64958e-06
2.76843e-06
1.08668e-06
3.9634e-07
1.30257e-07
3.56602e-08
5.8364e-09
-1.62455e-09
-2.38314e-09
-1.66517e-09
-9.40391e-10
-4.74674e-10
-2.22286e-10
-9.82957e-11
-4.14339e-11
-1.67345e-11
-6.49236e-12
-2.42078e-12
-8.66322e-13
-2.96462e-13
-9.63159e-14
-2.93062e-14
-8.12371e-15
-1.91773e-15
-2.99447e-16
3.59168e-17
6.21373e-17
4.04746e-17
1.56403e-17
100.016
99.9778
99.9552
100.054
100.084
99.9284
99.8613
100.06
100.206
99.9989
99.7347
99.8769
100.27
100.304
99.8494
99.5275
99.8578
100.476
100.548
99.8697
99.2113
99.4329
100.425
101.136
100.681
99.3379
98.3758
98.8674
100.633
102.277
102.293
100.295
97.4335
95.6948
96.6254
100.311
105.193
108.741
108.527
103.151
92.6447
78.2895
62.0681
46.022
31.7581
20.2123
11.6541
5.84901
2.27669
0.328132
-0.557582
-0.823659
-0.779193
-0.615258
-0.434676
-0.282601
-0.171329
-0.097439
-0.0520435
-0.0260143
-0.0120488
-0.00505644
-0.0018209
-0.000468248
1.46645e-05
0.000135777
0.000129087
9.13271e-05
5.62329e-05
3.16942e-05
1.67249e-05
8.36058e-06
3.98486e-06
1.81708e-06
7.93703e-07
3.31864e-07
1.3244e-07
5.01414e-08
1.78022e-08
5.79216e-09
1.63726e-09
3.37942e-10
-2.46036e-12
-5.71383e-11
-4.44309e-11
-2.55532e-11
-1.28266e-11
-5.92053e-12
-2.57176e-12
-1.064e-12
-4.22108e-13
-1.61185e-13
-5.93529e-14
-2.10815e-14
-7.21399e-15
-2.37107e-15
-7.44161e-16
-2.20768e-16
-6.10701e-17
-1.25277e-17
100.014
99.9941
99.9504
100.018
100.09
99.986
99.8656
99.9817
100.175
100.09
99.8133
99.7986
100.131
100.325
100.032
99.6192
99.6965
100.246
100.567
100.166
99.4454
99.2826
99.9932
100.887
100.952
99.9473
98.738
98.5376
99.7629
101.564
102.44
101.423
98.8923
96.4268
95.8335
98.0125
102.348
106.91
109.271
107.473
100.685
89.3595
74.9332
59.2813
44.1822
30.9487
20.2867
12.3417
6.85703
3.35997
1.32063
0.257989
-0.20842
-0.347908
-0.332524
-0.260928
-0.182635
-0.117791
-0.0711053
-0.0405006
-0.0218499
-0.0111729
-0.00540234
-0.00245418
-0.00103346
-0.000391993
-0.000124535
-2.4769e-05
5.84943e-06
1.11568e-05
9.00494e-06
5.79041e-06
3.30928e-06
1.74901e-06
8.71025e-07
4.12888e-07
1.87365e-07
8.16528e-08
3.42178e-08
1.37856e-08
5.32904e-09
1.96839e-09
6.89353e-10
2.25616e-10
6.70029e-11
1.67794e-11
2.6474e-12
-4.98303e-13
-7.62639e-13
-4.96245e-13
-2.58475e-13
-1.20197e-13
-5.19113e-14
-2.12112e-14
-8.28134e-15
-3.10642e-15
-1.12306e-15
-3.90916e-16
-1.33821e-16
-3.54459e-17
100.01
100.006
99.957
99.9907
100.076
100.027
99.895
99.9328
100.119
100.133
99.9023
99.785
100.013
100.276
100.15
99.7536
99.6443
100.043
100.474
100.339
99.708
99.3096
99.6959
100.555
100.973
100.382
99.2106
98.5572
99.1909
100.798
102.139
101.989
100.107
97.5189
95.9341
96.7057
99.9939
104.577
108.343
109.138
105.543
97.2817
85.1658
70.7182
55.6713
41.5367
29.3504
19.6077
12.3414
7.27115
3.961
1.94591
0.811958
0.233137
-0.0233002
-0.109508
-0.116657
-0.0943912
-0.0666761
-0.0430849
-0.0260153
-0.0148432
-0.00805173
-0.00416557
-0.00205725
-0.000968784
-0.000433408
-0.000182827
-7.1668e-05
-2.53236e-05
-7.46369e-06
-1.32701e-06
3.7711e-07
6.06684e-07
4.5643e-07
2.76972e-07
1.50151e-07
7.55247e-08
3.58888e-08
1.62705e-08
7.07717e-09
2.96287e-09
1.19563e-09
4.65078e-10
1.74134e-10
6.25537e-11
2.14292e-11
6.92449e-12
2.06657e-12
5.4351e-13
1.09297e-13
4.51805e-15
-1.16528e-14
-9.00153e-15
-4.8919e-15
-2.2969e-15
-9.89861e-16
-3.99929e-16
-1.58639e-16
-4.76711e-17
100.005
100.013
99.9687
99.975
100.054
100.048
99.9319
99.9137
100.064
100.137
99.9756
99.8132
99.9357
100.199
100.2
99.8808
99.6698
99.9056
100.337
100.396
99.9252
99.4363
99.5487
100.252
100.838
100.612
99.6419
98.7811
98.9239
100.169
101.638
102.1
100.918
98.5917
96.5326
96.2372
98.395
102.434
106.7
109.12
107.963
102.404
92.6744
79.8628
65.5067
51.1557
38.0495
26.9612
18.1943
11.68
7.11567
4.0954
2.2087
1.09916
0.488777
0.178689
0.0371096
-0.0171861
-0.0306977
-0.027957
-0.0206634
-0.0136269
-0.00831205
-0.00477198
-0.00260324
-0.00135688
-0.000677804
-0.000324916
-0.000149434
-6.58139e-05
-2.76439e-05
-1.09894e-05
-4.07601e-06
-1.36993e-06
-3.87996e-07
-6.94828e-08
1.4213e-08
2.49005e-08
1.82419e-08
1.06708e-08
5.56589e-09
2.69415e-09
1.23328e-09
5.39396e-10
2.26756e-10
9.19476e-11
3.60311e-11
1.36537e-11
5.00077e-12
1.76708e-12
6.00309e-13
1.94851e-13
5.97685e-14
1.69674e-14
4.25713e-15
8.22832e-16
3.73573e-17
-7.49867e-17
-5.92036e-17
-2.41938e-17
100.002
100.014
99.9806
99.9699
100.032
100.053
99.9642
99.9161
100.021
100.119
100.022
99.8586
99.8996
100.123
100.199
99.9744
99.7336
99.8368
100.206
100.374
100.068
99.5915
99.5202
100.031
100.644
100.676
99.9566
99.074
98.8876
99.7507
101.126
101.929
101.336
99.4387
97.2911
96.3253
97.5183
100.799
104.988
108.243
108.751
105.332
97.7525
86.6757
73.3676
59.2996
45.7985
33.8273
23.9118
16.1837
10.4874
6.50305
3.85286
2.17496
1.16409
0.585645
0.272533
0.113446
0.0386972
0.00721231
-0.00376212
-0.00600782
-0.00515603
-0.00362462
-0.00228419
-0.00133608
-0.00073784
-0.000388354
-0.000195914
-9.50429e-05
-4.44192e-05
-2.0011e-05
-8.68471e-06
-3.62402e-06
-1.44854e-06
-5.50892e-07
-1.96949e-07
-6.46533e-08
-1.84647e-08
-3.84866e-09
3.94802e-11
6.80334e-10
5.36847e-10
3.14449e-10
1.61082e-10
7.60165e-11
3.38195e-11
1.43582e-11
5.85781e-12
2.30604e-12
8.78032e-13
3.23682e-13
1.15519e-13
3.98634e-14
1.32649e-14
4.236e-15
1.28708e-15
3.6674e-16
9.51313e-17
1.7586e-17
99.9997
100.013
99.9897
99.9716
100.016
100.048
99.9867
99.9295
99.9952
100.091
100.044
99.903
99.8943
100.065
100.172
100.029
99.8041
99.8206
100.107
100.314
100.138
99.7288
99.5626
99.9033
100.459
100.635
100.142
99.3441
98.9846
99.5312
100.711
101.64
101.46
100
97.9906
96.6935
97.1865
99.7307
103.55
107.091
108.602
106.725
100.895
91.4141
79.2653
65.7752
52.2691
39.8165
29.1058
20.4372
13.7956
8.95725
5.59524
3.36188
1.94145
1.07589
0.570582
0.288247
0.137623
0.0612267
0.0246698
0.00839767
0.00185069
-0.000367441
-0.000847798
-0.000743056
-0.000514485
-0.000316165
-0.000179754
-9.64212e-05
-4.93223e-05
-2.42129e-05
-1.14518e-05
-5.23041e-06
-2.30967e-06
-9.86319e-07
-4.07024e-07
-1.6201e-07
-6.19849e-08
-2.26606e-08
-7.83428e-09
-2.51208e-09
-7.16397e-10
-1.6119e-10
-1.29401e-11
1.49369e-11
1.34248e-11
7.97681e-12
4.04289e-12
1.8712e-12
8.13624e-13
3.37177e-13
1.34268e-13
5.16291e-14
1.92268e-14
6.94565e-15
2.4359e-15
8.27444e-16
2.77658e-16
7.25936e-17
99.9988
100.011
99.9954
99.9765
100.006
100.038
99.999
99.9457
99.9838
100.066
100.049
99.9371
99.906
100.028
100.136
100.051
99.8629
99.8353
100.046
100.247
100.156
99.8277
99.633
99.85
100.316
100.548
100.223
99.548
99.1315
99.4587
100.427
101.345
101.408
100.308
98.529
97.1367
97.1918
99.1401
102.504
106.008
108.032
107.166
102.642
94.4872
83.4324
70.6368
57.3689
44.7388
33.5389
24.1979
16.8208
11.2766
7.2965
4.55946
2.75249
1.60536
0.904316
0.491612
0.257544
0.129706
0.062554
0.0287046
0.0123951
0.00493298
0.00172839
0.000465178
3.05614e-05
-8.0884e-05
-8.33972e-05
-5.95523e-05
-3.65434e-05
-2.04996e-05
-1.07947e-05
-5.40975e-06
-2.60074e-06
-1.20531e-06
-5.40156e-07
-2.34517e-07
-9.87374e-08
-4.03203e-08
-1.59604e-08
-6.11493e-09
-2.26143e-09
-8.0361e-10
-2.72305e-10
-8.68053e-11
-2.53522e-11
-6.37142e-12
-1.10305e-12
8.73975e-14
2.18745e-13
1.47785e-13
7.74784e-14
3.60099e-14
1.5525e-14
6.33909e-15
2.47997e-15
9.32371e-16
3.48092e-16
1.00119e-16
99.9986
100.008
99.9982
99.9818
100.002
100.029
100.004
99.9597
99.9821
100.047
100.043
99.9586
99.9236
100.011
100.104
100.052
99.9032
99.8622
100.017
100.19
100.145
99.8871
99.7027
99.8447
100.224
100.455
100.235
99.6784
99.2741
99.473
100.264
101.104
101.279
100.433
98.8882
97.535
97.3599
98.8859
101.833
105.148
107.364
107.099
103.475
96.3354
86.2084
74.0952
61.1816
48.5737
37.1201
27.3379
19.4262
13.3342
8.84994
5.68459
3.53645
2.13208
1.24619
0.706321
0.388193
0.206815
0.106734
0.0532957
0.0256985
0.0119301
0.00530682
0.00224431
0.000890115
0.000322323
9.99977e-05
2.11611e-05
-2.2813e-06
-6.5418e-06
-5.38215e-06
-3.44026e-06
-1.947e-06
-1.0204e-06
-5.05634e-07
-2.39588e-07
-1.09289e-07
-4.81955e-08
-2.06026e-08
-8.55147e-09
-3.44935e-09
-1.35236e-09
-5.15102e-10
-1.90365e-10
-6.81053e-11
-2.34985e-11
-7.77098e-12
-2.43731e-12
-7.10974e-13
-1.84966e-13
-3.80927e-14
-2.83985e-15
2.94039e-15
2.43893e-15
1.33824e-15
6.23665e-16
2.75604e-16
8.92653e-17
99.9989
100.006
99.9989
99.9863
100.001
100.022
100.003
99.9696
99.9853
100.035
100.034
99.9696
99.9403
100.006
100.081
100.044
99.9262
99.8892
100.009
100.151
100.121
99.9154
99.7579
99.8633
100.174
100.379
100.213
99.7481
99.3867
99.5258
100.189
100.934
101.138
100.449
99.0965
97.8391
97.573
98.8332
101.452
104.541
106.771
106.818
103.77
97.3533
87.951
76.4319
63.8953
51.4186
39.8723
29.8284
21.5535
15.0606
10.1879
6.67854
4.2465
2.62108
1.57154
0.91583
0.518962
0.286033
0.153361
0.0799855
0.0405679
0.0199979
0.00957204
0.00444227
0.00199441
0.000863281
0.000358344
0.000141403
5.22266e-05
1.75011e-05
4.92162e-06
8.40613e-07
-2.28478e-07
-3.57196e-07
-2.61623e-07
-1.55223e-07
-8.26491e-08
-4.10227e-08
-1.93314e-08
-8.73714e-09
-3.81081e-09
-1.61031e-09
-6.60918e-10
-2.63894e-10
-1.026e-10
-3.88533e-11
-1.43272e-11
-5.13998e-12
-1.79104e-12
-6.0451e-13
-1.96768e-13
-6.13281e-14
-1.8079e-14
-4.92457e-15
-1.17478e-15
-2.09151e-16
2.96323e-18
1.94977e-17
99.9993
100.005
99.9986
99.9893
100.002
100.017
100.001
99.9755
99.9901
100.029
100.026
99.9734
99.9529
100.008
100.066
100.032
99.9366
99.9104
100.012
100.127
100.098
99.9238
99.795
99.8888
100.154
100.326
100.179
99.7765
99.4634
99.5854
100.168
100.83
101.019
100.413
99.198
98.0441
97.7667
98.8795
101.27
104.154
106.315
106.497
103.786
97.8519
88.9779
77.9326
65.7388
53.4356
41.8938
31.7149
23.2104
16.4407
11.284
7.51222
4.85583
3.05025
1.86351
1.10805
0.641642
0.362043
0.199136
0.106808
0.0558761
0.0285137
0.014193
0.00688952
0.00326
0.00150265
0.000673974
0.000293689
0.000124045
5.06055e-05
1.98332e-05
7.40188e-06
2.58997e-06
8.23647e-07
2.20272e-07
3.59582e-08
-9.12375e-09
-1.37288e-08
-9.61697e-09
-5.45917e-09
-2.78372e-09
-1.32463e-09
-5.99107e-10
-2.6018e-10
-1.09166e-10
-4.44278e-11
-1.75831e-11
-6.7784e-12
-2.54784e-12
-9.34139e-13
-3.34042e-13
-1.16429e-13
-3.95026e-14
-1.30186e-14
-4.15328e-15
-1.27486e-15
-3.7782e-16
-8.6466e-17
99.9996
100.004
99.9979
99.991
100.003
100.015
99.9988
99.9784
99.9945
100.027
100.019
99.9733
99.961
100.013
100.059
100.022
99.9392
99.9248
100.019
100.115
100.079
99.9218
99.8166
99.9121
100.151
100.293
100.147
99.7813
99.5091
99.6361
100.175
100.774
100.933
100.361
99.2343
98.1679
97.9156
98.9588
101.204
103.93
105.999
106.216
103.687
98.0541
89.5422
78.849
66.9362
54.805
43.3159
33.0829
24.4448
17.4944
12.1403
8.17791
5.3527
3.4074
2.11137
1.27448
0.749955
0.430472
0.241159
0.131925
0.0705002
0.0368168
0.0187934
0.00937883
0.00457625
0.00218312
0.00101809
0.000463976
0.000206533
8.97289e-05
3.80047e-05
1.56677e-05
6.27227e-06
2.42996e-06
9.0624e-07
3.2261e-07
1.08015e-07
3.30379e-08
8.60049e-09
1.45178e-09
-2.37429e-10
-4.17131e-10
-2.88184e-10
-1.58821e-10
-7.8303e-11
-3.59842e-11
-1.57159e-11
-6.5933e-12
-2.67423e-12
-1.05298e-12
-4.03587e-13
-1.50844e-13
-5.50399e-14
-1.96168e-14
-6.83162e-15
-2.31871e-15
-7.83582e-16
-2.07579e-16
99.9999
100.004
99.9972
99.9919
100.004
100.014
99.9966
99.9794
99.9977
100.027
100.015
99.9716
99.9655
100.017
100.056
100.015
99.9381
99.9331
100.027
100.111
100.066
99.916
99.8271
99.9295
100.155
100.276
100.123
99.7753
99.5327
99.6727
100.192
100.75
100.877
100.313
99.2366
98.2342
98.0175
99.0366
101.198
103.814
105.799
106.004
103.561
98.1037
89.8263
79.3797
67.6808
55.6984
44.2785
34.0377
25.3297
18.2684
12.7835
8.6886
5.7416
3.69241
2.31292
1.41232
0.841306
0.489232
0.277897
0.154279
0.0837529
0.0444792
0.023118
0.0117631
0.00586133
0.00286065
0.00136771
0.000640645
0.000293991
0.00013216
5.81863e-05
2.50809e-05
1.05788e-05
4.36276e-06
1.75731e-06
6.90286e-07
2.63852e-07
9.78291e-08
3.50178e-08
1.20105e-08
3.89725e-09
1.16785e-09
3.05934e-10
5.86059e-11
-7.87473e-13
-9.14766e-12
-6.73605e-12
-3.71064e-12
-1.79757e-12
-8.0632e-13
-3.42723e-13
-1.39746e-13
-5.50627e-14
-2.1061e-14
-7.8466e-15
-2.84393e-15
-1.03206e-15
-2.91672e-16
100
100.004
99.9966
99.9922
100.005
100.013
99.9951
99.9794
99.9997
100.028
100.012
99.9696
99.9675
100.021
100.055
100.01
99.9358
99.9372
100.033
100.111
100.058
99.9099
99.8311
99.9408
100.161
100.269
100.107
99.7664
99.5427
99.6963
100.209
100.742
100.845
100.277
99.2254
98.265
98.0806
99.0981
101.216
103.763
105.682
105.859
103.448
98.0874
89.9535
79.6702
68.1234
56.2575
44.9041
34.6776
25.9387
18.8135
13.2464
9.06351
6.03255
3.90951
2.46915
1.521
0.914535
0.537112
0.308321
0.173091
0.0950859
0.0511378
0.0269371
0.0139032
0.00703393
0.00348927
0.00169764
0.000810277
0.000379467
0.000174392
7.86541e-05
3.4815e-05
1.51229e-05
6.44557e-06
2.69489e-06
1.10486e-06
4.43943e-07
1.74693e-07
6.72511e-08
2.52917e-08
9.27341e-09
3.3055e-09
1.1406e-09
3.7851e-10
1.19499e-10
3.51896e-11
9.26753e-12
1.93787e-12
1.4801e-13
-1.5421e-13
-1.30923e-13
-7.35163e-14
-3.53355e-14
-1.55706e-14
-6.47675e-15
-2.56864e-15
-1.0131e-15
-3.05678e-16
100
100.004
99.9963
99.9922
100.006
100.014
99.9941
99.979
100.001
100.029
100.011
99.968
99.9682
100.023
100.056
100.008
99.9334
99.9388
100.037
100.112
100.054
99.905
99.8317
99.9474
100.167
100.266
100.097
99.7583
99.5453
99.7099
100.223
100.743
100.828
100.252
99.2112
98.2759
98.1165
99.1415
101.24
103.745
105.618
105.767
103.363
98.0497
89.9995
79.8194
68.3761
56.5958
45.2984
35.094
26.3457
19.1866
13.57
9.33078
6.2438
4.06993
2.58653
1.60399
0.971343
0.574833
0.332656
0.188366
0.104426
0.0567072
0.030179
0.0157471
0.00805936
0.00404732
0.00199502
0.000965537
0.000458934
0.000214285
9.83056e-05
4.43179e-05
1.96357e-05
8.55091e-06
3.66007e-06
1.5398e-06
6.36647e-07
2.58655e-07
1.03233e-07
4.04604e-08
1.55645e-08
5.87262e-09
2.17125e-09
7.85618e-10
2.77697e-10
9.56562e-11
3.19949e-11
1.03354e-11
3.19675e-12
9.32664e-13
2.49231e-13
5.67912e-14
8.36975e-15
-1.25787e-15
-1.91395e-15
-1.16025e-15
-5.89148e-16
-2.06199e-16
100
100.004
99.996
99.9921
100.006
100.014
99.9936
99.9786
100.001
100.029
100.011
99.9669
99.9682
100.024
100.056
100.006
99.9317
99.9391
100.039
100.113
100.052
99.9018
99.8309
99.9507
100.172
100.267
100.092
99.7523
99.5447
99.7167
100.232
100.747
100.821
100.237
99.1991
98.2775
98.1348
99.1687
101.261
103.744
105.587
105.713
103.305
98.013
90.0081
79.8897
68.5125
56.7907
45.5357
35.353
26.6058
19.4307
13.7862
9.51284
6.39032
4.1831
2.6707
1.66443
1.01334
0.603135
0.351181
0.200159
0.111739
0.0611288
0.0327886
0.0172518
0.00890773
0.00451539
0.0022479
0.00109941
0.000528419
0.000249663
0.000115983
5.29911e-05
2.38156e-05
1.05304e-05
4.58159e-06
1.96164e-06
8.2658e-07
3.42793e-07
1.39912e-07
5.61995e-08
2.22134e-08
8.63824e-09
3.30408e-09
1.24261e-09
4.59274e-10
1.66715e-10
5.93845e-11
2.0733e-11
7.08372e-12
2.36335e-12
7.67583e-13
2.4159e-13
7.31688e-14
2.10757e-14
5.64735e-15
1.3465e-15
2.4096e-16
1.05342e-17
100
100.004
99.9959
99.992
100.007
100.014
99.9934
99.9783
100.002
100.03
100.011
99.9663
99.9679
100.025
100.057
100.006
99.9305
99.9389
100.04
100.114
100.052
99.8997
99.8298
99.9523
100.174
100.268
100.09
99.7483
99.5432
99.72
100.238
100.75
100.818
100.229
99.1903
98.2755
98.1435
99.1851
101.276
103.748
105.574
105.683
103.267
97.9836
90.0026
79.9202
68.5842
56.9014
45.6768
35.5122
26.77
19.5884
13.9287
9.63505
6.49035
4.26159
2.72996
1.7076
1.04377
0.623919
0.364966
0.209051
0.117323
0.0645486
0.0348325
0.0184452
0.00958905
0.00489602
0.00245614
0.00121104
0.000587097
0.000279921
0.000131299
6.06039e-05
2.75333e-05
1.23148e-05
5.42366e-06
2.3525e-06
1.00509e-06
4.23027e-07
1.75415e-07
7.16691e-08
2.88524e-08
1.14452e-08
4.47346e-09
1.72272e-09
6.53557e-10
2.44218e-10
8.98649e-11
3.2552e-11
1.16025e-11
4.06686e-12
1.4008e-12
4.73664e-13
1.57023e-13
5.09412e-14
1.61335e-14
4.965e-15
1.49897e-15
3.55225e-16
100
100.004
99.9959
99.9919
100.007
100.014
99.9933
99.9781
100.002
100.03
100.011
99.9659
99.9677
100.025
100.058
100.006
99.9299
99.9385
100.041
100.115
100.052
99.8987
99.8289
99.9527
100.176
100.269
100.089
99.746
99.5416
99.7209
100.242
100.753
100.818
100.225
99.1846
98.2726
98.1464
99.1936
101.286
103.753
105.569
105.668
103.246
97.9635
89.9934
79.93
68.6176
56.9589
45.7545
35.6035
26.8672
19.6841
14.0172
9.71249
6.55492
4.31314
2.76952
1.73687
1.0647
0.638418
0.374714
0.215423
0.121378
0.0670633
0.0363543
0.0193448
0.0101089
0.00519
0.00261891
0.00129935
0.000634072
0.000304436
0.000143856
6.69209e-05
3.06554e-05
1.38316e-05
6.14825e-06
2.693e-06
1.16254e-06
4.94697e-07
2.07537e-07
8.58489e-08
3.50192e-08
1.40879e-08
5.58974e-09
2.18754e-09
8.44408e-10
3.21496e-10
1.20728e-10
4.47109e-11
1.63283e-11
5.87919e-12
2.08659e-12
7.29733e-13
2.51376e-13
8.52471e-14
2.84457e-14
9.31249e-15
3.05088e-15
7.91042e-16
100
100.004
99.9959
99.9918
100.007
100.014
99.9933
99.978
100.002
100.03
100.011
99.9657
99.9675
100.026
100.058
100.006
99.9295
99.9383
100.041
100.116
100.052
99.8981
99.8283
99.9528
100.177
100.269
100.089
99.7447
99.5405
99.7212
100.243
100.755
100.818
100.223
99.1813
98.2704
98.1475
99.1982
101.292
103.757
105.568
105.66
103.233
97.9505
89.9857
79.9329
68.6346
56.9907
45.7994
35.6578
26.9264
19.7436
14.0732
9.7622
6.59697
4.34717
2.79597
1.75668
1.07904
0.648474
0.381554
0.219945
0.124288
0.0688883
0.0374711
0.0200122
0.0104989
0.00541292
0.00274369
0.00136779
0.000670877
0.000323853
0.000153913
7.20359e-05
3.32118e-05
1.50875e-05
6.75503e-06
2.98142e-06
1.29746e-06
5.56834e-07
2.35719e-07
9.84406e-08
4.05628e-08
1.64936e-08
6.6189e-09
2.62172e-09
1.02507e-09
3.95654e-10
1.50764e-10
5.67164e-11
2.10647e-11
7.72373e-12
2.79579e-12
9.98977e-13
3.52313e-13
1.22615e-13
4.21137e-14
1.42344e-14
4.84747e-15
1.30598e-15
100
100.004
99.9959
99.9918
100.007
100.014
99.9933
99.9779
100.002
100.03
100.011
99.9657
99.9673
100.026
100.058
100.006
99.9294
99.938
100.041
100.116
100.052
99.8979
99.8278
99.9526
100.177
100.27
100.089
99.7441
99.5396
99.721
100.244
100.756
100.819
100.222
99.1794
98.2685
98.1471
99.2001
101.296
103.76
105.569
105.658
103.227
97.9427
89.9793
79.931
68.6398
57.0042
45.8208
35.6856
26.958
19.7766
14.1051
9.79129
6.62211
4.36792
2.81238
1.76919
1.08823
0.655009
0.386062
0.222964
0.126255
0.0701376
0.0382446
0.0204799
0.0107753
0.00557268
0.0028341
0.00141792
0.000698125
0.000338383
0.000161517
7.59446e-05
3.51858e-05
1.60675e-05
7.2335e-06
3.21124e-06
1.40611e-06
6.07401e-07
2.58899e-07
1.08908e-07
4.52213e-08
1.85372e-08
7.50285e-09
2.9988e-09
1.18375e-09
4.61539e-10
1.7776e-10
6.76351e-11
2.54244e-11
9.44254e-12
3.465e-12
1.25631e-12
4.50063e-13
1.59295e-13
5.57184e-14
1.92033e-14
6.68986e-15
1.84152e-15
100
100.004
99.9959
99.9918
100.007
100.014
99.9933
99.9779
100.002
100.03
100.011
99.9657
99.9673
100.026
100.058
100.006
99.9293
99.938
100.041
100.116
100.052
99.8979
99.8277
99.9525
100.177
100.27
100.089
99.7439
99.5393
99.7209
100.245
100.757
100.819
100.222
99.1786
98.2677
98.147
99.201
101.297
103.762
105.569
105.656
103.224
97.9386
89.976
79.9305
68.6434
57.0127
45.834
35.7026
26.9776
19.797
14.1251
9.80964
6.63813
4.38125
2.82304
1.77737
1.09431
0.659374
0.389101
0.22502
0.127608
0.0710044
0.0387866
0.0208107
0.0109726
0.00568786
0.00289991
0.00145475
0.000718337
0.000349264
0.000167267
7.89282e-05
3.67072e-05
1.68301e-05
7.60944e-06
3.39358e-06
1.49316e-06
6.48319e-07
2.77843e-07
1.1755e-07
4.91061e-08
2.0259e-08
8.25535e-09
3.3232e-09
1.32172e-09
5.19449e-10
2.01751e-10
7.74473e-11
2.93871e-11
1.10231e-11
4.08769e-12
1.49868e-12
5.43276e-13
1.94719e-13
6.90306e-14
2.413e-14
8.54368e-15
2.38749e-15
100
100.004
99.9959
99.9918
100.007
100.014
99.9933
99.9778
100.002
100.03
100.011
99.9656
99.9672
100.026
100.058
100.006
99.9293
99.9379
100.041
100.116
100.052
99.8978
99.8275
99.9524
100.177
100.271
100.089
99.7437
99.5389
99.7206
100.245
100.758
100.82
100.222
99.178
98.2668
98.1464
99.2012
101.298
103.763
105.571
105.656
103.222
97.936
89.973
79.9282
68.6428
57.0144
45.8384
35.7095
26.9862
19.8068
14.135
9.81915
6.64668
4.38857
2.82901
1.78207
1.09786
0.661963
0.390932
0.226277
0.128446
0.071549
0.0391313
0.0210237
0.0111012
0.00576375
0.00294375
0.00147956
0.000732098
0.00035675
0.000171264
8.10237e-05
3.77866e-05
1.73766e-05
7.88156e-06
3.52688e-06
1.55742e-06
6.78827e-07
2.92107e-07
1.24121e-07
5.20895e-08
2.15943e-08
8.84476e-09
3.57983e-09
1.43196e-09
5.66187e-10
2.2131e-10
8.5529e-11
3.26846e-11
1.23521e-11
4.61682e-12
1.70683e-12
6.24197e-13
2.2581e-13
8.08451e-14
2.85513e-14
1.02277e-14
2.88883e-15
100
100.004
99.9959
99.9918
100.007
100.014
99.9934
99.9778
100.002
100.03
100.011
99.9657
99.9672
100.025
100.058
100.006
99.9293
99.9378
100.041
100.116
100.052
99.8979
99.8275
99.9524
100.177
100.271
100.089
99.7438
99.5389
99.7205
100.245
100.758
100.82
100.222
99.178
98.2667
98.1463
99.2012
101.299
103.764
105.571
105.656
103.222
97.935
89.9722
79.9281
68.6439
57.017
45.8425
35.7149
26.9927
19.8137
14.1419
9.82568
6.65251
4.39354
2.83307
1.78525
1.10027
0.663732
0.392188
0.227143
0.129027
0.0719281
0.0393727
0.0211737
0.0111923
0.00581787
0.00297522
0.00149748
0.000742104
0.00036223
0.000174209
8.25789e-05
3.85933e-05
1.7788e-05
8.08788e-06
3.62869e-06
1.60687e-06
7.02477e-07
3.03249e-07
1.29293e-07
5.4456e-08
2.26619e-08
9.31978e-09
3.78832e-09
1.52227e-09
6.04791e-10
2.37603e-10
9.23185e-11
3.54792e-11
1.34883e-11
5.07328e-12
1.88805e-12
6.95304e-13
2.5339e-13
9.14276e-14
3.25502e-14
1.17673e-14
3.35151e-15
100
100.004
99.9959
99.9918
100.007
100.014
99.9934
99.9778
100.002
100.03
100.011
99.9657
99.9672
100.026
100.058
100.006
99.9293
99.9378
100.041
100.116
100.052
99.8978
99.8274
99.9524
100.177
100.271
100.089
99.7437
99.5388
99.7205
100.245
100.758
100.82
100.222
99.1778
98.2664
98.1461
99.2012
101.299
103.764
105.571
105.656
103.221
97.9343
89.9711
79.9267
68.6427
57.0162
45.8424
35.7156
26.994
19.8155
14.1441
9.82794
6.65471
4.39554
2.83479
1.78667
1.10138
0.664577
0.392807
0.227581
0.129328
0.0721293
0.0395036
0.0212567
0.0112437
0.00584891
0.00299357
0.00150811
0.000748126
0.000365577
0.000176035
8.35557e-05
3.91067e-05
1.80532e-05
8.22256e-06
3.69597e-06
1.63994e-06
7.18479e-07
3.10874e-07
1.32873e-07
5.61123e-08
2.34173e-08
9.65954e-09
3.93906e-09
1.58825e-09
6.33294e-10
2.49758e-10
9.74369e-11
3.76077e-11
1.43627e-11
5.42817e-12
2.03039e-12
7.51735e-13
2.75504e-13
1.00001e-13
3.58229e-14
1.30413e-14
3.73809e-15
100
100.004
99.9959
99.9918
100.007
100.014
99.9934
99.9778
100.002
100.03
100.011
99.9657
99.9672
100.025
100.058
100.006
99.9293
99.9378
100.041
100.116
100.052
99.8979
99.8274
99.9523
100.177
100.271
100.089
99.7437
99.5388
99.7204
100.245
100.758
100.82
100.222
99.1778
98.2664
98.146
99.2013
101.299
103.764
105.571
105.656
103.221
97.934
89.971
79.927
68.6435
57.0177
45.8445
35.7181
26.9969
19.8186
14.1471
9.83075
6.6572
4.39764
2.83651
1.78801
1.10241
0.665327
0.393341
0.227951
0.129578
0.0722937
0.0396091
0.0213228
0.0112842
0.00587321
0.00300784
0.00151632
0.000752765
0.000368147
0.000177433
8.43029e-05
3.94992e-05
1.82559e-05
8.32555e-06
3.74747e-06
1.6653e-06
7.30773e-07
3.16747e-07
1.35638e-07
5.7396e-08
2.4005e-08
9.92489e-09
4.05729e-09
1.64024e-09
6.55864e-10
2.59433e-10
1.01533e-10
3.93206e-11
1.50705e-11
5.71722e-12
2.14706e-12
7.9829e-13
2.93871e-13
1.07171e-13
3.85794e-14
1.41228e-14
4.06855e-15
100
100.004
99.9959
99.9918
100.007
100.014
99.9934
99.9778
100.002
100.03
100.011
99.9657
99.9672
100.025
100.058
100.006
99.9293
99.9378
100.041
100.116
100.052
99.8979
99.8274
99.9523
100.177
100.271
100.089
99.7438
99.5388
99.7204
100.245
100.758
100.82
100.222
99.1779
98.2663
98.1459
99.201
101.299
103.764
105.572
105.656
103.221
97.9341
89.9706
79.9262
68.6422
57.0161
45.8428
35.7166
26.9955
19.8175
14.1464
9.83029
6.65698
4.39759
2.83657
1.78813
1.10254
0.66546
0.393457
0.228044
0.129649
0.0723454
0.0396451
0.0213472
0.0113001
0.00588327
0.00301405
0.00152006
0.000754958
0.000369406
0.00017814
8.46923e-05
3.97094e-05
1.83672e-05
8.38348e-06
3.77708e-06
1.68018e-06
7.38129e-07
3.20326e-07
1.37352e-07
5.82047e-08
2.4381e-08
1.00972e-08
4.13516e-09
1.67495e-09
6.71133e-10
2.66061e-10
1.04374e-10
4.0523e-11
1.55732e-11
5.92482e-12
2.23179e-12
8.3247e-13
3.07501e-13
1.12549e-13
4.06679e-14
1.49512e-14
4.32405e-15
100
100.004
99.9959
99.9918
100.007
100.014
99.9934
99.9778
100.002
100.03
100.011
99.9657
99.9672
100.026
100.058
100.006
99.9293
99.9378
100.041
100.116
100.052
99.8978
99.8274
99.9523
100.177
100.271
100.089
99.7437
99.5388
99.7205
100.245
100.758
100.82
100.222
99.1777
98.2664
98.1461
99.2014
101.299
103.764
105.571
105.656
103.221
97.9337
89.9707
79.9269
68.6437
57.0182
45.8453
35.7193
26.9983
19.8202
14.1488
9.83237
6.65869
4.39896
2.83763
1.78892
1.10312
0.665865
0.393736
0.228232
0.129773
0.072425
0.0396953
0.0213782
0.0113189
0.00589445
0.00302057
0.0015238
0.000757065
0.000370574
0.000178776
8.50333e-05
3.98893e-05
1.84607e-05
8.43127e-06
3.80116e-06
1.69213e-06
7.43978e-07
3.23148e-07
1.38695e-07
5.88349e-08
2.46728e-08
1.02306e-08
4.19531e-09
1.70174e-09
6.82915e-10
2.71179e-10
1.0657e-10
4.14544e-11
1.59635e-11
6.08649e-12
2.298e-12
8.59282e-13
3.18237e-13
1.16804e-13
4.23285e-14
1.56136e-14
4.52939e-15
100
100.004
99.9959
99.9918
100.007
100.014
99.9934
99.9778
100.002
100.03
100.011
99.9657
99.9672
100.025
100.058
100.006
99.9293
99.9378
100.041
100.116
100.053
99.8979
99.8274
99.9522
100.177
100.271
100.089
99.7438
99.5387
99.7203
100.245
100.758
100.82
100.222
99.1779
98.2662
98.1456
99.2009
101.299
103.765
105.572
105.657
103.222
97.9341
89.9703
79.9256
68.6415
57.0154
45.8423
35.7162
26.9955
19.8177
14.1467
9.83076
6.6575
4.39812
2.83706
1.78856
1.1029
0.665738
0.393668
0.228199
0.129759
0.0724208
0.0396956
0.02138
0.0113209
0.00589618
0.00302187
0.00152469
0.000757648
0.000370937
0.000178994
8.51603e-05
3.99612e-05
1.85004e-05
8.45269e-06
3.81247e-06
1.69799e-06
7.46951e-07
3.24631e-07
1.39422e-07
5.91854e-08
2.48391e-08
1.03083e-08
4.23112e-09
1.718e-09
6.90194e-10
2.74395e-10
1.07972e-10
4.20575e-11
1.62197e-11
6.19407e-12
2.34261e-12
8.77568e-13
3.25645e-13
1.19774e-13
4.34997e-14
1.6086e-14
4.67724e-15
100
100.004
99.9959
99.9918
100.007
100.014
99.9934
99.9778
100.002
100.03
100.011
99.9657
99.9672
100.026
100.058
100.006
99.9293
99.9379
100.041
100.116
100.052
99.8979
99.8275
99.9524
100.177
100.271
100.089
99.7438
99.5389
99.7205
100.245
100.758
100.82
100.222
99.1778
98.2666
98.1462
99.2014
101.299
103.764
105.571
105.655
103.221
97.9339
89.9711
79.9274
68.6443
57.0189
45.846
35.72
26.999
19.8208
14.1493
9.83285
6.65911
4.39932
2.83793
1.78917
1.10331
0.666015
0.393849
0.228315
0.129831
0.0724652
0.0397224
0.021396
0.0113303
0.0059016
0.00302496
0.00152643
0.000758608
0.000371462
0.000179277
8.53109e-05
4.00403e-05
1.85414e-05
8.47365e-06
3.82305e-06
1.70326e-06
7.49542e-07
3.25889e-07
1.40025e-07
5.94706e-08
2.49724e-08
1.03698e-08
4.25914e-09
1.73061e-09
6.95803e-10
2.76859e-10
1.09042e-10
4.25168e-11
1.64147e-11
6.27584e-12
2.37653e-12
8.91484e-13
3.31292e-13
1.22042e-13
4.43967e-14
1.64491e-14
4.79124e-15
100
100.004
99.9959
99.9918
100.007
100.014
99.9934
99.9778
100.002
100.03
100.011
99.9657
99.9672
100.025
100.058
100.006
99.9293
99.9378
100.041
100.116
100.053
99.8979
99.8274
99.9522
100.177
100.271
100.089
99.7437
99.5386
99.7203
100.245
100.758
100.82
100.222
99.1777
98.266
98.1455
99.2009
101.299
103.765
105.572
105.657
103.222
97.9337
89.9697
79.9249
68.6408
57.0148
45.8418
35.7159
26.9953
19.8177
14.1468
9.83094
6.65771
4.39833
2.83725
1.78872
1.10303
0.665843
0.393747
0.228256
0.129799
0.0724484
0.0397139
0.0213919
0.0113285
0.0059009
0.00302474
0.0015264
0.000758649
0.000371511
0.000179317
8.53391e-05
4.00583e-05
1.85523e-05
8.47998e-06
3.82658e-06
1.70517e-06
7.50556e-07
3.26412e-07
1.40289e-07
5.96017e-08
2.50362e-08
1.04003e-08
4.27351e-09
1.73727e-09
6.98843e-10
2.78227e-10
1.09649e-10
4.27827e-11
1.65296e-11
6.32489e-12
2.39721e-12
9.00097e-13
3.34837e-13
1.23485e-13
4.49748e-14
1.66861e-14
4.86649e-15
100
100.004
99.9959
99.9918
100.007
100.014
99.9934
99.9778
100.002
100.03
100.011
99.9657
99.9672
100.025
100.058
100.006
99.9294
99.9379
100.041
100.116
100.052
99.8979
99.8275
99.9523
100.177
100.271
100.089
99.7439
99.5389
99.7205
100.245
100.757
100.82
100.222
99.178
98.2667
98.1462
99.2012
101.299
103.764
105.571
105.656
103.221
97.9344
89.9717
79.928
68.6448
57.0192
45.8462
35.72
26.9989
19.8207
14.1492
9.83277
6.65906
4.39929
2.83791
1.78917
1.10332
0.666028
0.393863
0.228328
0.129842
0.0724739
0.0397289
0.0214005
0.0113334
0.00590366
0.00302627
0.00152725
0.000759106
0.000371757
0.000179448
8.54079e-05
4.00942e-05
1.85707e-05
8.48935e-06
3.8313e-06
1.70752e-06
7.51708e-07
3.26972e-07
1.40558e-07
5.97292e-08
2.5096e-08
1.0428e-08
4.2862e-09
1.74302e-09
7.01415e-10
2.79366e-10
1.10147e-10
4.29982e-11
1.66218e-11
6.36391e-12
2.41355e-12
9.06862e-13
3.37608e-13
1.2461e-13
4.54239e-14
1.687e-14
4.9248e-15
100
100.004
99.9959
99.9918
100.007
100.014
99.9934
99.9778
100.002
100.03
100.011
99.9656
99.9672
100.026
100.058
100.006
99.9293
99.9378
100.041
100.116
100.053
99.8978
99.8274
99.9523
100.178
100.271
100.089
99.7436
99.5386
99.7204
100.245
100.758
100.82
100.222
99.1775
98.2659
98.1457
99.2012
101.299
103.765
105.572
105.656
103.221
97.9331
89.9692
79.9245
68.6407
57.0149
45.842
35.7163
26.9957
19.8181
14.1472
9.83126
6.65797
4.39853
2.8374
1.78883
1.10311
0.665897
0.393784
0.228281
0.129815
0.0724588
0.0397206
0.0213961
0.0113311
0.0059025
0.0030257
0.00152697
0.000758982
0.000371703
0.000179426
8.53997e-05
4.00917e-05
1.85703e-05
8.48957e-06
3.83161e-06
1.70777e-06
7.51876e-07
3.27074e-07
1.40616e-07
5.97609e-08
2.51127e-08
1.04365e-08
4.29043e-09
1.74508e-09
7.02395e-10
2.79824e-10
1.10358e-10
4.30934e-11
1.66641e-11
6.38249e-12
2.42158e-12
9.10289e-13
3.39052e-13
1.25211e-13
4.56695e-14
1.69729e-14
4.95804e-15
100
100.004
99.9959
99.9918
100.007
100.014
99.9934
99.9778
100.002
100.03
100.011
99.9657
99.9672
100.025
100.058
100.006
99.9294
99.9378
100.041
100.116
100.053
99.898
99.8275
99.9522
100.177
100.271
100.089
99.7439
99.5389
99.7203
100.244
100.757
100.82
100.222
99.1781
98.2666
98.146
99.2009
101.298
103.764
105.571
105.656
103.222
97.9348
89.9719
79.9279
68.6444
57.0186
45.8456
35.7194
26.9983
19.8202
14.1488
9.83247
6.65885
4.39915
2.83783
1.78912
1.10329
0.666017
0.393859
0.228327
0.129844
0.0724757
0.0397305
0.0214018
0.0113343
0.00590432
0.00302671
0.00152752
0.000759278
0.00037186
0.000179508
8.54422e-05
4.01134e-05
1.85813e-05
8.49504e-06
3.83431e-06
1.70909e-06
7.52511e-07
3.27377e-07
1.40759e-07
5.98276e-08
2.51435e-08
1.04506e-08
4.29681e-09
1.74793e-09
7.03662e-10
2.8038e-10
1.10599e-10
4.31975e-11
1.67085e-11
6.40121e-12
2.42941e-12
9.1353e-13
3.4038e-13
1.25751e-13
4.58857e-14
1.70617e-14
4.98634e-15
100
100.004
99.9959
99.9918
100.007
100.014
99.9934
99.9778
100.002
100.03
100.011
99.9656
99.9672
100.026
100.058
100.006
99.9293
99.9378
100.041
100.116
100.052
99.8978
99.8274
99.9524
100.177
100.271
100.089
99.7437
99.5388
99.7205
100.245
100.758
100.82
100.222
99.1776
98.2662
98.146
99.2014
101.299
103.765
105.572
105.656
103.221
97.9331
89.9695
79.9251
68.6414
57.0157
45.8429
35.717
26.9963
19.8186
14.1476
9.83151
6.65814
4.39865
2.83747
1.78888
1.10313
0.665912
0.393792
0.228286
0.129818
0.0724607
0.0397218
0.0213969
0.0113316
0.00590281
0.00302591
0.0015271
0.000759061
0.000371751
0.000179455
8.54164e-05
4.01012e-05
1.85756e-05
8.4925e-06
3.8332e-06
1.70861e-06
7.52315e-07
3.27298e-07
1.40729e-07
5.98171e-08
2.51401e-08
1.04498e-08
4.29671e-09
1.74802e-09
7.03753e-10
2.80443e-10
1.10636e-10
4.32171e-11
1.67184e-11
6.406e-12
2.43165e-12
9.14554e-13
3.40837e-13
1.2595e-13
4.59708e-14
1.70988e-14
4.99871e-15
100
100.004
99.9959
99.9918
100.007
100.014
99.9934
99.9778
100.002
100.03
100.011
99.9657
99.9672
100.025
100.058
100.006
99.9293
99.9378
100.041
100.116
100.053
99.8979
99.8274
99.9522
100.177
100.271
100.089
99.7438
99.5387
99.7203
100.245
100.758
100.82
100.222
99.1779
98.2663
98.1457
99.2009
101.299
103.764
105.571
105.656
103.222
97.9344
89.9712
79.9271
68.6435
57.0178
45.8448
35.7188
26.9979
19.8199
14.1486
9.83237
6.65879
4.39913
2.83782
1.78912
1.1033
0.666024
0.393865
0.228332
0.129847
0.0724778
0.0397319
0.0214027
0.0113349
0.00590465
0.00302691
0.00152764
0.000759344
0.000371897
0.00017953
8.5454e-05
4.01198e-05
1.85848e-05
8.49689e-06
3.83529e-06
1.7096e-06
7.52773e-07
3.27509e-07
1.40825e-07
5.98605e-08
2.51595e-08
1.04584e-08
4.30048e-09
1.74965e-09
7.0446e-10
2.80745e-10
1.10765e-10
4.32712e-11
1.67411e-11
6.41541e-12
2.43553e-12
9.1614e-13
3.4148e-13
1.2621e-13
4.6074e-14
1.7141e-14
5.0121e-15
100
100.004
99.9959
99.9918
100.007
100.014
99.9934
99.9778
100.002
100.03
100.011
99.9657
99.9672
100.025
100.058
100.006
99.9293
99.9379
100.041
100.116
100.052
99.8979
99.8275
99.9523
100.177
100.271
100.089
99.7438
99.5389
99.7204
100.245
100.758
100.82
100.222
99.1779
98.2665
98.146
99.2012
101.299
103.764
105.571
105.656
103.221
97.9337
89.9703
79.9259
68.6421
57.0163
45.8433
35.7173
26.9965
19.8186
14.1476
9.83148
6.6581
4.39861
2.83744
1.78885
1.10312
0.665903
0.393787
0.228283
0.129817
0.07246
0.0397215
0.0213968
0.0113316
0.00590285
0.00302594
0.00152713
0.000759084
0.000371766
0.000179464
8.54222e-05
4.01046e-05
1.85776e-05
8.49358e-06
3.83378e-06
1.70892e-06
7.52477e-07
3.27381e-07
1.40771e-07
5.98379e-08
2.51503e-08
1.04547e-08
4.29905e-09
1.74911e-09
7.04261e-10
2.80675e-10
1.10741e-10
4.3264e-11
1.67391e-11
6.41504e-12
2.43555e-12
9.16217e-13
3.41538e-13
1.26243e-13
4.60912e-14
1.71497e-14
5.01527e-15
100
100.004
99.9959
99.9918
100.007
100.014
99.9934
99.9778
100.002
100.03
100.011
99.9656
99.9672
100.026
100.058
100.006
99.9293
99.9378
100.041
100.116
100.052
99.8978
99.8274
99.9524
100.177
100.271
100.089
99.7437
99.5387
99.7205
100.245
100.758
100.82
100.222
99.1777
98.2663
98.146
99.2013
101.299
103.764
105.571
105.656
103.221
97.9338
89.9706
79.9266
68.6432
57.0177
45.8449
35.7189
26.9981
19.82
14.1488
9.83248
6.65888
4.39919
2.83786
1.78915
1.10332
0.666032
0.393869
0.228334
0.129848
0.0724783
0.0397321
0.0214028
0.0113349
0.00590467
0.00302691
0.00152764
0.000759347
0.000371899
0.000179531
8.5455e-05
4.01205e-05
1.85852e-05
8.49717e-06
3.83546e-06
1.70969e-06
7.52828e-07
3.2754e-07
1.40842e-07
5.9869e-08
2.51639e-08
1.04606e-08
4.30158e-09
1.75019e-09
7.04715e-10
2.80865e-10
1.1082e-10
4.32966e-11
1.67525e-11
6.42049e-12
2.43776e-12
9.17104e-13
3.41892e-13
1.26384e-13
4.61464e-14
1.71719e-14
5.02226e-15
100
100.004
99.9959
99.9918
100.007
100.014
99.9934
99.9778
100.002
100.03
100.011
99.9657
99.9672
100.025
100.058
100.006
99.9293
99.9378
100.041
100.116
100.053
99.8979
99.8274
99.9522
100.177
100.271
100.089
99.7438
99.5387
99.7202
100.245
100.758
100.82
100.222
99.1779
98.2662
98.1456
99.2009
101.299
103.764
105.572
105.657
103.222
97.9341
89.9704
79.9258
68.6419
57.016
45.8429
35.717
26.9962
19.8184
14.1474
9.83139
6.65804
4.39858
2.83743
1.78885
1.10312
0.665904
0.393789
0.228285
0.129818
0.072461
0.0397222
0.0213972
0.0113318
0.005903
0.00302603
0.00152718
0.00075911
0.00037178
0.000179472
8.54261e-05
4.01066e-05
1.85786e-05
8.49409e-06
3.83403e-06
1.70905e-06
7.52538e-07
3.27411e-07
1.40786e-07
5.98449e-08
2.51536e-08
1.04563e-08
4.29979e-09
1.74946e-09
7.04422e-10
2.80749e-10
1.10774e-10
4.3279e-11
1.67458e-11
6.418e-12
2.43684e-12
9.16776e-13
3.41777e-13
1.26345e-13
4.61335e-14
1.71678e-14
5.02126e-15
100
100.004
99.9959
99.9918
100.007
100.014
99.9934
99.9779
100.002
100.03
100.011
99.9657
99.9673
100.025
100.058
100.006
99.9293
99.9379
100.041
100.116
100.052
99.8979
99.8275
99.9524
100.177
100.271
100.089
99.7438
99.5389
99.7205
100.245
100.758
100.82
100.222
99.1779
98.2666
98.1462
99.2013
101.299
103.764
105.571
105.656
103.221
97.9339
89.9709
79.9271
68.6437
57.0181
45.8452
35.7192
26.9982
19.8201
14.1488
9.83248
6.65887
4.39917
2.83784
1.78913
1.1033
0.666023
0.393863
0.22833
0.129845
0.0724769
0.0397313
0.0214024
0.0113347
0.00590455
0.00302686
0.00152762
0.000759335
0.000371894
0.000179529
8.54544e-05
4.01204e-05
1.85852e-05
8.49724e-06
3.83551e-06
1.70973e-06
7.5285e-07
3.27552e-07
1.40849e-07
5.98727e-08
2.51658e-08
1.04615e-08
4.30203e-09
1.7504e-09
7.04817e-10
2.80913e-10
1.10842e-10
4.33064e-11
1.67569e-11
6.42242e-12
2.4386e-12
9.17465e-13
3.42046e-13
1.26449e-13
4.61734e-14
1.71834e-14
5.02605e-15
100
100.004
99.9959
99.9918
100.007
100.014
99.9934
99.9778
100.002
100.03
100.011
99.9656
99.9672
100.026
100.058
100.006
99.9293
99.9378
100.041
100.116
100.053
99.8978
99.8274
99.9523
100.177
100.271
100.089
99.7436
99.5386
99.7204
100.245
100.758
100.82
100.222
99.1776
98.266
98.1457
99.2011
101.299
103.765
105.572
105.656
103.221
97.9336
89.9699
79.9254
68.6416
57.0158
45.8429
35.717
26.9963
19.8185
14.1475
9.83148
6.65812
4.39863
2.83747
1.78888
1.10314
0.665915
0.393795
0.228289
0.12982
0.072462
0.0397227
0.0213975
0.011332
0.00590306
0.00302605
0.00152719
0.000759114
0.000371781
0.000179472
8.54261e-05
4.01065e-05
1.85786e-05
8.49406e-06
3.83402e-06
1.70904e-06
7.52537e-07
3.27412e-07
1.40786e-07
5.98453e-08
2.51539e-08
1.04565e-08
4.2999e-09
1.74952e-09
7.04454e-10
2.80765e-10
1.10783e-10
4.3283e-11
1.67477e-11
6.41888e-12
2.43725e-12
9.16956e-13
3.41857e-13
1.2638e-13
4.61483e-14
1.71743e-14
5.02343e-15
100
100.004
99.9959
99.9918
100.007
100.014
99.9934
99.9778
100.002
100.03
100.011
99.9657
99.9672
100.025
100.058
100.006
99.9294
99.9378
100.041
100.116
100.053
99.8979
99.8275
99.9522
100.177
100.271
100.089
99.7439
99.5388
99.7203
100.245
100.758
100.82
100.222
99.178
98.2665
98.1459
99.201
101.299
103.764
105.571
105.656
103.221
97.9343
89.9712
79.9271
68.6436
57.0179
45.845
35.7189
26.998
19.8199
14.1487
9.83237
6.65879
4.39912
2.83781
1.78911
1.10329
0.666018
0.393861
0.22833
0.129845
0.0724769
0.0397314
0.0214025
0.0113348
0.0059046
0.00302689
0.00152764
0.000759346
0.0003719
0.000179532
8.5456e-05
4.01212e-05
1.85856e-05
8.49743e-06
3.8356e-06
1.70977e-06
7.52869e-07
3.27561e-07
1.40852e-07
5.98743e-08
2.51665e-08
1.04618e-08
4.30217e-09
1.75047e-09
7.04844e-10
2.80924e-10
1.10847e-10
4.33087e-11
1.67579e-11
6.42287e-12
2.43879e-12
9.17552e-13
3.42084e-13
1.26465e-13
4.61804e-14
1.71865e-14
5.0271e-15
100
100.004
99.9959
99.9918
100.007
100.014
99.9934
99.9778
100.002
100.03
100.011
99.9657
99.9672
100.026
100.058
100.006
99.9293
99.9379
100.041
100.116
100.052
99.8979
99.8275
99.9524
100.177
100.271
100.089
99.7437
99.5388
99.7205
100.245
100.758
100.82
100.222
99.1777
98.2663
98.146
99.2013
101.299
103.764
105.572
105.656
103.221
97.9336
89.9701
79.9257
68.642
57.0162
45.8432
35.7173
26.9965
19.8186
14.1476
9.83153
6.65815
4.39864
2.83747
1.78887
1.10313
0.665912
0.393793
0.228287
0.129819
0.0724613
0.0397223
0.0213972
0.0113318
0.00590298
0.00302602
0.00152717
0.000759105
0.000371777
0.00017947
8.54253e-05
4.01063e-05
1.85785e-05
8.49405e-06
3.83403e-06
1.70905e-06
7.52543e-07
3.27415e-07
1.40788e-07
5.98464e-08
2.51545e-08
1.04567e-08
4.30004e-09
1.74959e-09
7.04485e-10
2.80779e-10
1.10789e-10
4.32858e-11
1.67489e-11
6.41941e-12
2.43747e-12
9.17051e-13
3.41896e-13
1.26396e-13
4.61549e-14
1.7177e-14
5.02433e-15
100
100.004
99.9959
99.9918
100.007
100.014
99.9934
99.9778
100.002
100.03
100.011
99.9656
99.9672
100.026
100.058
100.006
99.9293
99.9378
100.041
100.116
100.052
99.8978
99.8274
99.9523
100.177
100.271
100.089
99.7437
99.5387
99.7204
100.245
100.758
100.82
100.222
99.1777
98.2663
98.1459
99.2012
101.299
103.764
105.571
105.656
103.221
97.934
89.9708
79.9267
68.6433
57.0176
45.8448
35.7188
26.998
19.8199
14.1487
9.8324
6.65882
4.39915
2.83783
1.78913
1.1033
0.666024
0.393865
0.228332
0.129846
0.0724775
0.0397317
0.0214026
0.0113348
0.00590462
0.00302689
0.00152764
0.000759344
0.000371899
0.000179531
8.54553e-05
4.01208e-05
1.85854e-05
8.4973e-06
3.83553e-06
1.70974e-06
7.52854e-07
3.27554e-07
1.40849e-07
5.98729e-08
2.51659e-08
1.04616e-08
4.30206e-09
1.75042e-09
7.04828e-10
2.80919e-10
1.10845e-10
4.33081e-11
1.67577e-11
6.42284e-12
2.4388e-12
9.17561e-13
3.4209e-13
1.26469e-13
4.61822e-14
1.71874e-14
5.02742e-15
100
100.004
99.9959
99.9918
100.007
100.014
99.9934
99.9778
100.002
100.03
100.011
99.9657
99.9672
100.025
100.058
100.006
99.9293
99.9378
100.041
100.116
100.053
99.8979
99.8274
99.9522
100.177
100.271
100.089
99.7438
99.5387
99.7203
100.245
100.758
100.82
100.222
99.1779
98.2663
98.1457
99.201
101.299
103.764
105.572
105.656
103.221
97.934
89.9704
79.9259
68.642
57.0161
45.8431
35.7171
26.9964
19.8185
14.1475
9.83146
6.6581
4.39862
2.83745
1.78886
1.10313
0.66591
0.393792
0.228287
0.129819
0.0724615
0.0397225
0.0213974
0.0113319
0.00590305
0.00302606
0.0015272
0.000759118
0.000371784
0.000179474
8.54272e-05
4.01072e-05
1.85789e-05
8.49425e-06
3.83412e-06
1.70909e-06
7.52561e-07
3.27423e-07
1.40792e-07
5.98479e-08
2.51551e-08
1.0457e-08
4.30013e-09
1.74962e-09
7.04498e-10
2.80784e-10
1.10791e-10
4.32865e-11
1.67492e-11
6.41949e-12
2.4375e-12
9.17063e-13
3.41901e-13
1.26398e-13
4.61557e-14
1.71774e-14
5.02445e-15
100
100.004
99.9959
99.9918
100.007
100.014
99.9934
99.9778
100.002
100.03
100.011
99.9657
99.9672
100.025
100.058
100.006
99.9293
99.9379
100.041
100.116
100.052
99.8979
99.8275
99.9524
100.177
100.271
100.089
99.7438
99.5389
99.7205
100.245
100.758
100.82
100.222
99.1779
98.2665
98.1461
99.2013
101.299
103.764
105.571
105.656
103.221
97.9339
89.9709
79.9269
68.6435
57.0179
45.845
35.719
26.9981
19.82
14.1487
9.83242
6.65882
4.39914
2.83783
1.78912
1.1033
0.666019
0.393861
0.228329
0.129845
0.0724766
0.0397311
0.0214023
0.0113346
0.00590452
0.00302684
0.00152761
0.000759331
0.000371893
0.000179528
8.5454e-05
4.01202e-05
1.85852e-05
8.49721e-06
3.8355e-06
1.70973e-06
7.5285e-07
3.27553e-07
1.40849e-07
5.9873e-08
2.5166e-08
1.04616e-08
4.30211e-09
1.75045e-09
7.0484e-10
2.80924e-10
1.10848e-10
4.33092e-11
1.67582e-11
6.42303e-12
2.43888e-12
9.17593e-13
3.42103e-13
1.26474e-13
4.61842e-14
1.71882e-14
5.02767e-15
100
100.004
99.9959
99.9918
100.007
100.014
99.9934
99.9778
100.002
100.03
100.011
99.9656
99.9672
100.026
100.058
100.006
99.9293
99.9378
100.041
100.116
100.052
99.8978
99.8274
99.9523
100.177
100.271
100.089
99.7437
99.5387
99.7204
100.245
100.758
100.82
100.222
99.1777
98.2661
98.1457
99.2011
101.299
103.765
105.572
105.656
103.221
97.9337
89.9701
79.9256
68.6418
57.016
45.843
35.7171
26.9964
19.8186
14.1476
9.83152
6.65815
4.39865
2.83748
1.78888
1.10314
0.665917
0.393797
0.228289
0.129821
0.0724623
0.0397229
0.0213976
0.011332
0.00590309
0.00302607
0.0015272
0.000759119
0.000371784
0.000179474
8.54269e-05
4.0107e-05
1.85788e-05
8.49418e-06
3.83408e-06
1.70907e-06
7.5255e-07
3.27418e-07
1.40789e-07
5.98468e-08
2.51546e-08
1.04568e-08
4.30004e-09
1.74959e-09
7.04483e-10
2.80778e-10
1.10789e-10
4.32857e-11
1.67489e-11
6.41939e-12
2.43747e-12
9.17052e-13
3.41898e-13
1.26397e-13
4.61555e-14
1.71774e-14
5.02446e-15
100
100.004
99.9959
99.9918
100.007
100.014
99.9934
99.9778
100.002
100.03
100.011
99.9657
99.9672
100.025
100.058
100.006
99.9293
99.9378
100.041
100.116
100.053
99.8979
99.8274
99.9523
100.177
100.271
100.089
99.7438
99.5388
99.7204
100.245
100.758
100.82
100.222
99.1779
98.2664
98.1459
99.2011
101.299
103.764
105.571
105.656
103.221
97.9341
89.971
79.9269
68.6434
57.0178
45.8448
35.7188
26.9979
19.8199
14.1486
9.83235
6.65878
4.39911
2.83781
1.78911
1.10329
0.666017
0.39386
0.228329
0.129845
0.0724767
0.0397312
0.0214024
0.0113347
0.00590457
0.00302687
0.00152763
0.00075934
0.000371897
0.000179531
8.54553e-05
4.01209e-05
1.85855e-05
8.49735e-06
3.83556e-06
1.70975e-06
7.52862e-07
3.27558e-07
1.40851e-07
5.98739e-08
2.51663e-08
1.04618e-08
4.30215e-09
1.75046e-09
7.04845e-10
2.80926e-10
1.10848e-10
4.33093e-11
1.67582e-11
6.42302e-12
2.43887e-12
9.17588e-13
3.42101e-13
1.26473e-13
4.61838e-14
1.71881e-14
5.02762e-15
100
100.004
99.9959
99.9918
100.007
100.014
99.9934
99.9778
100.002
100.03
100.011
99.9657
99.9672
100.025
100.058
100.006
99.9293
99.9378
100.041
100.116
100.052
99.8979
99.8275
99.9523
100.177
100.271
100.089
99.7438
99.5388
99.7204
100.245
100.758
100.82
100.222
99.1778
98.2663
98.1459
99.2011
101.299
103.764
105.572
105.656
103.221
97.9338
89.9703
79.9258
68.6421
57.0162
45.8432
35.7173
26.9965
19.8187
14.1476
9.83153
6.65815
4.39865
2.83747
1.78888
1.10313
0.665914
0.393794
0.228288
0.12982
0.0724616
0.0397225
0.0213974
0.0113319
0.00590302
0.00302604
0.00152719
0.000759111
0.00037178
0.000179472
8.54262e-05
4.01067e-05
1.85787e-05
8.49414e-06
3.83407e-06
1.70907e-06
7.52551e-07
3.27419e-07
1.4079e-07
5.98472e-08
2.51548e-08
1.04569e-08
4.3001e-09
1.74961e-09
7.04495e-10
2.80783e-10
1.10791e-10
4.32866e-11
1.67492e-11
6.41954e-12
2.43753e-12
9.17075e-13
3.41907e-13
1.264e-13
4.61568e-14
1.71779e-14
5.02461e-15
100
100.004
99.9959
99.9918
100.007
100.014
99.9934
99.9778
100.002
100.03
100.011
99.9657
99.9672
100.026
100.058
100.006
99.9293
99.9378
100.041
100.116
100.052
99.8978
99.8274
99.9523
100.177
100.271
100.089
99.7437
99.5388
99.7205
100.245
100.758
100.82
100.222
99.1778
98.2664
98.146
99.2012
101.299
103.764
105.571
105.656
103.221
97.9339
89.9707
79.9267
68.6433
57.0177
45.8448
35.7188
26.998
19.8199
14.1487
9.83239
6.65881
4.39914
2.83783
1.78912
1.1033
0.666021
0.393863
0.22833
0.129846
0.072477
0.0397314
0.0214024
0.0113347
0.00590457
0.00302687
0.00152762
0.000759337
0.000371895
0.00017953
8.54545e-05
4.01204e-05
1.85852e-05
8.49723e-06
3.83551e-06
1.70973e-06
7.52849e-07
3.27552e-07
1.40848e-07
5.98727e-08
2.51658e-08
1.04615e-08
4.30206e-09
1.75042e-09
7.04829e-10
2.8092e-10
1.10846e-10
4.33084e-11
1.67578e-11
6.4229e-12
2.43882e-12
9.17572e-13
3.42095e-13
1.26471e-13
4.61831e-14
1.71878e-14
5.02756e-15
100
100.004
99.9959
99.9918
100.007
100.014
99.9934
99.9778
100.002
100.03
100.011
99.9657
99.9672
100.025
100.058
100.006
99.9293
99.9378
100.041
100.116
100.053
99.8979
99.8274
99.9523
100.177
100.271
100.089
99.7438
99.5387
99.7203
100.245
100.758
100.82
100.222
99.1778
98.2662
98.1457
99.201
101.299
103.765
105.572
105.656
103.221
97.9339
89.9703
79.9258
68.642
57.0161
45.8431
35.7172
26.9964
19.8186
14.1476
9.8315
6.65813
4.39864
2.83747
1.78887
1.10313
0.665914
0.393795
0.228288
0.12982
0.0724621
0.0397228
0.0213976
0.011332
0.00590309
0.00302608
0.00152721
0.000759123
0.000371786
0.000179475
8.54276e-05
4.01074e-05
1.8579e-05
8.49429e-06
3.83413e-06
1.7091e-06
7.52564e-07
3.27424e-07
1.40792e-07
5.9848e-08
2.51552e-08
1.0457e-08
4.30015e-09
1.74963e-09
7.04501e-10
2.80786e-10
1.10792e-10
4.32868e-11
1.67493e-11
6.41956e-12
2.43753e-12
9.17077e-13
3.41907e-13
1.264e-13
4.61568e-14
1.71779e-14
5.0246e-15
100
100.004
99.9959
99.9918
100.007
100.014
99.9934
99.9778
100.002
100.03
100.011
99.9657
99.9672
100.025
100.058
100.006
99.9293
99.9378
100.041
100.116
100.052
99.8979
99.8275
99.9523
100.177
100.271
100.089
99.7438
99.5388
99.7204
100.245
100.758
100.82
100.222
99.1779
98.2665
98.146
99.2012
101.299
103.764
105.571
105.656
103.221
97.934
89.9709
79.9269
68.6435
57.0178
45.8449
35.7189
26.998
19.8199
14.1487
9.83237
6.65879
4.39912
2.83781
1.78911
1.10329
0.666015
0.393859
0.228328
0.129844
0.0724762
0.039731
0.0214022
0.0113346
0.0059045
0.00302683
0.00152761
0.00075933
0.000371892
0.000179528
8.54539e-05
4.01202e-05
1.85851e-05
8.4972e-06
3.83549e-06
1.70972e-06
7.52849e-07
3.27552e-07
1.40849e-07
5.98728e-08
2.51659e-08
1.04616e-08
4.30208e-09
1.75044e-09
7.04834e-10
2.80922e-10
1.10846e-10
4.33087e-11
1.6758e-11
6.42295e-12
2.43885e-12
9.1758e-13
3.42098e-13
1.26472e-13
4.61835e-14
1.7188e-14
5.02761e-15
100
100.004
99.9959
99.9918
100.007
100.014
99.9934
99.9778
100.002
100.03
100.011
99.9657
99.9672
100.026
100.058
100.006
99.9293
99.9378
100.041
100.116
100.052
99.8979
99.8274
99.9523
100.177
100.271
100.089
99.7437
99.5387
99.7204
100.245
100.758
100.82
100.222
99.1777
98.2662
98.1458
99.2011
101.299
103.765
105.572
105.656
103.221
97.9338
89.9702
79.9258
68.642
57.0162
45.8432
35.7173
26.9965
19.8187
14.1476
9.83155
6.65817
4.39866
2.83749
1.78889
1.10314
0.665918
0.393797
0.22829
0.129821
0.0724623
0.0397229
0.0213976
0.011332
0.00590309
0.00302607
0.0015272
0.00075912
0.000371784
0.000179474
8.54271e-05
4.01071e-05
1.85788e-05
8.49421e-06
3.8341e-06
1.70908e-06
7.52556e-07
3.27421e-07
1.4079e-07
5.98474e-08
2.51549e-08
1.04569e-08
4.3001e-09
1.74961e-09
7.04494e-10
2.80783e-10
1.10791e-10
4.32864e-11
1.67492e-11
6.41951e-12
2.43751e-12
9.1707e-13
3.41905e-13
1.26399e-13
4.61565e-14
1.71777e-14
5.02457e-15
100
100.004
99.9959
99.9918
100.007
100.014
99.9934
99.9778
100.002
100.03
100.011
99.9657
99.9672
100.025
100.058
100.006
99.9293
99.9378
100.041
100.116
100.052
99.8979
99.8274
99.9523
100.177
100.271
100.089
99.7438
99.5388
99.7204
100.245
100.758
100.82
100.222
99.1778
98.2664
98.146
99.2012
101.299
103.764
105.571
105.656
103.221
97.934
89.9708
79.9268
68.6433
57.0177
45.8448
35.7188
26.9979
19.8199
14.1486
9.83235
6.65878
4.39912
2.83781
1.78911
1.10329
0.666017
0.39386
0.228329
0.129845
0.0724767
0.0397312
0.0214024
0.0113347
0.00590455
0.00302686
0.00152762
0.000759337
0.000371895
0.00017953
8.54547e-05
4.01205e-05
1.85853e-05
8.49727e-06
3.83552e-06
1.70974e-06
7.52854e-07
3.27554e-07
1.40849e-07
5.98731e-08
2.5166e-08
1.04616e-08
4.3021e-09
1.75044e-09
7.04836e-10
2.80922e-10
1.10847e-10
4.33088e-11
1.6758e-11
6.42297e-12
2.43885e-12
9.17582e-13
3.42099e-13
1.26472e-13
4.61836e-14
1.7188e-14
5.02762e-15
100
100.004
99.9959
99.9918
100.007
100.014
99.9934
99.9778
100.002
100.03
100.011
99.9657
99.9672
100.025
100.058
100.006
99.9293
99.9378
100.041
100.116
100.053
99.8979
99.8274
99.9523
100.177
100.271
100.089
99.7438
99.5387
99.7204
100.245
100.758
100.82
100.222
99.1778
98.2662
98.1458
99.201
101.299
103.764
105.572
105.656
103.221
97.9339
89.9703
79.9259
68.6421
57.0162
45.8432
35.7172
26.9965
19.8186
14.1476
9.83152
6.65814
4.39864
2.83747
1.78888
1.10314
0.665914
0.393795
0.228288
0.12982
0.0724619
0.0397227
0.0213975
0.011332
0.00590307
0.00302606
0.0015272
0.000759118
0.000371784
0.000179474
8.5427e-05
4.01071e-05
1.85789e-05
8.49422e-06
3.8341e-06
1.70908e-06
7.52558e-07
3.27422e-07
1.40791e-07
5.98476e-08
2.5155e-08
1.04569e-08
4.30012e-09
1.74962e-09
7.04497e-10
2.80784e-10
1.10791e-10
4.32866e-11
1.67492e-11
6.41953e-12
2.43752e-12
9.17073e-13
3.41906e-13
1.264e-13
4.61566e-14
1.71778e-14
5.02459e-15
100
100.004
99.9959
99.9918
100.007
100.014
99.9934
99.9778
100.002
100.03
100.011
99.9657
99.9672
100.025
100.058
100.006
99.9293
99.9378
100.041
100.116
100.052
99.8979
99.8275
99.9523
100.177
100.271
100.089
99.7438
99.5388
99.7204
100.245
100.758
100.82
100.222
99.1779
98.2665
98.146
99.2012
101.299
103.764
105.571
105.656
103.221
97.934
89.9708
79.9268
68.6434
57.0177
45.8449
35.7189
26.998
19.8199
14.1487
9.83237
6.65879
4.39912
2.83781
1.78911
1.10329
0.666017
0.39386
0.228329
0.129845
0.0724765
0.0397311
0.0214023
0.0113346
0.00590452
0.00302684
0.00152761
0.000759332
0.000371893
0.000179528
8.54541e-05
4.01202e-05
1.85852e-05
8.49721e-06
3.8355e-06
1.70972e-06
7.52848e-07
3.27552e-07
1.40848e-07
5.98727e-08
2.51658e-08
1.04615e-08
4.30207e-09
1.75043e-09
7.04831e-10
2.8092e-10
1.10846e-10
4.33085e-11
1.67579e-11
6.42291e-12
2.43883e-12
9.17574e-13
3.42096e-13
1.26471e-13
4.61832e-14
1.71878e-14
5.02759e-15
100
100.004
99.9959
99.9918
100.007
100.014
99.9934
99.9778
100.002
100.03
100.011
99.9657
99.9672
100.025
100.058
100.006
99.9293
99.9378
100.041
100.116
100.052
99.8979
99.8274
99.9523
100.177
100.271
100.089
99.7437
99.5387
99.7204
100.245
100.758
100.82
100.222
99.1777
98.2662
98.1458
99.2011
101.299
103.765
105.572
105.656
103.221
97.9338
89.9702
79.9258
68.642
57.0162
45.8432
35.7173
26.9965
19.8187
14.1476
9.83155
6.65817
4.39866
2.83749
1.78889
1.10314
0.665919
0.393798
0.22829
0.129821
0.0724626
0.039723
0.0213977
0.0113321
0.00590312
0.00302609
0.00152721
0.000759126
0.000371788
0.000179476
8.54279e-05
4.01075e-05
1.8579e-05
8.49431e-06
3.83414e-06
1.7091e-06
7.52566e-07
3.27425e-07
1.40792e-07
5.98483e-08
2.51553e-08
1.04571e-08
4.30017e-09
1.74964e-09
7.04506e-10
2.80788e-10
1.10793e-10
4.32872e-11
1.67495e-11
6.41963e-12
2.43756e-12
9.17088e-13
3.41912e-13
1.26402e-13
4.61574e-14
1.71783e-14
5.02457e-15
100
100.004
99.9959
99.9918
100.007
100.014
99.9934
99.9778
100.002
100.03
100.011
99.9657
99.9672
100.025
100.058
100.006
99.9293
99.9378
100.041
100.116
100.052
99.8979
99.8274
99.9523
100.177
100.271
100.089
99.7438
99.5388
99.7204
100.245
100.758
100.82
100.222
99.1778
98.2664
98.146
99.2012
101.299
103.764
105.571
105.656
103.221
97.934
89.9708
79.9267
68.6432
57.0175
45.8446
35.7186
26.9977
19.8197
14.1485
9.83225
6.6587
4.39905
2.83776
1.78908
1.10327
0.666002
0.39385
0.228323
0.129841
0.0724743
0.0397298
0.0214016
0.0113342
0.0059043
0.00302672
0.00152755
0.000759298
0.000371875
0.00017952
8.54496e-05
4.0118e-05
1.85841e-05
8.49669e-06
3.83525e-06
1.70961e-06
7.52795e-07
3.27528e-07
1.40838e-07
5.98679e-08
2.51637e-08
1.04607e-08
4.30168e-09
1.75027e-09
7.04764e-10
2.80893e-10
1.10835e-10
4.33039e-11
1.67561e-11
6.42219e-12
2.43855e-12
9.17465e-13
3.42054e-13
1.26455e-13
4.61773e-14
1.71853e-14
5.02729e-15
100
100.004
99.9959
99.9918
100.007
100.014
99.9934
99.9778
100.002
100.03
100.011
99.9657
99.9672
100.025
100.058
100.006
99.9293
99.9378
100.041
100.116
100.052
99.8979
99.8274
99.9523
100.177
100.271
100.089
99.7438
99.5388
99.7204
100.245
100.758
100.82
100.222
99.1778
98.2664
98.146
99.2012
101.299
103.764
105.571
105.656
103.221
97.934
89.9709
79.9269
68.6436
57.018
45.8452
35.7193
26.9984
19.8204
14.1491
9.83273
6.65909
4.39936
2.83799
1.78925
1.10339
0.666084
0.393905
0.228358
0.129863
0.0724883
0.0397383
0.0214066
0.0113371
0.00590595
0.00302764
0.00152805
0.000759569
0.000372018
0.000179594
8.54875e-05
4.01371e-05
1.85935e-05
8.50129e-06
3.83746e-06
1.71066e-06
7.53285e-07
3.27753e-07
1.4094e-07
5.9914e-08
2.51841e-08
1.04696e-08
4.30555e-09
1.75192e-09
7.05462e-10
2.81184e-10
1.10955e-10
4.33532e-11
1.6776e-11
6.43017e-12
2.44171e-12
9.18705e-13
3.42536e-13
1.26641e-13
4.62478e-14
1.72126e-14
5.03553e-15
)
;

boundaryField
{
    left
    {
        type            fixedValue;
        value           uniform 100;
    }
    right
    {
        type            zeroGradient;
    }
    up
    {
        type            zeroGradient;
    }
    down
    {
        type            fixedValue;
        value           uniform 0;
    }
    frontAndBack
    {
        type            empty;
    }
}


// ************************************************************************* //
