/*--------------------------------*- C++ -*----------------------------------*\
  =========                 |
  \\      /  F ield         | OpenFOAM: The Open Source CFD Toolbox
   \\    /   O peration     | Website:  https://openfoam.org
    \\  /    A nd           | Version:  8
     \\/     M anipulation  |
\*---------------------------------------------------------------------------*/
FoamFile
{
    version     2.0;
    format      ascii;
    class       volScalarField;
    location    "0.471";
    object      T;
}
// * * * * * * * * * * * * * * * * * * * * * * * * * * * * * * * * * * * * * //

dimensions      [0 0 0 1 0 0 0];

internalField   nonuniform List<scalar> 
10000
(
50
4.65154
-4.65131
-1.18106
1.17998
0.453082
-0.449928
-0.223965
0.216946
0.1342
-0.121079
-0.0944437
0.0727956
0.0754415
-0.0431209
-0.0652312
0.0210679
0.0577591
-0.00243617
-0.0494019
-0.0136823
0.0380155
0.02625
-0.0229574
-0.0331816
0.00541179
0.0324159
0.0115014
-0.0232725
-0.0233393
0.00773693
0.0259659
0.00910357
-0.017926
-0.020338
0.00243381
0.0204427
0.0127664
-0.00917849
-0.0188901
-0.00662338
0.0119704
0.0161531
0.00289003
-0.0123043
-0.013749
-0.00138494
0.0112949
0.0121305
0.00158798
-0.0094712
-0.0111085
-0.00294789
0.00694005
0.0101368
0.00485489
-0.00369233
-0.00852085
-0.00650158
-2.09759e-05
0.00572143
0.00688556
0.00336804
-0.00184489
-0.00521873
-0.00500372
-0.00193035
0.0017558
0.00391893
0.00369727
0.00166887
-0.000799177
-0.00243985
-0.00268167
-0.00173542
-0.000283379
0.000957029
0.00155224
0.00144839
0.000875831
0.00016918
-0.000393948
-0.00067499
-0.000676946
-0.000491408
-0.000238064
-1.1455e-05
0.000134341
0.000193749
0.000182286
0.000136245
7.67685e-05
3.16776e-05
-1.56205e-06
-1.01119e-05
-1.2654e-05
-1.91547e-07
7.97973e-06
1.95723e-05
2.724e-05
95.3485
49.9999
10.4838
-4.65055
-2.81387
1.17734
1.12667
-0.443639
-0.57483
0.204791
0.349583
-0.100621
-0.242824
0.0418174
0.184365
-0.000297119
-0.145167
-0.0331679
0.111253
0.0601326
-0.0757736
-0.0783148
0.03676
0.083801
0.00335486
-0.0733115
-0.0382441
0.0467896
0.0594105
-0.00960981
-0.0596653
-0.0270468
0.0377347
0.049162
-0.00178097
-0.0464031
-0.031416
0.0196435
0.043767
0.0159148
-0.0276045
-0.0372668
-0.00589596
0.0292097
0.0311617
0.00126809
-0.0274214
-0.0269902
-0.000868679
0.0238018
0.0246172
0.00345986
-0.0187519
-0.0229787
-0.00781262
0.0121332
0.0205245
0.0123714
-0.00407396
-0.0157337
-0.0150213
-0.00418736
0.00805591
0.0135754
0.00996655
0.000904401
-0.0073673
-0.0102847
-0.00721346
-0.000906505
0.00477686
0.00715632
0.00579342
0.00212981
-0.00169555
-0.00401964
-0.00426075
-0.00285483
-0.000769579
0.00104999
0.00204316
0.00212101
0.0015398
0.000692296
-7.84432e-05
-0.000572598
-0.00075026
-0.000676003
-0.000468023
-0.000227839
-3.55275e-05
8.79178e-05
0.000130563
0.000127843
8.39715e-05
4.36491e-05
-6.81967e-06
-3.05146e-05
-5.66112e-05
-6.01431e-05
104.651
89.5163
49.9998
12.1165
-4.64898
-3.48737
1.17258
1.47762
-0.433449
-0.790694
0.186633
0.499081
-0.0720647
-0.353727
0.00117442
0.267261
0.0525107
-0.202495
-0.0956513
0.141887
0.126522
-0.0783648
-0.139608
0.0127381
0.129148
0.0473798
-0.0930487
-0.0896771
0.0366842
0.10169
0.0252773
-0.077623
-0.07148
0.024951
0.0822455
0.0338533
-0.0515016
-0.0689431
-0.00468229
0.0598354
0.0520626
-0.01244
-0.0583612
-0.0387866
0.0194647
0.0531685
0.0311548
-0.01937
-0.0471315
-0.0285643
0.0143779
0.0406577
0.0292073
-0.00590659
-0.0327377
-0.0305432
-0.00462921
0.0220822
0.0295023
0.0148152
-0.00853998
-0.0232842
-0.020851
-0.0054228
0.0112876
0.0189249
0.0145277
0.00269392
-0.00873141
-0.0137638
-0.0110714
-0.0035454
0.00421782
0.00860793
0.00845247
0.0048888
0.000207745
-0.00346707
-0.00501341
-0.00445468
-0.00258698
-0.000426561
0.00123745
0.00204344
0.00203281
0.00148586
0.000746942
8.38195e-05
-0.000353806
-0.000545815
-0.000535095
-0.00041365
-0.000244848
-9.76936e-05
2.05169e-05
8.17026e-05
0.000120238
0.00011502
0.000117587
8.74654e-05
101.181
104.651
87.8835
49.9995
12.79
-4.64631
-3.83855
1.16518
1.69422
-0.418646
-0.941794
0.161719
0.612814
-0.0348572
-0.440914
-0.0491258
0.330293
0.114299
-0.23973
-0.163997
0.150864
0.192859
-0.0588665
-0.192659
-0.0304257
0.157609
0.102801
-0.0898995
-0.140395
0.00386881
0.129885
0.074375
-0.0723546
-0.114778
-0.0103186
0.0982377
0.0794228
-0.032058
-0.0972825
-0.0460547
0.0527899
0.0856149
0.0233336
-0.0586488
-0.0731171
-0.0120657
0.0559406
0.0637359
0.0101214
-0.0482736
-0.0575427
-0.0147904
0.0368582
0.0523972
0.0231453
-0.0218239
-0.0450764
-0.0314851
0.00398725
0.0325976
0.0350578
0.0134008
-0.0143876
-0.0294032
-0.0242384
-0.00530853
0.0139455
0.022524
0.017645
0.00442085
-0.008754
-0.0153851
-0.0136915
-0.00626572
0.00231591
0.00813762
0.00949823
0.00699974
0.00260711
-0.00156373
-0.00412009
-0.004682
-0.0036821
-0.00192924
-0.000199055
0.00101758
0.00156059
0.00153352
0.00115386
0.000661004
0.000211373
-9.66139e-05
-0.000268021
-0.000310714
-0.000293658
-0.000231838
-0.000179175
-0.000126158
-9.87888e-05
-7.26786e-05
98.8198
102.814
104.65
87.21
49.9992
13.1413
-4.64227
-4.05583
1.15462
1.84697
-0.398571
-1.05865
0.129408
0.705
0.0113376
-0.510964
-0.108728
0.376176
0.183601
-0.257848
-0.235352
0.139047
0.255021
-0.0194598
-0.232877
-0.088183
0.165701
0.162568
-0.0635337
-0.182198
-0.047237
0.137579
0.128714
-0.0427918
-0.146454
-0.0617519
0.090525
0.123138
0.00973688
-0.105702
-0.0932717
0.0208689
0.103299
0.0696914
-0.0335019
-0.0941651
-0.0560615
0.0334489
0.0834333
0.0513292
-0.0246729
-0.0718583
-0.0522881
0.00972567
0.057686
0.0544305
0.00884081
-0.0386793
-0.0523273
-0.0267105
0.0146328
0.0410621
0.0371464
0.0100263
-0.0196533
-0.0334555
-0.0259408
-0.00509679
0.0152177
0.0243261
0.0197471
0.00650804
-0.00727314
-0.0151622
-0.0150149
-0.00878852
-0.000516007
0.00603236
0.00884068
0.00791904
0.00465673
0.000845071
-0.00211345
-0.00357135
-0.0035883
-0.00265727
-0.00137476
-0.000221654
0.000554028
0.00089719
0.000910863
0.000719721
0.000478983
0.000248261
0.000105604
1.43101e-05
1.70156e-06
5.12938e-06
3.13949e-05
6.16725e-05
99.5471
98.822
103.487
104.648
86.8586
49.9989
13.3591
-4.63661
-4.20993
1.14042
1.96671
-0.372621
-1.15588
0.0891858
0.78266
0.0666286
-0.566917
-0.176932
0.405897
0.258532
-0.257198
-0.306502
0.107471
0.308854
0.0369513
-0.256292
-0.155133
0.151451
0.21932
-0.0158795
-0.207889
-0.109976
0.121092
0.178461
0.00822465
-0.157844
-0.119802
0.0571095
0.153169
0.0663805
-0.08789
-0.132963
-0.0308187
0.0956613
0.112552
0.0136527
-0.0905903
-0.0977907
-0.0111905
0.0782899
0.0885413
0.0191171
-0.0604782
-0.0812989
-0.0329441
0.0371028
0.0708789
0.0470154
-0.0091304
-0.0523796
-0.053926
-0.0186452
0.0245257
0.0464677
0.0367584
0.00643456
-0.0232163
-0.0354593
-0.0267153
-0.005557
0.0147686
0.0243945
0.0209861
0.00894823
-0.00445105
-0.0132011
-0.0148667
-0.0105978
-0.00357873
0.0028833
0.00668849
0.00734605
0.00561292
0.00279602
0.000102722
-0.001723
-0.00247757
-0.00234503
-0.0017038
-0.00091312
-0.000246102
0.000194844
0.000375983
0.000389813
0.000270649
0.000147439
-4.28836e-06
-7.55589e-05
-0.000153881
-0.000157295
100.45
98.8734
98.8262
103.839
104.644
86.6408
49.9985
13.5139
-4.62906
-4.3319
1.12212
2.06842
-0.340256
-1.24095
0.0406694
0.849237
0.130893
-0.609965
-0.252701
0.419595
0.336832
-0.238011
-0.374008
0.0576298
0.350398
0.106671
-0.259846
-0.225228
0.114612
0.265896
0.0489741
-0.211946
-0.176104
0.0799174
0.214129
0.0743025
-0.143402
-0.173198
0.00100865
0.159851
0.126474
-0.0433953
-0.152595
-0.0913594
0.0596162
0.1375
0.0720403
-0.0580322
-0.121629
-0.0663574
0.0444104
0.105629
0.0694674
-0.0221033
-0.0865083
-0.074853
-0.00572299
0.0604647
0.074582
0.0333379
-0.0264555
-0.0610846
-0.0511589
-0.00986136
0.0319971
0.0489114
0.0351362
0.00384623
-0.0246094
-0.035668
-0.0270512
-0.00698491
0.0125823
0.0227913
0.0212565
0.0113934
-0.000731892
-0.00978097
-0.013148
-0.0111697
-0.00606165
-0.000468745
0.00364879
0.00547391
0.00521337
0.00365163
0.00168908
2.12707e-06
-0.00105981
-0.00147116
-0.00137274
-0.00100559
-0.000545178
-0.000156108
0.000138961
0.000282218
0.000361865
0.000327664
0.000321094
0.000222958
100.224
100.445
98.5222
98.8329
104.056
104.64
86.4858
49.998
13.6372
-4.61936
-4.43698
1.09928
2.15991
-0.300998
-1.31772
-0.0163893
0.906267
0.203773
-0.640308
-0.334684
0.417058
0.415941
-0.200704
-0.43434
-0.00837066
0.376108
0.185259
-0.241634
-0.292084
0.0567601
0.295872
0.125065
-0.191078
-0.236617
0.0168435
0.227785
0.146306
-0.101598
-0.210724
-0.0701321
0.137558
0.176866
0.022062
-0.143353
-0.146412
-0.000459547
0.133668
0.126214
-0.000830526
-0.115959
-0.115249
-0.012125
0.0919379
0.108237
0.0335584
-0.0606584
-0.0976482
-0.0562407
0.0223732
0.0760117
0.0701959
0.0173877
-0.0402998
-0.0648218
-0.0460127
-0.00232603
0.0363882
0.0489967
0.0332882
0.00289613
-0.0237715
-0.034304
-0.0270729
-0.00925911
0.00888601
0.0195842
0.0202889
0.0132629
0.00319897
-0.00541766
-0.0099929
-0.0101858
-0.00727865
-0.00315991
0.000536421
0.00288885
0.00371159
0.00334363
0.00231883
0.0011563
0.000176516
-0.000451127
-0.00076009
-0.0007973
-0.000713195
-0.00054851
-0.000413899
-0.000284171
-0.000218601
-0.000150792
99.7826
100.575
100.435
98.3053
98.8426
104.211
104.633
86.3625
49.9974
13.7441
-4.60729
-4.53325
1.07148
2.24545
-0.254433
-1.38813
-0.0820984
0.954216
0.284682
-0.657628
-0.421239
0.398018
0.493072
-0.146068
-0.484039
-0.0877605
0.383071
0.267668
-0.201085
-0.349348
-0.0187481
0.30409
0.205022
-0.144606
-0.282694
-0.0622826
0.214106
0.21353
-0.0352876
-0.223031
-0.145176
0.0859192
0.205181
0.0974834
-0.102316
-0.181422
-0.073373
0.0968607
0.160073
0.0686372
-0.077081
-0.140964
-0.0765407
0.0465614
0.119194
0.088632
-0.00824545
-0.088574
-0.094434
-0.031556
0.046102
0.0831001
0.0607512
0.00251605
-0.049476
-0.0646782
-0.0403425
0.00281976
0.0377101
0.0473763
0.0317734
0.00369917
-0.0208815
-0.0314708
-0.0265664
-0.0118945
0.00416946
0.0149694
0.017824
0.0138814
0.00645712
-0.000927409
-0.00590204
-0.0076933
-0.00681975
-0.00445172
-0.001778
0.000364888
0.0016301
0.00203819
0.00185955
0.00137125
0.000859057
0.000421023
0.000175169
3.08526e-05
3.37763e-05
4.48136e-05
0.000103963
0.000142582
99.8659
99.7941
100.791
100.421
98.1521
98.8559
104.333
104.624
86.2553
49.9968
13.843
-4.59259
-4.62526
1.03832
2.32738
-0.200218
-1.45304
-0.156424
0.992934
0.372807
-0.661369
-0.510465
0.36234
0.565298
-0.0753701
-0.519861
-0.177121
0.369189
0.348446
-0.139063
-0.3911
-0.106939
0.287108
0.280665
-0.0746128
-0.306644
-0.149126
0.171158
0.265118
0.0485203
-0.204219
-0.211232
0.0101746
0.202277
0.16856
-0.0334831
-0.185008
-0.143402
0.0311334
0.161236
0.132901
-0.0109809
-0.131882
-0.129555
-0.0204829
0.0941256
0.12316
0.0551866
-0.0462978
-0.102976
-0.0809705
-0.00660581
0.0628503
0.0832351
0.049473
-0.00915432
-0.0540272
-0.0620446
-0.0354542
0.00516749
0.0363088
0.0445143
0.0306865
0.00595572
-0.0163057
-0.0272333
-0.0251394
-0.0141577
-0.000783026
0.00947308
0.0139215
0.0127928
0.00817169
0.0026181
-0.00188843
-0.00439601
-0.0049155
-0.00403647
-0.00253625
-0.00104432
4.4714e-05
0.000639813
0.000773626
0.000647223
0.000351494
0.000100296
-0.000160618
-0.000250057
-0.000361633
-0.000311442
100.122
99.65
99.8116
100.943
100.402
98.0317
98.8732
104.438
104.614
86.1562
49.9961
13.9386
-4.57503
-4.71569
0.99944
2.40694
-0.138077
-1.51264
-0.23919
1.02192
0.467119
-0.650911
-0.600248
0.310147
0.629643
0.00958881
-0.538933
-0.272455
0.333334
0.421988
-0.0578928
-0.412252
-0.201515
0.243551
0.343706
0.0141396
-0.302785
-0.233728
0.100802
0.291535
0.139475
-0.152969
-0.255725
-0.0794238
0.164218
0.220366
0.0526053
-0.151801
-0.193751
-0.0515906
0.124666
0.173906
0.0676235
-0.0857273
-0.153261
-0.0906951
0.0364775
0.122333
0.108072
0.0175176
-0.0747625
-0.105156
-0.0625022
0.014535
0.0722874
0.0788307
0.0389197
-0.0166919
-0.05464
-0.0581062
-0.0320066
0.00482437
0.0326255
0.0406246
0.0297673
0.0090884
-0.0105735
-0.0217575
-0.0224767
-0.0153378
-0.00507129
0.0039459
0.00917663
0.0101896
0.00806865
0.00449593
0.000992931
-0.00151165
-0.00271573
-0.00281216
-0.00219199
-0.00130455
-0.00043899
0.000191516
0.000590431
0.000724184
0.000751182
0.000618969
0.000553887
0.000353364
100.094
100.102
99.4999
99.8358
101.061
100.377
97.9292
98.895
104.535
104.6
86.0604
49.9953
14.0336
-4.55438
-4.80611
0.954493
2.48474
-0.0678085
-1.56672
-0.330074
1.04047
0.566384
-0.62569
-0.688296
0.241899
0.683184
0.106461
-0.538888
-0.369303
0.275462
0.482816
0.0387009
-0.408927
-0.295258
0.174315
0.386483
0.114552
-0.268151
-0.305577
0.00867537
0.285942
0.225189
-0.0730376
-0.268525
-0.169088
0.0933938
0.240312
0.140601
-0.0841314
-0.210449
-0.133846
0.0546213
0.177953
0.138785
-0.0110957
-0.136947
-0.142489
-0.0387922
0.0823273
0.130449
0.0816609
-0.0167255
-0.0918496
-0.0986802
-0.0436464
0.029823
0.0754832
0.0722318
0.0306636
-0.0200289
-0.0521459
-0.053581
-0.0300626
0.0022246
0.0270724
0.0356873
0.0285102
0.0123544
-0.00432634
-0.0153414
-0.018459
-0.014959
-0.00799174
-0.000816896
0.00434961
0.00670008
0.00656113
0.00487156
0.00263375
0.000623175
-0.000788238
-0.00150064
-0.00168356
-0.00149579
-0.00119073
-0.000838908
-0.000584119
-0.000376592
-0.000276583
-0.000190407
99.9266
100.244
100.074
99.3852
99.8674
101.159
100.345
97.8368
98.9217
104.628
104.584
85.9651
49.9945
14.13
-4.53042
-4.89747
0.90316
2.56097
0.0107172
-1.6148
-0.428612
1.04781
0.669182
-0.585288
-0.7722
0.158453
0.723147
0.212374
-0.518006
-0.462896
0.196684
0.52588
0.145748
-0.378778
-0.380519
0.0826133
0.40269
0.21776
-0.202972
-0.354802
-0.0962885
0.245299
0.292902
0.0269683
-0.2438
-0.243662
-0.00144218
0.220834
0.213191
0.00785396
-0.185865
-0.196461
-0.035642
0.139823
0.182573
0.0741531
-0.081119
-0.158011
-0.109312
0.0126661
0.11157
0.122797
0.0517614
-0.0431386
-0.098711
-0.087615
-0.0275525
0.0388593
0.0740313
0.065158
0.025311
-0.0196312
-0.047249
-0.0486643
-0.0291638
-0.00191404
0.0200929
0.0295651
0.0262382
0.0148201
0.00158429
-0.00850696
-0.0131731
-0.0126994
-0.00892404
-0.00406389
0.000154713
0.00283809
0.00389071
0.00369014
0.00282481
0.00176972
0.000898084
0.00028814
2.25379e-05
-8.26374e-05
6.99592e-06
6.59771e-05
0.000182699
0.000226234
99.9244
99.957
100.355
100.037
99.2919
99.907
101.245
100.307
97.7502
98.9537
104.719
104.565
85.8684
49.9936
14.2287
-4.50293
-4.99032
0.845146
2.63553
0.0975538
-1.65627
-0.534198
1.04314
0.773924
-0.529484
-0.849487
0.0610832
0.747016
0.323984
-0.475313
-0.548347
0.0992684
0.54686
0.257271
-0.321228
-0.449773
-0.0261665
0.388023
0.31391
-0.110833
-0.373359
-0.202763
0.171022
0.331293
0.134576
-0.181288
-0.289171
-0.106309
0.161271
0.254542
0.107787
-0.121004
-0.223111
-0.126521
0.064912
0.184742
0.147423
0.0017017
-0.129291
-0.152312
-0.0660611
0.0546649
0.124361
0.105735
0.0243054
-0.0603445
-0.0979734
-0.0753838
-0.0158124
0.0422715
0.0694574
0.0585549
0.0226998
-0.0162864
-0.0405269
-0.043209
-0.0284979
-0.00656855
0.012415
0.0223868
0.022444
0.0155069
0.00596667
-0.00237776
-0.00742301
-0.00884225
-0.00753825
-0.00487329
-0.00208862
4.82009e-05
0.00123555
0.00158386
0.00133217
0.000835702
0.000263589
-0.00013809
-0.000463337
-0.000518736
-0.000609395
-0.000454464
100.044
99.8144
99.9972
100.444
99.9914
99.2128
99.955
101.323
100.261
97.6669
98.9913
104.811
104.543
85.7693
49.9927
14.3307
-4.47168
-5.08494
0.780181
2.70816
0.192682
-1.69038
-0.646093
1.02571
0.878878
-0.458305
-0.917677
-0.0485107
0.752615
0.437559
-0.410663
-0.620845
-0.0134022
0.542427
0.366597
-0.237594
-0.49618
-0.144788
0.340671
0.393059
0.0015002
-0.35606
-0.298272
0.06909
0.332177
0.235068
-0.0867286
-0.295304
-0.204164
0.0685121
0.253654
0.196143
-0.0259381
-0.204453
-0.196538
-0.0313927
0.141136
0.187643
0.0899304
-0.0615218
-0.152254
-0.128669
-0.0233025
0.0833453
0.124279
0.085318
0.00273084
-0.069018
-0.0925098
-0.0642964
-0.00880685
0.0411215
0.0629251
0.0527202
0.0222103
-0.0109202
-0.0325269
-0.0370548
-0.0272889
-0.0106771
0.00504292
0.0148565
0.0173986
0.0141822
0.00806958
0.00182118
-0.0027493
-0.00500317
-0.00519044
-0.00405569
-0.00237433
-0.000782886
0.000415398
0.0010885
0.00135331
0.00128793
0.00111012
0.000822476
0.000647507
0.000373957
100.066
100.001
99.7302
100.047
100.515
99.9363
99.1447
100.012
101.395
100.208
97.5859
99.035
104.903
104.517
85.6668
49.9917
14.4363
-4.43646
-5.18146
0.708019
2.77846
0.296005
-1.71635
-0.763427
0.994842
0.982187
-0.37205
-0.974339
-0.168207
0.738206
0.549065
-0.324796
-0.675864
-0.136933
0.510483
0.466717
-0.131113
-0.514132
-0.264633
0.261635
0.446123
0.124579
-0.301343
-0.370612
-0.0504138
0.291867
0.313496
0.0285972
-0.257416
-0.27771
-0.0437404
0.206925
0.254129
0.0817579
-0.140851
-0.227515
-0.126981
0.0595547
0.181411
0.158771
0.0276894
-0.106397
-0.153739
-0.0969199
0.0121543
0.0988669
0.116066
0.0660421
-0.0116862
-0.0707851
-0.084644
-0.0555016
-0.00615109
0.0364635
0.0550926
0.0474452
0.0230126
-0.00440251
-0.023696
-0.0300951
-0.025018
-0.01353
-0.00128167
0.00769181
0.0117775
0.0114506
0.0083327
0.00426394
0.000630396
-0.00182396
-0.00300503
-0.00313921
-0.00268316
-0.00195379
-0.0012891
-0.000738746
-0.000417924
-0.000225009
-0.000155334
-0.000146043
99.9783
100.147
99.9484
99.6657
100.107
100.573
99.8719
99.0859
100.077
101.462
100.146
97.5063
99.0851
104.997
104.487
85.5607
49.9906
14.5461
-4.39706
-5.27985
0.628443
2.84593
0.407349
-1.73337
-0.885195
0.949984
1.0819
-0.271328
-1.01716
-0.295481
0.702564
0.65429
-0.219367
-0.709378
-0.266064
0.450355
0.550689
-0.00684728
-0.499745
-0.376309
0.154832
0.465807
0.247058
-0.211717
-0.409349
-0.174291
0.212031
0.356877
0.149208
-0.177764
-0.31246
-0.157001
0.119471
0.267708
0.180301
-0.043072
-0.209317
-0.198211
-0.0414371
0.127395
0.187377
0.112926
-0.0265816
-0.13116
-0.140815
-0.0650654
0.0373355
0.103658
0.104011
0.0504849
-0.0191726
-0.0674146
-0.0757966
-0.0491002
-0.00694487
0.0292246
0.0461453
0.0420549
0.0239993
0.00230403
-0.0144709
-0.022178
-0.0211149
-0.0143922
-0.00586664
0.00140479
0.00586622
0.00735841
0.00664355
0.00476882
0.00269747
0.000991807
-5.79267e-05
-0.000552935
-0.0005578
-0.000406573
-8.77992e-05
8.8707e-05
0.000298872
0.000340021
99.9415
100.033
100.206
99.8862
99.6182
100.176
100.618
99.7986
99.036
100.152
101.524
100.076
97.4282
99.1419
105.094
104.454
85.4504
49.9895
14.6601
-4.35327
-5.38001
0.541264
2.91002
0.526457
-1.74062
-1.01028
0.890722
1.17599
-0.157062
-1.044
-0.427451
0.645061
0.748977
-0.09694
-0.718078
-0.394886
0.362922
0.61208
0.128542
-0.451278
-0.470378
0.0269475
0.447455
0.356757
-0.0937852
-0.407235
-0.287722
0.0998833
0.356302
0.257561
-0.0656836
-0.299573
-0.251143
0.0048069
0.230984
0.248277
0.0694297
-0.143034
-0.226018
-0.136798
0.0376562
0.165492
0.168478
0.0636555
-0.0664621
-0.138902
-0.120826
-0.0381763
0.052144
0.100896
0.0912014
0.0395403
-0.0208449
-0.0604778
-0.0665906
-0.0444229
-0.00985555
0.0204669
0.0362645
0.0357971
0.0238434
0.00778555
-0.0059576
-0.0138658
-0.0155086
-0.0125582
-0.00747997
-0.00243234
0.00124605
0.00314811
0.00348204
0.00282646
0.00171803
0.000648647
-0.00021115
-0.000682139
-0.000947879
-0.000878509
-0.000868948
-0.000576501
100.003
99.8866
100.096
100.244
99.8159
99.5869
100.253
100.65
99.717
98.9952
100.235
101.58
99.9981
97.3515
99.2057
105.192
104.417
85.3357
49.9883
14.7786
-4.30488
-5.4818
0.44632
2.97013
0.653003
-1.73733
-1.13746
0.816806
1.26244
-0.0304917
-1.05298
-0.560935
0.565709
0.828977
0.0390729
-0.69956
-0.517105
0.250652
0.645402
0.267166
-0.369385
-0.538126
-0.11299
0.389664
0.441889
0.0422406
-0.361299
-0.376094
-0.0324494
0.308543
0.336695
0.0635023
-0.237845
-0.30813
-0.117305
0.148028
0.269498
0.172569
-0.0414561
-0.201248
-0.20157
-0.0650594
0.0972355
0.176612
0.136401
0.020341
-0.0907914
-0.134809
-0.0996226
-0.0185794
0.0580901
0.0935063
0.0794337
0.0329805
-0.018165
-0.0512729
-0.0572452
-0.0405822
-0.013477
0.0114299
0.0261027
0.0286401
0.0219259
0.0109666
0.000435611
-0.00677048
-0.00979144
-0.00932332
-0.00676315
-0.00356704
-0.00073347
0.00118878
0.00218286
0.00238218
0.00214583
0.00166735
0.00120815
0.000792145
0.000541201
0.000309079
100.05
99.9395
99.8547
100.165
100.264
99.7396
99.5716
100.336
100.669
99.6277
98.964
100.326
101.63
99.9114
97.2765
99.2768
105.292
104.375
85.2165
49.987
14.9016
-4.25169
-5.585
0.343468
3.02562
0.786584
-1.72272
-1.2654
0.728162
1.33918
0.106832
-1.04248
-0.692512
0.465188
0.890382
0.184495
-0.652461
-0.626322
0.11755
0.646474
0.400352
-0.257205
-0.572295
-0.25425
0.294615
0.492274
0.183426
-0.273468
-0.426856
-0.169256
0.216879
0.372895
0.190626
-0.134387
-0.315485
-0.224368
0.0326086
0.236867
0.242966
0.0734531
-0.127516
-0.217652
-0.153335
0.000433254
0.133421
0.168405
0.101266
-0.0122477
-0.101618
-0.124035
-0.0809404
-0.00663265
0.0571709
0.0835899
0.0693747
0.0299826
-0.0124878
-0.0406661
-0.0477001
-0.0367871
-0.0167719
0.00300541
0.0162702
0.0209784
0.0185188
0.0120191
0.00467713
-0.00124344
-0.00477278
-0.00594823
-0.00546969
-0.0041055
-0.00261531
-0.00132306
-0.000522399
-4.74664e-05
4.38111e-05
3.57434e-05
-7.85079e-05
-0.000206979
100.014
100.078
99.8717
99.8446
100.238
100.264
99.6594
99.5728
100.424
100.675
99.5318
98.9432
100.426
101.674
99.8162
97.2037
99.3553
105.394
104.329
85.0926
49.9857
15.0294
-4.19349
-5.68936
0.232598
3.07583
0.926719
-1.6961
-1.39269
0.624909
1.40422
0.253045
-1.01127
-0.818582
0.344878
0.929668
0.334482
-0.576595
-0.716316
-0.0309408
0.612765
0.519146
-0.120315
-0.567744
-0.385179
0.168126
0.500463
0.31531
-0.150696
-0.43123
-0.293074
0.0910968
0.357994
0.295507
-0.00397956
-0.268949
-0.295317
-0.0939897
0.154477
0.26332
0.175286
-0.0210008
-0.178962
-0.202496
-0.097965
0.0505774
0.148686
0.149462
0.0699049
-0.0330061
-0.102261
-0.110496
-0.0664428
-0.0014522
0.0512527
0.0722603
0.0606908
0.029236
-0.00511745
-0.0292028
-0.0375736
-0.0320486
-0.0186259
-0.0039398
0.00723889
0.0129018
0.0134399
0.0105835
0.00638406
0.0024268
-0.000368865
-0.00183178
-0.00212281
-0.0017531
-0.000998644
-0.000350304
0.000283617
0.000515574
0.000775786
0.000663751
99.9609
100.08
100.081
99.8035
99.8558
100.312
100.246
99.578
99.5908
100.516
100.666
99.4304
98.9337
100.533
101.711
99.7125
97.1334
99.4415
105.498
104.278
84.9639
49.9843
15.1619
-4.13008
-5.7946
0.113631
3.12006
1.07284
-1.65681
-1.51782
0.507384
1.45559
0.405983
-0.958475
-0.935454
0.206876
0.943851
0.483665
-0.473056
-0.781382
-0.18813
0.543678
0.614896
0.0334842
-0.522042
-0.494156
0.0194026
0.462743
0.423381
-0.00455011
-0.385649
-0.386943
-0.0534087
0.291115
0.360222
0.132921
-0.173929
-0.314814
-0.206861
0.0375507
0.226903
0.239391
0.0928783
-0.0939081
-0.197856
-0.169427
-0.0474191
0.0828419
0.148545
0.126916
0.0457658
-0.0431318
-0.096052
-0.0965818
-0.056183
-0.00140793
0.0420428
0.0600584
0.0525172
0.0290654
0.00230829
-0.0178737
-0.0270127
-0.0257708
-0.0179191
-0.00795383
0.000600766
0.00595225
0.00787228
0.0071967
0.00507504
0.00262043
0.000487336
-0.000931547
-0.00170724
-0.00187042
-0.00178178
-0.00139995
-0.00117834
-0.000709899
99.9733
99.9616
100.143
100.062
99.7391
99.8873
100.382
100.209
99.4981
99.6258
100.609
100.642
99.3251
98.9363
100.646
101.74
99.6005
97.0664
99.5356
105.604
104.222
84.8304
49.9828
15.2991
-4.06126
-5.90041
-0.0134785
3.15764
1.22432
-1.60431
-1.63923
0.376145
1.49148
0.563215
-0.883717
-1.03945
0.0539646
0.930644
0.626351
-0.344246
-0.816667
-0.346388
0.440734
0.679895
0.194612
-0.435875
-0.570656
-0.139626
0.379805
0.494747
0.149868
-0.292616
-0.43684
-0.197539
0.179343
0.372347
0.253495
-0.0451474
-0.276786
-0.282624
-0.0902991
0.139881
0.249272
0.185738
0.0161467
-0.139654
-0.192688
-0.130671
-0.00812892
0.0989584
0.138948
0.105538
0.0297188
-0.0448376
-0.0856989
-0.0834279
-0.0493313
-0.0046686
0.031079
0.0474539
0.0442352
0.0282109
0.00838685
-0.00794124
-0.0170655
-0.0188058
-0.0152417
-0.00923092
-0.003198
0.00134293
0.00394199
0.00475704
0.00443216
0.00346699
0.0024548
0.00152968
0.000937042
0.000539981
0.000367783
0.000289089
100.024
99.9138
99.9857
100.198
100.022
99.6828
99.9377
100.445
100.154
99.4227
99.6778
100.7
100.603
99.2174
98.9518
100.766
101.76
99.4805
97.0031
99.6377
105.711
104.161
84.6921
49.9812
15.4411
-3.98683
-6.00648
-0.148756
3.18787
1.38045
-1.53812
-1.75533
0.231961
1.51021
0.722084
-0.787072
-1.12702
-0.11045
0.888557
0.756732
-0.193833
-0.818455
-0.497521
0.307577
0.707946
0.352325
-0.31316
-0.606244
-0.29529
0.256935
0.519672
0.295537
-0.160748
-0.433799
-0.321117
0.0370664
0.327366
0.336536
0.0956701
-0.186151
-0.304525
-0.202032
0.020424
0.201116
0.233693
0.122431
-0.0434501
-0.16056
-0.173526
-0.0947679
0.0179774
0.102545
0.124716
0.0877544
0.0210336
-0.0404265
-0.0729792
-0.0711742
-0.0446202
-0.0095526
0.0195249
0.0347117
0.0353756
0.0258892
0.0123715
3.92641e-05
-0.00814824
-0.0115323
-0.0110873
-0.00842484
-0.00514359
-0.00226002
-0.000359783
0.000643605
0.000794562
0.000642784
0.000153682
-0.000125145
-0.000481892
-0.000567939
100.034
99.9972
99.8665
100.03
100.241
99.9644
99.6387
100.005
100.498
100.082
99.355
99.7465
100.787
100.547
99.109
98.9809
100.89
101.77
99.3526
96.9443
99.7481
105.819
104.094
84.5488
49.9796
15.588
-3.90659
-6.11247
-0.292202
3.21006
1.54046
-1.45783
-1.86446
0.0758172
1.51027
0.879736
-0.669115
-1.19479
-0.282391
0.816981
0.869085
-0.0266642
-0.784396
-0.633166
0.149896
0.694848
0.495396
-0.160936
-0.595413
-0.433332
0.103758
0.492816
0.415382
-0.00404369
-0.375414
-0.405733
-0.11584
0.229842
0.366253
0.223491
-0.0583696
-0.266256
-0.273044
-0.105086
0.105217
0.223762
0.196478
0.0639992
-0.0824081
-0.162835
-0.148936
-0.0662736
0.0318619
0.0974493
0.108974
0.0740692
0.0180293
-0.032046
-0.0589717
-0.0593222
-0.040441
-0.0142164
0.00874226
0.022396
0.0257399
0.0213142
0.0130916
0.00467162
-0.00164058
-0.00504621
-0.00581249
-0.00484111
-0.00303122
-0.00121497
0.000288037
0.00113893
0.00164919
0.00154629
0.00155901
0.00103393
99.9941
100.076
99.9519
99.8361
100.09
100.266
99.8924
99.6106
100.087
100.536
99.9951
99.298
99.8312
100.868
100.476
99.0019
99.0243
101.019
101.769
99.2173
96.8905
99.8667
105.928
104.022
84.4007
49.9779
15.7396
-3.82032
-6.218
-0.443784
3.22351
1.7035
-1.36316
-1.96494
-0.0910699
1.49033
1.03314
-0.530945
-1.23967
-0.457377
0.716283
0.957982
0.151338
-0.713718
-0.745201
-0.0247581
0.638811
0.612875
0.0109468
-0.536253
-0.540171
-0.0664073
0.414119
0.494261
0.159494
-0.2666
-0.437515
-0.256725
0.0932346
0.335362
0.314454
0.083038
-0.173827
-0.286761
-0.20789
-0.0160076
0.157683
0.218013
0.152218
0.0183272
-0.102436
-0.153375
-0.124756
-0.0465973
0.0358716
0.0869125
0.0933806
0.0638541
0.0186881
-0.0216821
-0.0446553
-0.0476516
-0.0357312
-0.0172183
0.000262458
0.0120556
0.0168554
0.015868
0.0114413
0.00597586
0.00114598
-0.00215904
-0.00387679
-0.00425505
-0.00385788
-0.00303919
-0.00222601
-0.00146602
-0.00100495
-0.000534539
99.9663
100.039
100.097
99.8943
99.8267
100.159
100.271
99.8107
99.6017
100.179
100.558
99.8954
99.2547
99.9305
100.941
100.389
98.898
99.0825
101.149
101.757
99.0751
96.8426
99.9936
106.037
103.944
84.2476
49.976
15.8961
-3.72784
-6.32269
-0.603425
3.22752
1.86863
-1.25394
-2.0551
-0.267245
1.44936
1.17915
-0.374214
-1.259
-0.63051
0.587878
1.01854
0.333346
-0.607412
-0.826229
-0.207266
0.540787
0.694918
0.190386
-0.430932
-0.604254
-0.237621
0.289236
0.520924
0.309864
-0.119471
-0.409505
-0.363523
-0.0617444
0.246952
0.350463
0.210722
-0.0449942
-0.238798
-0.26357
-0.133084
0.0520456
0.180884
0.19583
0.111036
-0.0121413
-0.1076
-0.13782
-0.104016
-0.0351341
0.032589
0.073133
0.0783879
0.0559395
0.0212368
-0.0107015
-0.0305619
-0.0360484
-0.0301943
-0.0184504
-0.00604098
0.0035508
0.00897892
0.0105268
0.00942748
0.00700612
0.00444896
0.00229865
0.000949018
0.000160926
-2.87506e-05
-4.8876e-05
0.000104063
0.000266019
99.9883
99.9507
100.093
100.095
99.8316
99.8405
100.233
100.254
99.7244
99.6144
100.279
100.56
99.7858
99.2277
100.043
101.001
100.287
98.7993
99.1559
101.282
101.733
98.9265
96.8013
100.129
106.147
103.86
84.0895
49.9742
16.0574
-3.62894
-6.42614
-0.771016
3.22145
2.03488
-1.13012
-2.13327
-0.451035
1.38659
1.31455
-0.20112
-1.25062
-0.796635
0.434259
1.04668
0.511898
-0.468317
-0.870082
-0.38742
0.404629
0.733658
0.363877
-0.285824
-0.617383
-0.392831
0.12934
0.489739
0.427588
0.0478313
-0.323267
-0.418408
-0.210188
0.114678
0.323153
0.298934
0.0938638
-0.138768
-0.258313
-0.216704
-0.0654209
0.0955154
0.182386
0.167254
0.0782082
-0.0285224
-0.102356
-0.119822
-0.0873421
-0.0299338
0.0245691
0.0574501
0.0634617
0.0484385
0.0235088
-0.00060663
-0.0170957
-0.0238843
-0.0225518
-0.0164382
-0.00895989
-0.002544
0.00163045
0.00350233
0.00357148
0.0026778
0.00136582
0.000298514
-0.000622973
-0.000905438
-0.0012227
-0.00094271
100.025
99.938
99.9607
100.147
100.068
99.7714
99.878
100.304
100.213
99.6392
99.65
100.38
100.541
99.6696
99.2194
100.166
101.048
100.171
98.7081
99.2445
101.413
101.696
98.772
96.7671
100.273
106.256
103.771
83.9265
49.9722
16.2236
-3.52344
-6.52798
-0.946429
3.20464
2.20122
-0.991796
-2.19786
-0.64058
1.30158
1.43619
-0.0143553
-1.21298
-0.950498
0.25894
1.03936
0.679231
-0.301061
-0.872254
-0.554537
0.236974
0.723944
0.517599
-0.111169
-0.575758
-0.515693
-0.0498653
0.401768
0.496443
0.213455
-0.189164
-0.411089
-0.327268
-0.0392563
0.236183
0.329259
0.213407
-0.00866081
-0.193075
-0.245837
-0.163409
-0.0135182
0.117013
0.170522
0.139083
0.0552178
-0.0337812
-0.0907375
-0.101503
-0.0739911
-0.0283368
0.0146798
0.0415895
0.0486853
0.0400004
0.0232409
0.00592317
-0.00695013
-0.0135141
-0.0143705
-0.0114679
-0.00695901
-0.00256595
0.000763073
0.00270809
0.00345389
0.00332878
0.00279796
0.00202067
0.00149203
0.000743323
100.024
100.011
99.8932
99.9947
100.191
100.019
99.7214
99.9378
100.365
100.149
99.5609
99.7088
100.479
100.498
99.5508
99.2317
100.298
101.079
100.041
98.6264
99.3483
101.543
101.646
98.6124
96.7409
100.425
106.365
103.674
83.7586
49.9701
16.3945
-3.4111
-6.62778
-1.12952
3.17645
2.36654
-0.83914
-2.24728
-0.833842
1.19419
1.54093
0.182929
-1.14517
-1.08687
0.066377
0.994671
0.827573
-0.111911
-0.830188
-0.698056
0.046923
0.663814
0.63849
0.0796681
-0.480509
-0.592286
-0.229745
0.264883
0.505712
0.354816
-0.0250487
-0.340708
-0.392594
-0.188076
0.104732
0.294667
0.287981
0.122405
-0.0833516
-0.21345
-0.216168
-0.115313
0.0203257
0.121747
0.152168
0.115056
0.0414491
-0.0310845
-0.075797
-0.0841119
-0.0632624
-0.0285336
0.00489402
0.0272058
0.0353965
0.0318249
0.0214839
0.00948466
-0.000547601
-0.00689737
-0.00953419
-0.00932391
-0.00754638
-0.00520458
-0.00309776
-0.00149549
-0.000500277
-3.02827e-05
0.00019609
9.52844e-05
99.9916
100.063
99.9742
99.8626
100.048
100.22
99.9506
99.6884
100.017
100.411
100.065
99.4953
99.7898
100.57
100.433
99.4333
99.2661
100.436
101.091
99.8999
98.5564
99.4672
101.67
101.581
98.4484
96.7234
100.585
106.473
103.571
83.5856
49.968
16.5704
-3.29172
-6.72509
-1.32008
3.13626
2.52969
-0.672484
-2.28001
-1.02857
1.06461
1.62573
0.387108
-1.04698
-1.20066
-0.138059
0.912007
0.949413
0.0913576
-0.743537
-0.808089
-0.154317
0.554831
0.715232
0.271049
-0.337895
-0.612558
-0.390469
0.0932391
0.451718
0.451471
0.145902
-0.216304
-0.393576
-0.304837
-0.0470036
0.201005
0.300844
0.224449
0.0444906
-0.127903
-0.209821
-0.181117
-0.0782458
0.0375935
0.114851
0.131547
0.0961488
0.0351574
-0.0228594
-0.0588637
-0.0673553
-0.0538751
-0.0293281
-0.0044295
0.0137265
0.0225887
0.0232043
0.0185198
0.0117403
0.0053479
0.000651912
-0.001958
-0.00288954
-0.0025992
-0.0018889
-0.000915101
-0.00029176
0.000282156
0.000478681
99.9725
100.028
100.083
99.9222
99.8535
100.115
100.225
99.8701
99.678
100.11
100.435
99.9633
99.4479
99.891
100.648
100.345
99.3217
99.3234
100.575
101.084
99.7489
98.5
99.6004
101.792
101.503
98.281
96.7153
100.754
106.579
103.461
83.4077
49.9657
16.751
-3.1651
-6.81946
-1.51787
3.08346
2.68942
-0.492333
-2.2946
-1.22232
0.91348
1.68774
0.594109
-0.919038
-1.2871
-0.348155
0.792281
1.03789
0.299657
-0.614473
-0.87613
-0.35394
0.402394
0.739374
0.446184
-0.159285
-0.571803
-0.513107
-0.0937442
0.339056
0.488172
0.298068
-0.0563805
-0.328308
-0.367218
-0.189545
0.0669935
0.248476
0.273215
0.158495
-0.0120829
-0.14676
-0.192089
-0.147952
-0.0532685
0.0418637
0.100572
0.110424
0.0809527
0.0331526
-0.0119872
-0.0410248
-0.0501779
-0.0432312
-0.0275747
-0.0105354
0.00287758
0.010563
0.0128098
0.0112196
0.00773881
0.00396164
0.000881171
-0.00113621
-0.00208165
-0.00233404
-0.00196003
-0.00168632
-0.000921463
99.9905
99.9595
100.076
100.078
99.864
99.87
100.186
100.204
99.7847
99.6942
100.21
100.433
99.8504
99.4234
100.009
100.708
100.236
99.2204
99.4037
100.714
101.054
99.5902
98.4593
99.7475
101.907
101.409
98.1109
96.7173
100.931
106.684
103.345
83.2247
49.9633
16.9364
-3.03104
-6.91044
-1.72261
3.01755
2.84447
-0.299352
-2.28979
-1.41253
0.741832
1.72442
0.799546
-0.762878
-1.34203
-0.5571
0.638009
1.08729
0.503068
-0.447776
-0.895861
-0.538476
0.215632
0.706477
0.58883
0.0396421
-0.471804
-0.582274
-0.273665
0.180727
0.457942
0.407722
0.113662
-0.207043
-0.362844
-0.294423
-0.0790798
0.142853
0.257524
0.229993
0.10224
-0.0466432
-0.14714
-0.168196
-0.120164
-0.0386237
0.0375875
0.0827364
0.0899777
0.0678447
0.0321235
-0.00209624
-0.0252604
-0.0345035
-0.0320909
-0.0228103
-0.0115327
-0.00180772
0.00467453
0.00769118
0.00803119
0.00673538
0.00480926
0.00295852
0.00145339
0.000561873
-3.72888e-05
-0.000177799
100.019
99.9476
99.9726
100.122
100.047
99.81
99.913
100.251
100.156
99.7031
99.7388
100.311
100.404
99.7318
99.4254
100.139
100.747
100.108
99.1339
99.5066
100.847
101.003
99.4264
98.4362
99.9074
102.014
101.3
97.9391
96.73
101.116
106.786
103.221
83.0368
49.9608
17.1268
-2.88933
-6.99757
-1.93399
2.93799
2.99358
-0.0943099
-2.26443
-1.59658
0.551066
1.73358
0.998847
-0.580813
-1.362
-0.757765
0.453191
1.09331
0.691399
-0.250566
-0.863635
-0.694821
0.00669746
0.616614
0.684957
0.240535
-0.32076
-0.588215
-0.424232
-0.00368688
0.363354
0.457214
0.266239
-0.0502114
-0.291999
-0.340765
-0.20641
0.0081109
0.182194
0.24215
0.184918
0.061086
-0.0623775
-0.13592
-0.143398
-0.0988888
-0.0320131
0.0282193
0.0639487
0.0711959
0.0565521
0.0312867
0.00600872
-0.0124535
-0.0217147
-0.0228489
-0.0186741
-0.0123054
-0.00607472
-0.00139212
0.00146773
0.00257636
0.00266198
0.00202024
0.00129974
0.000635437
9.14053e-06
100.022
100.002
99.9117
100.01
100.157
99.9927
99.7706
99.9799
100.302
100.082
99.6342
99.8111
100.403
100.345
99.6146
99.4567
100.276
100.759
99.9659
99.0663
99.6308
100.972
100.928
99.2601
98.4321
100.079
102.111
101.176
97.7668
96.7542
101.309
106.886
103.089
82.8438
49.9582
17.322
-2.73973
-7.08038
-2.15172
2.84429
3.1354
0.121891
-2.21746
-1.77172
0.342945
1.71332
1.18725
-0.37595
-1.34432
-0.942823
0.24323
1.05323
0.854536
-0.0320387
-0.778678
-0.810955
-0.209938
0.474419
0.723853
0.423904
-0.132576
-0.527832
-0.525744
-0.190382
0.216145
0.437398
0.375785
0.115111
-0.167202
-0.318856
-0.287842
-0.125193
0.0658491
0.192878
0.214629
0.14589
0.0355738
-0.0636267
-0.117847
-0.119742
-0.0830574
-0.0308236
0.0159343
0.0447939
0.0531196
0.0454204
0.0293162
0.0120196
-0.00164447
-0.00970925
-0.012448
-0.0113911
-0.00835062
-0.00488095
-0.00187181
0.00012642
0.00136166
0.00158957
0.00177222
0.00115591
99.9972
100.05
99.9641
99.8937
100.066
100.171
99.9216
99.7544
100.065
100.33
99.9877
99.5864
99.9082
100.479
100.257
99.5063
99.518
100.414
100.742
99.8124
99.0216
99.7742
101.084
100.83
99.0943
98.4487
100.261
102.195
101.037
97.5949
96.7905
101.51
106.983
102.95
82.6457
49.9555
17.522
-2.58201
-7.15832
-2.37539
2.73596
3.26853
0.348146
-2.14798
-1.93508
0.119685
1.6622
1.35985
-0.152281
-1.28728
-1.10489
0.0149901
0.966214
0.982844
0.196669
-0.643495
-0.876754
-0.418126
0.289287
0.699313
0.570655
0.0738377
-0.405667
-0.563507
-0.353776
0.0365462
0.349641
0.422708
0.258944
-0.0120519
-0.232705
-0.305267
-0.225755
-0.0621188
0.0961819
0.184276
0.183372
0.115582
0.0229458
-0.0551395
-0.0961166
-0.0972116
-0.0699304
-0.0312572
0.00393045
0.0269501
0.0357674
0.0331419
0.0239267
0.012883
0.00331766
-0.00315142
-0.00638256
-0.00705563
-0.00613383
-0.00458537
-0.0029236
-0.00165303
-0.000735644
-0.000135882
99.9778
100.034
100.056
99.9145
99.9011
100.129
100.156
99.8433
99.7676
100.159
100.327
99.8796
99.5667
100.024
100.531
100.145
99.4143
99.6089
100.545
100.696
99.6531
99.0029
99.9341
101.179
100.71
98.932
98.4871
100.451
102.267
100.882
97.4247
96.8396
101.718
107.076
102.803
82.4426
49.9526
17.727
-2.41596
-7.23087
-2.60454
2.61263
3.39153
0.58315
-2.05536
-2.08378
-0.116028
1.57936
1.51177
0.0853286
-1.19035
-1.23694
-0.223338
0.833672
1.0679
0.422984
-0.464192
-0.88516
-0.601297
0.0751319
0.610992
0.664403
0.276266
-0.234357
-0.530712
-0.470328
-0.149019
0.20698
0.398007
0.3543
0.142623
-0.100846
-0.255387
-0.26994
-0.168724
-0.0201528
0.105147
0.164696
0.15322
0.0935276
0.0191255
-0.0415302
-0.0735198
-0.0760426
-0.0577837
-0.0307209
-0.00514287
0.0128457
0.0215486
0.0223816
0.0182876
0.0121724
0.00633182
0.00183575
-0.000824292
-0.00205928
-0.0021781
-0.00172811
-0.0012398
-0.000413894
99.9862
99.9783
100.075
100.036
99.8663
99.9367
100.188
100.112
99.7693
99.8126
100.251
100.292
99.7674
99.58
100.152
100.553
100.012
99.3458
99.727
100.664
100.618
99.4937
99.0131
100.107
101.254
100.567
98.7767
98.5482
100.648
102.322
100.713
97.2574
96.9019
101.933
107.165
102.648
82.2343
49.9496
17.9368
-2.24139
-7.29755
-2.83872
2.474
3.50302
0.825476
-1.9392
-2.21501
-0.361164
1.46454
1.63839
0.331349
-1.05434
-1.33267
-0.462682
0.659318
1.1032
0.633808
-0.25017
-0.833038
-0.744119
-0.150856
0.464809
0.693755
0.452063
-0.0332287
-0.429971
-0.5227
-0.312489
0.0321115
0.305659
0.383404
0.265944
0.0480068
-0.150967
-0.248815
-0.227619
-0.123788
0.0026653
0.0994167
0.140084
0.126231
0.0778898
0.0203829
-0.0261903
-0.0518606
-0.0564094
-0.0458802
-0.0283805
-0.0108875
0.00232733
0.00979849
0.0121293
0.0109094
0.00798137
0.00462941
0.00195
-0.000112274
-0.000943387
-0.00161031
-0.00126574
100.01
99.9521
100.005
100.107
99.9903
99.8324
99.9975
100.23
100.04
99.7115
99.888
100.331
100.223
99.6618
99.629
100.283
100.541
99.8664
99.3068
99.8683
100.763
100.51
99.34
99.0539
100.289
101.306
100.405
98.6316
98.6327
100.85
102.361
100.53
97.0944
96.9783
102.155
107.25
102.484
82.021
49.9465
18.1515
-2.05805
-7.35782
-3.07746
2.31975
3.60159
1.07361
-1.79927
-2.32603
-0.612413
1.31807
1.73539
0.579755
-0.881231
-1.38671
-0.69346
0.448922
1.08441
0.816276
-0.0134828
-0.721358
-0.833709
-0.369745
0.272347
0.653481
0.580773
0.174181
-0.272881
-0.502248
-0.428656
-0.146681
0.161576
0.340931
0.333504
0.181852
-0.0169546
-0.169534
-0.225729
-0.187415
-0.0925623
0.0104981
0.0846172
0.113911
0.102453
0.0661629
0.0234123
-0.0117856
-0.0325656
-0.0386455
-0.0338576
-0.0234645
-0.012075
-0.00268748
0.00343355
0.00637938
0.00685768
0.00595682
0.00439886
0.00285577
0.00169987
0.000582088
100.021
99.9828
99.9339
100.05
100.117
99.928
99.8238
100.076
100.245
99.9487
99.6807
99.9881
100.387
100.124
99.5737
99.7128
100.405
100.491
99.716
99.3023
100.027
100.836
100.375
99.1983
99.1262
100.475
101.331
100.224
98.5001
98.7409
101.055
102.382
100.332
96.9368
97.069
102.384
107.329
102.312
81.8024
49.9432
18.3713
-1.86564
-7.4111
-3.32022
2.1496
3.68577
1.32584
-1.63555
-2.41408
-0.866104
1.14082
1.79873
0.823989
-0.674251
-1.39472
-0.905715
0.210275
1.00959
0.958228
0.23158
-0.555323
-0.860483
-0.562049
0.0501857
0.545169
0.6461
0.362419
-0.0789281
-0.410249
-0.47858
-0.299574
-0.00884984
0.234866
0.331713
0.271676
0.115021
-0.0531802
-0.165731
-0.195318
-0.153245
-0.0732346
0.00804332
0.0649275
0.0878698
0.0810393
0.0561167
0.0258986
1.80744e-05
-0.0167098
-0.0237161
-0.0232125
-0.0183028
-0.0119817
-0.00613844
-0.00188526
0.000682074
0.0018462
0.00188842
0.00176966
0.000873124
100.007
100.031
99.9426
99.941
100.103
100.098
99.861
99.8471
100.159
100.226
99.8482
99.6848
100.103
100.41
100.001
99.5132
99.8276
100.51
100.405
99.5702
99.3353
100.197
100.878
100.215
99.0749
99.23
100.661
101.327
100.028
98.3856
98.8726
101.259
102.383
100.122
96.786
97.1748
102.618
107.403
102.131
81.5786
49.9397
18.596
-1.66394
-7.45677
-3.56638
1.96334
3.75405
1.58023
-1.44831
-2.47652
-1.11815
0.934441
1.82486
1.057
-0.438086
-1.35374
-1.08942
-0.0467439
0.879807
1.049
0.468967
-0.344707
-0.81939
-0.709247
-0.180861
0.378018
0.638222
0.506844
0.125992
-0.258915
-0.453095
-0.399762
-0.174078
0.0863332
0.2614
0.297661
0.213061
0.0692157
-0.0662337
-0.147872
-0.162817
-0.125103
-0.0619177
0.00012162
0.0436059
0.0626626
0.0605858
0.0454078
0.0257176
0.00797862
-0.00440713
-0.0107934
-0.0122174
-0.0105811
-0.00743822
-0.00439031
-0.00164682
-0.000168253
0.00100781
0.00112399
99.9866
100.041
100.014
99.9048
99.9761
100.148
100.049
99.804
99.9034
100.233
100.171
99.7523
99.7276
100.221
100.393
99.8661
99.4887
99.9667
100.587
100.284
99.4388
99.4069
100.369
100.884
100.036
98.9757
99.364
100.84
101.292
99.8198
98.2914
99.0275
101.46
102.362
99.8993
96.6436
97.2959
102.859
107.471
101.941
81.3495
49.936
18.8257
-1.45275
-7.49424
-3.81523
1.76095
3.80501
1.83469
-1.23823
-2.51095
-1.3642
0.701439
1.81103
1.2716
-0.178856
-1.26268
-1.2352
-0.310563
0.699466
1.08063
0.682114
-0.103583
-0.711182
-0.796139
-0.39778
0.168699
0.556189
0.587675
0.313107
-0.0706658
-0.355941
-0.429497
-0.302703
-0.0737693
0.139437
0.255745
0.254201
0.164992
0.0423407
-0.0633756
-0.122792
-0.131077
-0.101359
-0.0541877
-0.00830734
0.024514
0.0404551
0.0417019
0.0334896
0.021408
0.00973459
0.000907425
-0.00443161
-0.00660003
-0.00665941
-0.005501
-0.00388141
-0.00263126
-0.00106609
99.9819
100.006
100.065
99.9744
99.8842
100.034
100.171
99.9765
99.7709
99.9872
100.285
100.083
99.6754
99.8083
100.329
100.335
99.73
99.5059
100.12
100.627
100.136
99.3313
99.5159
100.535
100.851
99.8445
98.9063
99.5259
101.008
101.224
99.6032
98.2206
99.2046
101.656
102.319
99.6655
96.5109
97.4329
103.104
107.532
101.741
81.1151
49.9321
19.0604
-1.23181
-7.52296
-4.06614
1.5424
3.83729
2.08709
-1.00623
-2.51529
-1.59984
0.444958
1.75534
1.46078
0.096252
-1.12233
-1.33492
-0.568727
0.476068
1.04855
0.855463
0.150994
-0.542473
-0.812746
-0.578283
-0.0607898
0.4083
0.593363
0.45582
0.12598
-0.203199
-0.384151
-0.370986
-0.212725
-0.00602049
0.158633
0.231583
0.211145
0.129466
0.0301051
-0.051035
-0.0953895
-0.101894
-0.0811438
-0.0478606
-0.014942
0.00965516
0.0231746
0.0268409
0.0237358
0.0174139
0.0105339
0.00483067
0.000961604
-0.00129404
-0.00189509
-0.00220777
-0.00130646
99.9968
99.9669
100.043
100.066
99.9219
99.8918
100.102
100.162
99.8915
99.7725
100.088
100.301
99.9717
99.6303
99.9208
100.411
100.238
99.6067
99.567
100.277
100.626
99.9679
99.2566
99.6589
100.685
100.779
99.6469
98.8711
99.7122
101.157
101.124
99.3823
98.176
99.4027
101.844
102.253
99.4218
96.3895
97.5861
103.354
107.586
101.532
80.8753
49.9281
19.3002
-1.00081
-7.5423
-4.31842
1.30768
3.84951
2.33518
-0.753452
-2.48763
-1.82053
0.168726
1.65664
1.61777
0.379157
-0.93527
-1.3818
-0.80833
0.219763
0.951703
0.975269
0.400143
-0.325103
-0.754955
-0.702773
-0.28548
0.210865
0.521653
0.533118
0.300806
-0.0200458
-0.272089
-0.36654
-0.302534
-0.14261
0.0308898
0.15376
0.198485
0.17263
0.104762
0.0277112
-0.033722
-0.0678431
-0.0749327
-0.0627023
-0.0412048
-0.0190563
-0.00165258
0.00902213
0.0133448
0.0132208
0.0104215
0.0070676
0.0036383
0.00146302
-0.000263715
-0.000926727
100.014
99.9647
99.9776
100.083
100.038
99.8727
99.9318
100.165
100.117
99.8103
99.8138
100.189
100.275
99.8504
99.6269
100.054
100.457
100.107
99.5094
99.6701
100.424
100.579
99.79
99.2218
99.8301
100.811
100.667
99.4515
98.874
99.9184
101.284
100.992
99.1616
98.1602
99.62
102.02
102.162
99.1695
96.2808
97.7559
103.609
107.632
101.313
80.63
49.9239
19.5453
-0.759435
-7.55154
-4.57124
1.05685
3.84022
2.57647
-0.481368
-2.42626
-2.0215
-0.122761
1.51471
1.73603
0.660768
-0.706041
-1.37077
-1.01626
-0.0566026
0.792971
1.03042
0.623933
-0.0759823
-0.6254
-0.75612
-0.479298
-0.0126395
0.380612
0.53242
0.425544
0.162006
-0.114285
-0.290928
-0.324807
-0.239251
-0.0951119
0.0435942
0.133904
0.162136
0.138748
0.0866144
0.0293519
-0.0162313
-0.0426571
-0.0503836
-0.0445805
-0.0318307
-0.0177359
-0.00597055
0.00201855
0.0061231
0.00731798
0.00670008
0.00504359
0.00374716
0.00168921
100.016
99.9987
99.9392
100.013
100.108
99.9849
99.8432
99.9998
100.206
100.039
99.75
99.8929
100.275
100.206
99.7358
99.6699
100.194
100.458
99.9554
99.45
99.8093
100.548
100.487
99.6142
99.232
100.021
100.904
100.518
99.2667
98.9174
100.139
101.382
100.829
98.946
98.1754
99.8543
102.182
102.046
98.9102
96.1864
97.9424
103.867
107.67
101.084
80.3792
49.9193
19.7954
-0.507444
-7.54996
-4.82369
0.790167
3.80809
2.80832
-0.191934
-2.32995
-2.19793
-0.424172
1.33054
1.80973
0.931195
-0.441472
-1.29917
-1.18003
-0.337831
0.579829
1.01394
0.803074
0.183698
-0.434407
-0.730323
-0.618379
-0.233782
0.189037
0.453095
0.479448
0.310506
0.0583816
-0.161323
-0.276841
-0.274921
-0.187807
-0.0671979
0.0401642
0.106665
0.126304
0.108991
0.0717195
0.0308859
-0.00228818
-0.0228209
-0.0309585
-0.0297991
-0.0234938
-0.0155203
-0.00826142
-0.00297672
0.000484434
0.00174004
0.00254993
0.00171106
100.002
100.032
99.9643
99.9355
100.064
100.104
99.9177
99.8464
100.083
100.212
99.9407
99.7254
100.001
100.329
100.1
99.6449
99.7583
100.324
100.409
99.7959
99.4375
99.975
100.637
100.352
99.453
99.29
100.223
100.957
100.337
99.1011
99.0024
100.367
101.448
100.636
98.7408
98.2233
100.103
102.327
101.906
98.6456
96.1077
98.1459
104.128
107.698
100.844
80.1228
49.9146
20.0508
-0.244598
-7.53692
-5.07483
0.508013
3.75194
3.02802
0.112527
-2.19801
-2.3452
-0.72958
1.10646
1.83414
1.18033
-0.150413
-1.16723
-1.28887
-0.60746
0.324082
0.924149
0.921113
0.430606
-0.199341
-0.626234
-0.684844
-0.423453
-0.0261262
0.307281
0.453883
0.399115
0.21208
-0.00642116
-0.172306
-0.244468
-0.226045
-0.148958
-0.0535286
0.0275945
0.0770758
0.0926804
0.0823383
0.0579763
0.0305926
0.00764576
-0.00757469
-0.0148628
-0.0162103
-0.0136676
-0.00991973
-0.00572878
-0.00280696
-0.000496362
0.000731921
99.9869
100.031
100.023
99.9262
99.961
100.113
100.067
99.8544
99.8878
100.165
100.175
99.8389
99.7459
100.121
100.338
99.9686
99.5929
99.8846
100.427
100.312
99.6453
99.4766
100.154
100.68
100.184
99.3187
99.3951
100.424
100.964
100.13
98.9632
99.1284
100.596
101.475
100.418
98.551
98.3051
100.363
102.451
101.74
98.3776
96.0465
98.3665
104.39
107.717
100.593
79.8608
49.9096
20.3114
0.0294137
-7.51176
-5.32377
0.210782
3.67067
3.2329
0.429461
-2.03019
-2.45899
-1.03268
0.845913
1.80578
1.39825
0.156723
-0.978029
-1.33438
-0.848872
0.0410345
0.764837
0.966023
0.641597
0.0571679
-0.453655
-0.669306
-0.556038
-0.233849
0.118012
0.353977
0.4127
0.317019
0.139994
-0.0377315
-0.159364
-0.204013
-0.181759
-0.119772
-0.0477072
0.0122659
0.0492921
0.0626599
0.0580412
0.0434387
0.0260085
0.0107377
-0.000169608
-0.00625289
-0.00850732
-0.00829695
-0.00646711
-0.00502573
-0.00236765
99.9858
100.001
100.055
99.9883
99.9027
100.013
100.142
100.001
99.8139
99.9634
100.225
100.098
99.7536
99.813
100.235
100.297
99.8296
99.5909
100.036
100.487
100.174
99.52
99.5675
100.331
100.672
99.9917
99.2228
99.5439
100.613
100.923
99.9066
98.8607
99.2932
100.818
101.463
100.179
98.3821
98.4215
100.631
102.552
101.548
98.1081
96.0041
98.6043
104.655
107.725
100.332
79.5929
49.9043
20.5775
0.314981
-7.47368
-5.56952
-0.101107
3.56314
3.42016
0.756035
-1.82661
-2.53513
-1.32675
0.55341
1.72236
1.5754
0.468197
-0.737397
-1.31085
-1.04606
-0.251296
0.545178
0.931183
0.795687
0.309281
-0.23048
-0.572171
-0.612904
-0.403521
-0.0843772
0.197851
0.350361
0.353801
0.246918
0.094314
-0.0443598
-0.1328
-0.161863
-0.142919
-0.0969629
-0.0448693
-0.00137867
0.0265411
0.0386273
0.0384701
0.0311853
0.0212875
0.0118842
0.00485028
1.38629e-05
-0.00189661
-0.00320524
-0.00230615
99.9981
99.972
100.034
100.057
99.9397
99.908
100.078
100.136
99.9197
99.8112
100.06
100.246
99.9912
99.7036
99.9198
100.322
100.207
99.7029
99.6434
100.194
100.496
100.007
99.4353
99.7051
100.49
100.609
99.7888
99.1746
99.7296
100.776
100.831
99.6751
98.8003
99.493
101.024
101.407
99.922
98.239
98.5725
100.904
102.626
101.332
97.8395
95.982
98.8593
104.92
107.722
100.058
79.319
49.8987
20.8491
0.612469
-7.42182
-5.81092
-0.427051
3.42825
3.58677
1.08894
-1.58792
-2.56966
-1.60453
0.234781
1.58305
1.70271
0.77096
-0.454163
-1.21581
-1.18433
-0.532746
0.279744
0.816339
0.875825
0.529913
0.0184615
-0.404196
-0.58498
-0.509013
-0.266453
0.0138968
0.225527
0.316843
0.292325
0.192807
0.0697037
-0.0352809
-0.0998413
-0.120865
-0.108261
-0.0771749
-0.0417211
-0.0116116
0.00873382
0.0188527
0.0211758
0.0182767
0.0136008
0.00821736
0.00429816
0.00123175
-0.000618163
100.011
99.9708
99.983
100.068
100.029
99.8952
99.9475
100.136
100.091
99.8432
99.853
100.157
100.219
99.8737
99.7027
100.051
100.365
100.077
99.6088
99.7476
100.338
100.446
99.829
99.4031
99.8789
100.615
100.493
99.5905
99.1808
99.9423
100.904
100.691
99.4467
98.7874
99.7222
101.207
101.308
99.6542
98.1269
98.7573
101.176
102.672
101.092
97.574
95.9818
99.1313
105.185
107.707
99.7734
79.0391
49.8926
21.1261
0.922151
-7.35536
-6.04668
-0.766192
3.26515
3.72967
1.42436
-1.3156
-2.55919
-1.85845
-0.10268
1.38904
1.77235
1.0511
-0.140366
-1.05102
-1.25181
-0.782222
-0.0116748
0.628932
0.871511
0.693672
0.26331
-0.186799
-0.475686
-0.533551
-0.396941
-0.162946
0.0652748
0.21725
0.268949
0.235362
0.152332
0.0580134
-0.0195307
-0.0668667
-0.0834954
-0.07694
-0.0576013
-0.0346942
-0.0146456
-0.000275181
0.00781367
0.0108967
0.0107527
0.0084323
0.00661407
0.00313967
100.013
99.9958
99.9514
100.018
100.086
99.9771
99.874
100.015
100.168
100.013
99.7933
99.9353
100.233
100.143
99.7682
99.7559
100.185
100.352
99.9259
99.5638
99.893
100.45
100.341
99.6589
99.4304
100.074
100.693
100.33
99.4125
99.2444
100.17
100.986
100.508
99.2331
98.8257
99.9735
101.358
101.165
99.3819
98.0503
98.9745
101.444
102.686
100.828
97.3143
96.0049
99.4202
105.448
107.68
99.4763
78.7532
49.8863
21.4086
1.24431
-7.27354
-6.27559
-1.11757
3.07325
3.84597
1.75824
-1.01185
-2.50117
-2.08108
-0.450587
1.14364
1.77844
1.29489
0.189453
-0.822789
-1.24092
-0.979956
-0.305862
0.384001
0.781042
0.781018
0.473699
0.0507714
-0.301526
-0.474299
-0.454341
-0.299594
-0.09608
0.0808069
0.187871
0.217038
0.185584
0.121771
0.052547
-0.0036973
-0.0387832
-0.0530529
-0.051593
-0.0412005
-0.0277701
-0.0152291
-0.00597754
0.00035772
0.00278475
0.00447677
0.00321394
100.004
100.023
99.9647
99.9557
100.063
100.073
99.9162
99.8897
100.092
100.158
99.9186
99.7871
100.043
100.266
100.031
99.6976
99.8583
100.298
100.281
99.7752
99.5786
100.062
100.512
100.189
99.517
99.5183
100.273
100.712
100.13
99.2704
99.3643
100.398
101.014
100.288
99.0458
98.9166
100.238
101.471
100.98
99.112
98.0133
99.2219
101.703
102.666
100.543
97.0629
96.0528
99.7256
105.71
107.639
99.1665
78.4609
49.8795
21.6969
1.57937
-7.17552
-6.49641
-1.48022
2.85198
3.9328
2.08636
-0.679396
-2.39369
-2.26525
-0.799788
0.851968
1.71711
1.48939
0.519097
-0.541447
-1.14885
-1.10901
-0.578277
0.102559
0.611522
0.780481
0.622821
0.276012
-0.0888177
-0.342022
-0.430294
-0.371502
-0.225508
-0.0603457
0.0724216
0.147973
0.166093
0.142176
0.0969481
0.0486799
0.00931032
-0.0162438
-0.0280871
-0.0298362
-0.0250611
-0.0183023
-0.0108899
-0.0056055
-0.00152098
0.000872826
99.9916
100.028
100.007
99.9363
99.9885
100.099
100.026
99.8686
99.9441
100.157
100.103
99.832
99.8318
100.153
100.245
99.9013
99.6794
99.9948
100.368
100.16
99.649
99.6552
100.233
100.511
100.005
99.4214
99.6613
100.456
100.668
99.9103
99.1774
99.5355
100.611
100.984
100.042
98.8957
99.0593
100.507
101.539
100.756
98.852
98.0193
99.4966
101.947
102.61
100.238
96.8227
96.1268
100.047
105.968
107.584
98.8438
78.1622
49.8724
21.991
1.92779
-7.06032
-6.70775
-1.85305
2.60086
3.98719
2.40413
-0.321584
-2.23552
-2.40391
-1.14026
0.521081
1.58672
1.6227
0.831022
-0.221287
-0.977999
-1.15638
-0.804484
-0.189471
0.378912
0.690297
0.690462
0.456716
0.129072
-0.160316
-0.33143
-0.366875
-0.29682
-0.173131
-0.0457003
0.05182
0.105842
0.119122
0.103631
0.073827
0.0416544
0.0149562
-0.00331813
-0.0129225
-0.0159988
-0.014978
-0.0114219
-0.00868218
-0.00397582
99.9875
100.01
100.04
99.9713
99.9294
100.041
100.106
99.9583
99.8544
100.026
100.187
100.013
99.7777
99.922
100.239
100.17
99.7814
99.7218
100.142
100.379
100.004
99.5693
99.7866
100.382
100.445
99.8116
99.3862
99.8474
100.603
100.561
99.6871
99.1443
99.7483
100.795
100.892
99.7823
98.7929
99.2506
100.768
101.556
100.499
98.6099
98.071
99.7947
102.172
102.517
99.9155
96.5965
96.2282
100.385
106.222
107.513
98.5076
77.8569
49.8647
22.291
2.29002
-6.92689
-6.90798
-2.2347
2.31959
4.00617
2.70651
0.0573747
-2.02635
-2.49044
-1.46116
0.160192
1.38835
1.68478
1.10704
0.119626
-0.736712
-1.11475
-0.962491
-0.463317
0.107362
0.519969
0.666915
0.566444
0.317164
0.037883
-0.179419
-0.290991
-0.298807
-0.233985
-0.136992
-0.0425253
0.0281713
0.0677627
0.079484
0.0717265
0.054107
0.0343132
0.0170902
0.00505927
-0.00273704
-0.00523929
-0.00697936
-0.0047131
99.9939
99.9851
100.038
100.027
99.9324
99.9546
100.093
100.074
99.89
99.8846
100.113
100.168
99.9078
99.7737
100.04
100.278
100.051
99.6971
99.8212
100.273
100.325
99.8385
99.552
99.9564
100.486
100.318
99.6312
99.4193
100.059
100.697
100.397
99.4801
99.1772
99.9893
100.934
100.742
99.522
98.7455
99.4846
101.012
101.518
100.213
98.3936
98.1701
100.112
102.372
102.386
99.5773
96.3873
96.3582
100.737
106.47
107.427
98.1576
77.5446
49.8565
22.597
2.6664
-6.77424
-7.09543
-2.62351
2.00827
3.98691
2.98817
0.45234
-1.76712
-2.51899
-1.75116
-0.219336
1.12634
1.66834
1.3294
0.460196
-0.439416
-0.98379
-1.03515
-0.690167
-0.17296
0.289804
0.554911
0.588835
0.444787
0.216512
-0.00597005
-0.163684
-0.235992
-0.232978
-0.181258
-0.11026
-0.0431372
0.00685179
0.0358996
0.0463112
0.0441425
0.0346569
0.0238756
0.0131855
0.00612692
0.000743046
-0.00186757
100.005
99.9743
100.006
100.056
99.9884
99.9115
100.008
100.122
100.009
99.8464
99.9559
100.178
100.099
99.8165
99.8266
100.158
100.257
99.9129
99.6694
99.9618
100.361
100.211
99.6907
99.6039
100.141
100.527
100.143
99.4876
99.5209
100.273
100.726
100.189
99.3087
99.2774
100.242
101.016
100.54
99.2765
98.7595
99.753
101.225
101.425
99.9064
98.211
98.3173
100.442
102.543
102.215
99.2269
96.1983
96.5178
101.104
106.711
107.323
97.7934
77.2255
49.8477
22.909
3.0573
-6.6014
-7.26842
-3.0177
1.66729
3.92693
3.24368
0.857401
-1.46014
-2.48498
-1.99903
-0.604354
0.808472
1.56983
1.48226
0.777615
-0.106257
-0.771366
-1.01287
-0.84467
-0.428938
0.0296085
0.370985
0.521717
0.491593
0.342756
0.152193
-0.0170479
-0.129556
-0.177599
-0.172875
-0.135776
-0.0867462
-0.0406796
-0.00607597
0.0152362
0.0243844
0.0253892
0.021574
0.0155277
0.0109523
0.0045618
100.011
99.9842
99.9724
100.04
100.048
99.9401
99.9244
100.072
100.111
99.9293
99.8469
100.05
100.198
99.996
99.7653
99.9277
100.248
100.176
99.7844
99.7081
100.118
100.387
100.053
99.5871
99.721
100.314
100.496
99.9406
99.4012
99.6828
100.468
100.682
99.9532
99.1905
99.4406
100.488
101.033
100.294
99.061
98.8379
100.045
101.398
101.274
99.5885
98.0697
98.5123
100.779
102.679
102.004
98.8673
96.0328
96.7081
101.484
106.944
107.202
97.4143
76.8992
49.8383
23.2272
3.46325
-6.40733
-7.42526
-3.41545
1.2972
3.82392
3.46762
1.26612
-1.10884
-2.38511
-2.19411
-0.980599
0.445563
1.38978
1.55298
1.04931
0.238645
-0.493052
-0.895222
-0.908755
-0.629638
-0.226115
0.142889
0.378246
0.452988
0.396169
0.264431
0.115348
-0.0093378
-0.0894774
-0.123425
-0.121473
-0.0979652
-0.0665782
-0.0367622
-0.0135896
0.00102238
0.00928621
0.0105924
0.0114419
0.00698912
100.008
100.005
99.9623
99.9955
100.067
100.011
99.9047
99.9728
100.121
100.057
99.8619
99.8972
100.14
100.162
99.8845
99.7723
100.055
100.284
100.049
99.6953
99.8097
100.259
100.342
99.8789
99.5481
99.8879
100.447
100.394
99.738
99.3864
99.8889
100.619
100.566
99.7122
99.139
99.6566
100.707
100.978
100.019
98.89
98.9806
100.349
101.521
101.069
99.2688
97.9764
98.7533
101.118
102.775
101.755
98.5023
95.894
96.9301
101.877
107.167
107.061
97.0197
76.5654
49.8282
23.5519
3.88486
-6.19076
-7.56396
-3.81469
0.89871
3.67561
3.65429
1.67131
-0.717848
-2.21732
-2.32619
-1.33271
0.0513889
1.13283
1.53257
1.25386
0.568377
-0.171239
-0.691019
-0.873129
-0.749324
-0.442214
-0.0945426
0.183813
0.339064
0.370238
0.310502
0.205214
0.0947249
0.00553389
-0.0512068
-0.0764092
-0.077495
-0.0647154
-0.0457489
-0.028207
-0.0128778
-0.00406096
0.00259628
0.00437006
100
100.02
99.9804
99.9583
100.035
100.067
99.9559
99.9028
100.042
100.132
99.9755
99.8329
99.9861
100.195
100.076
99.7963
99.8403
100.176
100.253
99.9041
99.6683
99.9561
100.356
100.23
99.7185
99.5843
100.08
100.518
100.23
99.5625
99.449
100.116
100.707
100.386
99.4893
99.1629
99.9102
100.882
100.852
99.7312
98.7766
99.1836
100.65
101.584
100.815
98.9581
97.9371
99.0371
101.449
102.827
101.467
98.1358
95.785
97.1843
102.281
107.379
106.901
96.6092
76.2238
49.8173
23.8832
4.32266
-5.95038
-7.68235
-4.21295
0.473026
3.48003
3.79781
2.06484
-0.293458
-1.98142
-2.38613
-1.6445
-0.357038
0.808697
1.41727
1.37282
0.854681
0.16523
-0.419572
-0.740323
-0.77182
-0.587582
-0.303123
-0.0255425
0.175906
0.276495
0.286709
0.236123
0.158082
0.079743
0.0172757
-0.0227777
-0.0423748
-0.0457863
-0.0403725
-0.0303368
-0.0200019
-0.012296
-0.00407203
99.9926
100.02
100.011
99.954
99.9819
100.071
100.033
99.9079
99.9416
100.106
100.095
99.8923
99.8571
100.088
100.196
99.9612
99.759
99.9551
100.26
100.16
99.7737
99.7134
100.118
100.385
100.07
99.6026
99.6933
100.266
100.511
100.027
99.4403
99.5848
100.339
100.718
100.159
99.3079
99.264
100.182
100.995
100.66
99.4485
98.7311
99.4396
100.932
101.582
100.517
98.668
97.9567
99.3594
101.766
102.83
101.142
97.7726
95.7093
97.4713
102.695
107.578
106.719
96.1821
75.8741
49.8055
24.221
4.77713
-5.68495
-7.77816
-4.60748
0.0218302
3.23574
3.89244
2.43794
0.156411
-1.67943
-2.36665
-1.89998
-0.760295
0.43216
1.20968
1.39319
1.07124
0.484202
-0.108963
-0.525515
-0.694531
-0.642179
-0.450314
-0.212365
-0.00193528
0.140609
0.206851
0.209988
0.173348
0.119766
0.0671029
0.0249788
-0.00289482
-0.0173707
-0.0228374
-0.0201941
-0.0181562
-0.00979147
99.9909
100.006
100.031
99.9815
99.9462
100.026
100.08
99.9753
99.891
100.011
100.138
100.019
99.8384
99.9314
100.17
100.136
99.8502
99.787
100.088
100.281
100.023
99.6905
99.8243
100.262
100.338
99.8896
99.5552
99.8595
100.415
100.425
99.813
99.3913
99.7795
100.527
100.648
99.9064
99.1887
99.4372
100.448
101.034
100.413
99.1907
98.7604
99.7374
101.181
101.509
100.184
98.41
98.0387
99.7141
102.059
102.782
100.784
97.4174
95.6701
97.7913
103.117
107.763
106.514
95.7378
75.5162
49.7927
24.5655
5.24878
-5.39317
-7.84906
-4.99528
-0.452754
2.9418
3.9327
2.78132
0.62228
-1.31574
-2.26272
-2.084
-1.13719
0.0227036
0.919184
1.30867
1.19584
0.752824
0.206313
-0.255209
-0.528769
-0.599314
-0.513371
-0.343393
-0.157976
-0.00448508
0.0951285
0.140161
0.14264
0.119046
0.0851722
0.0510061
0.0246388
0.00478491
-0.0041062
-0.0108105
-0.00927511
99.9953
99.9896
100.028
100.018
99.9498
99.9686
100.069
100.052
99.9176
99.9182
100.085
100.12
99.9285
99.8365
100.034
100.203
100.031
99.7771
99.8764
100.204
100.231
99.8743
99.6769
99.9789
100.355
100.219
99.725
99.5884
100.056
100.5
100.269
99.6197
99.4261
100.01
100.657
100.5
99.6551
99.1472
99.6697
100.685
100.991
100.124
98.9771
98.8674
100.063
101.382
101.366
99.8295
98.1958
98.185
100.094
102.321
102.678
100.395
97.0754
95.6708
98.1447
103.546
107.93
106.286
95.2757
75.1496
49.7789
24.9171
5.7383
-5.07365
-7.89263
-5.37321
-0.94823
2.59781
3.91347
3.08539
1.09326
-0.897301
-2.07229
-2.18339
-1.46595
-0.396085
0.562508
1.12187
1.21392
0.941709
0.488962
0.0345038
-0.300915
-0.470116
-0.486568
-0.39838
-0.26219
-0.124975
-0.016001
0.0537823
0.0858623
0.0904373
0.0771903
0.0580798
0.0371877
0.0211542
0.00930555
0.00058255
100.002
99.9817
100.008
100.039
99.9852
99.9376
100.015
100.087
99.9941
99.8877
99.9834
100.133
100.055
99.8564
99.8917
100.133
100.172
99.9108
99.7664
100.005
100.269
100.119
99.7519
99.7397
100.143
100.373
100.052
99.6096
99.6996
100.248
100.504
100.066
99.4777
99.5436
100.246
100.708
100.288
99.4333
99.192
99.9422
100.871
100.866
99.8157
98.8253
99.0498
100.398
101.521
101.153
99.465
98.0361
98.3952
100.49
102.544
102.518
99.9786
96.7523
95.7144
98.5313
103.979
108.079
106.032
94.7946
74.7739
49.7639
25.2759
6.24646
-4.72475
-7.90612
-5.73775
-1.46171
2.20376
3.82985
3.34025
1.55716
-0.433418
-1.79626
-2.18747
-1.72536
-0.798017
0.162491
0.844163
1.12033
1.02895
0.704759
0.304689
-0.0463354
-0.279637
-0.381056
-0.374402
-0.300277
-0.199743
-0.102981
-0.0280276
0.0204964
0.0440248
0.0497826
0.0449116
0.0335834
0.0252564
0.0114342
100.007
99.986
99.9852
100.034
100.026
99.9487
99.9579
100.064
100.066
99.9302
99.9033
100.063
100.133
99.9629
99.8318
99.9883
100.191
100.085
99.8132
99.8248
100.136
100.263
99.972
99.6881
99.8669
100.279
100.311
99.8696
99.5688
99.8708
100.401
100.421
99.8459
99.4117
99.7303
100.456
100.671
100.035
99.2678
99.3227
100.23
100.985
100.664
99.5092
98.7498
99.3005
100.725
101.587
100.876
99.1058
97.9408
98.6671
100.893
102.717
102.299
99.5404
96.4538
95.8041
98.9507
104.416
108.207
105.752
94.294
74.3885
49.7475
25.642
6.77395
-4.34477
-7.88647
-6.08479
-1.98951
1.76045
3.67738
3.53555
2.00007
0.063527
-1.43939
-2.08887
-1.89541
-1.15463
-0.251712
0.496557
0.920995
1.00246
0.825454
0.516672
0.193628
-0.0642185
-0.222609
-0.283628
-0.271361
-0.216512
-0.14692
-0.0820176
-0.0312497
0.000765937
0.0198179
0.0232392
0.0260294
0.0167576
100.007
99.9982
99.9739
100.009
100.046
99.9892
99.9324
100.006
100.09
100.009
99.8903
99.9625
100.123
100.079
99.8795
99.8676
100.094
100.188
99.9663
99.7704
99.9377
100.233
100.183
99.8288
99.7017
100.029
100.354
100.178
99.7104
99.614
100.071
100.484
100.263
99.6459
99.4353
99.9615
100.609
100.545
99.7703
99.1806
99.5296
100.504
101.012
100.398
99.2295
98.7606
99.6069
101.023
101.57
100.546
98.768
97.9182
98.9961
101.291
102.835
102.022
99.086
96.1862
95.9426
99.4021
104.852
108.311
105.443
93.7729
73.9931
49.7295
26.0155
7.32144
-3.93204
-7.83056
-6.40989
-2.52718
1.26978
3.45266
3.66128
2.40697
0.578143
-1.01109
-1.88546
-1.96004
-1.43805
-0.646708
0.109489
0.635354
0.865377
0.836714
0.641375
0.380875
0.1355
-0.0480617
-0.155274
-0.194558
-0.185035
-0.149568
-0.104049
-0.0638256
-0.0296948
-0.0100422
0.00449286
0.00879785
100.003
100.01
99.979
99.9814
100.037
100.031
99.9491
99.9509
100.059
100.074
99.9423
99.8961
100.043
100.136
99.991
99.8379
99.9537
100.17
100.12
99.855
99.7986
100.072
100.264
100.051
99.7283
99.7921
100.188
100.347
100.002
99.6103
99.739
100.261
100.479
100.056
99.5005
99.5484
100.204
100.68
100.344
99.5265
99.1858
99.7938
100.736
100.946
100.089
99.0007
98.8623
99.9518
101.271
101.468
100.173
98.4679
97.9743
99.3751
101.672
102.888
101.689
98.6222
95.9559
96.1326
99.8845
105.286
108.39
105.104
93.2304
73.5871
49.7097
26.3967
7.88969
-3.48475
-7.73505
-6.70822
-3.06967
0.734503
3.15316
3.70785
2.76208
1.09253
-0.525074
-1.58046
-1.90817
-1.62318
-0.987988
-0.280676
0.293358
0.634731
0.739293
0.663895
0.488418
0.2861
0.108567
-0.0192507
-0.0918116
-0.119666
-0.114893
-0.094871
-0.0678106
-0.0430066
-0.0249384
-0.00720273
99.9977
100.015
99.9952
99.9681
100.009
100.05
99.992
99.9303
99.9992
100.089
100.02
99.896
99.9491
100.11
100.094
99.9022
99.8569
100.06
100.188
100.01
99.789
99.8915
100.187
100.218
99.9028
99.6998
99.9379
100.302
100.257
99.8236
99.5932
99.9201
100.403
100.385
99.835
99.4368
99.7362
100.421
100.655
100.092
99.336
99.2874
100.088
100.9
100.787
99.7609
98.8448
99.0526
100.314
101.451
101.279
99.7758
98.2221
98.1128
99.7947
102.023
102.871
101.301
98.1564
95.7697
96.3765
100.396
105.714
108.44
104.733
92.6653
73.1699
49.6879
26.7857
8.47956
-3.00098
-7.59638
-6.97447
-3.61104
0.158632
2.77772
3.66646
3.04897
1.58601
-0.000219701
-1.184
-1.73574
-1.68999
-1.24201
-0.633015
-0.0646397
0.342648
0.551626
0.58678
0.503642
0.363724
0.215894
0.0920669
0.00466137
-0.0455371
-0.0654836
-0.0673658
-0.0541421
-0.0450751
-0.0232894
99.9944
100.011
100.012
99.9736
99.9795
100.04
100.034
99.9498
99.9478
100.054
100.077
99.9517
99.8951
100.028
100.132
100.011
99.8495
99.9318
100.146
100.139
99.8937
99.7922
100.02
100.246
100.107
99.7802
99.7532
100.101
100.341
100.104
99.6837
99.6656
100.12
100.466
100.215
99.6404
99.4688
99.9704
100.577
100.535
99.8211
99.2262
99.4774
100.381
100.975
100.547
99.4436
98.7792
99.3222
100.668
101.547
101.009
99.3715
98.0459
98.3343
100.243
102.331
102.779
100.863
97.6971
95.6341
96.6764
100.936
106.133
108.458
104.329
92.0763
72.7408
49.6638
27.1829
9.09205
-2.47854
-7.41062
-7.20287
-4.14461
-0.45268
2.32662
3.5296
3.25159
2.03629
0.540304
-0.713251
-1.44769
-1.62759
-1.38226
-0.909354
-0.395149
0.0306861
0.307563
0.431912
0.436173
0.36584
0.263861
0.162588
0.0783435
0.0217362
-0.0155286
-0.0269813
-0.0359197
-0.0254239
99.9945
100.002
100.02
99.992
99.9646
100.01
100.052
99.9926
99.9305
99.9964
100.086
100.025
99.9026
99.9431
100.098
100.099
99.9208
99.8563
100.035
100.179
100.039
99.8135
99.8653
100.144
100.229
99.9631
99.7203
99.8753
100.239
100.294
99.925
99.6167
99.8133
100.297
100.435
100.002
99.5095
99.5942
100.213
100.646
100.334
99.5698
99.2152
99.7362
100.638
100.947
100.245
99.1671
98.8149
99.6545
100.988
101.547
100.668
98.982
97.9528
98.6358
100.705
102.582
102.606
100.38
97.2536
95.5559
97.034
101.501
106.539
108.441
103.888
91.4621
72.2989
49.637
27.5882
9.72811
-1.91505
-7.17335
-7.38673
-4.6624
-1.09263
1.80184
3.29107
3.35395
2.41917
1.06879
-0.192587
-1.05818
-1.43491
-1.39097
-1.07725
-0.656416
-0.256457
0.0477884
0.231453
0.306317
0.300734
0.250702
0.180866
0.116767
0.0604441
0.0257346
0.000258216
-0.0108127
99.9972
99.9934
100.017
100.012
99.9695
99.98
100.042
100.033
99.9501
99.9487
100.051
100.075
99.9574
99.8985
100.019
100.125
100.021
99.8627
99.9215
100.125
100.145
99.9242
99.7987
99.9844
100.22
100.139
99.8304
99.7422
100.032
100.312
100.17
99.764
99.6406
100.004
100.41
100.313
99.7867
99.4693
99.7933
100.423
100.613
100.079
99.375
99.3088
100.034
100.827
100.816
99.9097
98.9602
98.9547
100.026
101.249
101.444
100.272
98.6297
97.9539
99.0104
101.166
102.763
102.352
99.8602
96.8363
95.5418
97.4501
102.089
106.929
108.386
103.408
90.8211
71.8432
49.607
28.0017
10.3886
-1.30827
-6.88007
-7.51884
-5.15515
-1.75228
1.20827
2.94762
3.34204
2.71001
1.55349
0.345254
-0.593663
-1.12591
-1.26577
-1.11775
-0.815538
-0.476918
-0.182917
0.0285073
0.149707
0.19795
0.192986
0.161853
0.119155
0.077754
0.0485149
0.0169387
100.001
99.9893
100.007
100.023
99.9881
99.9637
100.013
100.051
99.9905
99.9326
99.9975
100.082
100.024
99.909
99.9436
100.088
100.097
99.9335
99.8624
100.019
100.166
100.055
99.8376
99.8558
100.108
100.223
100.005
99.7507
99.8403
100.18
100.3
100.002
99.6629
99.7512
100.194
100.432
100.126
99.6131
99.5302
100.032
100.563
100.479
99.8074
99.2676
99.4986
100.334
100.921
100.589
99.5738
98.8472
99.1922
100.409
101.427
101.238
99.8424
98.3373
98.0563
99.4473
101.606
102.862
102.016
99.313
96.4562
95.5984
97.9255
102.696
107.297
108.289
102.888
90.1519
71.3728
49.5733
28.4236
11.0746
-0.655559
-6.52582
-7.59134
-5.61259
-2.42103
0.553154
2.49888
3.20454
2.88559
1.96147
0.862675
-0.0897981
-0.727869
-1.02074
-1.03002
-0.857254
-0.605394
-0.351933
-0.14502
-0.00157342
0.0798861
0.111332
0.114036
0.091557
0.0768233
0.0403691
100.004
99.9907
99.9946
100.022
100.009
99.9665
99.9833
100.044
100.029
99.9498
99.9533
100.05
100.07
99.9593
99.9054
100.017
100.116
100.024
99.8753
99.9209
100.108
100.14
99.9445
99.8125
99.9642
100.193
100.151
99.8714
99.7497
99.9853
100.273
100.204
99.835
99.6487
99.9222
100.338
100.358
99.9112
99.5184
99.6827
100.265
100.604
100.264
99.5633
99.2672
99.7615
100.596
100.904
100.29
99.2744
98.8448
99.5111
100.772
101.501
100.937
99.4042
98.1265
98.263
99.9317
102.005
102.869
101.601
98.7493
96.1251
95.7321
98.4599
103.317
107.638
108.146
102.323
89.4523
70.8863
49.5352
28.854
11.7871
0.0457945
-6.10519
-7.59534
-6.02258
-3.08548
-0.152596
1.9486
2.9338
2.92471
2.25883
1.31715
0.40829
-0.281348
-0.686503
-0.830086
-0.783257
-0.628662
-0.437095
-0.258999
-0.116408
-0.0239513
0.0356034
0.0516702
0.0649367
0.0454228
100.004
99.9959
99.987
100.011
100.023
99.9835
99.9654
100.018
100.048
99.9861
99.9368
100.002
100.077
100.019
99.9147
99.9496
100.082
100.089
99.9405
99.8731
100.013
100.151
100.058
99.8579
99.8587
100.084
100.208
100.029
99.7823
99.828
100.132
100.285
100.052
99.7147
99.7262
100.111
100.399
100.202
99.7169
99.5242
99.8983
100.45
100.538
100.003
99.3869
99.378
100.062
100.782
100.773
99.9492
99.0465
98.9595
99.8861
101.079
101.459
100.556
98.9861
98.0163
98.5713
100.444
102.345
102.773
101.112
98.1825
95.8551
95.9487
99.0523
103.948
107.947
107.951
101.712
88.7201
70.3824
49.4921
29.2928
12.5273
0.798728
-5.61246
-7.52138
-6.37179
-3.72988
-0.894095
1.30611
2.52893
2.81289
2.41687
1.6677
0.852347
0.163564
-0.308381
-0.554712
-0.618447
-0.559418
-0.441758
-0.305146
-0.18883
-0.0917844
-0.0348741
0.00644206
0.0217319
100.003
100.002
99.9862
99.998
100.024
100.004
99.9651
99.9893
100.044
100.022
99.9495
99.9612
100.051
100.061
99.9581
99.915
100.019
100.106
100.019
99.8864
99.928
100.097
100.129
99.9548
99.8298
99.9577
100.169
100.148
99.9
99.768
99.9597
100.235
100.212
99.8882
99.6752
99.8749
100.269
100.363
100.001
99.5873
99.6311
100.134
100.547
100.373
99.7403
99.31
99.5864
100.358
100.864
100.54
99.6075
98.92
99.1859
100.283
101.302
101.296
100.119
98.6182
98.0217
98.9728
100.963
102.604
102.569
100.558
97.6276
95.659
96.2534
99.7008
104.583
108.218
107.7
101.049
87.9527
69.859
49.4425
29.7397
13.2963
1.60648
-5.04109
-7.35852
-6.64455
-4.33506
-1.65184
0.586741
1.99605
2.54326
2.41388
1.87909
1.19711
0.556873
0.0652017
-0.247242
-0.394138
-0.422105
-0.371855
-0.291834
-0.202879
-0.126377
-0.0732001
-0.0219581
100.001
100.006
99.991
99.9879
100.016
100.02
99.9788
99.9701
100.023
100.042
99.9801
99.9432
100.009
100.071
100.01
99.9205
99.9602
100.078
100.076
99.9425
99.8871
100.014
100.136
100.053
99.8735
99.8707
100.07
100.188
100.037
99.8102
99.8325
100.101
100.261
100.076
99.7611
99.7279
100.054
100.354
100.237
99.8024
99.5531
99.8171
100.34
100.536
100.138
99.5234
99.3491
99.862
100.603
100.825
100.232
99.3078
98.9154
99.5056
100.665
101.412
101.019
99.6551
98.3306
98.1517
99.4523
101.461
102.763
102.255
99.9497
97.1019
95.5497
96.6505
100.402
105.216
108.443
107.387
100.331
87.1474
69.3143
49.3854
30.1943
14.0947
2.47189
-4.38463
-7.09511
-6.82306
-4.87766
-2.39941
-0.184438
1.35364
2.12282
2.24202
1.92832
1.4053
0.852894
0.381631
0.0437995
-0.15983
-0.250862
-0.262778
-0.234605
-0.17552
-0.137184
-0.0680734
99.9987
100.007
99.9984
99.9843
100.003
100.025
99.9979
99.966
99.9973
100.043
100.012
99.9502
99.9721
100.052
100.049
99.9551
99.9274
100.025
100.094
100.01
99.8966
99.9411
100.09
100.112
99.957
99.8485
99.9623
100.15
100.135
99.9164
99.7915
99.9522
100.203
100.202
99.9216
99.7091
99.8569
100.214
100.344
100.054
99.6557
99.6232
100.041
100.472
100.417
99.8783
99.3939
99.5005
100.161
100.757
100.666
99.8874
99.091
99.0397
99.888
100.988
101.393
100.643
99.2001
98.1511
98.4084
99.9883
101.91
102.805
101.831
99.3033
96.6241
95.5402
97.1433
101.152
105.837
108.613
107.006
99.5529
86.3005
68.7455
49.3188
30.6559
14.9236
3.3984
-3.63577
-6.71824
-6.88754
-5.33095
-3.10489
-0.974047
0.632027
1.57351
1.91203
1.81155
1.46158
1.02335
0.608919
0.28017
0.0508408
-0.0763731
-0.143623
-0.140476
-0.142673
-0.0892296
99.9975
100.005
100.005
99.9872
99.9917
100.02
100.014
99.975
99.9777
100.028
100.034
99.9739
99.9524
100.018
100.062
99.9991
99.9274
99.9741
100.074
100.06
99.9416
99.9039
100.02
100.12
100.04
99.8852
99.8891
100.065
100.166
100.032
99.833
99.8489
100.083
100.232
100.08
99.7976
99.747
100.023
100.308
100.241
99.8621
99.598
99.7813
100.251
100.499
100.214
99.6448
99.3783
99.74
100.434
100.791
100.407
99.5549
98.9901
99.2842
100.292
101.216
101.237
100.196
98.793
98.1022
98.7851
100.553
102.281
102.715
101.303
98.6381
96.2149
95.643
97.7338
101.944
106.437
108.721
106.549
98.7099
85.4079
68.1494
49.2404
31.1232
15.7832
4.38914
-2.78676
-6.21342
-6.81502
-5.66282
-3.72855
-1.73766
-0.125137
0.933916
1.45138
1.54391
1.36587
1.05543
0.725204
0.428426
0.213073
0.0542411
-0.0187638
-0.0732157
-0.0691487
99.9974
100.002
100.008
99.9938
99.9855
100.009
100.022
99.9908
99.9699
100.006
100.039
100.002
99.9532
99.985
100.051
100.034
99.9523
99.9426
100.033
100.08
99.9973
99.9073
99.9585
100.085
100.092
99.9536
99.8686
99.9749
100.134
100.114
99.923
99.8176
99.9588
100.178
100.181
99.9374
99.7441
99.8614
100.176
100.311
100.076
99.7128
99.644
99.9882
100.398
100.415
99.9681
99.4861
99.4822
100.025
100.631
100.697
100.083
99.2835
99.0247
99.6237
100.671
101.317
100.95
99.7155
98.473
98.199
99.2657
101.112
102.545
102.485
100.684
97.9773
95.8962
95.87
98.4222
102.77
107.006
108.755
106.008
97.795
84.4646
67.5221
49.1474
31.5946
16.6739
5.4471
-1.83013
-5.56655
-6.58237
-5.84001
-4.22692
-2.42422
-0.86263
0.258361
0.908355
1.16583
1.14345
0.969722
0.726991
0.498669
0.296505
0.157379
0.060955
-0.00381994
99.9982
99.9989
100.008
100.001
99.9855
99.9976
100.021
100.006
99.9737
99.9874
100.03
100.023
99.9692
99.9643
100.026
100.05
99.9873
99.9367
99.9898
100.069
100.042
99.9401
99.9234
100.03
100.103
100.022
99.8951
99.9123
100.065
100.142
100.019
99.8516
99.8736
100.077
100.202
100.069
99.8238
99.7771
100.014
100.267
100.222
99.896
99.647
99.7807
100.191
100.446
100.239
99.735
99.4368
99.6868
100.303
100.715
100.486
99.7457
99.1174
99.1963
100.018
100.975
101.27
100.555
99.2458
98.2765
98.4461
99.8236
101.628
102.674
102.11
99.9916
97.348
95.6906
96.2318
99.2063
103.621
107.53
108.703
105.373
96.8007
83.4642
66.8583
49.0356
32.0673
17.5945
6.57437
-0.759096
-4.7638
-6.16664
-5.8289
-4.55559
-2.98091
-1.52119
-0.395165
0.341141
0.72074
0.838522
0.781708
0.642774
0.478452
0.317191
0.21117
0.0861054
99.9993
99.9968
100.006
100.006
99.99
99.9898
100.013
100.016
99.9848
99.977
100.014
100.032
99.991
99.9595
99.9985
100.047
100.018
99.9517
99.96
100.039
100.063
99.9839
99.9199
99.9782
100.08
100.069
99.9478
99.8906
99.9923
100.12
100.088
99.9234
99.8457
99.9751
100.158
100.15
99.9396
99.7782
99.8822
100.153
100.271
100.072
99.7552
99.6819
99.9699
100.338
100.383
100.012
99.5676
99.5088
99.951
100.518
100.667
100.192
99.4505
99.0869
99.4859
100.414
101.16
101.073
100.088
98.8367
98.2322
98.8357
100.423
102.059
102.644
101.594
99.2502
96.7813
95.6215
96.737
100.081
104.482
107.995
108.552
104.632
95.7182
82.3997
66.1518
48.8994
32.5364
18.5413
7.76876
0.427503
-3.79807
-5.5524
-5.60264
-4.67686
-3.35676
-2.04425
-0.959832
-0.1904
0.275411
0.497874
0.542623
0.503964
0.386461
0.316076
0.167987
100
99.9961
100.002
100.008
99.9963
99.9869
100.004
100.019
99.9976
99.9759
99.9979
100.029
100.01
99.9678
99.9783
100.031
100.036
99.9773
99.9492
100.005
100.061
100.022
99.9406
99.9452
100.039
100.084
100.003
99.9058
99.9386
100.068
100.115
100.001
99.8687
99.9039
100.078
100.17
100.046
99.8425
99.8141
100.02
100.232
100.188
99.9088
99.6946
99.8053
100.158
100.389
100.227
99.7912
99.5052
99.6866
100.219
100.625
100.493
99.8664
99.2503
99.2026
99.8542
100.756
101.195
100.739
99.5994
98.5373
98.3579
99.3457
101.017
102.364
102.44
100.951
98.4923
96.3116
95.7116
97.3917
101.039
105.338
108.381
108.285
103.774
94.5364
81.2611
65.3936
48.73
32.9931
19.5055
9.02219
1.72373
-2.67194
-4.73513
-5.14949
-4.56687
-3.5209
-2.38837
-1.3907
-0.635076
-0.120275
0.159084
0.309207
0.304343
0.3131
0.20123
100.001
99.9968
99.9988
100.007
100.002
99.9884
99.9959
100.015
100.008
99.9818
99.9864
100.019
100.021
99.9829
99.9694
100.01
100.039
100.003
99.9552
99.9785
100.042
100.044
99.9726
99.9357
99.9977
100.072
100.044
99.9431
99.9151
100.011
100.104
100.059
99.9218
99.8761
99.9967
100.139
100.115
99.9338
99.8121
99.9137
100.14
100.227
100.051
99.7855
99.7303
99.9777
100.291
100.333
100.019
99.6318
99.5627
99.9291
100.431
100.601
100.227
99.5709
99.184
99.4502
100.246
100.989
101.067
100.304
99.1462
98.3904
98.6556
99.939
101.555
102.504
102.055
100.205
97.7573
95.9756
95.9824
98.1981
102.066
106.169
108.669
107.884
102.781
93.2411
80.035
64.5694
48.512
33.4202
20.4678
10.3139
3.10811
-1.40395
-3.72919
-4.47447
-4.22129
-3.45744
-2.52452
-1.65758
-0.939329
-0.445137
-0.0956545
0.0582063
0.171353
0.157315
100.001
99.9981
99.9968
100.005
100.006
99.9926
99.9912
100.009
100.013
99.991
99.9817
100.007
100.024
99.9984
99.971
99.9925
100.031
100.02
99.9714
99.9646
100.018
100.049
100.003
99.9455
99.968
100.045
100.062
99.9853
99.9198
99.9658
100.069
100.086
99.9812
99.8874
99.9371
100.081
100.137
100.019
99.8583
99.8559
100.036
100.199
100.145
99.9076
99.7408
99.8468
100.145
100.331
100.188
99.8185
99.5748
99.7243
100.178
100.539
100.45
99.9214
99.3644
99.2679
99.7906
100.595
101.071
100.783
99.8215
98.7899
98.4263
99.1082
100.564
101.981
102.449
101.493
99.3898
97.092
95.8122
96.4529
99.1541
103.146
106.949
108.831
107.324
101.632
91.8123
78.7008
63.6571
48.2206
33.7897
21.3965
11.6083
4.54233
-0.0334097
-2.57291
-3.60885
-3.66902
-3.17499
-2.47084
-1.73472
-1.12448
-0.630899
-0.313701
-0.100402
0.0284514
100.001
99.9995
99.9962
100.002
100.007
99.9975
99.99
100.002
100.014
99.9997
99.983
99.9964
100.02
100.01
99.9794
99.9817
100.018
100.028
99.9901
99.9635
99.9956
100.04
100.024
99.9661
99.9545
100.014
100.06
100.019
99.9428
99.9416
100.027
100.085
100.029
99.9228
99.909
100.019
100.12
100.076
99.9259
99.8479
99.9508
100.132
100.18
100.019
99.8093
99.7855
100.002
100.254
100.271
99.9998
99.681
99.6333
99.9466
100.371
100.517
100.205
99.643
99.2912
99.4895
100.163
100.841
100.981
100.38
99.3583
98.5862
98.6559
99.6777
101.157
102.239
102.177
100.777
98.5551
96.5499
95.8601
97.1376
100.251
104.253
107.648
108.837
106.576
100.3
90.2209
77.2271
62.6216
47.8162
34.0566
22.242
12.8505
5.96996
1.37934
-1.31873
-2.61012
-2.94205
-2.72319
-2.22457
-1.6676
-1.15068
-0.720293
-0.446449
-0.167191
100.001
100.001
99.9967
99.9993
100.006
100.001
99.9916
99.9969
100.011
100.006
99.9879
99.9899
100.012
100.015
99.9902
99.9785
100.004
100.027
100.006
99.9714
99.9812
100.024
100.033
99.9884
99.9557
99.9892
100.045
100.039
99.9724
99.938
99.991
100.065
100.056
99.9656
99.9098
99.9702
100.08
100.1
99.991
99.8762
99.9007
100.054
100.166
100.096
99.9007
99.788
99.8983
100.142
100.272
100.133
99.8272
99.6444
99.7875
100.168
100.459
100.372
99.9244
99.4547
99.3688
99.8062
100.497
100.932
100.726
99.9162
98.9869
98.5761
99.0656
100.305
101.647
102.282
101.687
99.9445
97.7624
96.1901
96.1568
98.0447
101.471
105.354
108.223
108.642
105.598
98.7411
88.4246
75.5689
61.4142
47.2448
34.1626
22.9382
13.9713
7.31173
2.76002
-0.0539472
-1.54332
-2.12492
-2.14314
-1.85263
-1.47813
-1.03621
-0.770908
-0.379342
100
100.001
99.9978
99.9977
100.004
100.004
99.9946
99.9941
100.006
100.009
99.994
99.9879
100.004
100.016
99.9997
99.9812
99.9939
100.02
100.015
99.9832
99.9756
100.008
100.032
100.006
99.9664
99.9744
100.024
100.044
99.9988
99.9491
99.9681
100.037
100.063
100.003
99.9298
99.9429
100.036
100.095
100.038
99.9222
99.8865
99.9875
100.121
100.13
99.9859
99.8334
99.8454
100.034
100.219
100.201
99.9665
99.7233
99.7152
99.9889
100.327
100.422
100.144
99.6785
99.4008
99.5809
100.151
100.723
100.847
100.345
99.4692
98.774
98.7763
99.613
100.912
101.961
102.078
100.998
99.0566
97.0862
96.0744
96.7336
99.1709
102.782
106.399
108.618
108.19
104.333
96.8999
86.3643
73.6644
59.9688
46.4383
34.0339
23.412
14.8899
8.49264
4.02228
1.14885
-0.491098
-1.28754
-1.48939
-1.44583
-1.13627
-0.97056
-0.553649
99.9999
100.001
99.999
99.9972
100.002
100.005
99.9977
99.9935
100.002
100.009
99.9993
99.9891
99.998
100.013
100.006
99.9871
99.9884
100.011
100.018
99.9946
99.9771
99.9959
100.024
100.017
99.9806
99.97
100.005
100.038
100.017
99.9672
99.9593
100.01
100.054
100.027
99.9577
99.9361
99.9985
100.073
100.063
99.9692
99.8996
99.9449
100.066
100.128
100.047
99.8971
99.8388
99.9522
100.139
100.21
100.07
99.8301
99.7174
99.8651
100.174
100.38
100.273
99.8948
99.5299
99.4938
99.8774
100.448
100.789
100.596
99.9079
99.1218
98.7669
99.1704
100.227
101.411
102.037
101.619
100.158
98.1957
96.6119
96.2629
97.6103
100.495
104.132
107.317
108.755
107.402
102.705
94.7028
83.9685
71.4412
58.213
45.3202
33.5946
23.5807
15.5246
9.42604
5.07794
2.21523
0.444366
-0.452032
-0.912418
-0.898278
-0.925329
-0.606489
99.9997
100.001
100
99.9974
100
100.004
100
99.9945
99.9988
100.007
100.003
99.9922
99.9945
100.008
100.009
99.9935
99.9873
100.003
100.016
100.003
99.9828
99.9887
100.015
100.02
99.9938
99.9732
99.9921
100.026
100.025
99.9855
99.9617
99.9909
100.038
100.038
99.9842
99.9441
99.9742
100.044
100.067
100.006
99.9272
99.927
100.018
100.102
100.079
99.9586
99.8638
99.9063
100.061
100.179
100.127
99.9325
99.7684
99.8042
100.04
100.286
100.315
100.061
99.6968
99.5164
99.7068
100.184
100.624
100.679
100.231
99.5022
98.947
98.9798
99.7044
100.812
101.714
101.835
100.93
99.2466
97.4641
96.4281
96.8038
98.7843
101.968
105.44
108.01
108.532
106.177
100.619
92.0603
81.1523
68.8204
56.0728
43.8228
32.782
23.382
15.8234
10.0373
5.8925
3.02749
1.28004
0.170909
-0.273382
-0.581751
-0.50616
99.9997
100.001
100.001
99.9981
99.999
100.003
100.002
99.9962
99.9971
100.004
100.005
99.9957
99.9934
100.003
100.009
99.9988
99.9891
99.9974
100.012
100.008
99.9897
99.9864
100.005
100.018
100.003
99.9805
99.9853
100.014
100.025
99.9998
99.9705
99.9804
100.02
100.037
100.004
99.9596
99.9635
100.018
100.057
100.028
99.9582
99.9288
99.9832
100.068
100.086
100.006
99.9038
99.8928
99.9998
100.128
100.143
100.011
99.8402
99.7963
99.945
100.179
100.294
100.162
99.8554
99.6059
99.6369
99.9786
100.419
100.636
100.418
99.8328
99.2182
98.9895
99.3836
100.288
101.263
101.748
101.352
100.079
98.3767
96.9778
96.6159
97.7202
100.217
103.503
106.587
108.349
107.821
104.402
97.9732
88.8832
77.8363
65.731
53.4806
41.8896
31.5324
22.7806
15.7139
10.3333
6.35994
3.67278
1.8358
0.794319
0.144772
-0.169736
99.9997
100
100.001
99.9989
99.9985
100.002
100.002
99.998
99.9966
100.002
100.005
99.9986
99.994
100
100.007
100.002
99.9923
99.9946
100.007
100.009
99.9959
99.9876
99.9989
100.014
100.008
99.9885
99.9839
100.004
100.021
100.009
99.9813
99.9776
100.006
100.03
100.015
99.9764
99.9635
99.9981
100.041
100.037
99.9845
99.9423
99.9649
100.035
100.075
100.034
99.9448
99.9021
99.9615
100.075
100.13
100.058
99.9107
99.8233
99.8933
100.083
100.235
100.203
99.9783
99.7208
99.6439
99.8489
100.228
100.521
100.483
100.072
99.4988
99.1255
99.2485
99.9036
100.809
101.481
101.479
100.634
99.1777
97.6828
96.8499
97.2311
98.9958
101.825
104.965
107.414
108.171
106.473
101.945
94.6629
85.0894
73.9649
62.1317
50.4237
39.4981
29.8649
21.7348
15.2394
10.2066
6.55297
3.94985
2.20955
1.1764
0.345888
99.9998
100
100.001
99.9995
99.9985
100.001
100.002
99.9994
99.997
100
100.004
100.001
99.9955
99.9981
100.005
100.004
99.9957
99.994
100.003
100.008
100
99.9907
99.9953
100.009
100.01
99.9954
99.9861
99.9973
100.014
100.012
99.9911
99.98
99.9965
100.021
100.019
99.9905
99.97
99.987
100.024
100.036
100.003
99.9601
99.9599
100.009
100.057
100.045
99.9783
99.9236
99.9447
100.032
100.102
100.078
99.9671
99.8664
99.8781
100.012
100.165
100.198
100.057
99.8304
99.6973
99.7892
100.08
100.381
100.462
100.213
99.7372
99.3171
99.2513
99.6693
100.426
101.147
101.402
100.928
99.7843
98.3742
97.3069
97.167
98.2781
100.55
103.461
106.172
107.733
107.305
104.342
98.6946
90.6009
80.6204
69.4884
58.0058
46.8746
36.6814
27.7676
20.3441
14.3973
9.81896
6.49447
3.99808
2.58418
1.1349
99.9998
99.9999
100.001
100
99.9988
99.9999
100.002
100
99.9978
99.9992
100.003
100.002
99.9972
99.9973
100.003
100.004
99.9983
99.9948
99.9999
100.006
100.003
99.9941
99.9942
100.004
100.009
100
99.9899
99.9941
100.008
100.012
99.9982
99.985
99.9918
100.012
100.018
100
99.9789
99.983
100.011
100.029
100.013
99.9769
99.964
99.9935
100.037
100.044
100.001
99.9481
99.9442
100.002
100.07
100.077
100.004
99.9112
99.8876
99.9704
100.101
100.167
100.094
99.9169
99.7693
99.7829
99.9828
100.25
100.392
100.269
99.9093
99.5107
99.3389
99.5663
100.15
100.824
101.212
101.015
100.178
98.9534
97.8341
97.3736
97.9711
99.6992
102.235
104.916
106.891
107.32
105.56
101.295
94.5694
85.7661
75.4862
64.4652
53.3989
42.9185
33.4594
25.2984
18.5756
13.1511
9.15525
5.89772
4.11102
1.99799
99.9999
99.9999
100
100
99.9992
99.9996
100.001
100.001
99.9987
99.9988
100.001
100.002
99.9987
99.9975
100.001
100.003
100
99.9962
99.9984
100.004
100.003
99.9971
99.9947
100.001
100.007
100.003
99.9938
99.9935
100.003
100.01
100.002
99.9904
99.9908
100.005
100.014
100.005
99.9874
99.9839
100.002
100.02
100.016
99.9899
99.9722
99.9861
100.02
100.036
100.013
99.9697
99.9528
99.9858
100.042
100.064
100.023
99.9486
99.9095
99.9521
100.052
100.127
100.1
99.975
99.8392
99.808
99.9324
100.148
100.305
100.268
100.014
99.6728
99.46
99.5551
99.9805
100.56
100.988
100.971
100.387
99.3773
98.3186
97.7016
97.9434
99.2162
101.349
103.838
105.949
106.887
105.974
102.786
97.2222
89.5089
80.1243
69.7033
58.9282
48.4061
38.677
29.9985
22.721
16.5725
12.0386
8.04143
5.93901
3.1248
100
99.9998
100
100
99.9996
99.9995
100.001
100.001
99.9994
99.9989
100.001
100.002
99.9997
99.9981
99.9998
100.002
100.001
99.9977
99.998
100.002
100.003
99.9992
99.996
99.999
100.004
100.003
99.997
99.9945
100
100.007
100.004
99.995
99.9921
100
100.009
100.007
99.9941
99.9874
99.9968
100.012
100.014
99.9982
99.9815
99.985
100.008
100.026
100.016
99.9856
99.9655
99.9805
100.021
100.047
100.029
99.9753
99.9351
99.9513
100.02
100.087
100.088
100.007
99.8969
99.8484
99.9181
100.078
100.222
100.231
100.063
99.7929
99.5849
99.6017
99.8981
100.367
100.772
100.852
100.46
99.6557
98.7192
98.0632
98.0844
99.0049
100.762
102.983
105.055
106.254
105.906
103.527
98.9095
92.1497
83.6043
73.8121
63.4097
52.9775
43.1138
34.0685
26.3552
19.6031
14.6051
9.95007
7.56423
4.10741
100
99.9999
100
100
99.9998
99.9995
100
100.001
99.9998
99.9991
100
100.001
100
99.9987
99.9993
100.001
100.001
99.9989
99.9982
100.001
100.002
100
99.9974
99.9984
100.002
100.003
99.9991
99.996
99.9987
100.004
100.004
99.9981
99.9942
99.9982
100.005
100.006
99.9983
99.9915
99.9952
100.006
100.011
100.002
99.9892
99.9874
100.001
100.016
100.015
99.9952
99.9773
99.9818
100.008
100.031
100.026
99.9907
99.957
99.9595
100.004
100.057
100.068
100.018
99.936
99.8881
99.9254
100.04
100.157
100.184
100.073
99.866
99.6864
99.6698
99.8795
100.251
100.603
100.715
100.442
99.8
98.9979
98.3777
98.2967
98.9871
100.448
102.401
104.334
105.602
105.565
103.723
99.8097
93.8239
86.0399
76.8825
66.9656
56.7751
47.0008
37.7782
29.8588
22.6381
17.3429
12.0794
9.49303
5.38427
100
99.9999
100
100
100
99.9997
100
100
100
99.9994
99.9997
100.001
100
99.9994
99.9993
100.001
100.001
99.9997
99.9987
99.9998
100.001
100.001
99.9987
99.9984
100.001
100.002
100
99.9977
99.9982
100.002
100.003
100
99.9966
99.9976
100.002
100.004
100.001
99.9954
99.9955
100.002
100.007
100.004
99.9952
99.9914
99.9978
100.008
100.011
100
99.9875
99.9866
100.001
100.018
100.019
99.9986
99.9749
99.9717
99.9974
100.033
100.047
100.017
99.9619
99.9239
99.9432
100.021
100.108
100.136
100.062
99.9096
99.7672
99.7418
99.8927
100.182
100.472
100.584
100.386
99.8711
99.195
98.6383
98.5141
99.0488
100.278
101.996
103.771
105.032
105.178
103.706
100.31
94.9191
87.7291
79.085
69.5559
59.5756
49.8673
40.5205
32.4207
24.8453
19.294
13.5715
10.8127
6.21725
100
99.9999
100
100
100
99.9998
99.9999
100
100
99.9997
99.9997
100
100
99.9998
99.9994
100
100.001
100
99.9992
99.9996
100.001
100.001
99.9996
99.9989
99.9999
100.001
100.001
99.999
99.9986
100
100.002
100.001
99.9984
99.9981
100.001
100.003
100.001
99.998
99.9971
100
100.003
100.003
99.9983
99.9954
99.998
100.004
100.006
100.001
99.9938
99.9925
100
100.01
100.01
99.9989
99.9852
99.9838
100
100.022
100.029
100.008
99.9711
99.9481
99.9656
100.022
100.083
100.097
100.035
99.9183
99.8142
99.8044
99.9331
100.167
100.397
100.477
100.299
99.8592
99.2867
98.8179
98.7209
99.1946
100.278
101.801
103.394
104.547
104.718
103.427
100.375
95.4407
88.7881
80.6615
71.6243
61.9806
52.5449
43.2282
35.1632
27.3271
21.6776
15.4983
12.6456
7.50251
100
100
99.9999
100
100
99.9999
99.9998
100
100
99.9999
99.9997
100
100
100
99.9996
99.9998
100
100
99.9997
99.9994
100
100.001
100
99.9993
99.9994
100.001
100.001
99.9999
99.9989
99.9995
100.001
100.001
99.9998
99.9986
99.9993
100.001
100.001
99.9999
99.9983
99.9988
100.001
100.002
100.001
99.9983
99.9982
100
100.002
100.001
99.9983
99.9969
99.9996
100.004
100.004
99.999
99.9925
99.9925
100.002
100.014
100.016
100.001
99.9778
99.9652
99.9809
100.023
100.064
100.07
100.018
99.9256
99.847
99.8465
99.9585
100.155
100.345
100.406
100.245
99.857
99.3518
98.9361
98.8501
99.2779
100.265
101.667
103.153
104.253
104.455
103.29
100.448
95.782
89.4216
81.5679
72.7595
63.2637
53.9105
44.5727
36.4584
28.4665
22.7126
16.3036
13.374
7.97407
100
100
100
100
100
100
99.9999
100
100
100
99.9999
99.9999
100
100
99.9999
99.9997
100
100
100
99.9997
99.9997
100
100
99.9999
99.9995
99.9998
100
100
99.9998
99.9993
99.9997
100.001
100.001
99.9999
99.9992
99.9994
100
100.001
100
99.9994
99.9989
99.9995
100.001
100.001
100.001
99.9995
99.9983
99.9983
100
100.002
100.003
100.002
99.9971
99.9934
99.9946
100.002
100.011
100.014
100.005
99.9871
99.9726
99.9756
100.002
100.039
100.062
100.046
99.9856
99.9074
99.8595
99.8889
100.01
100.184
100.327
100.339
100.155
99.7898
99.3507
99.0216
99.0053
99.4497
100.38
101.657
102.98
103.929
104.047
102.903
100.221
95.8298
89.8588
82.4205
74.0648
64.9166
55.9012
46.683
38.7187
30.5771
24.8315
18.0611
15.0984
9.22714
)
;

boundaryField
{
    left
    {
        type            fixedValue;
        value           uniform 100;
    }
    right
    {
        type            zeroGradient;
    }
    up
    {
        type            zeroGradient;
    }
    down
    {
        type            fixedValue;
        value           uniform 0;
    }
    frontAndBack
    {
        type            empty;
    }
}


// ************************************************************************* //
