/*--------------------------------*- C++ -*----------------------------------*\
  =========                 |
  \\      /  F ield         | OpenFOAM: The Open Source CFD Toolbox
   \\    /   O peration     | Website:  https://openfoam.org
    \\  /    A nd           | Version:  8
     \\/     M anipulation  |
\*---------------------------------------------------------------------------*/
FoamFile
{
    version     2.0;
    format      ascii;
    class       volScalarField;
    location    "0.515";
    object      T;
}
// * * * * * * * * * * * * * * * * * * * * * * * * * * * * * * * * * * * * * //

dimensions      [0 0 0 1 0 0 0];

internalField   nonuniform List<scalar> 
2500
(
49.9999
4.66009
-4.65868
-1.19894
1.19236
0.481904
-0.462824
-0.265184
0.223536
0.187247
-0.112567
-0.154321
0.0404278
0.130658
0.0174438
-0.0980829
-0.061491
0.0496241
0.0808299
0.0078477
-0.0646237
-0.0528484
0.0166291
0.0596638
0.0353339
-0.021665
-0.0511405
-0.0297537
0.015677
0.0425416
0.0316809
-0.00248362
-0.0307525
-0.0340746
-0.0144446
0.0116666
0.0274494
0.0260052
0.0114577
-0.00622786
-0.0184223
-0.0209714
-0.0156288
-0.00588267
0.00316239
0.00951892
0.0119743
0.01072
0.00927868
0.00423408
95.3401
49.9994
10.5169
-4.65411
-2.87196
1.17656
1.20886
-0.425841
-0.676063
0.154625
0.456535
-0.00448585
-0.330991
-0.103861
0.219788
0.177785
-0.0952154
-0.198875
-0.0341056
0.148905
0.128899
-0.037625
-0.140998
-0.079288
0.0577169
0.120643
0.0596806
-0.0496651
-0.10226
-0.0616958
0.0243714
0.0814509
0.0716614
0.0129482
-0.046994
-0.0698992
-0.0488094
-0.00389574
0.0364622
0.0533293
0.0442637
0.0188088
-0.00833682
-0.0281664
-0.0340417
-0.0315678
-0.019845
-0.0103039
0.000344266
0.00639336
104.659
89.4832
49.9985
12.1897
-4.64473
-3.59949
1.14852
1.62288
-0.367443
-0.952976
0.0562815
0.64653
0.134778
-0.438092
-0.268495
0.234625
0.331233
-0.0202538
-0.290886
-0.163614
0.141192
0.2422
0.0594607
-0.164839
-0.19023
-0.0216021
0.148186
0.160805
0.0288888
-0.112381
-0.145792
-0.062222
0.0572373
0.122077
0.0980611
0.0159837
-0.0644282
-0.0983753
-0.0769817
-0.0226063
0.0331265
0.0655054
0.0684857
0.0477586
0.0175163
-0.00954534
-0.0294505
-0.0328886
-0.0365694
-0.0220958
101.198
104.657
87.8103
49.9972
12.918
-4.62895
-4.01729
1.1055
1.90941
-0.28482
-1.16087
-0.07211
0.77976
0.300402
-0.482156
-0.440511
0.180504
0.457904
0.1111
-0.31965
-0.307821
0.0577924
0.311111
0.196707
-0.108501
-0.268181
-0.150071
0.093397
0.225452
0.150197
-0.0383909
-0.174909
-0.166088
-0.042229
0.0939938
0.153963
0.115725
0.0193888
-0.0728056
-0.11625
-0.102116
-0.0489334
0.0111644
0.0575801
0.0739016
0.0713208
0.0473256
0.0264125
0.00306898
-0.0120103
98.8063
102.872
104.65
87.0816
49.9955
13.3385
-4.60525
-4.31244
1.045
2.13585
-0.175923
-1.32468
-0.229542
0.863345
0.485118
-0.465025
-0.604918
0.0646506
0.539258
0.278002
-0.275367
-0.433731
-0.0870282
0.30875
0.333762
0.0210851
-0.274394
-0.280509
-0.036565
0.209781
0.256486
0.0988695
-0.112544
-0.219211
-0.167494
-0.0180712
0.121745
0.175368
0.131336
0.0322335
-0.0653827
-0.119095
-0.120333
-0.0806162
-0.0260211
0.0216185
0.055279
0.0599574
0.0649582
0.0383991
99.5188
98.8195
103.6
104.637
86.6607
49.9934
13.6389
-4.5722
-4.55424
0.964803
2.32968
-0.0395039
-1.45341
-0.413397
0.898151
0.679568
-0.388092
-0.745872
-0.102029
0.56027
0.455411
-0.158233
-0.510729
-0.266568
0.22327
0.428283
0.195379
-0.190373
-0.36089
-0.204182
0.0996886
0.289759
0.2432
0.0325045
-0.172907
-0.243697
-0.162278
-0.00336264
0.133939
0.186531
0.149415
0.0581035
-0.0358972
-0.102236
-0.119325
-0.107991
-0.0654234
-0.0320759
0.00506649
0.0245321
100.465
98.7905
98.8444
104.02
104.618
86.3594
49.9909
13.8898
-4.52839
-4.77226
0.862967
2.5023
0.124863
-1.54895
-0.6195
0.882772
0.872728
-0.254373
-0.847888
-0.304466
0.511278
0.616061
0.0208855
-0.514967
-0.445523
0.0607253
0.44508
0.370281
-0.0240675
-0.350211
-0.352481
-0.0816042
0.215986
0.325429
0.205874
-0.0262472
-0.211366
-0.254728
-0.161306
-0.00649692
0.126749
0.184761
0.166287
0.0945792
0.011945
-0.0544695
-0.0940175
-0.0935996
-0.0928787
-0.0503121
100.265
100.431
98.3742
98.8837
104.317
104.59
86.1075
49.988
14.1219
-4.47248
-4.98013
0.737825
2.65782
0.316773
-1.60987
-0.842217
0.81553
1.05244
-0.0695572
-0.897107
-0.52381
0.389428
0.733136
0.24113
-0.433265
-0.585552
-0.155078
0.364442
0.496196
0.190377
-0.232271
-0.423025
-0.278701
0.0419029
0.293464
0.328921
0.167154
-0.0632883
-0.227274
-0.258242
-0.171638
-0.0306259
0.0936146
0.165693
0.167166
0.133961
0.0649782
0.0192622
-0.031559
-0.0470716
99.7738
100.679
100.376
98.0843
98.9401
104.562
104.551
85.8741
49.9847
14.3501
-4.40316
-5.18426
0.588005
2.79664
0.534942
-1.63325
-1.07453
0.695652
1.20599
0.157434
-0.882547
-0.73833
0.199675
0.783241
0.47348
-0.265992
-0.651685
-0.385724
0.188023
0.529967
0.399372
-0.0235854
-0.375737
-0.420632
-0.182042
0.138036
0.333221
0.318338
0.142797
-0.0722834
-0.221768
-0.254445
-0.19103
-0.0734966
0.0364622
0.114018
0.144954
0.13012
0.113407
0.0522011
99.8123
99.8399
100.96
100.296
97.8533
99.0161
104.784
104.501
85.6441
49.981
14.5824
-4.31914
-5.38746
0.412433
2.9172
0.777235
-1.61569
-1.30831
0.523955
1.32085
0.414459
-0.797282
-0.925001
-0.0450469
0.74947
0.68415
-0.0281118
-0.619013
-0.584804
-0.0594596
0.446733
0.543124
0.228004
-0.205166
-0.44588
-0.376669
-0.0969813
0.195796
0.344744
0.30757
0.142195
-0.0514896
-0.189028
-0.24
-0.202591
-0.13215
-0.0321731
0.0214894
0.0810559
0.0793589
100.116
99.5383
99.9363
101.173
100.19
97.6536
99.1138
104.996
104.438
85.4096
49.977
14.8231
-4.21919
-5.59054
0.210356
3.01683
1.04065
-1.55397
-1.53445
0.303318
1.38541
0.686382
-0.639415
-1.06128
-0.324316
0.624027
0.838716
0.251656
-0.478231
-0.706391
-0.333063
0.248537
0.571572
0.453769
0.0525582
-0.326658
-0.461825
-0.325008
-0.0425669
0.21486
0.337595
0.301175
0.165811
-0.00316672
-0.127238
-0.197047
-0.196355
-0.156156
-0.111421
-0.0347236
100.156
100.009
99.3422
100.064
101.344
100.055
97.4738
99.235
105.207
104.361
85.1662
49.9724
15.075
-4.10205
-5.79317
-0.0186941
3.09222
1.32137
-1.44535
-1.7432
0.038859
1.38963
0.955694
-0.412622
-1.12709
-0.6117
0.409909
0.906818
0.534115
-0.23884
-0.714417
-0.575625
-0.0331045
0.459618
0.582727
0.326641
-0.0837752
-0.388807
-0.449059
-0.288177
-0.0275313
0.197598
0.308763
0.297407
0.195901
0.0774881
-0.0466086
-0.0956189
-0.150005
-0.114211
99.9568
100.339
99.8686
99.2019
100.222
101.481
99.8911
97.3099
99.3813
105.417
104.269
84.9112
49.9675
15.3394
-3.96653
-5.9943
-0.274825
3.13979
1.61475
-1.28801
-1.92445
-0.261861
1.32591
1.20332
-0.12664
-1.10698
-0.876834
0.121951
0.867093
0.774601
0.069942
-0.591668
-0.729243
-0.340775
0.218406
0.563631
0.530463
0.212413
-0.165699
-0.404788
-0.429156
-0.274826
-0.0542431
0.148099
0.251512
0.279971
0.219227
0.146072
0.0649641
-0.0121072
99.8657
100.103
100.453
99.6996
99.1106
100.409
101.585
99.6981
97.1613
99.554
105.629
104.159
84.6429
49.9621
15.6175
-3.81139
-6.19235
-0.557841
3.15575
1.91539
-1.08116
-2.068
-0.588938
1.18958
1.4096
0.202997
-0.991787
-1.08815
-0.2139
0.710903
0.929417
0.402333
-0.345218
-0.748156
-0.602399
-0.103514
0.383108
0.588444
0.461839
0.138506
-0.192768
-0.386054
-0.405154
-0.284691
-0.106366
0.0527995
0.17225
0.193504
0.21734
0.133385
99.9837
99.7704
100.273
100.503
99.5086
99.0683
100.621
101.655
99.4769
97.0299
99.7541
105.841
104.032
84.3604
49.9562
15.9098
-3.63542
-6.38544
-0.867206
3.13635
2.21719
-0.82528
-2.16404
-0.930279
0.979581
1.5556
0.555476
-0.780412
-1.21634
-0.562445
0.44546
0.963419
0.702274
-0.00867208
-0.611716
-0.748054
-0.428483
0.076823
0.464549
0.570311
0.410863
0.113503
-0.1646
-0.341183
-0.365087
-0.309266
-0.168216
-0.0676055
0.0438374
0.0898236
100.103
99.8172
99.751
100.453
100.491
99.3048
99.0771
100.853
101.688
99.2294
96.9183
99.9823
106.054
103.885
84.0628
49.9498
16.2168
-3.43741
-6.57135
-1.20194
3.07794
2.51328
-0.522378
-2.20338
-1.27165
0.699013
1.6242
0.90541
-0.480904
-1.23746
-0.882025
0.0950148
0.856524
0.911745
0.360549
-0.332425
-0.727739
-0.666177
-0.27465
0.181259
0.483571
0.53479
0.387723
0.134963
-0.0944651
-0.251828
-0.310047
-0.274413
-0.235704
-0.106928
100.063
100.103
99.6546
99.8037
100.629
100.416
99.0995
99.1394
101.096
101.68
98.9581
96.83
100.239
106.264
103.717
83.7498
49.9428
16.5387
-3.21612
-6.74769
-1.56078
2.97713
2.79635
-0.175903
-2.17802
-1.59745
0.355241
1.60174
1.22485
-0.110576
-1.13659
-1.12978
-0.300972
0.609407
0.982509
0.691166
0.0426003
-0.528737
-0.739886
-0.568252
-0.178298
0.212682
0.450406
0.497325
0.376353
0.207074
0.000289768
-0.0970681
-0.205292
-0.176982
99.9462
100.21
100.027
99.5171
99.9223
100.782
100.281
98.9053
99.2572
101.345
101.626
98.6668
96.769
100.524
106.472
103.528
83.421
49.9352
16.8758
-2.97033
-6.91189
-1.94205
2.83085
3.05858
0.20897
-2.08154
-1.89096
-0.0397342
1.47934
1.48488
0.304037
-0.910898
-1.26658
-0.690893
0.246961
0.886379
0.91077
0.435806
-0.184397
-0.61329
-0.704451
-0.493376
-0.151618
0.183673
0.374363
0.445109
0.371796
0.26166
0.140876
0.00631271
99.9141
100.033
100.311
99.8886
99.4249
100.097
100.898
100.089
98.7356
99.4303
101.588
101.524
98.3597
96.7393
100.838
106.674
103.315
83.076
49.9269
17.2281
-2.69868
-7.06105
-2.34361
2.63627
3.29155
0.625427
-1.90916
-2.13476
-0.469603
1.2535
1.65744
0.728737
-0.570653
-1.26197
-1.01695
-0.183622
0.622406
0.960412
0.754593
0.230063
-0.305512
-0.618276
-0.650407
-0.459675
-0.17449
0.0793528
0.272752
0.308176
0.34913
0.217231
99.9929
99.8382
100.172
100.347
99.7092
99.3953
100.313
100.959
99.8507
98.6041
99.6569
101.816
101.37
98.0423
96.7449
101.179
106.868
103.078
82.7145
49.9179
17.5959
-2.39992
-7.19226
-2.76294
2.39122
3.48683
1.06488
-1.65879
-2.31204
-0.913933
0.928102
1.7188
1.12397
-0.141231
-1.10133
-1.22387
-0.617131
0.224571
0.811493
0.916148
0.606224
0.108873
-0.324908
-0.576713
-0.582527
-0.469636
-0.232772
-0.0740582
0.10091
0.159304
100.071
99.8618
99.8428
100.33
100.305
99.5146
99.4405
100.551
100.954
99.5762
98.5238
99.9325
102.018
101.164
97.7205
96.7899
101.547
107.052
102.815
82.3364
49.9081
17.9793
-2.07279
-7.30239
-3.19693
2.09417
3.63573
1.51687
-1.33114
-2.40691
-1.34853
0.514902
1.65143
1.44747
0.337452
-0.7892
-1.26725
-0.97738
-0.241047
0.478
0.865383
0.82985
0.510607
0.075593
-0.269863
-0.479658
-0.516439
-0.428509
-0.334558
-0.129816
100.057
100.044
99.7352
99.9306
100.472
100.182
99.3339
99.5654
100.789
100.872
99.2813
98.5061
100.25
102.184
100.904
97.4011
96.8783
101.94
107.222
102.525
81.9411
49.8974
18.3786
-1.71567
-7.38801
-3.64226
1.74382
3.72947
1.96965
-0.929384
-2.40522
-1.74712
0.0325838
1.44596
1.65896
0.815434
-0.350007
-1.12267
-1.19114
-0.690086
0.0205803
0.587544
0.830481
0.755403
0.463341
0.147644
-0.166924
-0.280597
-0.408455
-0.30262
99.9804
100.157
99.9382
99.6543
100.089
100.564
99.9881
99.197
99.7669
101.001
100.711
98.9842
98.5607
100.6
102.302
100.592
97.0917
97.0136
102.357
107.377
102.205
81.5285
49.8857
18.7938
-1.32723
-7.44569
-4.09489
1.34008
3.75975
2.40971
-0.460762
-2.29637
-2.08189
-0.491575
1.10536
1.72449
1.23564
0.167245
-0.793507
-1.20644
-1.02449
-0.464213
0.140759
0.593998
0.742963
0.707615
0.467958
0.260076
0.0335167
-0.115573
99.9328
100.087
100.187
99.7842
99.6506
100.29
100.578
99.7441
99.1308
100.033
101.162
100.471
98.7055
98.6939
100.971
102.361
100.232
96.8004
97.1992
102.796
107.512
101.856
81.0981
49.8729
19.225
-0.906067
-7.47153
-4.54994
0.883739
3.71825
2.82163
0.0636816
-2.07312
-2.32432
-1.02255
0.644785
1.61993
1.53812
0.69426
-0.314091
-1.00148
-1.15042
-0.864811
-0.342817
0.14981
0.493882
0.64359
0.582461
0.521401
0.254509
99.9608
99.9323
100.214
100.128
99.6255
99.7407
100.496
100.495
99.4807
99.1564
100.343
101.249
100.163
98.4666
98.9088
101.347
102.354
99.8258
96.5357
97.4381
103.253
107.625
101.474
80.6494
49.8587
19.6727
-0.450263
-7.4615
-5.00255
0.375941
3.59735
3.18969
0.630129
-1.73285
-2.44883
-1.52128
0.0909833
1.33791
1.66958
1.15847
0.245387
-0.584368
-1.0303
-1.05624
-0.74483
-0.360512
0.0751967
0.264012
0.474444
0.38982
100.026
99.8613
100.021
100.308
99.9824
99.5106
99.9213
100.663
100.314
99.2352
99.2854
100.669
101.242
99.8002
98.2893
99.2039
101.712
102.27
99.3815
96.3071
97.7327
103.726
107.711
101.059
80.1821
49.8433
20.1371
0.0415513
-7.41179
-5.44696
-0.180191
3.39113
3.49713
1.21985
-1.28066
-2.43404
-1.94523
-0.512186
0.89079
1.59672
1.47945
0.791086
-0.022799
-0.681918
-0.953752
-0.968942
-0.698814
-0.429517
-0.139906
0.0932912
100.06
99.9324
99.8254
100.171
100.322
99.7803
99.482
100.168
100.75
100.046
99.0473
99.5178
100.978
101.129
99.4048
98.1937
99.5731
102.049
102.104
98.9068
96.1236
98.0848
104.21
107.768
100.608
79.6955
49.8262
20.6181
0.571129
-7.31742
-5.87603
-0.780445
3.09363
3.72541
1.80974
-0.727159
-2.26253
-2.24916
-1.10829
0.309066
1.30907
1.57472
1.23037
0.544608
-0.129462
-0.610577
-0.845651
-0.782626
-0.724509
-0.372195
100.034
100.061
99.8114
99.8856
100.328
100.23
99.5708
99.5664
100.441
100.726
99.7234
98.9536
99.8405
101.232
100.905
99.0036
98.197
100.006
102.337
101.852
98.4116
95.995
98.4958
104.703
107.791
100.12
79.1886
49.8069
21.1166
1.14105
-7.17333
-6.28299
-1.42044
2.70005
3.85743
2.3749
-0.0878995
-1.92745
-2.39044
-1.64276
-0.347675
0.808987
1.41843
1.44731
1.01599
0.491118
-0.100755
-0.356722
-0.640928
-0.528935
99.9803
100.123
99.9685
99.7292
100.038
100.431
100.037
99.4125
99.767
100.684
100.573
99.3881
98.9826
100.227
101.398
100.576
98.6279
98.3122
100.485
102.558
101.512
97.908
95.9311
98.9662
105.2
107.775
99.5915
78.6609
49.7859
21.633
1.75266
-6.97538
-6.66003
-2.09265
2.21019
3.87709
2.88714
0.607954
-1.4337
-2.34079
-2.04904
-1.00155
0.150266
1.0298
1.3503
1.32092
0.915762
0.538866
0.138091
-0.159135
99.9478
100.074
100.139
99.8201
99.7415
100.243
100.428
99.7785
99.3595
100.059
100.842
100.299
99.0924
99.149
100.638
101.445
100.157
98.3111
98.5459
100.99
102.693
101.086
97.4099
95.9412
99.4951
105.693
107.717
99.0217
78.1119
49.7622
22.1666
2.40766
-6.7174
-6.99656
-2.78685
1.62451
3.76659
3.31267
1.32138
-0.794134
-2.08436
-2.24388
-1.58097
-0.534078
0.394035
1.00358
1.23676
1.0915
0.95249
0.456745
99.9612
99.968
100.18
100.051
99.6838
99.8711
100.431
100.293
99.5171
99.4474
100.394
100.869
99.9324
98.8898
99.45
101.028
101.35
99.6762
98.0863
98.898
101.496
102.725
100.579
96.9324
96.0344
100.082
106.179
107.611
98.4072
77.5391
49.735
22.7189
3.10996
-6.39203
-7.28303
-3.49365
0.942138
3.51269
3.61509
2.02064
-0.0459169
-1.59546
-2.20045
-1.96295
-1.17847
-0.366452
0.428315
0.710138
1.0257
0.767899
100.004
99.8963
100.076
100.222
99.8796
99.6336
100.096
100.53
100.039
99.3269
99.6812
100.702
100.736
99.5246
98.8268
99.8628
101.343
101.105
99.17
97.9844
99.36
101.974
102.637
99.9993
96.4933
96.22
100.724
106.65
107.452
97.7446
76.9421
49.7052
23.2911
3.86188
-5.99524
-7.50994
-4.20222
0.173057
3.10619
3.76982
2.65473
0.765591
-0.899867
-1.9125
-2.0435
-1.73218
-0.979858
-0.428341
0.154019
0.430096
100.04
99.9082
99.924
100.212
100.148
99.6907
99.7186
100.351
100.483
99.7196
99.2749
100.029
100.91
100.445
99.1427
98.9345
100.344
101.535
100.716
98.6842
98.0305
99.9134
102.389
102.418
99.3618
96.1116
96.5054
101.416
107.098
107.233
97.0325
76.3205
49.6716
23.8816
4.66346
-5.52076
-7.66243
-4.89262
-0.665474
2.53866
3.75117
3.14144
1.59861
-0.11176
-1.29547
-1.89379
-1.86733
-1.4693
-1.07343
-0.381229
100.045
99.9843
99.8386
100.053
100.289
99.9621
99.574
99.9386
100.545
100.274
99.4201
99.4011
100.424
100.956
100.029
98.8595
99.2202
100.835
101.561
100.207
98.2686
98.2403
100.531
102.711
102.064
98.6835
95.8063
96.8967
102.155
107.515
106.951
96.2668
75.6704
49.6309
24.4906
5.51894
-4.95533
-7.72554
-5.53913
-1.57155
1.82006
3.49354
3.45944
2.31225
0.783877
-0.468813
-1.38427
-1.52073
-1.69268
-1.06959
100.019
100.064
99.8688
99.8712
100.223
100.235
99.728
99.6046
100.236
100.594
99.9397
99.2344
99.7026
100.777
100.803
99.5526
98.7417
99.6634
101.266
101.394
99.6177
97.9743
98.6192
101.177
102.906
101.57
97.9856
95.5984
97.4011
102.934
107.891
106.594
95.4406
74.988
49.5849
25.1221
6.43806
-4.29325
-7.68243
-6.13707
-2.52033
0.937933
2.99816
3.55466
2.8338
1.75177
0.3747
-0.33806
-1.08824
-1.06152
99.9834
100.097
99.9795
99.787
100.022
100.335
100.04
99.5507
99.8059
100.509
100.449
99.5669
99.2391
100.126
100.992
100.454
99.1066
98.836
100.212
101.561
101.029
99.0082
97.8495
99.1571
101.805
102.942
100.944
97.2972
95.5106
98.0213
103.742
108.213
106.156
94.5524
74.2758
49.5344
25.7757
7.41703
-3.53285
-7.51973
-6.66406
-3.45899
-0.106097
2.33742
3.27546
3.25932
2.35859
1.45285
0.545592
-0.205679
99.9608
100.069
100.093
99.8371
99.8255
100.227
100.301
99.7689
99.5306
100.129
100.643
100.125
99.2724
99.4653
100.574
100.992
99.9605
98.7886
99.1553
100.788
101.657
100.488
98.4486
97.9314
99.8272
102.364
102.794
100.203
96.6508
95.5632
98.7565
104.567
108.469
105.631
93.6004
73.533
49.4737
26.4482
8.44521
-2.65518
-7.23756
-7.03364
-4.40105
-1.15176
1.36386
2.79858
3.18874
2.69738
2.24259
1.03707
99.962
100.005
100.144
99.9732
99.7439
100.002
100.37
100.095
99.5418
99.7138
100.462
100.559
99.7059
99.167
99.8807
100.925
100.745
99.4158
98.6844
99.6713
101.296
101.511
99.8195
98.0125
98.2403
100.589
102.802
102.447
99.3651
96.0763
95.7735
99.6087
105.403
108.653
105.007
92.57
72.738
49.3974
27.1324
9.56185
-1.65326
-6.74748
-7.26778
-5.23232
-2.28989
0.14204
2.01211
2.43613
2.89871
1.95255
99.9829
99.9444
100.116
100.111
99.8028
99.797
100.241
100.342
99.7897
99.4859
100.058
100.662
100.25
99.3297
99.319
100.386
101.063
100.278
98.9441
98.8503
100.31
101.633
101.109
99.1021
97.7769
98.777
101.379
103.06
101.891
98.468
95.6169
96.1618
100.571
106.23
108.743
104.274
91.454
71.8958
49.2978
27.8398
10.7552
-0.502925
-6.03472
-7.34101
-5.83758
-3.61615
-0.982505
0.409579
1.76897
1.77942
100.01
99.9165
100.035
100.182
99.9507
99.7097
100.009
100.399
100.114
99.5284
99.6681
100.436
100.617
99.7972
99.1442
99.7204
100.835
100.91
99.6803
98.6756
99.2934
100.959
101.705
100.476
98.4368
97.8107
99.5205
102.121
103.077
101.125
97.5582
95.3282
96.7578
101.636
107.013
108.698
103.403
90.2499
71.033
49.2074
28.6163
11.9881
0.833596
-5.29081
-7.06158
-6.58087
-4.48146
-2.5824
-0.794213
0.524016
100.03
99.9279
99.9464
100.166
100.106
99.7583
99.7959
100.276
100.355
99.7731
99.4627
100.042
100.676
100.305
99.3618
99.2477
100.268
101.076
100.474
99.0982
98.7035
99.9482
101.485
101.467
99.6877
97.9275
98.1398
100.41
102.74
102.829
100.181
96.6798
95.2295
97.5545
102.795
107.756
108.536
102.391
88.9434
70.0684
49.1072
29.3413
13.401
2.21737
-4.0835
-6.69425
-6.75937
-5.3149
-4.0271
-1.71461
100.036
99.968
99.8884
100.083
100.202
99.9019
99.6876
100.051
100.428
100.088
99.4984
99.6693
100.452
100.637
99.8205
99.1312
99.6474
100.783
100.991
99.8466
98.7077
99.0688
100.683
101.745
100.918
98.8743
97.6934
98.7634
101.34
103.128
102.297
99.1252
95.9231
95.3644
98.5291
103.981
108.414
108.243
101.303
87.5593
69.0834
48.8635
30.0264
14.6642
3.7443
-2.64995
-5.9093
-5.96447
-5.95573
-3.48064
100.028
100.014
99.8786
99.9811
100.213
100.062
99.7072
99.837
100.335
100.329
99.7118
99.4664
100.093
100.693
100.283
99.3469
99.2398
100.245
101.076
100.546
99.1822
98.6541
99.7473
101.347
101.629
100.087
98.1577
97.8335
99.6865
102.236
103.19
101.417
97.9575
95.351
95.842
99.7847
105.247
108.922
107.679
99.9128
85.9826
68.0193
48.6797
30.944
16.0741
5.86203
-1.36719
-3.99045
-6.12021
-4.75536
100.012
100.052
99.9079
99.8942
100.155
100.188
99.8171
99.6936
100.145
100.445
99.9962
99.4493
99.7377
100.527
100.613
99.7462
99.108
99.6823
100.818
101.007
99.8631
98.699
98.9877
100.574
101.76
101.135
99.1346
97.6835
98.341
100.778
102.978
102.924
100.282
96.7642
94.9639
96.5815
101.252
106.609
109.403
106.995
98.2762
84.1431
66.4952
48.3706
31.3863
18.1818
7.71675
2.01595
-2.17929
-3.1558
99.9938
100.068
99.9644
99.8527
100.053
100.237
99.9751
99.6688
99.9289
100.399
100.249
99.6176
99.5104
100.204
100.702
100.185
99.2882
99.288
100.316
101.082
100.514
99.1721
98.6489
99.6966
101.291
101.688
100.287
98.3183
97.7048
99.2429
101.813
103.269
102.182
99.0168
95.8663
95.0777
97.6777
102.733
107.622
109.472
105.937
96.745
82.3832
65.6909
47.9047
32.5591
19.0735
9.92979
3.39167
-0.915924
99.981
100.067
100.016
99.8507
99.9619
100.226
100.104
99.7182
99.7752
100.281
100.395
99.8283
99.4356
99.9101
100.625
100.488
99.5772
99.1317
99.8604
100.912
100.909
99.7123
98.6746
99.0863
100.655
101.75
101.105
99.1642
97.7197
98.2483
100.54
102.806
103.11
100.895
97.4572
95.1124
95.6863
99.405
104.629
108.748
109.083
104.304
94.1406
80.2058
64.065
48.1419
33.9329
21.7647
14.0927
5.77657
99.9717
100.049
100.067
99.8837
99.8735
100.161
100.217
99.837
99.6628
100.088
100.459
100.094
99.4855
99.615
100.398
100.702
99.9846
99.16
99.4013
100.523
101.132
100.359
98.9946
98.6289
99.8287
101.438
101.746
100.248
98.2166
97.5562
99.0786
101.742
103.445
102.66
99.5923
96.1236
94.5619
96.3219
100.902
106.395
109.867
109.297
103.209
92.3833
77.8638
61.7481
46.5735
31.6434
22.5822
10.4762
99.9731
100.025
100.083
99.9356
99.8491
100.077
100.234
99.9574
99.678
99.9391
100.38
100.244
99.6547
99.5224
100.142
100.656
100.26
99.4042
99.2553
100.122
100.975
100.698
99.4855
98.6931
99.3118
100.829
101.704
100.927
99.0576
97.7599
98.3212
100.51
102.706
103.139
101.202
97.9267
95.3379
95.2308
98.1332
102.97
107.657
109.7
107.772
100.648
90.2858
75.6325
62.6191
45.76
37.229
20.9941
99.9721
100.006
100.104
99.9765
99.8151
100.008
100.268
100.061
99.6651
99.8022
100.342
100.396
99.7746
99.4015
99.9304
100.672
100.521
99.5653
99.0659
99.7868
100.925
101.047
99.8576
98.6333
98.8168
100.392
101.818
101.57
99.6653
97.7281
97.5589
99.5627
102.352
103.791
102.566
99.1599
95.5461
94.0344
95.883
100.669
106.483
110.62
111.192
106.302
97.621
83.4547
70.579
52.3325
43.3425
24.7251
99.9827
99.9792
100.086
100.037
99.8511
99.9191
100.197
100.164
99.7906
99.7144
100.149
100.42
100.022
99.5014
99.6895
100.407
100.636
99.9584
99.2158
99.4385
100.466
101.065
100.415
99.1346
98.6514
99.6302
101.202
101.788
100.65
98.6483
97.5245
98.4119
100.859
103.122
103.438
101.256
97.6923
94.761
94.4443
97.1765
102.494
107.601
111.543
110.149
106.562
94.8126
85.7732
66.5337
59.2368
36.956
)
;

boundaryField
{
    left
    {
        type            fixedValue;
        value           uniform 100;
    }
    right
    {
        type            zeroGradient;
    }
    up
    {
        type            zeroGradient;
    }
    down
    {
        type            fixedValue;
        value           uniform 0;
    }
    frontAndBack
    {
        type            empty;
    }
}


// ************************************************************************* //
