/*--------------------------------*- C++ -*----------------------------------*\
  =========                 |
  \\      /  F ield         | OpenFOAM: The Open Source CFD Toolbox
   \\    /   O peration     | Website:  https://openfoam.org
    \\  /    A nd           | Version:  8
     \\/     M anipulation  |
\*---------------------------------------------------------------------------*/
FoamFile
{
    version     2.0;
    format      ascii;
    class       volScalarField;
    location    "0.799";
    object      T;
}
// * * * * * * * * * * * * * * * * * * * * * * * * * * * * * * * * * * * * * //

dimensions      [0 0 0 1 0 0 0];

internalField   nonuniform List<scalar> 
10000
(
50
4.64917
-4.64912
-1.1762
1.17598
0.445415
-0.444767
-0.213096
0.211643
0.119783
-0.117035
-0.0764105
0.0717815
0.0542863
-0.0471292
-0.0423152
0.0319826
0.0355362
-0.0214645
-0.0314277
0.0132549
0.0285152
-0.00621349
-0.0258617
-0.000109147
0.0227808
0.0058016
-0.0188897
-0.0105731
0.0139388
0.0140796
-0.00812039
-0.015731
0.00174146
0.0152549
0.00433499
-0.0123841
-0.00929792
0.00754267
0.012074
-0.00146092
-0.012026
-0.0045518
0.00905069
0.00893271
-0.00373194
-0.0105256
-0.00228113
0.00858146
0.00722913
-0.00385749
-0.00915543
-0.00207863
0.00737663
0.00673649
-0.00252878
-0.00810256
-0.00315248
0.0054774
0.00688087
-0.000192109
-0.006711
-0.00478105
0.00265779
0.00663853
0.0026879
-0.00419609
-0.00583275
-0.000972073
0.00483963
0.0049649
-0.000385913
-0.00482476
-0.00416289
0.00104918
0.00482411
0.00325593
-0.00112773
-0.00454717
-0.00303798
0.00145297
0.00378406
0.00302494
-0.000970361
-0.00385381
-0.00242164
0.000180969
0.00311315
0.00316454
-0.000358738
-0.00209651
-0.00277284
-0.00133643
0.0023322
0.00229009
0.00121416
9.90642e-06
-0.00296246
-0.00172209
0.000426715
95.3508
50
10.4745
-4.64897
-2.79753
1.17543
1.1032
-0.443457
-0.544436
0.209084
0.313146
-0.112644
-0.202415
0.0649114
0.143709
-0.0371281
-0.109877
0.0182745
0.0885584
-0.00366163
-0.0734373
-0.008703
0.060945
0.0194917
-0.0490031
-0.0285493
0.0364145
0.0353072
-0.0228311
-0.0388416
0.00848783
0.0384048
0.00551765
-0.0333708
-0.0177581
0.0240193
0.0262561
-0.0112777
-0.0294615
-0.00268535
0.0263537
0.0150984
-0.0173277
-0.0229854
0.00446011
0.0239817
0.00892037
-0.0177417
-0.0184941
0.00592036
0.0210794
0.00722151
-0.0154563
-0.0166625
0.00383711
0.0183423
0.00871935
-0.0114343
-0.016213
-0.000752299
0.0148969
0.0116451
-0.00542826
-0.0150769
-0.0066789
0.00923406
0.0135424
0.00225979
-0.010819
-0.0114806
0.000909573
0.0113124
0.00906053
-0.00239681
-0.0112891
-0.00728621
0.00349588
0.0100194
0.0068571
-0.00395007
-0.00932272
-0.00561688
0.00240139
0.00916173
0.00555494
-0.00234874
-0.00666437
-0.00684857
0.00100244
0.00675299
0.00496474
0.00201381
-0.00491581
-0.00691768
-0.000883531
0.00153184
0.00520993
0.00529859
-0.00253323
-0.00319928
104.649
89.5255
49.9999
12.0958
-4.64864
-3.45528
1.17444
1.43451
-0.441311
-0.737806
0.205199
0.439228
-0.106362
-0.292024
0.0555561
0.211605
-0.0240822
-0.163419
0.00109118
0.131293
0.0178004
-0.106796
-0.0341253
0.0851755
0.0479638
-0.0638066
-0.0584709
0.0414591
0.0644219
-0.0182513
-0.0643911
-0.00471771
0.0575234
0.0251769
-0.0436225
-0.0405083
0.0240896
0.0478527
-0.00160435
-0.045493
-0.0195813
0.0333338
0.0347466
-0.0137873
-0.039909
-0.00814995
0.0331441
0.0262594
-0.0164067
-0.0343344
-0.00503778
0.0294807
0.0230957
-0.0132487
-0.0304497
-0.00761822
0.0238102
0.0234883
-0.00611846
-0.0266256
-0.0135406
0.0154252
0.0241982
0.00396299
-0.0199497
-0.0195129
0.00360206
0.0209888
0.0142547
-0.00818328
-0.0205384
-0.00937245
0.0104549
0.0188064
0.0066671
-0.0120991
-0.0162993
-0.00512745
0.0114406
0.015811
0.00322185
-0.00963315
-0.0142755
-0.00493321
0.0099079
0.0118709
0.00565398
-0.00576245
-0.0134609
-0.00507619
0.00355667
0.00903526
0.00996997
-0.00257592
-0.00821718
-0.00625364
-0.00500759
0.0066125
0.00921802
0.00136423
101.176
104.649
87.9042
49.9999
12.7535
-4.64808
-3.78659
1.17288
1.62794
-0.438163
-0.864041
0.199783
0.529146
-0.097966
-0.360446
0.0435052
0.265944
-0.0078429
-0.207258
-0.0195919
0.166066
0.0427499
-0.132705
-0.0625729
0.101798
0.0784445
-0.070627
-0.0887893
0.0383393
0.0918023
-0.00590618
-0.0857836
-0.0244001
0.0701716
0.0489866
-0.0457434
-0.0641512
0.0155927
0.0666094
0.0153928
-0.0552404
-0.0408032
0.0318614
0.0544061
-0.00177135
-0.052263
-0.0267252
0.0343688
0.0449267
-0.00632218
-0.0462111
-0.0222475
0.0299603
0.0400527
-0.00238214
-0.0395631
-0.0243913
0.0208307
0.0375706
0.00711878
-0.0306318
-0.0291925
0.00720131
0.0329811
0.0189973
-0.0167169
-0.0310165
-0.00936169
0.021364
0.0273231
0.00212822
-0.0233828
-0.0224324
0.0016048
0.0238696
0.0187374
-0.00449289
-0.021415
-0.0175893
0.00562289
0.02017
0.0145281
-0.00254298
-0.0194416
-0.0143902
0.00283513
0.0137854
0.0164028
0.000456462
-0.014028
-0.01181
-0.00625843
0.00896656
0.0159057
0.00361109
-0.00219009
-0.0105939
-0.0130782
0.00381985
0.00683878
98.824
102.798
104.649
87.2465
49.9998
13.0848
-4.64724
-3.98008
1.17065
1.75434
-0.433851
-0.954311
0.19264
0.598184
-0.0872512
-0.415741
0.0285828
0.311141
0.0116843
-0.243816
-0.0437225
0.194148
0.070917
-0.151774
-0.0934954
0.111111
0.110071
-0.0697348
-0.118355
0.0275515
0.116122
0.0132723
-0.101728
-0.0490682
0.0753974
0.0749165
-0.039465
-0.0863389
-0.000755904
0.0802843
0.0379084
-0.0571565
-0.063647
0.0216592
0.0710471
0.0173943
-0.0575919
-0.0484477
0.0266781
0.0614068
0.0113803
-0.0511544
-0.0426057
0.0213723
0.0541969
0.0155993
-0.0409438
-0.0427672
0.00884759
0.0468722
0.0255977
-0.025796
-0.043272
-0.00877907
0.0344012
0.035408
-0.00473188
-0.0367028
-0.0263843
0.0131221
0.0362095
0.0178441
-0.0173638
-0.0334011
-0.012976
0.0204005
0.0291086
0.0101626
-0.0193823
-0.0282003
-0.00676137
0.0163224
0.0253864
0.00964792
-0.0167527
-0.0211416
-0.010676
0.00940663
0.0237141
0.00966376
-0.00570636
-0.015664
-0.0179926
0.00377978
0.0143165
0.011128
0.00930575
-0.0110488
-0.0163935
-0.00270295
99.5546
98.8244
103.455
104.648
86.9152
49.9998
13.2784
-4.64604
-4.10662
1.16763
1.84494
-0.428218
-1.02396
0.183587
0.654482
-0.0740347
-0.462419
0.0106493
0.349715
0.0345385
-0.274445
-0.0711723
0.216196
0.101937
-0.164284
-0.126242
0.113277
0.141898
-0.0614155
-0.145988
0.00972058
0.136123
0.0381595
-0.111139
-0.0770441
0.0726105
0.100856
-0.02502
-0.104846
-0.0236963
0.0870488
0.0636941
-0.0504017
-0.0852542
0.00332661
0.0819684
0.0415425
-0.0542565
-0.0700678
0.0102778
0.0724437
0.0343795
-0.0471599
-0.0624488
0.00411851
0.0619814
0.0377473
-0.0328461
-0.0586224
-0.0107384
0.0480515
0.0453225
-0.0115625
-0.051567
-0.0293408
0.0263949
0.0483084
0.0143205
-0.0335814
-0.042474
-0.00298123
0.036582
0.0348472
-0.00284391
-0.0373109
-0.0289875
0.00724743
0.0334993
0.0271849
-0.00904268
-0.0314601
-0.0224869
0.00425196
0.0303651
0.0222076
-0.00462459
-0.0215949
-0.0254095
-0.000427626
0.021927
0.0183104
0.00953545
-0.014174
-0.0246776
-0.00541866
0.00354959
0.0165946
0.0201575
-0.00618068
-0.0106576
100.445
98.8968
98.8253
103.787
104.648
86.7216
49.9997
13.405
-4.64445
-4.19748
1.16371
1.91513
-0.421116
-1.08121
0.172451
0.702636
-0.0581562
-0.503093
-0.0103974
0.383109
0.0607024
-0.299867
-0.101737
0.232503
0.135357
-0.170335
-0.160076
0.108422
0.172922
-0.0460334
-0.170519
-0.0143695
0.150662
0.0674414
-0.113188
-0.106512
0.0616228
0.1247
-0.00313649
-0.117689
-0.0514934
0.0856049
0.0902021
-0.0348921
-0.102849
-0.0216978
0.0850233
0.0678787
-0.0415917
-0.0882697
-0.0134316
0.0753799
0.0595021
-0.0334968
-0.0780339
-0.0198818
0.0606903
0.0602479
-0.0152443
-0.068039
-0.0348261
0.0391244
0.0618315
0.0104397
-0.0508273
-0.0498413
0.00890725
0.0534515
0.0365353
-0.0207477
-0.0522375
-0.0240766
0.0264995
0.0479442
0.0170213
-0.0306244
-0.0415428
-0.013146
0.0290878
0.0401563
0.00831264
-0.0244665
-0.0363156
-0.0125145
0.0251002
0.0301765
0.0143676
-0.0146662
-0.034128
-0.0128746
0.00904951
0.0229382
0.0252268
-0.00659787
-0.0208333
-0.0158128
-0.0126048
0.0168464
0.0232688
0.00336716
100.213
100.444
98.5655
98.8267
103.98
104.647
86.595
49.9996
13.496
-4.64239
-4.26807
1.15879
1.97318
-0.412399
-1.13071
0.159075
0.745347
-0.0394788
-0.539298
-0.0346202
0.412124
0.0901013
-0.320421
-0.135137
0.243154
0.17064
-0.169948
-0.194185
0.0967037
0.202106
-0.0240708
-0.190822
-0.0437623
0.158763
0.0996372
-0.107348
-0.135577
0.04267
0.14444
0.0249919
-0.123241
-0.0820255
0.075264
0.114765
-0.0113158
-0.11396
-0.0512414
0.0787977
0.0932698
-0.0200195
-0.099989
-0.0420217
0.0684883
0.0831201
-0.0108748
-0.0859845
-0.0475034
0.0489253
0.0789743
0.0100816
-0.0679037
-0.059205
0.0199692
0.0709966
0.0365862
-0.0393567
-0.0652544
-0.0158674
0.0482043
0.0564871
0.000506628
-0.0514835
-0.0456295
0.0071002
0.0519981
0.0373844
-0.0127307
-0.0464704
-0.035062
0.015076
0.0434207
0.0288924
-0.00823854
-0.0422229
-0.0285202
0.00842251
0.0303427
0.0336065
-0.00176661
-0.0307943
-0.0242555
-0.0114139
0.0210485
0.0331864
0.00589087
-0.00593005
-0.0234829
-0.0263028
0.0100694
0.0147687
99.7883
100.544
100.442
98.372
98.8288
104.107
104.645
86.504
49.9995
13.5668
-4.63983
-4.3267
1.15277
2.0238
-0.40193
-1.17525
0.143311
0.784237
-0.0178911
-0.571922
-0.0620416
0.437167
0.122602
-0.33621
-0.171022
0.248116
0.207174
-0.163132
-0.227702
0.0783523
0.22841
0.0038474
-0.20586
-0.0773308
0.159653
0.133135
-0.0934277
-0.16233
0.0164116
0.158265
0.0577521
-0.120326
-0.112906
0.0559978
0.134793
0.0188882
-0.116599
-0.0825944
0.0627764
0.114523
0.00897151
-0.102735
-0.0723125
0.0512458
0.101549
0.0186328
-0.0837757
-0.0748344
0.0269051
0.0900748
0.0397802
-0.0564605
-0.0793004
-0.00746275
0.0697373
0.0618954
-0.0173974
-0.0713641
-0.0436043
0.032054
0.0684729
0.0269621
-0.0386542
-0.0620931
-0.0177689
0.0434029
0.0531884
0.0131258
-0.041085
-0.0512694
-0.00700207
0.0345187
0.046746
0.0127238
-0.0354062
-0.0387001
-0.0160989
0.0220796
0.0445567
0.0140989
-0.0139984
-0.0309672
-0.0312056
0.0115819
0.0278076
0.0201434
0.0144525
-0.0243849
-0.0296012
-0.00310175
99.8803
99.7907
100.738
100.439
98.2456
98.8316
104.198
104.643
86.4331
49.9993
13.6258
-4.63669
-4.37813
1.14553
2.06985
-0.389578
-1.21653
0.12503
0.820287
0.00669186
-0.601455
-0.0926421
0.458394
0.158014
-0.347199
-0.20897
0.247307
0.244282
-0.149927
-0.259724
0.053703
0.250821
0.0369426
-0.214716
-0.113795
0.152807
0.166235
-0.0715963
-0.184932
-0.0160855
0.16466
0.0931825
-0.10829
-0.14164
0.0284717
0.147943
0.053639
-0.109452
-0.112726
0.0374199
0.128683
0.0429623
-0.0948994
-0.100692
0.0244323
0.111511
0.051798
-0.0701058
-0.0977293
-0.00343507
0.0905233
0.0694384
-0.0336952
-0.0910101
-0.0392327
0.0564667
0.0811144
0.0126608
-0.0657364
-0.0684033
0.00651047
0.0682063
0.0538267
-0.0154564
-0.0678699
-0.0429085
0.0217617
0.0602705
0.0402257
-0.0244974
-0.0558463
-0.0329703
0.0152848
0.0549055
0.0324935
-0.0147974
-0.0401063
-0.0403378
0.00688367
0.040589
0.0292484
0.0112544
-0.0299467
-0.0409272
-0.00453618
0.00962948
0.0312927
0.0308502
-0.0158783
-0.0190777
100.117
99.6868
99.7944
100.864
100.435
98.1549
98.8353
104.268
104.641
86.3742
49.9992
13.6776
-4.63293
-4.42524
1.13699
2.11308
-0.375218
-1.25561
0.104114
0.854074
0.0343274
-0.628129
-0.12636
0.475807
0.196089
-0.353271
-0.248498
0.240639
0.281233
-0.130436
-0.28933
0.0232134
0.268382
0.0742854
-0.216638
-0.151749
0.137977
0.197212
-0.0423838
-0.201695
-0.0533784
0.162483
0.129084
-0.0870691
-0.165767
-0.00599498
0.152306
0.0903504
-0.0919997
-0.13854
0.00414801
0.133338
0.0788005
-0.0759336
-0.123551
-0.00984857
0.11049
0.0846732
-0.0451842
-0.112378
-0.0385742
0.0784904
0.0944307
-0.00167154
-0.0912662
-0.0700358
0.0313475
0.0900358
0.0461648
-0.0479525
-0.0841219
-0.0251986
0.0543738
0.0750657
0.0138755
-0.0589549
-0.0632452
-0.00899875
0.0556896
0.060571
0.00192205
-0.0466969
-0.0560034
-0.00918526
0.0477689
0.0461059
0.0150802
-0.0321378
-0.0543441
-0.0125567
0.0208556
0.0396425
0.0350319
-0.0192461
-0.0349689
-0.0237508
-0.0141312
0.0338691
0.034729
0.00154975
100.076
100.113
99.5607
99.7996
100.955
100.429
98.0846
98.8399
104.327
104.638
86.3223
49.999
13.7253
-4.6285
-4.46985
1.12705
2.15462
-0.358737
-1.29315
0.0804636
0.885919
0.0650448
-0.652007
-0.163092
0.489305
0.236526
-0.354276
-0.289068
0.22805
0.317261
-0.10485
-0.315611
-0.0125298
0.280226
0.114807
-0.211066
-0.189694
0.115212
0.224377
-0.00667948
-0.211158
-0.0937184
0.151044
0.163123
-0.0571884
-0.183034
-0.0454923
0.146558
0.126115
-0.0645768
-0.157167
-0.0347098
0.12681
0.112973
-0.0465351
-0.137618
-0.0483821
0.0970389
0.113181
-0.0109755
-0.115619
-0.0740505
0.0538184
0.110665
0.0354504
-0.0782251
-0.0945045
-0.00324405
0.0862366
0.0767205
-0.0192879
-0.0863486
-0.0580908
0.0289485
0.0843525
0.0441763
-0.0350018
-0.0744331
-0.0413204
0.0379338
0.0680895
0.0337047
-0.0261297
-0.0678866
-0.0329926
0.0242094
0.0507053
0.0445957
-0.0156892
-0.0509528
-0.0326618
-0.00827999
0.0410448
0.0470425
0.000778594
-0.014897
-0.0398457
-0.0328261
0.0239375
0.0233359
99.9281
100.202
100.107
99.4706
99.8066
101.024
100.422
98.0264
98.8457
104.378
104.635
86.2745
49.9988
13.7707
-4.62334
-4.51314
1.11561
2.19523
-0.340027
-1.32956
0.0539949
0.915971
0.0988451
-0.673043
-0.202693
0.49873
0.278973
-0.350055
-0.330091
0.209523
0.351578
-0.0734574
-0.337686
-0.0528117
0.285602
0.157318
-0.197655
-0.226091
0.0848673
0.246135
0.0343067
-0.212164
-0.135114
0.130138
0.192969
-0.0197542
-0.191546
-0.087613
0.130026
0.157974
-0.0284402
-0.166141
-0.0761645
0.108379
0.141947
-0.00870119
-0.140188
-0.0873696
0.0712289
0.133436
0.0290382
-0.105305
-0.105319
0.0185532
0.114799
0.0722618
-0.0516934
-0.108415
-0.0424068
0.0689376
0.0978366
0.0172762
-0.0738099
-0.0855067
-0.00396362
0.0771277
0.0704428
-0.000399806
-0.0727849
-0.0667313
0.00787916
0.0608871
0.0630161
0.000802491
-0.0620086
-0.0514766
-0.0104111
0.0450746
0.0625441
0.00738008
-0.0298113
-0.0485753
-0.0356612
0.03001
0.041864
0.0261182
0.0108812
-0.045328
-0.0378437
0.00164752
99.9457
99.9348
100.292
100.099
99.4014
99.8154
101.082
100.414
97.9756
98.8526
104.426
104.631
86.2292
49.9986
13.8149
-4.61741
-4.55591
1.10259
2.23538
-0.318989
-1.36508
0.0246383
0.944262
0.135702
-0.691116
-0.244981
0.50389
0.323035
-0.340462
-0.370941
0.185104
0.383384
-0.0366517
-0.354726
-0.0967926
0.283898
0.200537
-0.176301
-0.259392
0.0475934
0.261058
0.0790735
-0.203913
-0.175416
0.100058
0.216445
0.0235571
-0.189842
-0.129662
0.102825
0.183085
0.0143135
-0.163581
-0.116899
0.0785463
0.162326
0.0346034
-0.129556
-0.122812
0.0348535
0.141937
0.0705977
-0.0810066
-0.128149
-0.0231921
0.104454
0.103427
-0.0138846
-0.109012
-0.0794451
0.0388132
0.104926
0.0566038
-0.048245
-0.100303
-0.0395702
0.0528802
0.0878641
0.0368476
-0.0557097
-0.0790936
-0.0298173
0.0411851
0.0802341
0.028768
-0.0369972
-0.0615401
-0.045202
0.0287569
0.0613056
0.0336353
0.00178323
-0.0542427
-0.0505381
0.0059477
0.0218566
0.0487531
0.0312412
-0.0344259
-0.0272284
100.047
99.8562
99.9439
100.361
100.088
99.3449
99.8263
101.131
100.404
97.9294
98.8608
104.47
104.626
86.1849
49.9984
13.8588
-4.61066
-4.59868
1.0879
2.27539
-0.295532
-1.39981
-0.0076605
0.970742
0.175561
-0.706053
-0.289733
0.504581
0.368272
-0.325383
-0.410958
0.154908
0.411892
0.00506229
-0.365971
-0.143524
0.274664
0.24311
-0.147142
-0.288093
0.00432476
0.267942
0.125867
-0.185981
-0.212451
0.0616339
0.231598
0.0706186
-0.177023
-0.168824
0.0659247
0.198838
0.0610076
-0.148518
-0.15341
0.0389689
0.171142
0.079841
-0.105496
-0.150632
-0.00894625
0.136128
0.109239
-0.0444871
-0.138724
-0.0661682
0.078906
0.124543
0.0303163
-0.0948062
-0.107618
-0.00160183
0.0964017
0.09145
-0.0131741
-0.0972022
-0.0729615
0.0160683
0.0916097
0.0680826
-0.0232596
-0.0764233
-0.0662989
0.0133192
0.0775412
0.0535334
0.00121997
-0.0606633
-0.0679274
0.00229588
0.0407881
0.0570192
0.0319927
-0.0440345
-0.0478162
-0.0265919
-0.00402595
0.0584806
0.0380461
-0.00677679
100.042
100.037
99.7881
99.9558
100.416
100.075
99.2965
99.8394
101.176
100.392
97.886
98.8704
104.514
104.62
86.1409
49.9982
13.903
-4.60304
-4.64183
1.07144
2.31545
-0.269572
-1.43379
-0.0429405
0.995304
0.218342
-0.717653
-0.336689
0.500595
0.414208
-0.304742
-0.449456
0.11913
0.436329
0.0510719
-0.370747
-0.191955
0.257627
0.283642
-0.110562
-0.31079
-0.0437225
0.265835
0.172769
-0.158383
-0.244089
0.0162111
0.236795
0.119
-0.1529
-0.202246
0.0210181
0.203135
0.108533
-0.121058
-0.182164
-0.00780891
0.166354
0.123064
-0.0693305
-0.166986
-0.0562193
0.115093
0.140524
0.000500941
-0.134008
-0.10508
0.0399049
0.132316
0.0741191
-0.065595
-0.12201
-0.0472213
0.0733774
0.113784
0.0272767
-0.0752161
-0.0987129
-0.0252182
0.0775699
0.087154
0.0199109
-0.0603304
-0.0903944
-0.0184737
0.0530877
0.0714447
0.0407685
-0.0462963
-0.0705541
-0.0311009
0.00881434
0.0689268
0.0501063
-0.016066
-0.0303838
-0.0572231
-0.0249942
0.0471667
0.0302421
99.9678
100.11
100.025
99.7335
99.9706
100.463
100.059
99.2535
99.855
101.218
100.377
97.8442
98.8815
104.557
104.614
86.0967
49.998
13.9479
-4.5945
-4.6856
1.05314
2.35569
-0.241036
-1.46697
-0.0812249
1.0178
0.263934
-0.725693
-0.385552
0.491737
0.460333
-0.278518
-0.485734
0.0780502
0.455961
0.100658
-0.368493
-0.240946
0.232701
0.320742
-0.0672063
-0.326212
-0.0950943
0.254091
0.217767
-0.121607
-0.268314
-0.0344524
0.230887
0.166033
-0.117998
-0.227219
-0.0295908
0.194641
0.153458
-0.0823349
-0.199954
-0.0585511
0.147201
0.160096
-0.0237083
-0.168786
-0.102646
0.0800197
0.160163
0.0489845
-0.112465
-0.135355
-0.00793503
0.124332
0.110555
-0.0231203
-0.120551
-0.0902644
0.0383873
0.117418
0.0684899
-0.0386015
-0.110485
-0.0624493
0.0445983
0.0918557
0.0638846
-0.0337519
-0.0929376
-0.0506103
0.0131786
0.0780134
0.0686443
-0.0171108
-0.0532125
-0.0636944
-0.0227215
0.0608867
0.0516719
0.0243285
-0.00704624
-0.0723575
-0.0341089
0.0139854
99.9644
99.9814
100.164
100.008
99.688
99.9884
100.504
100.041
99.2143
99.873
101.257
100.361
97.8034
98.8941
104.6
104.607
86.0518
49.9977
13.9937
-4.58501
-4.73018
1.0329
2.39615
-0.209859
-1.49929
-0.12252
1.03805
0.312201
-0.729945
-0.435984
0.47783
0.506109
-0.246756
-0.519078
0.032034
0.470108
0.152994
-0.358768
-0.289295
0.200006
0.353057
-0.0179778
-0.333258
-0.148154
0.232431
0.258805
-0.076583
-0.283353
-0.0882272
0.213288
0.208939
-0.0735437
-0.241395
-0.083092
0.172932
0.192228
-0.0344149
-0.204248
-0.109556
0.114424
0.186734
0.0278707
-0.154402
-0.143751
0.0341863
0.16425
0.0959112
-0.0751319
-0.15314
-0.0578314
0.0991052
0.134495
0.0277577
-0.103452
-0.121733
-0.00560713
0.100818
0.104315
0.00483127
-0.102193
-0.0897986
-0.0027268
0.0826989
0.0958904
0.00086074
-0.0716193
-0.0786135
-0.0296175
0.0677746
0.0768257
0.0238723
-0.0238641
-0.0836134
-0.0439835
0.0296101
0.0399514
0.063792
0.0128303
-0.061285
-0.0315016
100.022
99.9111
99.9985
100.208
99.9891
99.6491
100.009
100.541
100.019
99.1779
99.8937
101.295
100.343
97.7629
98.9084
104.643
104.599
86.006
49.9974
14.0407
-4.57451
-4.77567
1.01065
2.43687
-0.175988
-1.53062
-0.166814
1.05585
0.362978
-0.730185
-0.487613
0.458726
0.550978
-0.209567
-0.548779
-0.0184634
0.478158
0.207161
-0.341275
-0.335762
0.159877
0.379304
0.0359963
-0.331066
-0.20111
0.200955
0.293885
-0.0246798
-0.287759
-0.142724
0.184055
0.24496
-0.0213861
-0.242985
-0.136332
0.138621
0.221322
0.0200121
-0.193711
-0.156667
0.0700699
0.199208
0.081557
-0.124414
-0.1747
-0.0179868
0.15023
0.136778
-0.0262718
-0.154771
-0.102911
0.0573119
0.143407
0.0787228
-0.0716564
-0.134681
-0.0545084
0.0678571
0.126523
0.0473514
-0.0713452
-0.104827
-0.0534225
0.060361
0.105664
0.0408656
-0.033055
-0.0952755
-0.0622786
0.0371384
0.0658426
0.0667083
0.00654667
-0.0792034
-0.0517884
-0.0183703
0.0226591
0.0850335
0.0245923
-0.0231209
100.032
100.004
99.8681
100.019
100.245
99.9663
99.6153
100.033
100.574
99.995
99.1437
99.9171
101.332
100.322
97.7226
98.9245
104.687
104.59
85.959
49.9971
14.0891
-4.56297
-4.82214
0.986297
2.47781
-0.139383
-1.56083
-0.214076
1.071
0.416076
-0.726203
-0.540029
0.434306
0.594376
-0.167145
-0.574141
-0.0729004
0.479585
0.262167
-0.31588
-0.379086
0.112851
0.398327
0.0933635
-0.31902
-0.252108
0.160183
0.321116
0.0323793
-0.280534
-0.195377
0.143923
0.271469
0.0361985
-0.231098
-0.18576
0.0930855
0.237757
0.0777028
-0.168483
-0.195272
0.0168018
0.19526
0.132919
-0.0813968
-0.190602
-0.0721351
0.118446
0.167043
0.0277292
-0.137195
-0.138192
0.00355373
0.136136
0.120113
-0.0264635
-0.127179
-0.101269
0.0253556
0.126906
0.0839947
-0.0224762
-0.106307
-0.093507
0.0247544
0.0907674
0.0805925
0.0102283
-0.0915934
-0.0776267
-0.0108617
0.0431302
0.0958694
0.0303479
-0.046011
-0.0495129
-0.0664105
0.00620147
0.0750925
0.0299045
99.9866
100.074
99.9825
99.8329
100.043
100.276
99.9401
99.5858
100.061
100.604
99.9675
99.1114
99.9434
101.368
100.299
97.6822
98.9423
104.732
104.579
85.9107
49.9967
14.1389
-4.55037
-4.86961
0.95976
2.51896
-0.100013
-1.58976
-0.264257
1.08327
0.471287
-0.717815
-0.592789
0.404487
0.635737
-0.119761
-0.594495
-0.13066
0.473964
0.316952
-0.282609
-0.41804
0.0596874
0.409105
0.152628
-0.296835
-0.299247
0.111018
0.338812
0.0926133
-0.261288
-0.243415
0.094073
0.286381
0.0963867
-0.205676
-0.227664
0.0382227
0.239752
0.134522
-0.129638
-0.221134
-0.0421946
0.174793
0.176549
-0.0286837
-0.188039
-0.123921
0.0725207
0.181581
0.0807006
-0.100016
-0.160554
-0.0536424
0.11146
0.144705
0.0286402
-0.102291
-0.135692
-0.0206548
0.101743
0.111982
0.0327062
-0.0917605
-0.112326
-0.0225715
0.0577995
0.109544
0.0464352
-0.0616154
-0.0766911
-0.063768
0.0172176
0.0966673
0.0463244
0.00789608
-0.0424405
-0.0938188
-0.0083513
0.0336085
99.9713
100.008
100.108
99.9576
99.8044
100.071
100.302
99.9107
99.5603
100.091
100.631
99.9368
99.0809
99.9725
101.403
100.273
97.6417
98.962
104.778
104.568
85.861
49.9962
14.1903
-4.53668
-4.91809
0.930954
2.56026
-0.0578579
-1.61723
-0.317288
1.09244
0.528388
-0.704862
-0.645417
0.369221
0.674506
-0.0677656
-0.609214
-0.191036
0.46096
0.370443
-0.24169
-0.451411
0.00131071
0.410814
0.21217
-0.264584
-0.340593
0.0546204
0.345719
0.153663
-0.23007
-0.284164
0.0361784
0.288343
0.155732
-0.167149
-0.258894
-0.0232067
0.226622
0.185703
-0.078741
-0.231515
-0.102582
0.139242
0.206823
0.0303364
-0.16659
-0.168073
0.017823
0.17582
0.128064
-0.047347
-0.16708
-0.104585
0.0687161
0.150223
0.0857675
-0.0649719
-0.147652
-0.0665657
0.0554093
0.127721
0.0798601
-0.0579878
-0.107634
-0.0744816
0.0180968
0.114921
0.0701869
-0.00858375
-0.0653945
-0.102499
-0.00786931
0.0639393
0.0574595
0.0627632
-0.0322173
-0.0861758
-0.0243619
100.006
99.9385
100.034
100.134
99.9293
99.782
100.101
100.323
99.878
99.5386
100.125
100.656
99.903
99.0521
100.005
101.438
100.245
97.6009
98.9836
104.825
104.556
85.8098
49.9957
14.2435
-4.52188
-4.96756
0.899793
2.60164
-0.0129054
-1.64308
-0.373073
1.09826
0.587152
-0.687228
-0.697395
0.328482
0.710153
-0.0115994
-0.6177
-0.253274
0.44036
0.421544
-0.193537
-0.478026
-0.0612306
0.402911
0.2702
-0.222581
-0.374386
-0.00748589
0.340972
0.212912
-0.187308
-0.315372
-0.0273703
0.276495
0.210637
-0.116577
-0.27718
-0.0873627
0.198299
0.226807
-0.0181904
-0.225425
-0.158716
0.0905613
0.219578
0.0916661
-0.128814
-0.198166
-0.0406454
0.148191
0.166092
0.0126383
-0.154071
-0.142242
0.0105711
0.138465
0.133015
-0.0186957
-0.132376
-0.109201
-0.00031119
0.12488
0.108845
-0.00532614
-0.0855
-0.116936
-0.0192493
0.088545
0.0830153
0.0525201
-0.0481687
-0.109939
-0.0335093
0.00748031
0.0650322
0.0954057
-0.0150856
-0.0443419
100.026
99.9806
99.9139
100.063
100.153
99.898
99.7652
100.135
100.339
99.8424
99.5207
100.162
100.677
99.866
99.0251
100.04
101.472
100.214
97.5599
99.0072
104.873
104.542
85.7571
49.995
14.2983
-4.50596
-5.01798
0.866188
2.64305
0.034853
-1.66713
-0.431494
1.1005
0.647341
-0.664834
-0.748178
0.282285
0.742163
0.0482271
-0.619417
-0.316553
0.412078
0.469139
-0.138705
-0.496853
-0.126692
0.385055
0.324899
-0.171451
-0.399091
-0.0733935
0.32401
0.267779
-0.134013
-0.335175
-0.0936003
0.250423
0.257817
-0.0559755
-0.280982
-0.149691
0.15521
0.254575
0.0481653
-0.203015
-0.204511
0.0309008
0.213477
0.149605
-0.0786266
-0.208166
-0.0990667
0.102007
0.189989
0.0708755
-0.118615
-0.164165
-0.0544885
0.111708
0.158742
0.0348502
-0.093948
-0.142125
-0.0518278
0.0967183
0.118047
0.0574607
-0.0547154
-0.133444
-0.051753
0.0341371
0.0881888
0.0996504
-0.0238317
-0.0809897
-0.0616085
-0.0504879
0.0640739
0.0913097
0.01393
100
100.05
99.9519
99.8969
100.094
100.166
99.8643
99.7542
100.171
100.351
99.8041
99.5067
100.202
100.696
99.826
99
100.078
101.505
100.18
97.5188
99.0329
104.923
104.527
85.703
49.9942
14.3551
-4.48892
-5.0693
0.830052
2.68437
0.0854292
-1.68921
-0.492389
1.09887
0.708731
-0.637659
-0.797178
0.230677
0.770042
0.111145
-0.613919
-0.379964
0.376102
0.512175
-0.0779604
-0.506958
-0.193691
0.35712
0.374505
-0.1122
-0.413361
-0.140954
0.294661
0.31583
-0.0718465
-0.342054
-0.159223
0.210274
0.294591
0.0114596
-0.269143
-0.20572
0.0986643
0.267209
0.114739
-0.164597
-0.235239
-0.0364556
0.189866
0.196567
-0.0192502
-0.19539
-0.153303
0.044613
0.193276
0.121284
-0.062424
-0.170562
-0.113243
0.0698939
0.157628
0.0920787
-0.0434863
-0.154591
-0.0907973
0.0424354
0.112467
0.112786
-0.0198992
-0.114202
-0.0813992
-0.0309963
0.0841774
0.114551
0.0120662
-0.0273274
-0.0876899
-0.0860015
0.0449742
0.0534921
99.977
100.029
100.065
99.9211
99.8873
100.127
100.173
99.8286
99.7488
100.21
100.357
99.7632
99.4967
100.244
100.712
99.783
98.977
100.119
101.537
100.143
97.4775
99.0607
104.974
104.511
85.6473
49.9931
14.4137
-4.47077
-5.12144
0.791299
2.72552
0.138838
-1.70916
-0.555555
1.09307
0.771109
-0.605745
-0.84376
0.173729
0.79334
0.176507
-0.600837
-0.442537
0.332537
0.549662
-0.0122574
-0.507541
-0.260738
0.319231
0.417357
-0.0462057
-0.416073
-0.207865
0.253182
0.354934
-0.00322788
-0.334674
-0.221133
0.157164
0.318772
0.081519
-0.240651
-0.252123
0.0318803
0.26349
0.17527
-0.110603
-0.249004
-0.105485
0.150668
0.225335
0.0468382
-0.162395
-0.196483
-0.0165027
0.170745
0.161686
0.00552767
-0.160116
-0.153434
0.0122907
0.133563
0.143239
0.00771402
-0.136336
-0.116873
-0.0273219
0.0967021
0.141262
0.0204524
-0.063979
-0.107406
-0.0831729
0.0632123
0.093481
0.0592897
0.0276601
-0.0985215
-0.0865617
0.00179524
99.9942
99.963
100.059
100.072
99.8891
99.8848
100.161
100.173
99.7916
99.7493
100.25
100.359
99.7203
99.4911
100.289
100.724
99.737
98.9563
100.163
101.568
100.103
97.4363
99.0905
105.026
104.493
85.5902
49.9917
14.4744
-4.45151
-5.17434
0.749858
2.76635
0.195108
-1.72688
-0.620733
1.0828
0.834277
-0.569198
-0.887271
0.111571
0.811619
0.243636
-0.579934
-0.503222
0.281565
0.580721
0.0572505
-0.497954
-0.326266
0.271745
0.452009
0.0246989
-0.406206
-0.271994
0.200574
0.383058
0.0689916
-0.312039
-0.276788
0.0937237
0.327966
0.150189
-0.195586
-0.286614
-0.0397674
0.241693
0.225107
-0.0434562
-0.24583
-0.167755
0.0966081
0.23264
0.115157
-0.115056
-0.219413
-0.0772379
0.123413
0.190293
0.071579
-0.128478
-0.17019
-0.0568671
0.095924
0.17319
0.0547171
-0.0860451
-0.13321
-0.0920597
0.0691332
0.132907
0.0683584
-0.00175498
-0.12061
-0.105265
0.0179656
0.0499835
0.105938
0.0619555
-0.0785348
-0.058418
100.019
99.9644
99.9577
100.09
100.071
99.8567
99.8895
100.196
100.166
99.7539
99.7556
100.291
100.355
99.6756
99.49
100.337
100.733
99.6881
98.9381
100.21
101.599
100.06
97.3953
99.1223
105.079
104.474
85.5317
49.9899
14.5372
-4.43117
-5.2279
0.705678
2.80671
0.254298
-1.74228
-0.687594
1.06767
0.898074
-0.528207
-0.92702
0.0443681
0.824489
0.311805
-0.551095
-0.560916
0.223469
0.604612
0.129191
-0.477636
-0.388817
0.215474
0.477002
0.0985696
-0.383159
-0.331319
0.138649
0.398003
0.142274
-0.274398
-0.323497
0.0233936
0.319823
0.214479
-0.136428
-0.306491
-0.110603
0.200552
0.262039
0.0308015
-0.225087
-0.215772
0.0286486
0.220168
0.176923
-0.0580537
-0.215256
-0.135904
0.0602914
0.201488
0.124479
-0.0725509
-0.167151
-0.124471
0.0517336
0.169136
0.098906
-0.0162359
-0.13849
-0.131487
0.0236369
0.0942032
0.117619
0.0496434
-0.106142
-0.0966617
-0.0478844
0.00635959
0.129956
0.0679931
-0.0222696
100.011
100.023
99.9348
99.9607
100.12
100.063
99.8251
99.9011
100.23
100.153
99.7162
99.768
100.332
100.346
99.6296
99.4936
100.386
100.738
99.6366
98.9227
100.259
101.628
100.015
97.3546
99.1562
105.134
104.452
85.4719
49.9877
14.6022
-4.40975
-5.28206
0.658739
2.84639
0.316496
-1.75534
-0.755742
1.0473
0.96235
-0.483007
-0.962333
-0.027627
0.83156
0.380281
-0.514321
-0.614537
0.158735
0.620576
0.20224
-0.446417
-0.446802
0.151476
0.490971
0.173562
-0.347179
-0.383394
0.0692543
0.398179
0.214117
-0.223367
-0.357908
-0.050872
0.293557
0.271492
-0.0675605
-0.308184
-0.176729
0.141724
0.284391
0.103904
-0.184769
-0.246316
-0.0484016
0.191323
0.22106
0.00732516
-0.184699
-0.18828
-0.00609341
0.186498
0.160973
0.00251683
-0.150464
-0.171981
0.000936938
0.130175
0.140604
0.0513966
-0.123479
-0.137543
-0.0411405
0.0442327
0.150493
0.0774534
-0.054625
-0.0721487
-0.114159
-0.0212824
0.110861
0.0561958
99.9858
100.039
100.019
99.9069
99.9714
100.148
100.048
99.7952
99.9194
100.263
100.134
99.6794
99.7864
100.374
100.331
99.5828
99.5022
100.437
100.739
99.5826
98.9104
100.312
101.656
99.9653
97.3145
99.1921
105.19
104.429
85.411
49.9848
14.6695
-4.38726
-5.33679
0.609072
2.88512
0.381858
-1.76611
-0.824691
1.02126
1.02698
-0.433877
-0.992586
-0.104018
0.832362
0.44846
-0.46992
-0.662836
0.0878555
0.628022
0.275047
-0.404559
-0.498367
0.0806911
0.49316
0.247479
-0.298969
-0.425615
-0.00596107
0.383263
0.281298
-0.160962
-0.376834
-0.126714
0.250816
0.317093
0.0067826
-0.289015
-0.235878
0.0708338
0.288694
0.169147
-0.124286
-0.260113
-0.124359
0.146916
0.240072
0.0800515
-0.136134
-0.224201
-0.0673431
0.140265
0.184231
0.0807648
-0.120935
-0.185684
-0.0597195
0.0701861
0.171081
0.0984651
-0.077438
-0.118679
-0.112452
0.00148242
0.145438
0.0857185
0.0255715
-0.0494372
-0.150584
-0.0333716
0.0453943
99.9858
99.9911
100.065
100.006
99.882
99.9894
100.173
100.025
99.7682
99.9442
100.293
100.108
99.6442
99.8108
100.415
100.311
99.5357
99.5159
100.489
100.736
99.5261
98.9014
100.367
101.682
99.9127
97.2752
99.2299
105.249
104.404
85.349
49.9812
14.7392
-4.36367
-5.39208
0.556764
2.92258
0.450603
-1.77475
-0.893864
0.989057
1.09191
-0.381185
-1.01714
-0.18437
0.826473
0.515753
-0.418374
-0.704504
0.0113189
0.62664
0.346073
-0.352483
-0.541732
0.00415464
0.48339
0.31769
-0.239313
-0.455829
-0.0851317
0.354032
0.339768
-0.0887476
-0.378648
-0.201223
0.194818
0.346068
0.0840629
-0.249744
-0.284993
-0.00472958
0.270137
0.224034
-0.0484608
-0.257627
-0.187307
0.0848194
0.234719
0.153456
-0.079377
-0.23099
-0.122873
0.069047
0.195838
0.142011
-0.0725359
-0.166193
-0.12668
0.00969657
0.173134
0.121053
-0.000944356
-0.0918376
-0.164089
-0.0288752
0.0929507
0.0888754
0.105842
-0.0346365
-0.134211
-0.0440766
100.008
99.9609
100.004
100.087
99.987
99.8614
100.014
100.194
99.9972
99.7451
99.975
100.32
100.076
99.6114
99.8412
100.454
100.285
99.4887
99.535
100.541
100.729
99.4675
98.896
100.424
101.707
99.8566
97.237
99.2695
105.308
104.376
85.286
49.9769
14.8113
-4.33891
-5.44798
0.501968
2.95834
0.523007
-1.78144
-0.962656
0.950247
1.15701
-0.325239
-1.0355
-0.268085
0.813427
0.581617
-0.360289
-0.738306
-0.0702283
0.616229
0.413755
-0.290797
-0.57533
-0.0768426
0.461849
0.381342
-0.168933
-0.47287
-0.16549
0.311432
0.385609
-0.00800952
-0.363972
-0.26961
0.128089
0.354516
0.162438
-0.195017
-0.318147
-0.0800085
0.22669
0.268395
0.0321251
-0.235256
-0.230453
0.00539555
0.211964
0.213433
-0.0180723
-0.202764
-0.175067
-0.00956533
0.189025
0.174272
-0.000632163
-0.127918
-0.183255
-0.0384159
0.132888
0.129697
0.086233
-0.0673511
-0.170449
-0.0566467
0.00758825
0.0964436
0.150661
-0.0172094
-0.0672016
100.016
99.9946
99.9413
100.024
100.104
99.9617
99.8463
100.044
100.21
99.9636
99.7268
100.011
100.343
100.039
99.5819
99.8773
100.491
100.253
99.4426
99.5597
100.595
100.717
99.4068
98.8946
100.483
101.731
99.7967
97.2001
99.3107
105.37
104.345
85.2223
49.9717
14.8857
-4.31284
-5.50463
0.444947
2.9919
0.599465
-1.78649
-1.03037
0.904355
1.22211
-0.266311
-1.04728
-0.354391
0.79269
0.64558
-0.296393
-0.763113
-0.155934
0.596628
0.47656
-0.220231
-0.598031
-0.16037
0.42848
0.436134
-0.0891082
-0.476284
-0.243186
0.25557
0.416779
0.0784345
-0.334128
-0.325947
0.0513473
0.342584
0.237432
-0.129923
-0.328433
-0.153978
0.163147
0.298972
0.106757
-0.187431
-0.25528
-0.0821997
0.176676
0.245114
0.0508869
-0.147193
-0.219493
-0.0769664
0.151523
0.181171
0.0864482
-0.0866122
-0.20552
-0.0771615
0.0543029
0.136246
0.151864
-0.0391887
-0.125014
-0.0940988
-0.0759841
0.100496
0.139748
0.0202958
99.9981
100.034
99.9745
99.9282
100.05
100.114
99.9319
99.8377
100.078
100.219
99.9256
99.7142
100.052
100.361
99.997
99.5565
99.9189
100.525
100.216
99.3977
99.5899
100.647
100.701
99.3443
98.8975
100.544
101.753
99.7331
97.1649
99.3534
105.434
104.312
85.1578
49.9656
14.9626
-4.28527
-5.56224
0.386037
3.02263
0.680399
-1.79021
-1.09632
0.851
1.28693
-0.204548
-1.05233
-0.442264
0.763638
0.707221
-0.227471
-0.778079
-0.244453
0.567325
0.533521
-0.142228
-0.60866
-0.244173
0.38292
0.480968
-0.00280322
-0.464878
-0.314856
0.18672
0.43323
0.164971
-0.288638
-0.366445
-0.0339488
0.313623
0.300621
-0.0559569
-0.313403
-0.225326
0.0894687
0.307084
0.171387
-0.114432
-0.26622
-0.160893
0.125651
0.243542
0.128309
-0.0815352
-0.240754
-0.126107
0.0783632
0.175782
0.164344
-0.0453787
-0.178693
-0.118179
-0.0367804
0.138145
0.170269
0.0085281
-0.048205
-0.137806
-0.122559
0.0783655
0.0823931
99.9844
100.018
100.045
99.9502
99.9226
100.078
100.116
99.8989
99.8364
100.115
100.222
99.8842
99.7082
100.097
100.373
99.9503
99.5358
99.9656
100.556
100.174
99.3547
99.6257
100.7
100.681
99.2801
98.905
100.607
101.773
99.6655
97.1318
99.3974
105.5
104.276
85.0927
49.9586
15.0416
-4.25588
-5.62111
0.325719
3.04982
0.766322
-1.793
-1.15978
0.789881
1.35108
-0.139975
-1.05075
-0.530346
0.725414
0.766456
-0.154725
-0.782254
-0.334391
0.52784
0.584151
-0.0591569
-0.605442
-0.326719
0.325761
0.514953
0.0859361
-0.4365
-0.379142
0.107611
0.434509
0.245277
-0.225692
-0.391427
-0.122032
0.269744
0.343717
0.0280027
-0.277996
-0.286876
0.0135012
0.284329
0.228627
-0.0277394
-0.26164
-0.215825
0.0521996
0.217809
0.20269
-0.0195669
-0.221656
-0.16402
-0.0163693
0.165314
0.205028
0.00650265
-0.111685
-0.164055
-0.105628
0.116642
0.140606
0.0813952
0.0229892
-0.16265
-0.118685
0.0134856
99.9956
99.9753
100.041
100.047
99.9236
99.9252
100.109
100.11
99.8645
99.843
100.154
100.216
99.8406
99.7094
100.145
100.378
99.8998
99.5207
100.017
100.582
100.126
99.3143
99.6673
100.75
100.655
99.2146
98.9175
100.67
101.792
99.5937
97.101
99.4427
105.568
104.237
85.027
49.9508
15.1226
-4.22433
-5.68165
0.264514
3.07273
0.857735
-1.79522
-1.22008
0.720793
1.41409
-0.0726201
-1.04269
-0.61734
0.677359
0.823134
-0.0794354
-0.774703
-0.424604
0.478314
0.627629
0.0267239
-0.58683
-0.407038
0.259023
0.536173
0.174053
-0.390076
-0.435569
0.0234168
0.418021
0.315981
-0.146002
-0.402652
-0.203643
0.209071
0.36455
0.119602
-0.23005
-0.326477
-0.0644803
0.231764
0.27947
0.0552378
-0.231694
-0.245137
-0.0416594
0.18235
0.251853
0.0391373
-0.159764
-0.20028
-0.103045
0.141096
0.197599
0.0791136
-0.0349164
-0.197549
-0.132425
0.0535889
0.0895096
0.159927
0.0596361
-0.138181
-0.0832428
100.013
99.9731
99.9751
100.066
100.041
99.8968
99.9362
100.139
100.097
99.8303
99.8578
100.193
100.203
99.7962
99.7183
100.194
100.377
99.8464
99.5118
100.072
100.603
100.074
99.2768
99.7146
100.799
100.625
99.1479
98.9353
100.735
101.81
99.5176
97.0729
99.489
105.639
104.195
84.9607
49.9424
15.2054
-4.19011
-5.74433
0.203
3.09061
0.955064
-1.79708
-1.27685
0.643881
1.47517
-0.00220058
-1.02851
-0.701914
0.619075
0.87671
-0.00239509
-0.755104
-0.513615
0.419121
0.662675
0.114012
-0.552678
-0.483291
0.184791
0.542218
0.260254
-0.327504
-0.48167
-0.0614751
0.3809
0.377119
-0.0555198
-0.398259
-0.271894
0.129157
0.367425
0.208649
-0.171826
-0.335629
-0.147934
0.161788
0.314896
0.124208
-0.16762
-0.25899
-0.138149
0.141546
0.258009
0.105562
-0.074483
-0.230485
-0.156492
0.08484
0.158002
0.163906
0.0220524
-0.189293
-0.127596
-0.0473717
0.0503221
0.205523
0.0638929
-0.0539885
100.009
100.012
99.9509
99.9836
100.089
100.026
99.8721
99.9555
100.166
100.074
99.7982
99.8808
100.231
100.182
99.7523
99.7352
100.245
100.367
99.791
99.5096
100.131
100.619
100.017
99.2431
99.7674
100.846
100.591
99.0803
98.9585
100.8
101.825
99.437
97.0478
99.5363
105.712
104.149
84.8935
49.9336
15.2895
-4.15263
-5.80972
0.141849
3.10263
1.05871
-1.79867
-1.32978
0.559545
1.53314
0.0718589
-1.00891
-0.782464
0.550225
0.926358
0.0760474
-0.724012
-0.599007
0.350115
0.688302
0.201608
-0.504343
-0.551752
0.10344
0.532419
0.342923
-0.252725
-0.512022
-0.146398
0.324386
0.427644
0.0372146
-0.371918
-0.326912
0.034255
0.355695
0.281067
-0.0978191
-0.317454
-0.232864
0.0883852
0.318257
0.182972
-0.0751043
-0.264901
-0.211294
0.0841081
0.223161
0.182921
0.00498937
-0.231502
-0.174604
-0.0103847
0.114913
0.228263
0.0542124
-0.120529
-0.119956
-0.152003
0.0330684
0.183191
0.0656119
99.9922
100.03
100.002
99.9314
100
100.108
100.004
99.8515
99.9823
100.19
100.045
99.7699
99.9117
100.265
100.152
99.7104
99.7603
100.295
100.35
99.7346
99.5146
100.193
100.628
99.9568
99.2135
99.8256
100.89
100.552
99.0122
98.9876
100.865
101.84
99.352
97.0259
99.5844
105.787
104.1
84.8255
49.9248
15.3744
-4.11131
-5.87835
0.0817081
3.10807
1.1689
-1.79999
-1.37877
0.468476
1.58663
0.150279
-0.984913
-0.857088
0.470431
0.971382
0.155493
-0.682582
-0.677546
0.270377
0.704895
0.287176
-0.44319
-0.60816
0.0140188
0.509295
0.417343
-0.168186
-0.521934
-0.232616
0.255337
0.461153
0.127526
-0.31957
-0.372745
-0.0624094
0.324745
0.329478
-0.00416398
-0.284249
-0.302253
0.0148809
0.280176
0.240804
0.0225715
-0.254634
-0.245554
-0.00251157
0.169717
0.251488
0.061396
-0.179654
-0.177239
-0.121198
0.0843469
0.233703
0.0814051
-0.00725527
-0.127035
-0.208861
0.0173332
0.0905883
99.9876
100.003
100.047
99.9845
99.9171
100.024
100.121
99.975
99.8369
100.016
100.208
100.008
99.7471
99.9497
100.295
100.115
99.6718
99.7934
100.342
100.325
99.6782
99.5272
100.257
100.631
99.8929
99.1887
99.889
100.93
100.508
98.9438
99.0227
100.93
101.852
99.2625
97.0076
99.6333
105.865
104.049
84.7563
49.9162
15.4596
-4.06559
-5.95076
0.0231675
3.1064
1.28571
-1.80092
-1.42389
0.371502
1.63437
0.233676
-0.957551
-0.924031
0.379385
1.01156
0.23495
-0.631542
-0.746746
0.179434
0.713679
0.367054
-0.369056
-0.650775
-0.0826827
0.476109
0.476996
-0.0730149
-0.512296
-0.317791
0.180874
0.468987
0.217367
-0.246816
-0.408535
-0.147469
0.265459
0.359314
0.0999723
-0.244493
-0.336761
-0.0672218
0.211694
0.296128
0.100155
-0.209342
-0.249746
-0.110834
0.122291
0.277997
0.10288
-0.0788025
-0.186332
-0.201961
0.0560626
0.170755
0.12673
0.099209
-0.13815
-0.187567
-0.0261194
100.002
99.9727
100.02
100.057
99.9612
99.9099
100.053
100.127
99.9412
99.8299
100.054
100.218
99.9659
99.7312
99.9941
100.319
100.071
99.6381
99.8342
100.387
100.291
99.6228
99.5478
100.321
100.626
99.826
99.1694
99.9572
100.966
100.46
98.8756
99.064
100.995
101.862
99.1685
96.993
99.6833
105.944
103.994
84.6856
49.9083
15.5448
-4.01492
-6.0274
-0.03349
3.0974
1.40889
-1.80087
-1.46563
0.269581
1.67516
0.322402
-0.92717
-0.98255
0.27766
1.04608
0.313669
-0.571011
-0.805787
0.0787883
0.714125
0.438969
-0.28156
-0.680442
-0.182282
0.432287
0.518939
0.0333059
-0.487962
-0.393748
0.100943
0.448924
0.308842
-0.165776
-0.424083
-0.21951
0.176372
0.380188
0.194288
-0.191616
-0.332814
-0.16457
0.137126
0.329543
0.153322
-0.1197
-0.247943
-0.209933
0.0824526
0.244171
0.154289
0.0345036
-0.200547
-0.220995
0.000733213
0.0738906
0.191477
0.150967
-0.118662
-0.11085
100.012
99.9845
99.9654
100.042
100.059
99.9345
99.9111
100.084
100.125
99.9045
99.8317
100.096
100.219
99.9198
99.7235
100.044
100.336
100.02
99.6104
99.8823
100.428
100.25
99.5697
99.5765
100.386
100.614
99.7568
99.156
100.03
100.998
100.407
98.8081
99.1114
101.059
101.871
99.07
96.9822
99.7342
106.026
103.936
84.6131
49.9016
15.6294
-3.95867
-6.10859
-0.088138
3.08096
1.53785
-1.79871
-1.50495
0.164202
1.70716
0.417005
-0.893812
-1.03247
0.167005
1.0724
0.392382
-0.502088
-0.853629
-0.0287587
0.702971
0.503977
-0.183567
-0.69611
-0.279552
0.373506
0.546181
0.144864
-0.449656
-0.451943
0.0097343
0.408681
0.393904
-0.0826619
-0.407377
-0.287847
0.0714094
0.388743
0.262932
-0.110207
-0.306225
-0.264308
0.0701475
0.315628
0.200954
-0.00227386
-0.249158
-0.264619
0.0240454
0.164314
0.224566
0.117404
-0.185163
-0.185825
-0.0997246
-0.00741507
0.237855
0.143126
-0.032953
100.005
100.018
99.9641
99.9667
100.066
100.053
99.9069
99.9215
100.116
100.113
99.8671
99.8431
100.139
100.211
99.8713
99.7251
100.097
100.344
99.9651
99.59
99.9369
100.462
100.202
99.5198
99.6133
100.45
100.595
99.6859
99.1491
100.106
101.025
100.35
98.7417
99.1649
101.123
101.877
98.9674
96.9752
99.7861
106.109
103.876
84.5386
49.8961
15.7131
-3.89638
-6.19447
-0.140555
3.05692
1.67182
-1.79334
-1.54271
0.05724
1.72813
0.518248
-0.85821
-1.07294
0.0494228
1.08749
0.472665
-0.428065
-0.886896
-0.14156
0.677649
0.564055
-0.0819511
-0.692067
-0.373143
0.298733
0.562581
0.249494
-0.390472
-0.491797
-0.0924439
0.358381
0.454614
0.00832516
-0.359258
-0.355797
-0.0271853
0.365597
0.307831
0.000684743
-0.275571
-0.333499
0.00119763
0.248659
0.258479
0.103176
-0.230809
-0.261675
-0.0739617
0.0781634
0.280922
0.149757
-0.103154
-0.133248
-0.214022
-0.0450609
0.207732
0.107299
99.9906
100.024
100.015
99.9436
99.9772
100.088
100.037
99.8811
99.9413
100.146
100.091
99.8316
99.8644
100.181
100.193
99.8226
99.7366
100.152
100.342
99.906
99.578
99.997
100.49
100.146
99.4743
99.6582
100.511
100.567
99.6139
99.1493
100.186
101.047
100.288
98.6773
99.2244
101.185
101.88
98.8609
96.9722
99.8392
106.193
103.813
84.4621
49.8922
15.7955
-3.82809
-6.28494
-0.190703
3.02557
1.80995
-1.78415
-1.57946
-0.0497622
1.73671
0.626478
-0.821614
-1.10266
-0.0739703
1.09033
0.554796
-0.352491
-0.90173
-0.260102
0.64013
0.617948
0.0175387
-0.662816
-0.465995
0.215234
0.566042
0.338774
-0.304239
-0.521467
-0.192235
0.299248
0.479546
0.115499
-0.297825
-0.409381
-0.1081
0.296491
0.345877
0.114503
-0.242672
-0.347253
-0.0886405
0.158525
0.314034
0.162568
-0.162608
-0.226573
-0.192141
0.0248655
0.273946
0.149179
0.0329299
-0.105655
-0.273338
-0.0456835
0.0891835
99.9907
99.9952
100.041
100.002
99.9261
99.9961
100.107
100.012
99.86
99.9697
100.172
100.06
99.8002
99.8952
100.219
100.165
99.7757
99.7584
100.207
100.33
99.8448
99.5753
100.062
100.51
100.085
99.4343
99.7111
100.569
100.533
99.5415
99.1573
100.268
101.064
100.221
98.6155
99.2897
101.246
101.88
98.7506
96.9733
99.8937
106.279
103.747
84.3833
49.8902
15.8768
-3.75399
-6.3798
-0.239213
2.98784
1.9513
-1.77026
-1.61597
-0.156217
1.73298
0.740967
-0.783756
-1.12182
-0.202512
1.08173
0.636981
-0.275326
-0.898148
-0.384135
0.594066
0.661148
0.116136
-0.610282
-0.558704
0.131528
0.548982
0.416842
-0.196078
-0.545885
-0.274478
0.221131
0.477745
0.234588
-0.239779
-0.427743
-0.183874
0.19294
0.388108
0.198746
-0.187413
-0.318432
-0.203477
0.0864469
0.334455
0.185139
-0.0412144
-0.205786
-0.282109
0.00298016
0.189825
0.165368
0.163333
-0.115529
-0.241127
-0.0585739
100.004
99.975
100.008
100.055
99.9823
99.9144
100.022
100.119
99.981
99.8459
100.005
100.19
100.022
99.7753
99.9348
100.253
100.127
99.7327
99.7905
100.26
100.308
99.7831
99.5825
100.129
100.521
100.018
99.4006
99.7716
100.623
100.49
99.4691
99.1736
100.351
101.076
100.15
98.5569
99.3606
101.307
101.877
98.6368
96.9783
99.9497
106.366
103.679
84.3021
49.8899
15.9572
-3.67398
-6.47857
-0.287286
2.94471
2.09444
-1.74963
-1.65343
-0.26161
1.71675
0.860102
-0.741842
-1.13275
-0.333627
1.06019
0.717353
-0.193307
-0.88009
-0.508317
0.537194
0.690923
0.218481
-0.542358
-0.642177
0.0454654
0.507182
0.492233
-0.0808197
-0.553379
-0.338979
0.115633
0.466831
0.343815
-0.176636
-0.403387
-0.274323
0.0845184
0.415659
0.247933
-0.0856338
-0.283815
-0.316039
0.0368074
0.288794
0.216257
0.10177
-0.208864
-0.303432
-0.041157
0.0592175
0.224285
0.2349
-0.107996
-0.138775
100.011
99.9908
99.9652
100.028
100.06
99.957
99.911
100.053
100.122
99.9448
99.8409
100.047
100.2
99.9766
99.759
99.9819
100.279
100.081
99.6957
99.8323
100.309
100.275
99.7227
99.6001
100.199
100.522
99.9468
99.3742
99.8391
100.672
100.441
99.3974
99.1984
100.436
101.082
100.074
98.5023
99.4365
101.366
101.871
98.5198
96.9872
100.007
106.455
103.608
84.2183
49.891
16.0366
-3.58781
-6.58054
-0.335436
2.89645
2.23753
-1.71999
-1.69292
-0.363945
1.68608
0.982516
-0.693683
-1.13746
-0.461837
1.02047
0.796482
-0.106654
-0.849805
-0.623167
0.461403
0.710706
0.320705
-0.46344
-0.701696
-0.0535684
0.448601
0.558977
0.0296953
-0.523158
-0.399146
-0.00438374
0.44709
0.417053
-0.0832315
-0.352088
-0.369972
-0.00624906
0.387718
0.284185
0.0529511
-0.2596
-0.373416
-0.0261397
0.178454
0.274481
0.208993
-0.184786
-0.245163
-0.14462
-0.0625008
0.26995
0.22183
-0.0130586
100.002
100.019
99.9727
99.9638
100.051
100.057
99.9293
99.9172
100.086
100.115
99.9063
99.8464
100.091
100.198
99.9275
99.7529
100.035
100.295
100.027
99.6666
99.883
100.353
100.232
99.6655
99.6282
100.269
100.513
99.8731
99.3559
99.913
100.714
100.385
99.3273
99.2322
100.519
101.083
99.9927
98.4526
99.5168
101.424
101.86
98.4002
97.0002
100.065
106.544
103.535
84.133
49.8931
16.1149
-3.49613
-6.68509
-0.383178
2.84315
2.37938
-1.68133
-1.73458
-0.460751
1.63941
1.10802
-0.641182
-1.13542
-0.582785
0.959518
0.87688
-0.0224528
-0.804595
-0.723936
0.363947
0.727603
0.40853
-0.369615
-0.733563
-0.168061
0.389855
0.596314
0.137412
-0.453442
-0.463936
-0.10677
0.399005
0.450709
0.0446455
-0.304318
-0.428736
-0.0809705
0.292423
0.331021
0.171244
-0.227984
-0.346402
-0.127711
0.0608698
0.322996
0.231733
-0.0893939
-0.151293
-0.263234
-0.109497
0.225809
0.14225
99.9909
100.019
100.017
99.953
99.9717
100.073
100.044
99.9025
99.9337
100.118
100.097
99.8686
99.8633
100.135
100.186
99.8768
99.7584
100.091
100.3
99.968
99.6474
99.9414
100.388
100.18
99.6134
99.6669
100.337
100.493
99.7978
99.3467
99.9925
100.748
100.322
99.2596
99.2756
100.602
101.078
99.9072
98.4091
99.6013
101.482
101.845
98.2785
97.0178
100.125
106.635
103.458
84.0467
49.8963
16.193
-3.40047
-6.79184
-0.430981
2.78606
2.52012
-1.63513
-1.77788
-0.552676
1.57887
1.23645
-0.586837
-1.12534
-0.69822
0.881474
0.958557
0.0545459
-0.741323
-0.816428
0.253462
0.742605
0.474694
-0.25479
-0.751985
-0.285106
0.336396
0.594301
0.255875
-0.370471
-0.524579
-0.176402
0.307693
0.4748
0.177483
-0.27398
-0.424481
-0.167774
0.174474
0.391403
0.223032
-0.157953
-0.280549
-0.256704
0.00509211
0.316387
0.199372
0.0606743
-0.110662
-0.328373
-0.0772483
0.0957381
99.9925
99.9936
100.036
100.007
99.9355
99.9888
100.093
100.022
99.8799
99.9601
100.145
100.068
99.8349
99.8914
100.176
100.161
99.8274
99.7762
100.148
100.293
99.9053
99.6394
100.006
100.414
100.119
99.5679
99.7159
100.402
100.462
99.7221
99.3472
100.077
100.773
100.254
99.1948
99.3289
100.682
101.068
99.8165
98.3722
99.69
101.538
101.824
98.1543
97.0401
100.186
106.726
103.377
83.9588
49.9004
16.2724
-3.30126
-6.90012
-0.481551
2.72702
2.65946
-1.58022
-1.82255
-0.643415
1.50808
1.36472
-0.526546
-1.1084
-0.812069
0.791802
1.03489
0.132076
-0.662574
-0.905879
0.139032
0.743604
0.53155
-0.121363
-0.766845
-0.389021
0.268329
0.568457
0.389643
-0.294446
-0.555904
-0.24064
0.180679
0.513936
0.282031
-0.22719
-0.378338
-0.293135
0.0826484
0.428669
0.235911
-0.0240765
-0.247401
-0.373673
-0.00668032
0.229271
0.207958
0.222001
-0.137997
-0.308883
-0.0773448
100.004
99.9778
100.005
100.049
99.9883
99.9237
100.014
100.105
99.9911
99.8646
99.9949
100.165
100.031
99.808
99.9299
100.212
100.125
99.782
99.8063
100.203
100.274
99.8413
99.6434
100.075
100.43
100.051
99.5305
99.7745
100.462
100.42
99.6472
99.3578
100.165
100.789
100.18
99.1333
99.3918
100.759
101.052
99.7206
98.3422
99.7821
101.593
101.799
98.0276
97.0664
100.249
106.82
103.293
83.8685
49.9046
16.3529
-3.197
-7.00873
-0.536638
2.66601
2.79466
-1.51235
-1.86876
-0.733176
1.42665
1.48687
-0.452324
-1.08815
-0.919429
0.688167
1.09667
0.221161
-0.576871
-0.980025
0.018126
0.716616
0.593544
0.0138791
-0.759338
-0.475827
0.163908
0.539528
0.510756
-0.209634
-0.535583
-0.3315
0.0482814
0.536557
0.346632
-0.114168
-0.327768
-0.423706
0.0139133
0.377818
0.267599
0.152428
-0.241356
-0.407702
-0.0619585
0.0631638
0.275567
0.327754
-0.121457
-0.182261
100.01
99.9925
99.9688
100.023
100.054
99.964
99.9203
100.044
100.109
99.9552
99.8593
100.036
100.175
99.9858
99.7908
99.9769
100.239
100.078
99.7436
99.8478
100.254
100.242
99.779
99.6601
100.146
100.433
99.9776
99.5028
99.8415
100.515
100.368
99.5749
99.3785
100.255
100.796
100.103
99.0764
99.4638
100.833
101.032
99.6205
98.3198
99.8761
101.648
101.769
97.8995
97.0966
100.312
106.916
103.206
83.7776
49.908
16.4325
-3.08732
-7.11697
-0.593597
2.60144
2.92296
-1.43084
-1.91682
-0.815743
1.33113
1.60016
-0.364851
-1.06752
-1.00739
0.56414
1.14437
0.316811
-0.492632
-1.01787
-0.117851
0.669407
0.652766
0.129513
-0.701851
-0.556091
0.0410216
0.510012
0.576157
-0.0891161
-0.47895
-0.431233
-0.049486
0.485022
0.385509
0.046376
-0.294548
-0.47196
-0.0615558
0.2343
0.326252
0.271224
-0.200786
-0.315379
-0.180148
-0.09277
0.309182
0.290304
0.000589279
100.002
100.016
99.9757
99.9681
100.045
100.05
99.9373
99.9272
100.076
100.101
99.9173
99.8656
100.08
100.173
99.9366
99.7856
100.03
100.254
100.024
99.715
99.8997
100.298
100.198
99.7212
99.6897
100.216
100.424
99.9013
99.4863
99.9158
100.559
100.307
99.5069
99.4103
100.345
100.792
100.022
99.0256
99.5445
100.9
101.007
99.5169
98.3068
99.9715
101.702
101.733
97.7716
97.1319
100.375
107.013
103.114
83.6883
49.911
16.5119
-2.9752
-7.22575
-0.649366
2.53353
3.0465
-1.34167
-1.96662
-0.888193
1.22238
1.70979
-0.274619
-1.04572
-1.07423
0.421094
1.1906
0.402293
-0.408714
-1.02169
-0.270226
0.62884
0.688586
0.226685
-0.601819
-0.646752
-0.0551359
0.465546
0.588505
0.0662584
-0.439872
-0.4928
-0.10704
0.361868
0.44065
0.169724
-0.278498
-0.414683
-0.168755
0.104138
0.387838
0.261046
-0.102032
-0.193524
-0.30803
-0.109636
0.262342
0.159822
99.9922
100.018
100.014
99.9576
99.9771
100.066
100.036
99.9121
99.9452
100.106
100.081
99.8809
99.8847
100.123
100.158
99.8863
99.7941
100.086
100.256
99.9633
99.6987
99.9602
100.331
100.142
99.6704
99.7325
100.284
100.4
99.8236
99.4823
99.9965
100.593
100.237
99.4442
99.454
100.435
100.777
99.9366
98.9822
99.6347
100.962
100.975
99.4094
98.3043
100.069
101.753
101.689
97.6436
97.1731
100.439
107.11
103.016
83.5997
49.9147
16.5949
-2.86291
-7.33565
-0.707839
2.46497
3.17015
-1.24811
-2.01613
-0.959988
1.10666
1.81976
-0.184049
-1.01707
-1.13732
0.268715
1.2383
0.47623
-0.311118
-1.01962
-0.42891
0.597551
0.696623
0.337695
-0.495852
-0.745619
-0.119907
0.38453
0.606565
0.231594
-0.434564
-0.500751
-0.186785
0.228059
0.537711
0.223416
-0.229545
-0.342977
-0.329959
0.0645341
0.416415
0.216075
0.0629825
-0.182572
-0.414828
-0.0426598
0.141533
99.9929
99.9958
100.032
100.003
99.9424
99.9953
100.083
100.012
99.8923
99.9736
100.131
100.05
99.8498
99.9161
100.162
100.129
99.8384
99.8165
100.143
100.244
99.8997
99.6959
100.027
100.352
100.077
99.6286
99.7873
100.347
100.363
99.7464
99.4909
100.083
100.616
100.158
99.3873
99.5094
100.522
100.752
99.8479
98.9462
99.7337
101.018
100.937
99.297
98.3114
100.169
101.804
101.638
97.5138
97.2185
100.508
107.209
102.913
83.5073
49.9184
16.6827
-2.74687
-7.44433
-0.776105
2.39644
3.29128
-1.14269
-2.06149
-1.04062
0.987173
1.91899
-0.0792444
-0.9765
-1.20617
0.114408
1.263
0.557261
-0.191632
-1.02046
-0.574999
0.534227
0.690931
0.477513
-0.397232
-0.808531
-0.202409
0.257044
0.655033
0.373099
-0.389087
-0.471607
-0.339417
0.11814
0.603846
0.261428
-0.0730124
-0.321883
-0.497469
0.0388803
0.328119
0.261521
0.284101
-0.223534
-0.424352
-0.0885512
100.003
99.9804
100.008
100.042
99.9836
99.9339
100.021
100.092
99.9805
99.8812
100.01
100.146
100.01
99.8276
99.958
100.193
100.088
99.7967
99.8524
100.196
100.218
99.8365
99.7075
100.098
100.361
100.005
99.5978
99.8522
100.402
100.313
99.6722
99.5118
100.171
100.626
100.075
99.3369
99.5751
100.606
100.718
99.7569
98.9175
99.8393
101.068
100.895
99.1809
98.3271
100.27
101.857
101.581
97.3827
97.2663
100.577
107.312
102.808
83.4114
49.92
16.7691
-2.62226
-7.54919
-0.850971
2.3248
3.39957
-1.01831
-2.10246
-1.11989
0.860617
1.99091
0.0482954
-0.931041
-1.25867
-0.0410582
1.24167
0.654246
-0.0737399
-0.991996
-0.692435
0.4122
0.686603
0.596068
-0.284748
-0.791628
-0.327428
0.123434
0.670453
0.455494
-0.239895
-0.430938
-0.48775
0.0299489
0.525572
0.320444
0.142875
-0.308441
-0.52283
-0.0583521
0.107637
0.344475
0.409027
-0.159649
-0.236016
100.009
99.9908
99.9744
100.026
100.044
99.9598
99.9349
100.05
100.09
99.9451
99.8818
100.051
100.15
99.9637
99.8175
100.008
100.213
100.037
99.7651
99.9001
100.241
100.178
99.7779
99.7339
100.167
100.354
99.9291
99.5804
99.925
100.447
100.252
99.6044
99.5452
100.26
100.624
99.9876
99.2955
99.6503
100.682
100.675
99.6658
98.8987
99.9488
101.111
100.85
99.0643
98.3531
100.367
101.908
101.52
97.2549
97.3172
100.644
107.416
102.701
83.3193
49.9198
16.8502
-2.49289
-7.65307
-0.920106
2.2486
3.49431
-0.883681
-2.14564
-1.1796
0.72465
2.04259
0.183629
-0.896841
-1.27139
-0.201676
1.19731
0.752346
0.00752071
-0.910743
-0.794416
0.274605
0.693487
0.635994
-0.142311
-0.734522
-0.457473
0.0555369
0.596968
0.494229
-0.0521555
-0.426525
-0.510507
-0.0423488
0.345982
0.401863
0.238696
-0.269162
-0.375285
-0.195318
-0.0439177
0.37347
0.296183
-0.0178523
100.003
100.012
99.9749
99.9775
100.046
100.036
99.9356
99.9472
100.08
100.075
99.9098
99.8957
100.093
100.139
99.9155
99.8221
100.061
100.218
99.9799
99.747
99.9579
100.275
100.125
99.7277
99.7755
100.233
100.33
99.8524
99.5788
100.004
100.479
100.18
99.5457
99.5925
100.345
100.605
99.8985
99.2655
99.7361
100.748
100.621
99.575
98.8932
100.062
101.144
100.797
98.9488
98.3927
100.462
101.955
101.448
97.1332
97.3746
100.711
107.516
102.587
83.2332
49.9213
16.9343
-2.36749
-7.76129
-0.983776
2.17119
3.59174
-0.752463
-2.19377
-1.22816
0.581567
2.10191
0.310169
-0.870835
-1.26501
-0.375459
1.17325
0.836515
0.0686437
-0.804067
-0.920822
0.175312
0.70113
0.635533
0.030616
-0.727919
-0.555652
0.0380225
0.472906
0.582441
0.073015
-0.472119
-0.442445
-0.157217
0.239715
0.524237
0.184969
-0.191915
-0.274449
-0.363742
0.0198772
0.368357
0.151777
99.9941
100.017
100.007
99.9597
99.9903
100.063
100.017
99.9154
99.9707
100.105
100.049
99.8791
99.9232
100.131
100.113
99.8691
99.8422
100.116
100.207
99.9183
99.7445
100.023
100.295
100.061
99.6883
99.8314
100.293
100.291
99.7768
99.5935
100.089
100.496
100.097
99.4967
99.6538
100.428
100.571
99.8067
99.2468
99.8334
100.805
100.557
99.4824
98.9015
100.182
101.169
100.734
98.8316
98.4459
100.56
102
101.363
97.0127
97.4381
100.787
107.614
102.463
83.1426
49.9251
17.0308
-2.24353
-7.87055
-1.06114
2.0944
3.69945
-0.618315
-2.23332
-1.29608
0.433647
2.16804
0.437543
-0.819657
-1.27885
-0.56098
1.15361
0.905477
0.1748
-0.707417
-1.06795
0.0877881
0.661143
0.685593
0.225905
-0.756454
-0.616397
-0.0574464
0.353851
0.747977
0.152225
-0.447129
-0.417431
-0.385615
0.226544
0.614876
0.185209
0.0126048
-0.342782
-0.557448
0.0765839
0.248454
99.9926
100.001
100.029
99.9924
99.9495
100.011
100.073
99.9894
99.9031
100.003
100.121
100.012
99.8568
99.9622
100.161
100.075
99.8288
99.877
100.167
100.181
99.857
99.7579
100.092
100.3
99.9886
99.6617
99.8989
100.343
100.236
99.705
99.623
100.176
100.5
100.007
99.4574
99.7266
100.507
100.523
99.714
99.2374
99.9399
100.854
100.486
99.3872
98.9205
100.306
101.189
100.665
98.7104
98.5076
100.661
102.048
101.271
96.8879
97.5023
100.87
107.717
102.339
83.0393
49.9268
17.1303
-2.107
-7.97006
-1.15931
2.0146
3.79409
-0.461766
-2.25024
-1.38353
0.284601
2.19522
0.584108
-0.728768
-1.30225
-0.72844
1.06967
0.961314
0.331669
-0.614
-1.15135
-0.0517439
0.546529
0.774943
0.393171
-0.686391
-0.631026
-0.268617
0.245642
0.829225
0.246568
-0.236422
-0.440695
-0.602403
0.156874
0.491958
0.316422
0.310081
-0.374726
-0.562049
-0.0836036
100
99.9839
100.015
100.033
99.9724
99.948
100.038
100.073
99.9572
99.9021
100.041
100.125
99.969
99.8469
100.009
100.18
100.026
99.7993
99.9242
100.209
100.14
99.8014
99.7871
100.16
100.288
99.9137
99.6503
99.9735
100.382
100.171
99.6419
99.6661
100.26
100.488
99.9156
99.4302
99.8073
100.577
100.465
99.6251
99.2376
100.05
100.891
100.411
99.2936
98.9494
100.427
101.205
100.595
98.5903
98.5756
100.755
102.1
101.176
96.7655
97.5646
100.947
107.827
102.219
82.936
49.9236
17.2144
-1.95624
-8.06094
-1.25241
1.93034
3.85356
-0.285478
-2.26049
-1.44795
0.142272
2.16327
0.74416
-0.646696
-1.28521
-0.849086
0.914309
1.01706
0.443333
-0.504196
-1.12215
-0.235383
0.439955
0.797466
0.46608
-0.483619
-0.627734
-0.427169
0.169926
0.694926
0.348246
0.00356515
-0.443011
-0.568819
0.00861428
0.216606
0.424062
0.386583
-0.249716
-0.273416
100.007
99.9874
99.9831
100.032
100.028
99.9509
99.9573
100.064
100.062
99.9251
99.9146
100.08
100.114
99.9242
99.8524
100.06
100.183
99.9708
99.7852
99.9808
100.238
100.086
99.7569
99.832
100.22
100.259
99.8407
99.6575
100.052
100.403
100.095
99.5926
99.7233
100.337
100.458
99.8254
99.4192
99.895
100.633
100.395
99.5441
99.2525
100.162
100.911
100.333
99.2071
98.9938
100.54
101.211
100.521
98.48
98.6553
100.838
102.146
101.075
96.6582
97.6309
101.016
107.931
102.094
82.8505
49.9213
17.2902
-1.81086
-8.16112
-1.31989
1.8462
3.90444
-0.115651
-2.29465
-1.47328
0.00302595
2.12988
0.900074
-0.620232
-1.22379
-0.959164
0.773329
1.09953
0.458437
-0.376142
-1.08447
-0.407982
0.443338
0.730805
0.502484
-0.290989
-0.704154
-0.41597
0.131006
0.511369
0.485241
0.0233545
-0.447727
-0.375689
-0.150061
0.153478
0.485758
0.161621
-0.110996
100.005
100.006
99.9738
99.992
100.047
100.013
99.933
99.9779
100.086
100.037
99.8979
99.9411
100.114
100.088
99.8824
99.8749
100.11
100.167
99.9131
99.7891
100.044
100.249
100.021
99.727
99.8923
100.27
100.211
99.7725
99.6849
100.133
100.404
100.01
99.5593
99.7959
100.405
100.409
99.7367
99.4269
99.9923
100.672
100.31
99.4698
99.2861
100.278
100.913
100.245
99.1268
99.0595
100.652
101.202
100.433
98.3795
98.7525
100.922
102.181
100.956
96.5632
97.7076
101.096
108.021
101.952
82.7706
49.926
17.3884
-1.68054
-8.27534
-1.39146
1.76175
3.99074
0.042042
-2.33811
-1.51044
-0.156442
2.14683
1.05062
-0.593574
-1.16983
-1.12912
0.68788
1.18991
0.48362
-0.214848
-1.15493
-0.559353
0.469339
0.658213
0.664803
-0.189582
-0.846752
-0.381735
-0.00747128
0.496589
0.713337
-0.0638728
-0.404013
-0.388533
-0.397585
0.338012
0.5559
0.0988749
99.9971
100.016
99.9958
99.9641
100.009
100.056
99.9888
99.9229
100.008
100.099
100.002
99.88
99.9795
100.139
100.049
99.8481
99.913
100.155
100.135
99.857
99.8112
100.11
100.243
99.9489
99.7131
99.9645
100.307
100.147
99.7109
99.7305
100.214
100.388
99.918
99.5406
99.8817
100.465
100.342
99.6488
99.4496
100.099
100.699
100.212
99.3978
99.3352
100.4
100.902
100.147
99.0457
99.1425
100.767
101.188
100.33
98.2779
98.8621
101.017
102.214
100.82
96.4601
97.79
101.199
108.111
101.803
82.6645
49.9316
17.5108
-1.5413
-8.37638
-1.50814
1.66865
4.09027
0.215767
-2.33263
-1.59861
-0.339003
2.15352
1.19669
-0.469693
-1.14143
-1.32714
0.575911
1.20069
0.623662
-0.0148791
-1.23402
-0.689106
0.318162
0.605685
0.922838
-0.0831532
-0.823991
-0.471251
-0.326717
0.533651
0.856461
0.0548795
-0.135459
-0.59223
-0.678727
0.316773
0.403651
99.9927
100.007
100.022
99.9792
99.9624
100.032
100.056
99.96
99.9238
100.043
100.1
99.9613
99.8748
100.025
100.151
99.9994
99.8258
99.9628
100.19
100.088
99.8085
99.8491
100.172
100.22
99.876
99.7158
100.042
100.331
100.072
99.6603
99.7896
100.29
100.356
99.8251
99.5358
99.9738
100.515
100.264
99.5667
99.4825
100.209
100.714
100.11
99.3294
99.3924
100.523
100.884
100.048
98.9626
99.2328
100.881
101.177
100.224
98.1712
98.9722
101.113
102.257
100.686
96.3449
97.8659
101.3
108.22
101.668
82.5371
49.9278
17.612
-1.37045
-8.44576
-1.64372
1.56969
4.1289
0.418348
-2.27465
-1.68669
-0.495144
2.05548
1.32781
-0.288694
-1.10006
-1.41596
0.371525
1.11416
0.786155
0.140462
-1.12786
-0.7635
0.0335255
0.545268
0.991892
0.0787083
-0.54477
-0.583434
-0.551526
0.408089
0.666283
0.318534
0.198458
-0.601043
-0.616023
-0.0160657
99.9971
99.9898
100.021
100.018
99.9611
99.9709
100.055
100.043
99.9321
99.9378
100.077
100.086
99.9209
99.8852
100.072
100.147
99.9467
99.8202
100.019
100.208
100.032
99.7745
99.9007
100.222
100.18
99.81
99.7374
100.119
100.334
99.9929
99.6274
99.8591
100.353
100.309
99.7401
99.5487
100.066
100.548
100.178
99.4995
99.5267
100.312
100.712
100.011
99.2738
99.4578
100.633
100.854
99.9568
98.8892
99.3291
100.975
101.165
100.124
98.0771
99.0814
101.188
102.305
100.557
96.2468
97.9353
101.375
108.336
101.54
82.4368
49.9187
17.6718
-1.19233
-8.51804
-1.73062
1.48184
4.10844
0.621221
-2.25252
-1.70841
-0.593168
1.89709
1.45994
-0.205633
-1.03149
-1.37883
0.141384
1.08205
0.821892
0.174015
-0.890647
-0.834007
-0.0962246
0.52397
0.794642
0.235873
-0.345109
-0.630475
-0.407295
0.207545
0.394004
0.459505
0.12906
-0.408294
-0.24746
100.005
99.9851
99.9959
100.034
100.006
99.9468
99.9898
100.072
100.02
99.911
99.9649
100.104
100.058
99.8869
99.9126
100.115
100.124
99.8959
99.8349
100.078
100.206
99.9684
99.7604
99.9645
100.256
100.122
99.7566
99.7807
100.19
100.315
99.9109
99.618
99.9398
100.396
100.242
99.667
99.5851
100.157
100.556
100.083
99.4522
99.59
100.407
100.683
99.912
99.2385
99.5418
100.725
100.802
99.8665
98.8383
99.4435
101.047
101.136
100.017
98.0141
99.2031
101.247
102.333
100.415
96.1862
98.0145
101.447
108.425
101.388
82.3767
49.9204
17.7475
-1.04707
-8.63488
-1.77854
1.40157
4.13507
0.804664
-2.30833
-1.70279
-0.705942
1.81719
1.63264
-0.227774
-0.956601
-1.41277
-0.0396246
1.20456
0.783475
0.221457
-0.765775
-1.03537
-0.022325
0.533987
0.683635
0.444742
-0.483602
-0.697462
-0.217078
0.0359194
0.54233
0.557026
-0.209989
-0.287466
100.006
99.9976
99.9769
100.01
100.04
99.9845
99.9412
100.017
100.078
99.9865
99.9012
100.003
100.119
100.016
99.8638
99.9556
100.148
100.083
99.8512
99.87
100.134
100.182
99.9013
99.7675
100.038
100.27
100.049
99.717
99.8449
100.254
100.271
99.8264
99.6316
100.032
100.423
100.155
99.6032
99.645
100.252
100.54
99.9732
99.4199
99.6756
100.501
100.628
99.803
99.2178
99.6512
100.813
100.727
99.7612
98.804
99.5839
101.119
101.085
99.8853
97.9686
99.3474
101.323
102.334
100.243
96.1301
98.114
101.561
108.485
101.209
82.2927
49.9329
17.8919
-0.917328
-8.76038
-1.88338
1.29551
4.24872
0.99297
-2.32678
-1.75872
-0.919546
1.81101
1.81211
-0.150407
-0.856892
-1.62243
-0.20963
1.27877
0.82326
0.488128
-0.76708
-1.28352
-0.0605544
0.37159
0.867475
0.768649
-0.603138
-0.695555
-0.463513
-0.260083
0.891491
0.696495
-0.0695325
100.001
100.012
99.9842
99.9764
100.029
100.037
99.9596
99.9469
100.048
100.072
99.949
99.9051
100.047
100.12
99.9664
99.8547
100.009
100.168
100.029
99.8169
99.9209
100.184
100.141
99.8364
99.7933
100.115
100.268
99.9659
99.6916
99.9231
100.309
100.21
99.7434
99.6623
100.13
100.436
100.055
99.5472
99.719
100.349
100.511
99.8553
99.3947
99.7736
100.597
100.559
99.6873
99.1984
99.7754
100.904
100.645
99.6435
98.7657
99.7383
101.203
101.033
99.7365
97.9081
99.5011
101.425
102.341
100.062
96.0343
98.2171
101.703
108.57
101.046
82.1391
49.9351
18.0444
-0.743027
-8.81768
-2.06954
1.1604
4.31789
1.20386
-2.19681
-1.85856
-1.15116
1.70847
1.88985
0.113436
-0.716419
-1.77324
-0.401967
1.06315
0.91795
0.825677
-0.664386
-1.25439
-0.341709
0.00412664
1.00227
0.932944
-0.294741
-0.413735
-0.867997
-0.564785
0.726118
0.541116
99.9946
100.013
100.009
99.9695
99.9855
100.047
100.023
99.937
99.9645
100.076
100.053
99.9145
99.9236
100.089
100.105
99.9173
99.8623
100.065
100.171
99.9688
99.7992
99.9808
100.219
100.086
99.783
99.8347
100.185
100.247
99.885
99.6843
100.005
100.349
100.14
99.6727
99.7063
100.222
100.433
99.9559
99.5063
99.7971
100.436
100.47
99.7459
99.3793
99.8699
100.682
100.488
99.584
99.1795
99.8967
100.984
100.571
99.5359
98.7221
99.8853
101.275
101.002
99.5975
97.8378
99.6397
101.511
102.381
99.8982
95.9263
98.2983
101.806
108.703
100.915
81.9869
49.9189
18.1059
-0.523631
-8.8282
-2.21871
1.05361
4.23471
1.41161
-2.03718
-1.90098
-1.22665
1.45839
1.88064
0.33714
-0.624669
-1.63107
-0.56574
0.751735
0.957262
0.839923
-0.416857
-0.957334
-0.581695
-0.144207
0.795387
0.702305
0.140499
-0.156491
-0.815984
-0.416321
0.155477
99.9945
99.9989
100.023
99.9978
99.9594
100.003
100.059
99.9997
99.9233
99.9923
100.094
100.022
99.8907
99.9561
100.12
100.074
99.877
99.889
100.114
100.153
99.911
99.8042
100.044
100.231
100.023
99.7507
99.8919
100.238
100.205
99.8145
99.7024
100.085
100.362
100.062
99.6261
99.7676
100.296
100.407
99.8627
99.4939
99.8802
100.499
100.41
99.6556
99.3884
99.9644
100.738
100.404
99.506
99.1815
100.013
101.026
100.497
99.4505
98.7055
100.022
101.305
100.973
99.4756
97.809
99.7617
101.552
102.419
99.7447
95.8825
98.3654
101.859
108.818
100.771
81.9304
49.9091
18.1205
-0.337048
-8.91217
-2.25196
1.00072
4.13305
1.60598
-2.05349
-1.87868
-1.19651
1.23959
1.98422
0.332128
-0.642539
-1.41011
-0.733212
0.753947
0.986914
0.589742
-0.202946
-0.919166
-0.63205
0.147987
0.525422
0.54901
0.24704
-0.455481
-0.490747
-0.063059
100
99.9874
100.01
100.026
99.9804
99.9589
100.026
100.058
99.9705
99.9237
100.027
100.096
99.9817
99.8831
100.001
100.136
100.027
99.8511
99.9351
100.152
100.112
99.8595
99.835
100.108
100.217
99.9505
99.7437
99.9658
100.27
100.139
99.756
99.7502
100.164
100.345
99.9713
99.6062
99.8525
100.355
100.347
99.7705
99.5149
99.9791
100.537
100.319
99.5766
99.4318
100.073
100.76
100.293
99.4402
99.2225
100.145
101.03
100.394
99.3682
98.7406
100.172
101.306
100.904
99.3444
97.8425
99.9011
101.587
102.393
99.5644
95.8987
98.4604
101.951
108.853
100.571
81.911
49.925
18.2437
-0.21436
-9.08776
-2.29203
0.916486
4.21031
1.82422
-2.16543
-1.88853
-1.3412
1.16486
2.25807
0.299045
-0.591035
-1.47992
-1.02823
0.968196
1.04514
0.648223
-0.00897591
-1.3219
-0.705925
0.27645
0.440075
1.02787
0.252613
-0.884295
-0.443887
100.005
99.9899
99.9884
100.025
100.019
99.9612
99.9705
100.051
100.043
99.9402
99.9395
100.065
100.082
99.9372
99.8931
100.052
100.134
99.9693
99.8414
99.9959
100.177
100.052
99.8169
99.8875
100.168
100.179
99.8737
99.7586
100.052
100.285
100.053
99.7072
99.8221
100.244
100.304
99.8687
99.6049
99.9579
100.407
100.262
99.6725
99.5579
100.096
100.564
100.2
99.494
99.4973
100.203
100.771
100.153
99.3642
99.2875
100.303
101.029
100.258
99.2632
98.7984
100.355
101.325
100.792
99.1806
97.8779
100.084
101.673
102.324
99.3487
95.8671
98.5991
102.131
108.868
100.358
81.7739
49.9428
18.4799
-0.0683852
-9.19087
-2.48902
0.726989
4.36968
2.06287
-2.05829
-1.94933
-1.70502
1.07906
2.3999
0.516262
-0.283892
-1.71207
-1.3399
0.841439
0.955265
1.14315
0.285605
-1.48687
-0.816015
-0.295175
0.291869
1.56901
0.454759
-0.450076
100.005
100.003
99.9788
99.9984
100.038
100.003
99.946
99.9926
100.07
100.017
99.9154
99.9682
100.096
100.053
99.8968
99.9186
100.102
100.115
99.9109
99.8485
100.061
100.186
99.9843
99.7882
99.9521
100.219
100.126
99.8023
99.7896
100.139
100.284
99.9618
99.6706
99.9037
100.316
100.252
99.7672
99.6151
100.066
100.452
100.17
99.5777
99.6065
100.215
100.59
100.076
99.4123
99.5599
100.339
100.786
100.013
99.2808
99.3409
100.472
101.042
100.13
99.1422
98.8301
100.551
101.367
100.701
99.0005
97.8588
100.275
101.784
102.308
99.1347
95.746
98.7294
102.304
108.983
100.205
81.5321
49.9286
18.6185
0.17453
-9.12737
-2.74598
0.536615
4.31518
2.2463
-1.71001
-1.9766
-1.90619
0.831542
2.1891
0.848208
0.0318166
-1.6378
-1.35302
0.308843
0.704724
1.39
0.462864
-0.9379
-0.722653
-0.905835
0.0546575
1.1905
0.501352
99.9988
100.013
99.9924
99.9728
100.015
100.043
99.9804
99.9407
100.02
100.077
99.984
99.904
100.005
100.114
100.015
99.8706
99.9568
100.138
100.081
99.8636
99.874
100.119
100.174
99.9195
99.782
100.019
100.247
100.065
99.7512
99.8358
100.21
100.264
99.8794
99.6581
99.9846
100.364
100.191
99.6868
99.6427
100.159
100.475
100.082
99.5103
99.6601
100.311
100.599
99.968
99.3591
99.6144
100.452
100.784
99.9024
99.2217
99.38
100.614
101.036
100.045
99.0419
98.849
100.706
101.383
100.671
98.8445
97.8399
100.41
101.84
102.368
98.9549
95.6637
98.7959
102.362
109.166
100.086
81.4016
49.8996
18.5646
0.434608
-9.08684
-2.83465
0.500828
4.05133
2.37769
-1.52877
-1.96568
-1.72195
0.541406
1.98291
0.964203
-0.0574958
-1.25447
-1.17299
-0.0079471
0.716741
1.00768
0.325559
-0.368427
-0.670804
-0.650107
0.164045
0.349267
99.9945
100.008
100.014
99.9788
99.9764
100.033
100.035
99.9577
99.9501
100.048
100.068
99.9504
99.9117
100.044
100.111
99.9701
99.8664
100.005
100.153
100.032
99.8366
99.9206
100.16
100.136
99.8647
99.8063
100.085
100.243
99.9946
99.7308
99.9023
100.256
100.213
99.8104
99.6827
100.066
100.375
100.112
99.6377
99.7032
100.235
100.456
99.9884
99.4859
99.7377
100.381
100.562
99.8665
99.354
99.69
100.532
100.729
99.8088
99.2089
99.4523
100.712
100.971
99.9762
98.9858
98.9284
100.809
101.336
100.633
98.7294
97.9222
100.495
101.836
102.372
98.7902
95.7337
98.8415
102.389
109.238
99.8967
81.4588
49.9041
18.5619
0.589028
-9.27917
-2.78466
0.525742
3.9557
2.59917
-1.71119
-1.99802
-1.57981
0.360881
2.24915
0.9158
-0.332047
-1.05614
-1.3932
0.152085
1.11889
0.659638
0.379815
-0.55001
-1.13803
-0.0553367
0.370925
99.9963
99.996
100.018
100.005
99.9672
99.9915
100.047
100.015
99.9401
99.975
100.071
100.04
99.9211
99.9398
100.082
100.085
99.9238
99.8862
100.06
100.143
99.9693
99.8317
99.9867
100.183
100.071
99.8206
99.8611
100.15
100.206
99.9133
99.7393
99.9915
100.281
100.13
99.7487
99.7443
100.157
100.352
100.006
99.6101
99.8021
100.31
100.397
99.8728
99.4926
99.8546
100.444
100.477
99.7453
99.3817
99.8135
100.605
100.62
99.6875
99.2246
99.5907
100.807
100.858
99.8501
98.9519
99.0893
100.927
101.265
100.489
98.6203
98.0816
100.635
101.861
102.225
98.5929
95.8353
98.9745
102.552
109.157
99.6292
81.4476
49.9398
18.8408
0.686759
-9.53263
-2.88974
0.34159
4.17558
2.94201
-1.81134
-2.02823
-1.95445
0.194107
2.67647
1.01824
-0.0765271
-1.16742
-2.06212
0.214366
1.17363
0.936255
1.11664
-0.928874
-1.58802
-0.268203
100.001
99.9886
100.006
100.024
99.9882
99.9622
100.015
100.052
99.9846
99.9319
100.011
100.084
99.9996
99.9007
99.9829
100.112
100.042
99.882
99.9247
100.115
100.114
99.9025
99.8454
100.063
100.191
99.9922
99.7871
99.9346
100.211
100.15
99.8276
99.7659
100.093
100.294
100.029
99.6897
99.8255
100.255
100.314
99.8838
99.588
99.9209
100.392
100.323
99.7378
99.5037
99.993
100.521
100.376
99.5979
99.4073
99.963
100.703
100.502
99.5268
99.2269
99.7542
100.946
100.751
99.668
98.8891
99.2519
101.122
101.227
100.289
98.4616
98.1801
100.882
101.96
102.064
98.3465
95.7662
99.1946
102.82
109.148
99.4093
81.1537
49.9472
19.177
0.896643
-9.48712
-3.23174
-0.0276427
4.3013
3.16986
-1.39629
-1.92981
-2.47809
-0.0654427
2.49009
1.25612
0.680474
-1.15079
-2.26514
-0.198755
0.401408
1.30096
1.74818
-0.590223
-0.975096
100.005
99.992
99.9869
100.021
100.022
99.9682
99.9669
100.041
100.047
99.9529
99.9363
100.049
100.083
99.9563
99.8949
100.031
100.127
99.9927
99.8546
99.9728
100.156
100.073
99.8464
99.874
100.131
100.181
99.9159
99.771
100.01
100.255
100.087
99.7558
99.8031
100.184
100.294
99.9338
99.645
99.9059
100.339
100.275
99.7736
99.5739
100.028
100.463
100.257
99.6156
99.5136
100.11
100.599
100.292
99.4648
99.4188
100.083
100.812
100.407
99.3878
99.1994
99.8758
101.103
100.676
99.5309
98.7811
99.35
101.33
101.222
100.187
98.2555
98.1854
101.108
102.057
102.083
98.0956
95.5958
99.3436
102.964
109.375
99.2979
80.8215
49.9054
19.1685
1.22752
-9.21983
-3.48723
-0.182628
3.98474
3.1432
-0.849687
-1.81508
-2.38377
-0.272986
1.78791
1.36738
0.915395
-0.854994
-1.56098
-0.613049
-0.209812
1.10858
1.17642
0.0747772
100.004
100.005
99.9816
99.9934
100.033
100.011
99.953
99.9823
100.06
100.029
99.9294
99.9556
100.078
100.065
99.9207
99.9095
100.073
100.119
99.9452
99.8525
100.024
100.171
100.022
99.8163
99.9188
100.177
100.149
99.857
99.7848
100.077
100.265
100.022
99.7187
99.8561
100.245
100.266
99.8586
99.6383
99.9815
100.38
100.221
99.6993
99.5936
100.11
100.491
100.191
99.5424
99.5498
100.188
100.633
100.212
99.3969
99.4472
100.16
100.868
100.318
99.3333
99.1842
99.9616
101.179
100.603
99.4963
98.6957
99.4387
101.411
101.194
100.197
98.0979
98.2479
101.162
102.072
102.189
97.9073
95.6154
99.3325
102.931
109.61
99.1659
80.8418
49.8778
18.9354
1.48144
-9.2487
-3.42626
0.01342
3.58302
3.18485
-0.866335
-1.9404
-1.82385
-0.369049
1.63032
1.42959
0.247104
-0.648717
-1.08046
-0.681548
0.439802
0.787141
0.228258
99.9983
100.011
99.9965
99.9766
100.007
100.037
99.991
99.9496
100.007
100.065
99.9988
99.9213
99.9897
100.091
100.028
99.9
99.9471
100.103
100.084
99.9048
99.8817
100.074
100.153
99.9626
99.8192
99.9831
100.194
100.086
99.8183
99.8375
100.137
100.232
99.9468
99.7234
99.937
100.274
100.195
99.7966
99.6838
100.068
100.373
100.131
99.657
99.6698
100.189
100.46
100.089
99.517
99.6439
100.259
100.597
100.094
99.3871
99.5378
100.242
100.832
100.185
99.3275
99.2504
100.084
101.141
100.475
99.4673
98.7241
99.6138
101.376
101.099
100.122
98.0694
98.4696
101.144
102.037
102.076
97.782
95.8638
99.342
102.979
109.522
98.887
81.069
49.9139
19.0569
1.56764
-9.69635
-3.34061
0.0566589
3.66147
3.64185
-1.26026
-2.15481
-1.8224
-0.653614
2.32552
1.67559
-0.11463
-0.562223
-1.88379
-0.836932
1.36226
0.827414
99.9957
100.006
100.011
99.9834
99.9813
100.026
100.028
99.967
99.9606
100.038
100.053
99.9616
99.9306
100.034
100.087
99.9774
99.8956
100.003
100.119
100.026
99.8731
99.9371
100.123
100.106
99.8962
99.8492
100.064
100.188
99.9977
99.7931
99.9222
100.196
100.165
99.8574
99.7564
100.046
100.287
100.086
99.7314
99.7674
100.178
100.34
100
99.6188
99.7911
100.291
100.396
99.9408
99.497
99.7899
100.363
100.521
99.9209
99.3685
99.6924
100.378
100.76
99.9879
99.2742
99.3964
100.278
101.102
100.273
99.3264
98.8317
99.8657
101.425
100.944
99.8565
98.0757
98.7244
101.328
102.042
101.725
97.6125
95.9893
99.5972
103.283
109.264
98.5645
80.9265
49.9589
19.6329
1.68195
-9.92613
-3.62107
-0.464419
4.02365
4.16603
-1.11365
-1.95609
-2.60892
-1.20959
2.65455
1.81923
0.815838
-0.180851
-2.87381
-1.20453
0.658801
99.9964
99.9974
100.017
100.003
99.9704
99.9958
100.042
100.009
99.9455
99.9835
100.065
100.029
99.9262
99.9538
100.078
100.068
99.9245
99.9058
100.064
100.122
99.9596
99.8533
100.003
100.164
100.047
99.8341
99.8931
100.145
100.17
99.9041
99.7774
100.016
100.25
100.088
99.767
99.7971
100.161
100.296
99.9706
99.6626
99.8554
100.296
100.309
99.862
99.5686
99.9154
100.408
100.344
99.7799
99.4523
99.9372
100.492
100.472
99.7287
99.308
99.8408
100.543
100.747
99.7665
99.1628
99.5101
100.496
101.175
100.053
99.1311
98.8493
100.101
101.648
100.807
99.5953
97.9228
98.8478
101.708
102.109
101.529
97.3063
95.7914
99.961
103.601
109.345
98.3916
80.3429
49.933
19.9538
2.01064
-9.49248
-4.08392
-1.03352
3.92
4.08664
-0.276031
-1.41454
-3.02608
-1.45399
1.73707
1.48493
1.89084
0.258223
-2.22767
-1.09047
100.001
99.9891
100.006
100.023
99.9881
99.964
100.016
100.05
99.9841
99.9349
100.012
100.081
99.9979
99.9046
99.9855
100.108
100.039
99.8858
99.93
100.112
100.107
99.9041
99.8536
100.063
100.182
99.9885
99.7962
99.9417
100.203
100.139
99.8319
99.7803
100.093
100.28
100.02
99.7055
99.8395
100.247
100.292
99.8819
99.6178
99.9273
100.379
100.282
99.7611
99.5332
100.007
100.488
100.315
99.6608
99.4182
100.033
100.584
100.463
99.5844
99.265
99.909
100.671
100.777
99.6107
99.0947
99.5075
100.665
101.268
99.929
99.0395
98.7211
100.267
101.816
100.777
99.5516
97.639
98.9
101.901
102.189
101.693
96.971
95.6201
100.042
103.62
109.808
98.3251
80.0348
49.8681
19.5711
2.40263
-9.03835
-4.19867
-0.853006
3.27593
3.62128
0.224208
-1.37841
-2.32541
-1.07032
0.711269
1.25959
1.41445
-0.0310448
-0.617482
100.005
99.9935
99.9881
100.017
100.02
99.9736
99.9697
100.034
100.043
99.9616
99.9427
100.039
100.074
99.9663
99.9073
100.021
100.111
99.9999
99.8745
99.9695
100.133
100.07
99.8718
99.8844
100.106
100.162
99.9371
99.8002
99.9969
100.218
100.087
99.7968
99.8204
100.146
100.26
99.9582
99.6984
99.9001
100.282
100.247
99.8254
99.6333
99.9963
100.394
100.227
99.7104
99.564
100.076
100.491
100.263
99.6058
99.4626
100.087
100.595
100.413
99.5236
99.3172
99.9355
100.715
100.717
99.5607
99.1385
99.4985
100.753
101.187
99.9138
99.0687
98.6708
100.391
101.701
100.806
99.5943
97.5443
99.064
101.724
102.214
101.803
96.8373
95.873
99.8313
103.5
109.992
98.12
80.4238
49.8687
19.2026
2.58173
-9.44175
-3.96165
-0.270203
2.93178
3.84323
-0.20791
-2.09294
-1.57794
-0.974929
1.09972
1.99447
0.110935
-0.572191
100.003
100.003
99.9861
99.9964
100.025
100.006
99.9647
99.9895
100.045
100.018
99.9464
99.9708
100.06
100.044
99.9383
99.9371
100.058
100.084
99.9539
99.8938
100.024
100.125
100.008
99.8635
99.9486
100.134
100.102
99.888
99.8481
100.066
100.192
100.004
99.7927
99.9064
100.185
100.185
99.8844
99.7433
99.999
100.281
100.143
99.7751
99.7163
100.094
100.356
100.108
99.6786
99.6763
100.169
100.432
100.13
99.5791
99.5982
100.181
100.541
100.251
99.4919
99.4578
100.053
100.693
100.512
99.511
99.2452
99.671
100.792
100.951
99.826
99.0811
98.9073
100.536
101.482
100.682
99.4316
97.7801
99.3589
101.604
102.139
101.415
96.8866
96.2944
99.8682
103.677
109.531
97.726
80.7751
49.9402
19.7565
2.60849
-10.2545
-3.97836
-0.533219
3.31372
4.92471
-0.621225
-2.34579
-2.09349
-2.06535
2.16475
2.8722
0.303075
99.9998
100.008
99.9932
99.9841
100.013
100.025
99.9828
99.965
100.019
100.046
99.9817
99.9413
100.013
100.071
99.9974
99.9171
99.9861
100.091
100.037
99.9061
99.9346
100.087
100.097
99.9321
99.8713
100.033
100.153
100.016
99.8383
99.9217
100.146
100.144
99.8993
99.8005
100.022
100.228
100.081
99.792
99.8091
100.13
100.276
100.002
99.7065
99.8272
100.23
100.313
99.9419
99.624
99.82
100.316
100.37
99.9384
99.515
99.7611
100.36
100.49
100.03
99.3841
99.6109
100.291
100.694
100.28
99.3143
99.3302
99.9788
100.899
100.783
99.5127
99.0015
99.2281
100.78
101.521
100.325
99.088
97.9555
99.6441
101.987
102.01
100.851
96.7451
96.2955
100.442
104.145
109.118
97.4066
80.2023
49.966
20.7201
2.82068
-10.1129
-4.49787
-1.74618
3.63674
5.40519
0.0503257
-1.21033
-3.15947
-3.21368
1.83354
2.05579
99.9963
100.008
100.007
99.9801
99.9893
100.031
100.017
99.9591
99.9747
100.049
100.037
99.9453
99.9474
100.056
100.071
99.949
99.9079
100.038
100.113
99.9846
99.8693
99.9819
100.14
100.061
99.8637
99.8884
100.113
100.162
99.9346
99.7986
99.9937
100.218
100.096
99.8036
99.8094
100.127
100.268
99.9876
99.7052
99.863
100.251
100.282
99.8771
99.6319
99.9139
100.365
100.294
99.7978
99.5447
99.9296
100.47
100.348
99.7797
99.4014
99.8814
100.538
100.505
99.8637
99.202
99.7108
100.49
100.804
100.142
99.0402
99.3512
100.152
101.148
100.765
99.1715
98.8836
99.2507
101.13
101.76
100.048
98.8708
97.6673
99.8474
102.52
102.002
100.805
96.2202
95.9308
100.956
104.393
109.569
97.3265
79.2422
49.8937
20.678
3.28757
-8.97177
-4.93975
-2.25698
3.10218
4.34658
1.15687
-0.0862987
-2.99192
-2.44486
0.129363
99.9961
99.9988
100.016
99.9993
99.9709
100.001
100.042
100.002
99.9454
99.9921
100.067
100.019
99.9233
99.9656
100.083
100.056
99.9157
99.9182
100.077
100.111
99.9425
99.8607
100.025
100.162
100.023
99.8286
99.9177
100.16
100.148
99.8801
99.7921
100.048
100.247
100.052
99.7542
99.832
100.189
100.274
99.9265
99.6683
99.9046
100.315
100.27
99.8105
99.6
99.967
100.429
100.275
99.7315
99.5014
99.9925
100.532
100.347
99.7095
99.3348
99.9446
100.59
100.559
99.7835
99.1163
99.7439
100.518
100.941
100.065
98.9604
99.3173
100.112
101.373
100.726
99.1571
98.7942
99.0561
101.383
101.764
100.174
98.8735
97.2615
99.9994
102.462
102.202
101.184
95.7692
95.9224
100.71
104.213
110.363
97.2525
79.2971
49.8324
19.6301
3.66083
-8.61318
-4.79048
-1.13056
2.26414
3.37739
1.23805
-1.05523
-1.67756
-0.587263
100
99.9918
100.006
100.017
99.9885
99.973
100.015
100.038
99.9833
99.9504
100.015
100.062
99.9919
99.9253
99.9962
100.086
100.022
99.9072
99.9538
100.093
100.076
99.9163
99.8919
100.061
100.138
99.9774
99.84
99.9692
100.164
100.095
99.8569
99.8389
100.09
100.214
99.9958
99.7656
99.8951
100.205
100.215
99.8841
99.7087
99.9685
100.304
100.197
99.7881
99.6569
100.029
100.394
100.201
99.7204
99.5693
100.055
100.475
100.284
99.6877
99.4243
100.003
100.527
100.503
99.7284
99.245
99.7866
100.475
100.878
99.9583
99.1381
99.34
100.124
101.294
100.535
99.3789
98.8028
99.156
101.329
101.424
100.401
98.8651
97.4615
100.127
101.929
102.326
101.109
95.9381
96.5113
100.169
104.109
110.174
96.9039
80.3392
49.8838
19.423
3.72231
-9.95915
-4.483
-0.175007
2.23149
4.65846
0.424754
-3.07179
-1.2383
100.002
99.9941
99.9957
100.014
100.007
99.9783
99.9891
100.029
100.017
99.9655
99.9751
100.038
100.036
99.9605
99.9515
100.036
100.063
99.9723
99.9223
100.012
100.09
100.011
99.9027
99.9591
100.095
100.076
99.9208
99.8894
100.047
100.139
100.002
99.8496
99.9354
100.136
100.13
99.9102
99.817
100.01
100.204
100.092
99.8257
99.8088
100.083
100.257
100.051
99.7556
99.7939
100.143
100.314
100.037
99.6947
99.7394
100.18
100.386
100.09
99.6403
99.6228
100.154
100.473
100.258
99.628
99.4415
99.9856
100.527
100.578
99.7726
99.2569
99.5839
100.371
101
100.257
99.3069
98.9844
99.6701
101.194
101.147
100.083
98.7064
98.1498
100.32
101.896
102.011
100.31
96.3529
96.9586
100.52
104.521
109.04
96.4272
80.5253
49.9688
20.9582
3.76563
-11.0778
-4.756
-1.60456
2.84571
6.96344
0.373133
-2.38789
100.003
99.9974
99.9892
100.008
100.019
99.9878
99.9728
100.015
100.037
99.9852
99.9527
100.012
100.058
99.9959
99.9314
99.9916
100.077
100.026
99.919
99.9507
100.078
100.076
99.9346
99.8964
100.04
100.127
99.9982
99.8597
99.9515
100.135
100.105
99.8942
99.8416
100.048
100.193
100.035
99.8056
99.87
100.146
100.216
99.9519
99.7401
99.9132
100.23
100.231
99.8767
99.6846
99.9349
100.305
100.269
99.8278
99.6186
99.8977
100.379
100.352
99.8433
99.5252
99.7631
100.423
100.495
99.9925
99.4308
99.4924
100.34
100.667
100.366
99.4763
99.0982
99.9638
100.675
100.984
99.9624
98.8159
99.1994
100.06
101.497
101.179
99.3262
98.5003
98.3188
100.737
102.657
101.517
99.7184
96.0148
96.677
101.734
105.065
108.734
96.194
78.9812
49.9444
22.2391
4.14826
-9.72787
-5.43863
-4.05217
2.83671
6.42593
1.60728
100.002
100.006
99.9875
99.9893
100.023
100.017
99.9681
99.9748
100.039
100.036
99.9556
99.9502
100.046
100.066
99.9585
99.9156
100.03
100.103
99.9893
99.8817
99.9817
100.127
100.056
99.8756
99.8994
100.105
100.146
99.9354
99.8168
100.002
100.201
100.078
99.8124
99.8359
100.132
100.238
99.967
99.7246
99.9026
100.248
100.237
99.8527
99.6666
99.9733
100.345
100.236
99.7533
99.6122
100.005
100.446
100.269
99.6914
99.5232
99.9597
100.562
100.365
99.7198
99.3663
99.7925
100.646
100.555
99.9344
99.1744
99.4464
100.559
100.801
100.469
99.1449
98.9217
100.076
100.83
101.368
99.7002
98.519
99.0953
99.9878
102.155
101.243
99.1005
98.2991
97.6579
101.247
103.144
101.611
100.049
94.933
96.2655
102.172
105.088
110.096
96.1942
77.7087
49.839
21.0231
4.69872
-7.37556
-5.66355
-3.56858
1.86006
2.55478
99.9971
100.009
100.003
99.98
99.9954
100.031
100.008
99.9583
99.9859
100.051
100.024
99.9409
99.9628
100.064
100.055
99.9369
99.9244
100.055
100.098
99.9615
99.8798
100.011
100.137
100.029
99.8575
99.9225
100.131
100.131
99.9035
99.8209
100.036
100.21
100.047
99.7907
99.8576
100.163
100.231
99.9324
99.7162
99.9308
100.271
100.221
99.8208
99.667
99.9973
100.367
100.216
99.7314
99.6085
100.022
100.472
100.248
99.6912
99.4942
99.9788
100.579
100.358
99.7509
99.2975
99.8255
100.618
100.587
100.002
99.0765
99.5024
100.434
100.875
100.583
99.0528
99.0405
99.8066
100.88
101.526
99.6321
98.8223
98.7186
99.8772
102.301
101.081
99.7285
98.0994
97.3074
101.347
102.536
102.316
100.522
94.5538
96.639
101.032
104.747
111.179
96.0166
78.9273
49.8181
18.8325
4.96336
-8.01941
-5.25952
0.242091
1.13308
99.9972
100.001
100.01
99.9957
99.9821
100.007
100.026
99.9929
99.9654
100.005
100.043
99.9995
99.948
99.9921
100.059
100.021
99.9363
99.9627
100.064
100.057
99.9435
99.9205
100.04
100.1
99.9863
99.8851
99.9766
100.118
100.068
99.8962
99.8853
100.067
100.153
99.9916
99.8296
99.9324
100.154
100.147
99.9045
99.7931
99.9956
100.223
100.125
99.8264
99.7679
100.048
100.288
100.113
99.7669
99.7222
100.075
100.36
100.14
99.7372
99.6232
100.057
100.427
100.25
99.7638
99.4633
99.9504
100.439
100.478
99.9171
99.2963
99.6959
100.274
100.775
100.319
99.2922
99.3279
99.7349
100.869
101.012
99.7519
99.1933
98.7721
100.175
101.611
100.83
100.063
98.1181
98.1655
100.973
101.753
102.43
99.9869
95.636
97.5054
100.149
104.827
109.81
95.5039
81.1038
49.918
19.6822
4.93943
-11.9866
-5.07755
1.51303
99.9985
99.9982
100.008
100.003
99.9864
99.9959
100.019
100.007
99.9754
99.9887
100.029
100.018
99.968
99.9739
100.033
100.036
99.97
99.952
100.023
100.06
99.9897
99.9307
99.9919
100.074
100.032
99.9283
99.9408
100.058
100.086
99.9684
99.894
99.9921
100.112
100.056
99.9025
99.8946
100.057
100.142
100.007
99.85
99.9145
100.118
100.156
99.9598
99.8068
99.9325
100.169
100.176
99.9271
99.7607
99.9276
100.208
100.223
99.9243
99.7037
99.8755
100.225
100.312
99.9814
99.6478
99.7503
100.175
100.434
100.147
99.6538
99.5505
99.9717
100.507
100.451
99.8596
99.3807
99.5371
100.313
100.775
100.419
99.567
99.0163
99.567
100.633
101.175
100.569
99.1571
98.4556
99.2219
101.041
102.152
101.248
98.8497
96.5101
97.7264
101.625
105.476
107.488
95.0357
80.2401
49.9771
23.8589
5.10581
-13.3568
-5.64456
99.9999
99.9936
100.007
100.013
99.9878
99.9796
100.017
100.029
99.9809
99.9614
100.019
100.049
99.9848
99.9393
100.007
100.071
100.007
99.92
99.9741
100.084
100.051
99.9201
99.9212
100.065
100.107
99.9625
99.8694
99.9959
100.142
100.057
99.8673
99.8843
100.097
100.167
99.9674
99.8036
99.944
100.187
100.151
99.8743
99.769
100.016
100.258
100.125
99.7943
99.7382
100.077
100.319
100.126
99.7248
99.6863
100.103
100.384
100.193
99.6682
99.5995
100.045
100.458
100.355
99.6678
99.4831
99.8341
100.492
100.625
99.8263
99.4128
99.4162
100.324
100.924
100.256
99.6276
98.8909
99.7044
100.939
100.855
100.499
98.795
98.6236
100.129
100.881
101.96
100.168
98.0602
98.5121
98.9476
102.192
103.24
100.225
98.5802
95.168
97.1525
104.038
105.907
108.162
94.9357
76.0627
49.892
25.4215
5.66123
-6.28511
100.004
99.9932
99.9918
100.017
100.014
99.9739
99.9792
100.034
100.03
99.9601
99.9579
100.043
100.057
99.959
99.9266
100.033
100.091
99.9817
99.8927
99.9944
100.119
100.038
99.8786
99.9216
100.11
100.122
99.9196
99.8382
100.03
100.188
100.04
99.8104
99.8781
100.155
100.2
99.9221
99.7455
99.964
100.258
100.169
99.8081
99.7123
100.058
100.337
100.137
99.707
99.681
100.127
100.412
100.147
99.6133
99.6245
100.133
100.516
100.231
99.5482
99.5164
100.013
100.654
100.415
99.5943
99.3531
99.6879
100.742
100.706
99.8948
99.2526
99.0967
100.553
100.975
100.565
99.5828
98.3805
99.8102
100.775
101.354
100.868
98.2428
98.6493
99.5013
101.068
102.931
99.8983
98.4309
97.7177
97.8918
103.225
103.247
101.254
99.3373
92.9155
96.9657
103.521
105.635
112.119
94.933
74.5015
49.7906
18.5527
6.18736
100.002
100.003
99.9882
99.9953
100.021
100.008
99.97
99.9877
100.038
100.02
99.9554
99.9701
100.049
100.043
99.9507
99.9406
100.044
100.077
99.9675
99.905
100.012
100.109
100.018
99.8839
99.9447
100.11
100.098
99.9127
99.8613
100.044
100.168
100.02
99.8241
99.9041
100.149
100.172
99.9175
99.7733
99.9801
100.234
100.145
99.8201
99.7472
100.055
100.302
100.123
99.7334
99.7205
100.098
100.381
100.133
99.6659
99.6597
100.079
100.491
100.196
99.6562
99.5274
99.9609
100.611
100.343
99.7856
99.3284
99.6868
100.633
100.571
100.178
99.203
99.2173
100.364
100.696
100.914
99.507
98.7213
99.6617
100.221
101.679
100.66
98.8219
98.9351
98.6478
101.262
102.347
100.248
99.6984
96.9861
98.084
102.384
101.994
103.186
99.5652
93.5057
97.8155
99.7436
105.298
113.471
94.5742
81.3617
49.8326
6.30975
99.9995
100.004
99.9982
99.9913
100.004
100.014
99.9954
99.9811
100.004
100.024
99.9977
99.9701
99.9983
100.035
100.008
99.9612
99.9826
100.04
100.029
99.9615
99.9576
100.032
100.056
99.9816
99.9323
99.9985
100.074
100.027
99.9286
99.9434
100.056
100.084
99.9735
99.8968
99.9838
100.105
100.067
99.9174
99.8878
100.033
100.139
100.038
99.8686
99.8884
100.075
100.17
100.014
99.8284
99.8777
100.103
100.212
100.008
99.7997
99.8297
100.114
100.268
100.044
99.7928
99.7244
100.09
100.317
100.158
99.8423
99.5701
99.9819
100.301
100.357
100.032
99.4402
99.7589
100.097
100.529
100.454
99.5192
99.5296
99.6017
100.335
101.006
100.026
99.6867
99.0757
99.3427
101.073
100.769
100.62
99.6135
97.9066
99.7391
100.628
101.387
102.414
98.4484
97.3367
98.7004
98.5188
105.674
106.411
93.9576
93.5936
49.9497
)
;

boundaryField
{
    left
    {
        type            fixedValue;
        value           uniform 100;
    }
    right
    {
        type            zeroGradient;
    }
    up
    {
        type            zeroGradient;
    }
    down
    {
        type            fixedValue;
        value           uniform 0;
    }
    frontAndBack
    {
        type            empty;
    }
}


// ************************************************************************* //
