/*--------------------------------*- C++ -*----------------------------------*\
  =========                 |
  \\      /  F ield         | OpenFOAM: The Open Source CFD Toolbox
   \\    /   O peration     | Website:  https://openfoam.org
    \\  /    A nd           | Version:  8
     \\/     M anipulation  |
\*---------------------------------------------------------------------------*/
FoamFile
{
    version     2.0;
    format      ascii;
    class       volScalarField;
    location    "0.611";
    object      T;
}
// * * * * * * * * * * * * * * * * * * * * * * * * * * * * * * * * * * * * * //

dimensions      [0 0 0 1 0 0 0];

internalField   nonuniform List<scalar> 
10000
(
50
4.65006
-4.64996
-1.17802
1.17752
0.448265
-0.446822
-0.217113
0.213893
0.125107
-0.119043
-0.0831219
0.072985
0.0623325
-0.0468624
-0.0514199
0.0295327
0.0451156
-0.0161961
-0.0405238
0.00477978
0.0358203
0.00536086
-0.0298207
-0.0139811
0.021922
0.0202689
-0.0122019
-0.0231752
0.00152694
0.0218409
0.00847152
-0.0160988
-0.0156885
0.00691575
0.0181637
0.00345501
-0.0149389
-0.0118583
0.00685017
0.0152586
0.00322213
-0.0121677
-0.011091
0.00382862
0.0130456
0.00573082
-0.00802409
-0.0113559
-0.00115477
0.00972743
0.00881703
-0.00194367
-0.00985182
-0.00649064
0.00362332
0.00922838
0.00483622
-0.00421235
-0.00838757
-0.00393456
0.00403208
0.00756313
0.00367701
-0.00329943
-0.00676952
-0.00386624
0.0021392
0.00588464
0.00424681
-0.000656069
-0.00472881
-0.00451171
-0.00096695
0.00315928
0.00433709
0.00239009
-0.00119908
-0.00348019
-0.00314636
-0.000820474
0.00192685
0.00286599
0.00222996
-2.70015e-05
-0.00161335
-0.00235069
-0.00146805
-8.48392e-06
0.00120609
0.00169932
0.00115997
0.000208802
-0.000630514
-0.00113844
-0.000912098
-0.00039513
5.09044e-05
0.000681576
0.000478805
95.35
50
10.478
-4.64961
-2.80368
1.17631
1.11204
-0.443926
-0.555947
0.208259
0.327138
-0.109446
-0.218388
0.0581556
0.160704
-0.0256826
-0.126358
0.00132347
0.102371
0.0189328
-0.0819182
-0.0360071
0.0612895
0.0491226
-0.0388675
-0.05659
0.0148596
0.0565445
0.00879474
-0.0478124
-0.0287283
0.0308396
0.040928
-0.00840228
-0.0420782
-0.0143364
0.0312366
0.0308445
-0.0112127
-0.0354108
-0.0112564
0.0259532
0.0273086
-0.00612213
-0.0297021
-0.0149867
0.0170924
0.0265092
0.00379864
-0.0219112
-0.020629
0.00409186
0.0226137
0.0148854
-0.00857872
-0.0212696
-0.0106027
0.0103938
0.0192919
0.00810804
-0.0103452
-0.0173715
-0.007222
0.00900735
0.0156425
0.00754798
-0.00669922
-0.0138762
-0.00856856
0.00361384
0.0116592
0.00963704
-1.61423e-05
-0.00860066
-0.00997848
-0.0035645
0.00461057
0.00882954
0.00626185
-0.000195609
-0.00581659
-0.00706515
-0.0034756
0.00150561
0.00534794
0.00505958
0.00236167
-0.00162482
-0.00395443
-0.00380669
-0.00195899
0.000908373
0.00252438
0.00279212
0.00191644
-0.000133895
-0.00106456
-0.00186774
-0.00168352
-0.000265834
104.65
89.522
49.9999
12.1036
-4.64888
-3.4674
1.17412
1.45086
-0.439205
-0.758087
0.199764
0.462732
-0.0958533
-0.317408
0.0382482
0.236698
0.00137144
-0.185123
-0.0329739
0.145698
0.0594508
-0.109595
-0.0802867
0.0725306
0.0931689
-0.0335666
-0.09517
-0.00529084
0.0840319
0.0395266
-0.0595941
-0.0631232
0.0250473
0.0704014
0.0125915
-0.0585321
-0.0434748
0.0299657
0.0577645
0.00651654
-0.0498493
-0.0374915
0.022286
0.0498271
0.0130825
-0.0374777
-0.038994
0.00658886
0.0414104
0.0254313
-0.0189295
-0.0388466
-0.0138179
0.0248809
0.0338934
0.0058831
-0.0264793
-0.0290675
-0.00166533
0.0255134
0.0254593
0.00054289
-0.0230737
-0.0231906
-0.00177607
0.0195847
0.021792
0.00464426
-0.0150459
-0.0204385
-0.00834365
0.00937116
0.0181393
0.0118192
-0.00278827
-0.0140347
-0.0137303
-0.00378939
0.00788764
0.0127742
0.00866627
-0.00063162
-0.00847108
-0.00991984
-0.00547916
0.0020164
0.00681538
0.00768669
0.0037643
-0.00124692
-0.00483651
-0.00580258
-0.0030971
-0.000257537
0.00289893
0.00396852
0.00260152
0.00168666
-0.00137987
-0.0018812
101.178
104.65
87.8964
49.9998
12.7673
-4.64765
-3.80626
1.17069
1.65322
-0.432308
-0.8942
0.187996
0.562723
-0.0778623
-0.394964
0.0129871
0.297706
0.0342962
-0.231357
-0.0728964
0.176769
0.104269
-0.124333
-0.126258
0.0702348
0.135073
-0.0151979
-0.127011
-0.0361539
0.100377
0.076338
-0.0573808
-0.0970488
0.00537899
0.0922782
0.0434909
-0.0618798
-0.0750655
0.0141056
0.0782656
0.0348264
-0.0510539
-0.065538
0.00418105
0.0640963
0.0407817
-0.0308387
-0.060672
-0.0164493
0.0442145
0.0498397
-0.00171579
-0.047995
-0.0381053
0.0127047
0.0464939
0.0288187
-0.0176829
-0.0428701
-0.0230472
0.018253
0.0387899
0.0205917
-0.0156746
-0.0346975
-0.0206384
0.0107444
0.0302231
0.0220208
-0.00404361
-0.0245986
-0.0232709
-0.00364247
0.0171349
0.0227189
0.0109227
-0.00782535
-0.0188995
-0.0157173
-0.00203924
0.0113745
0.0158742
0.0097408
-0.0017041
-0.0105598
-0.0122279
-0.00635918
0.00177327
0.00836669
0.00886247
0.00542818
-0.000627571
-0.00533297
-0.00618194
-0.00526006
-0.000614277
0.001934
0.00392455
0.00454995
0.00120277
98.8224
102.804
104.649
87.2327
49.9997
13.1062
-4.64579
-4.00883
1.16579
1.78987
-0.422898
-0.99527
0.172577
0.642089
-0.0551415
-0.458666
-0.0177879
0.347567
0.0729169
-0.266851
-0.11776
0.196328
0.15206
-0.126565
-0.171939
0.0551632
0.172393
0.0146051
-0.149689
-0.0748951
0.103912
0.115267
-0.0411146
-0.126056
-0.0259733
0.102834
0.0798591
-0.0506108
-0.103433
-0.0145124
0.0874287
0.0685898
-0.0372069
-0.0887323
-0.0256168
0.0650767
0.0703948
-0.00946103
-0.0729054
-0.0467675
0.0317508
0.068982
0.0262835
-0.0427201
-0.0605712
-0.0121532
0.0458775
0.052178
0.0045482
-0.0443649
-0.0457879
-0.00242088
0.0401265
0.0416553
0.00447506
-0.0339463
-0.0389708
-0.00942072
0.0258672
0.0362886
0.0158039
-0.0157874
-0.0318824
-0.0217197
0.00416113
0.024295
0.0247602
0.00736866
-0.013227
-0.022605
-0.0158234
0.000471716
0.014468
0.0178364
0.00996458
-0.00270071
-0.012071
-0.013444
-0.00735929
0.00184928
0.00823266
0.0102843
0.00602175
0.000736018
-0.00458579
-0.00712507
-0.00483483
-0.00340188
0.00182927
0.00324216
99.5518
98.8234
103.467
104.648
86.8938
49.9995
13.3089
-4.64317
-4.14594
1.15918
1.89194
-0.410659
-1.07644
0.153171
0.70864
-0.027432
-0.512562
-0.0541184
0.388236
0.11689
-0.292396
-0.166675
0.204665
0.201302
-0.11666
-0.215243
0.0283065
0.202791
0.0538061
-0.161207
-0.118295
0.0937819
0.152253
-0.0118451
-0.146165
-0.0657086
0.0995447
0.116636
-0.0250102
-0.123287
-0.0522227
0.0819777
0.101695
-0.00903233
-0.101102
-0.0620193
0.0502403
0.0946531
0.0236732
-0.0704492
-0.0770106
0.00462824
0.0757287
0.0583172
-0.0215534
-0.0729408
-0.0436978
0.0290786
0.0670326
0.0347177
-0.0297791
-0.0605741
-0.0310023
0.0256377
0.0542165
0.0312553
-0.0178803
-0.0473412
-0.0336531
0.00737628
0.0387071
0.0359054
0.00469945
-0.0271923
-0.035384
-0.0162302
0.0127447
0.0297306
0.0240144
0.00263593
-0.0181404
-0.0246929
-0.014689
0.00296095
0.0168449
0.0186639
0.00984435
-0.00332439
-0.0128816
-0.0138218
-0.0081414
0.00117911
0.00819388
0.00963923
0.00783004
0.000981598
-0.00299111
-0.00593565
-0.00673733
-0.00184745
100.447
98.888
98.8253
103.806
104.647
86.6911
49.9993
13.4463
-4.63966
-4.24878
1.15063
1.9747
-0.395294
-1.14571
0.129482
0.766629
0.00545093
-0.558794
-0.0959271
0.420618
0.165709
-0.308244
-0.218569
0.201884
0.250321
-0.0950863
-0.254059
-0.00903308
0.224149
0.099977
-0.160123
-0.162874
0.0700166
0.183371
0.0283244
-0.154159
-0.109676
0.0813076
0.148616
0.0128774
-0.130303
-0.0939676
0.0606941
0.127879
0.0303079
-0.098291
-0.0984171
0.020025
0.106924
0.0628139
-0.0510206
-0.0992606
-0.0328319
0.0655578
0.0859148
0.0126086
-0.0690888
-0.0732562
-0.00202749
0.0662693
0.0639678
-0.000616083
-0.0598823
-0.0582759
-0.00275345
0.0509717
0.0549269
0.0103144
-0.0394783
-0.0517761
-0.0200583
0.0251065
0.0462557
0.0293238
-0.00833731
-0.036127
-0.0346559
-0.00862132
0.0207425
0.032605
0.0215214
-0.00242527
-0.0218115
-0.0253342
-0.0132038
0.00536276
0.0177962
0.0192326
0.00934139
-0.0034674
-0.0124951
-0.0144958
-0.00787015
-0.000379565
0.00728174
0.00996979
0.00658532
0.0041642
-0.003264
-0.00460084
100.217
100.444
98.5491
98.8284
104.009
104.645
86.5536
49.9991
13.5496
-4.63516
-4.33272
1.13991
2.04628
-0.376525
-1.2075
0.101254
0.818399
0.043615
-0.598431
-0.143017
0.445019
0.21871
-0.314368
-0.272206
0.188078
0.297343
-0.0625205
-0.286335
-0.0552067
0.234667
0.150349
-0.14564
-0.205039
0.0335591
0.205062
0.0763588
-0.147818
-0.153199
0.0485443
0.170943
0.0594416
-0.12161
-0.133878
0.0245958
0.141567
0.0756261
-0.0782478
-0.127711
-0.0221696
0.102418
0.100451
-0.0158454
-0.106671
-0.0734059
0.0376939
0.100845
0.0530369
-0.0467407
-0.0917078
-0.0410078
0.0467877
0.0826071
0.0365187
-0.0405745
-0.074246
-0.0376879
0.029657
0.0656035
0.0420323
-0.0150188
-0.0547873
-0.0464673
-0.00197806
0.0399987
0.0473808
0.0186614
-0.0208233
-0.0413518
-0.0307454
-0.000350422
0.0268634
0.0334459
0.0178696
-0.00662417
-0.0242622
-0.0250148
-0.0114735
0.0063816
0.0187501
0.0183211
0.00991529
-0.00332243
-0.0120561
-0.0131778
-0.00993527
3.00167e-05
0.00485097
0.00876341
0.00880138
0.00177943
99.7859
100.556
100.44
98.3466
98.8329
104.146
104.642
86.4503
49.9988
13.6341
-4.62954
-4.40599
1.12682
2.11127
-0.354092
-1.26436
0.068277
0.865207
0.0870886
-0.631906
-0.195072
0.4614
0.275082
-0.310632
-0.326212
0.163436
0.340542
-0.0199038
-0.310154
-0.108218
0.232966
0.201895
-0.117677
-0.24126
-0.0137571
0.214365
0.128473
-0.126113
-0.191439
0.0031989
0.179573
0.10984
-0.0961416
-0.165946
-0.0231262
0.138643
0.120379
-0.0416234
-0.143427
-0.0704303
0.0791207
0.128631
0.0304044
-0.0949282
-0.108357
-0.0044963
0.0970647
0.0905715
-0.00831157
-0.0918783
-0.0783223
0.0106897
0.0829376
0.071561
-0.0052615
-0.0713889
-0.0684476
-0.00570061
0.0568521
0.0660527
0.0197856
-0.0385545
-0.0608566
-0.0337136
0.0166721
0.049609
0.0430061
0.00632294
-0.030924
-0.0428675
-0.0250342
0.00722899
0.0308297
0.0325364
0.0144113
-0.0100592
-0.0249185
-0.0244931
-0.010163
0.00697824
0.0176171
0.0189289
0.00887711
-0.00113383
-0.0109201
-0.0134461
-0.00813195
-0.00456669
0.00558617
0.00656945
99.875
99.7912
100.758
100.433
98.2098
98.8391
104.249
104.638
86.3657
49.9985
13.7083
-4.62269
-4.47331
1.11115
2.17237
-0.32776
-1.31773
0.0303869
0.90766
0.135818
-0.659268
-0.251655
0.469542
0.333875
-0.296901
-0.37911
0.128318
0.378102
0.0315223
-0.323823
-0.165754
0.218169
0.251438
-0.0769145
-0.268255
-0.0692799
0.209127
0.180373
-0.0893209
-0.219799
-0.0513869
0.171705
0.158462
-0.0548254
-0.184737
-0.0774193
0.117078
0.157542
0.00818846
-0.140785
-0.117183
0.0383211
0.140412
0.0802941
-0.0633152
-0.129199
-0.0539446
0.0723011
0.115655
0.039312
-0.0706024
-0.103662
-0.0348424
0.0617227
0.0937327
0.0379621
-0.0473892
-0.0842376
-0.0455544
0.0284326
0.0724296
0.0537882
-0.00606647
-0.0555696
-0.0580186
-0.0167923
0.0325012
0.0535316
0.0348736
-0.00555268
-0.0376607
-0.0416763
-0.01848
0.0129078
0.0329638
0.030549
0.0112659
-0.011514
-0.0253144
-0.0226012
-0.0102509
0.00664709
0.0167614
0.0167396
0.0114333
-0.00166649
-0.00734784
-0.0118265
-0.0108619
-0.00164331
100.119
99.6728
99.7994
100.895
100.424
98.1075
98.8472
104.333
104.632
86.2914
49.9982
13.7769
-4.61449
-4.53748
1.0927
2.2312
-0.297316
-1.36841
-0.0125294
0.945964
0.189663
-0.680339
-0.312214
0.46915
0.394019
-0.273116
-0.429353
0.0833027
0.408279
0.0902121
-0.325952
-0.225243
0.189973
0.295792
-0.0247904
-0.283186
-0.129671
0.188181
0.227558
-0.039053
-0.234331
-0.11073
0.146109
0.199494
-0.000570197
-0.18608
-0.131927
0.0773109
0.180595
0.0654083
-0.117576
-0.154366
-0.0153978
0.131228
0.124878
-0.0151268
-0.129527
-0.101159
0.0288978
0.120617
0.086114
-0.0299221
-0.108698
-0.079091
0.0215759
0.0947766
0.0775055
-0.0064346
-0.0778728
-0.0775675
-0.0129502
0.0564155
0.0746851
0.0329613
-0.029896
-0.0643208
-0.0482366
0.000644877
0.0439009
0.052419
0.0250826
-0.0154607
-0.0412737
-0.0383296
-0.0128034
0.0172635
0.0326994
0.0286376
0.00876467
-0.0120993
-0.0234569
-0.0224492
-0.00863252
0.00393487
0.0151223
0.0164546
0.00908824
0.004007
-0.0082625
-0.00830701
100.083
100.11
99.5369
99.8107
100.996
100.413
98.0245
98.8573
104.407
104.626
86.2227
49.9978
13.8427
-4.60483
-4.60025
1.07129
2.28874
-0.262574
-1.4168
-0.0605358
0.980072
0.248405
-0.69481
-0.376092
0.459924
0.454348
-0.239345
-0.475371
0.0292126
0.429468
0.154337
-0.315524
-0.28394
0.148689
0.331909
0.0365456
-0.283837
-0.191093
0.151451
0.265642
0.0218329
-0.232094
-0.169582
0.103308
0.227529
0.061981
-0.167625
-0.179741
0.0223209
0.184481
0.122609
-0.0746559
-0.174749
-0.0747523
0.0998863
0.155317
0.0427087
-0.106521
-0.136126
-0.0263657
0.101658
0.121188
0.0230079
-0.0894866
-0.110502
-0.0292759
0.0716558
0.101602
0.0415272
-0.048502
-0.0906641
-0.0553765
0.0206959
0.0736723
0.0652764
0.00899312
-0.0482298
-0.0650853
-0.0345915
0.0160501
0.0504089
0.0478665
0.0152518
-0.0226217
-0.0422912
-0.0341297
-0.00788966
0.0190765
0.032251
0.0253353
0.00828552
-0.0120079
-0.0217519
-0.0196214
-0.0110917
0.00481445
0.0104189
0.0148991
0.0115159
0.000543708
99.9267
100.219
100.097
99.4366
99.8258
101.077
100.398
97.9526
98.8699
104.474
104.619
86.1568
49.9975
13.9076
-4.5936
-4.66274
1.04674
2.34557
-0.223367
-1.46303
-0.113648
1.00978
0.311745
-0.702306
-0.442535
0.4416
0.513618
-0.195811
-0.515609
-0.0328861
0.44025
0.221826
-0.291945
-0.339021
0.0952446
0.357024
0.104323
-0.268751
-0.249431
0.099992
0.290677
0.0894174
-0.211439
-0.222375
0.045591
0.238141
0.126889
-0.129194
-0.214223
-0.0426458
0.166379
0.17171
-0.0159864
-0.173136
-0.130832
0.0489779
0.164525
0.100746
-0.0617429
-0.150398
-0.0834743
0.0599848
0.135284
0.0773478
-0.047804
-0.119726
-0.0788986
0.0278224
0.101817
0.083493
-0.00235568
-0.0787885
-0.0854937
-0.0250326
0.0489019
0.0789373
0.0483563
-0.0137028
-0.0595801
-0.0596498
-0.0201673
0.0281954
0.0524112
0.0416042
0.00679759
-0.0274353
-0.0408162
-0.0305149
-0.00396788
0.0195145
0.0298353
0.0243838
0.00589918
-0.00867161
-0.020422
-0.0185526
-0.008703
-0.00160871
0.0123207
0.00994619
99.9377
99.9412
100.318
100.079
99.3568
99.8448
101.147
100.379
97.8872
98.8849
104.539
104.61
86.0918
49.9971
13.9728
-4.58071
-4.72567
1.01886
2.402
-0.179553
-1.50705
-0.171836
1.03476
0.379311
-0.702421
-0.5107
0.41399
0.570531
-0.142913
-0.548562
-0.101684
0.439448
0.290405
-0.25508
-0.38768
0.0311699
0.368783
0.175267
-0.237331
-0.300525
0.0359555
0.299439
0.158974
-0.172187
-0.263692
-0.0231264
0.228364
0.187486
-0.0729063
-0.229812
-0.110615
0.126194
0.20507
0.0517738
-0.147296
-0.174446
-0.0153291
0.148539
0.148615
-0.00112313
-0.138902
-0.131074
0.00187702
0.123039
0.120898
0.00891647
-0.102168
-0.114567
-0.0273279
0.0756822
0.107034
0.0487449
-0.0431387
-0.0927759
-0.0669506
0.00649231
0.0676766
0.074305
0.0281385
-0.0320491
-0.0641543
-0.0508229
-0.00655615
0.0357829
0.0518909
0.0344252
0.000528774
-0.0294227
-0.0392591
-0.0257664
-0.00335348
0.0198285
0.0271753
0.0214657
0.00865653
-0.0100608
-0.0143866
-0.0182648
-0.0109145
0.00175439
100.047
99.8389
99.9608
100.396
100.057
99.2897
99.868
101.21
100.358
97.8256
98.9027
104.602
104.599
86.0265
49.9966
14.039
-4.56604
-4.78951
0.98751
2.45817
-0.131011
-1.54871
-0.235018
1.05463
0.450652
-0.694757
-0.579663
0.377
0.623752
-0.0812456
-0.572813
-0.175638
0.426164
0.357655
-0.205284
-0.427227
-0.0414315
0.365366
0.245728
-0.189914
-0.340408
-0.0374893
0.289688
0.225278
-0.115724
-0.288739
-0.0975654
0.197067
0.237018
-0.00308868
-0.222737
-0.173629
0.0667535
0.216561
0.120039
-0.0985005
-0.197558
-0.0840524
0.107433
0.176834
0.065838
-0.1012
-0.158708
-0.0622645
0.0844604
0.142824
0.068928
-0.0594875
-0.126003
-0.0805073
0.0278153
0.103906
0.0904712
0.00768813
-0.0730364
-0.0913347
-0.0409956
0.0334282
0.0766433
0.0627051
0.00868617
-0.0449564
-0.0633654
-0.0404873
0.00395036
0.0405426
0.0481406
0.0292161
-0.00451353
-0.0291387
-0.035993
-0.0243576
-0.00052085
0.0152588
0.0263327
0.0198
0.00694116
-0.00228772
-0.0173879
-0.0116018
100.052
100.026
99.7624
99.9858
100.46
100.029
99.2311
99.8959
101.267
100.332
97.7662
98.9235
104.665
104.587
85.9601
49.9961
14.1068
-4.54948
-4.85455
0.952517
2.51409
-0.0776501
-1.58773
-0.303059
1.06898
0.52524
-0.678945
-0.648427
0.330666
0.671934
-0.0116076
-0.587074
-0.252986
0.399838
0.421068
-0.143426
-0.455203
-0.119937
0.345608
0.311853
-0.127812
-0.365559
-0.116304
0.260387
0.282973
-0.0449865
-0.293803
-0.171486
0.145192
0.269355
0.0740507
-0.191594
-0.223667
-0.0063422
0.202533
0.179387
-0.0316192
-0.194664
-0.146662
0.0456527
0.17862
0.127572
-0.0419809
-0.159062
-0.119799
0.0254147
0.136296
0.11863
0.000244356
-0.108267
-0.117775
-0.0307183
0.0728079
0.110058
0.0596634
-0.0303161
-0.0891373
-0.078193
-0.0136929
0.0529782
0.0769889
0.0479989
-0.00800303
-0.0519406
-0.059419
-0.0303128
0.0114495
0.0414666
0.0448631
0.0229586
-0.00494548
-0.029078
-0.0321057
-0.0213685
-0.00389458
0.0165796
0.0186241
0.0209121
0.00889059
-0.00473187
99.9701
100.127
99.9995
99.7007
100.016
100.515
99.9967
99.1785
99.9285
101.321
100.302
97.708
98.9473
104.728
104.573
85.8921
49.9957
14.1766
-4.53093
-4.92096
0.913742
2.56971
-0.0194058
-1.62383
-0.37577
1.07736
0.602476
-0.654676
-0.715935
0.275164
0.713752
0.064994
-0.590234
-0.331784
0.360279
0.478137
-0.0708789
-0.469492
-0.201297
0.30909
0.369778
-0.0532845
-0.373159
-0.195805
0.211855
0.326991
0.0356833
-0.276663
-0.238219
0.0758059
0.279699
0.150992
-0.137694
-0.253658
-0.0852517
0.162526
0.220894
0.0453447
-0.163901
-0.192749
-0.0284102
0.151383
0.172513
0.0294432
-0.129789
-0.158431
-0.0431984
0.100496
0.145772
0.0640485
-0.0635868
-0.128341
-0.0850239
0.0204525
0.100369
0.0973774
0.0236345
-0.0594913
-0.0921763
-0.0583416
0.0104104
0.0647441
0.0710153
0.0331156
-0.0204133
-0.0547296
-0.0527476
-0.0227197
0.0169058
0.0397501
0.0402904
0.0205291
-0.00764812
-0.0232444
-0.0313104
-0.0186677
-0.00327118
0.00793652
0.0221758
0.012179
99.9547
99.9982
100.186
99.9666
99.6501
100.053
100.562
99.9587
99.1309
99.9661
101.373
100.268
97.6504
98.9745
104.793
104.558
85.8221
49.9951
14.2486
-4.51029
-4.98884
0.871049
2.62488
0.0437582
-1.65664
-0.452914
1.07935
0.6817
-0.621713
-0.781097
0.210818
0.747935
0.147359
-0.581397
-0.409954
0.307693
0.526439
0.0105033
-0.468428
-0.282158
0.256201
0.415848
0.0305482
-0.361301
-0.270957
0.145812
0.352964
0.120831
-0.236873
-0.291285
-0.0060883
0.265179
0.219684
-0.065077
-0.258449
-0.160799
0.0995512
0.237484
0.122284
-0.107607
-0.213812
-0.103636
0.0975148
0.191364
0.100697
-0.0743767
-0.16897
-0.107591
0.0412366
0.142634
0.117045
-0.00124917
-0.107853
-0.120424
-0.0399415
0.0625599
0.108957
0.0728081
-0.010524
-0.0773681
-0.0853241
-0.0367029
0.0294182
0.0688791
0.062448
0.0191133
-0.0279562
-0.0540848
-0.0465223
-0.0151251
0.0170922
0.0391013
0.0345231
0.0179496
-0.00447064
-0.0241264
-0.0221843
-0.0215807
-0.00380399
0.00878893
100.017
99.8968
100.032
100.233
99.928
99.6086
100.094
100.603
99.9153
99.0875
100.009
101.422
100.229
97.5932
99.0051
104.858
104.54
85.7498
49.9946
14.3232
-4.48747
-5.05823
0.824311
2.67943
0.111855
-1.68581
-0.534208
1.07453
0.762195
-0.579897
-0.842798
0.138105
0.773288
0.234114
-0.559904
-0.485333
0.242684
0.563717
0.0984463
-0.450874
-0.358998
0.188133
0.446805
0.119851
-0.329143
-0.336691
0.0653125
0.35759
0.204284
-0.175879
-0.324997
-0.0939491
0.225247
0.2724
0.0198209
-0.235528
-0.223589
0.0198604
0.225049
0.188393
-0.0321775
-0.204765
-0.167957
0.0242258
0.178973
0.158634
-0.00173314
-0.147463
-0.154044
-0.0300459
0.10811
0.146141
0.0645017
-0.059855
-0.126634
-0.0922712
0.00602883
0.0899389
0.102033
0.0431862
-0.0377522
-0.0849831
-0.0722059
-0.0168698
0.0421666
0.068357
0.0516523
0.00960963
-0.033531
-0.0499036
-0.0408608
-0.0114885
0.019288
0.0319857
0.0344499
0.0138148
-0.00306923
-0.0157708
-0.0265318
-0.0111199
100.041
99.9814
99.8527
100.073
100.27
99.8838
99.5753
100.142
100.637
99.8665
99.0482
100.057
101.469
100.185
97.5361
99.0394
104.925
104.521
85.6751
49.994
14.4003
-4.46237
-5.12914
0.773408
2.73315
0.184874
-1.71093
-0.619325
1.0625
0.843197
-0.529154
-0.899912
0.0576483
0.788715
0.323727
-0.525357
-0.555718
0.166253
0.587949
0.190311
-0.416276
-0.428262
0.106867
0.459962
0.210248
-0.276993
-0.388211
-0.0253996
0.338911
0.279589
-0.0969898
-0.334997
-0.18023
0.161841
0.302565
0.108757
-0.18546
-0.265159
-0.0676977
0.183157
0.23369
0.0526943
-0.164924
-0.210307
-0.0574693
0.135477
0.191778
0.0753186
-0.0962519
-0.171839
-0.0986147
0.0482376
0.143239
0.117862
0.00484916
-0.100632
-0.122009
-0.0540126
0.0446489
0.101803
0.0850363
0.0144758
-0.0565472
-0.0838885
-0.0575201
0.000101981
0.0484848
0.0646804
0.0423216
0.00114208
-0.0326072
-0.048409
-0.0331932
-0.0101858
0.0162397
0.0321831
0.0243866
0.0196819
-0.00429799
-0.013799
99.995
100.083
99.9406
99.8209
100.118
100.296
99.8346
99.55
100.194
100.665
99.8125
99.013
100.11
101.514
100.137
97.4791
99.0774
104.994
104.499
85.5977
49.9934
14.4801
-4.43488
-5.20151
0.718225
2.7858
0.262781
-1.7316
-0.707889
1.0429
0.923888
-0.469503
-0.951312
-0.0297732
0.793233
0.41452
-0.477641
-0.61891
0.079793
0.597415
0.283156
-0.36472
-0.486494
0.0151291
0.453362
0.297014
-0.206364
-0.421301
-0.121097
0.29653
0.340482
-0.00522195
-0.318703
-0.257002
0.0793591
0.305499
0.192465
-0.11201
-0.279059
-0.152642
0.115348
0.25047
0.135239
-0.098375
-0.222481
-0.134384
0.066589
0.192555
0.142282
-0.023852
-0.155681
-0.14944
-0.0248153
0.107442
0.145185
0.0706559
-0.047866
-0.120119
-0.100657
-0.0146725
0.0713552
0.101342
0.0628195
-0.0089812
-0.0672885
-0.077553
-0.042426
0.0108298
0.0523602
0.0571916
0.0355649
-0.00312447
-0.0331957
-0.0398922
-0.0339536
-0.00502838
0.0117174
0.0246257
0.0290732
0.00820454
99.9637
100.036
100.111
99.8953
99.8005
100.167
100.313
99.781
99.5327
100.251
100.688
99.7534
98.9821
100.168
101.557
100.084
97.4224
99.1194
105.064
104.475
85.5175
49.9927
14.5627
-4.40491
-5.2753
0.658658
2.83711
0.345507
-1.74741
-0.799473
1.0154
1.00341
-0.401076
-0.995885
-0.123221
0.786011
0.504694
-0.416947
-0.672768
-0.014917
0.590774
0.37382
-0.296968
-0.530496
-0.083684
0.425926
0.375309
-0.119967
-0.432633
-0.215851
0.231758
0.381388
0.0929861
-0.275681
-0.316676
-0.0156009
0.279057
0.261608
-0.0219462
-0.261803
-0.224103
0.0289453
0.23459
0.203237
-0.0136999
-0.200706
-0.193289
-0.017009
0.158998
0.185739
0.0563149
-0.1072
-0.170574
-0.0950786
0.0457144
0.138605
0.120846
0.0186383
-0.0858942
-0.120198
-0.0708517
0.0192328
0.0861255
0.0915509
0.0414922
-0.0274466
-0.0696975
-0.0694297
-0.0295907
0.0187638
0.0493497
0.0538305
0.0260893
-0.00235109
-0.03019
-0.0383714
-0.023664
-0.0139082
0.0148538
0.018551
99.9948
99.9376
100.081
100.127
99.8468
99.7915
100.22
100.32
99.7238
99.5236
100.313
100.703
99.6895
98.9559
100.231
101.598
100.026
97.366
99.1654
105.136
104.448
85.4346
49.9921
14.6481
-4.37236
-5.3504
0.594618
2.8868
0.432954
-1.75797
-0.893604
0.979726
1.08085
-0.324119
-1.03256
-0.221605
0.766397
0.592361
-0.343799
-0.715287
-0.115744
0.567148
0.45903
-0.214482
-0.557491
-0.185625
0.377579
0.440452
-0.0216298
-0.420058
-0.303412
0.147634
0.397928
0.190233
-0.207834
-0.352763
-0.114755
0.224053
0.307858
0.0755576
-0.213549
-0.272265
-0.065695
0.186364
0.245894
0.0771008
-0.146645
-0.223279
-0.101316
0.0955913
0.196164
0.128463
-0.0351292
-0.156132
-0.146387
-0.0283003
0.098547
0.142003
0.0815173
-0.0278268
-0.106484
-0.106855
-0.039058
0.0439433
0.0908938
0.0773186
0.0220765
-0.0376356
-0.069837
-0.0575765
-0.0219682
0.0231297
0.0469756
0.0440881
0.0272967
-0.00820905
-0.0218111
-0.0327514
-0.027438
-0.00261599
100.03
99.9504
99.9258
100.128
100.13
99.7966
99.7937
100.275
100.317
99.6639
99.5232
100.377
100.712
99.6212
98.9347
100.3
101.635
99.9631
97.3102
99.2156
105.209
104.42
85.3488
49.9914
14.7364
-4.33713
-5.42673
0.526028
2.93458
0.524996
-1.76286
-0.989768
0.935671
1.15531
-0.238996
-1.06033
-0.323701
0.73394
0.675592
-0.259041
-0.744656
-0.220261
0.526163
0.535527
-0.119386
-0.565276
-0.286372
0.309299
0.488204
0.0838851
-0.382817
-0.377641
0.0487916
0.387355
0.278747
-0.119373
-0.360597
-0.208906
0.144355
0.324939
0.169913
-0.138302
-0.289786
-0.15649
0.11079
0.255664
0.160392
-0.0674231
-0.217932
-0.171483
0.012736
0.17016
0.177747
0.0462775
-0.108029
-0.166383
-0.0974453
0.0340604
0.127872
0.124011
0.0383547
-0.0629562
-0.111576
-0.0858343
-0.0113243
0.0605116
0.0867892
0.0633181
0.00630632
-0.0432125
-0.0638582
-0.0514414
-0.0112603
0.0196055
0.0443225
0.0398656
0.0181966
0.00302399
-0.0271111
-0.0217559
100.014
100.04
99.9055
99.9277
100.174
100.12
99.7464
99.8071
100.33
100.303
99.6026
99.5316
100.445
100.713
99.549
98.9191
100.373
101.669
99.8951
97.255
99.2702
105.284
104.388
85.2601
49.9906
14.8275
-4.29915
-5.50417
0.452816
2.98015
0.621485
-1.76173
-1.08742
0.883077
1.22587
-0.146178
-1.07826
-0.428173
0.688398
0.752459
-0.16383
-0.759315
-0.325806
0.467981
0.600185
-0.0144058
-0.552336
-0.381419
0.223112
0.515027
0.191135
-0.321642
-0.432948
-0.0588227
0.348839
0.351036
-0.0165326
-0.337856
-0.288836
0.0466034
0.309433
0.25033
-0.0435823
-0.27289
-0.231266
0.0170208
0.229556
0.223075
0.0253586
-0.176636
-0.214583
-0.0750602
0.111368
0.193504
0.120226
-0.0357148
-0.149711
-0.145193
-0.0394939
0.081345
0.134667
0.0942171
-0.00151536
-0.0838045
-0.106484
-0.0619755
0.0102798
0.0678513
0.0807515
0.0470148
-0.00118728
-0.0468137
-0.0571499
-0.0415272
-0.0126194
0.0253913
0.031813
0.037988
0.0197167
-0.00594409
99.9775
100.058
100.035
99.8625
99.9426
100.219
100.098
99.6981
99.8316
100.384
100.28
99.5408
99.5493
100.514
100.706
99.4733
98.9094
100.451
101.7
99.822
97.2009
99.3291
105.36
104.354
85.1685
49.9899
14.9216
-4.25831
-5.58261
0.374913
3.0232
0.722251
-1.75419
-1.18599
0.821845
1.29159
-0.0462422
-1.0855
-0.533583
0.629743
0.821056
-0.0596156
-0.757987
-0.429549
0.393305
0.650113
0.0972129
-0.517925
-0.466264
0.122026
0.518283
0.294268
-0.238772
-0.464666
-0.168308
0.283608
0.400489
0.0928765
-0.28487
-0.3462
-0.0603564
0.261269
0.307046
0.0603534
-0.221992
-0.279392
-0.082791
0.169756
0.254648
0.117389
-0.104898
-0.221966
-0.151837
0.0299871
0.171473
0.17099
0.0457226
-0.0993325
-0.159632
-0.104344
0.0139826
0.11011
0.124248
0.0605553
-0.0321598
-0.0940241
-0.0927156
-0.0423701
0.0271185
0.0682762
0.0710936
0.0379837
-0.0116266
-0.0395162
-0.0552275
-0.0340609
-0.00695391
0.0126892
0.0390131
0.0220342
99.9794
99.9844
100.097
100.016
99.824
99.9697
100.259
100.066
99.6534
99.8669
100.436
100.246
99.4799
99.5765
100.585
100.691
99.3948
98.9061
100.533
101.727
99.7439
97.148
99.3925
105.438
104.318
85.0739
49.9891
15.0186
-4.21451
-5.66191
0.292261
3.06342
0.827097
-1.73989
-1.28485
0.751936
1.35153
0.0601213
-1.08129
-0.638395
0.558178
0.879536
0.0518669
-0.739727
-0.528543
0.303392
0.682749
0.21178
-0.462131
-0.536591
0.00995468
0.496414
0.387318
-0.137907
-0.4694
-0.272222
0.194972
0.42194
0.200025
-0.204741
-0.37435
-0.166234
0.183906
0.332474
0.161574
-0.141853
-0.293253
-0.175007
0.0835308
0.248944
0.193784
-0.0136493
-0.190989
-0.203005
-0.0589525
0.11487
0.187265
0.118542
-0.0259229
-0.136599
-0.144339
-0.0569262
0.0561056
0.120308
0.104888
0.0282028
-0.0522328
-0.0944375
-0.0786562
-0.0227074
0.0324307
0.0691701
0.0591262
0.0292952
-0.00988603
-0.0435648
-0.038864
-0.0373062
-0.00527731
0.0163681
100.013
99.9421
100.005
100.13
99.9861
99.7924
100.008
100.293
100.022
99.6143
99.9123
100.484
100.203
99.4212
99.6132
100.655
100.668
99.3141
98.9097
100.619
101.749
99.6609
97.0966
99.4606
105.517
104.278
84.9764
49.9882
15.1185
-4.16765
-5.74194
0.204813
3.10048
0.935791
-1.71849
-1.38334
0.673387
1.40476
0.172102
-1.06499
-0.740992
0.474151
0.926144
0.168606
-0.703965
-0.619795
0.200062
0.695979
0.325262
-0.385942
-0.588476
-0.108404
0.449108
0.464527
-0.024088
-0.44534
-0.363063
0.0882232
0.412183
0.295747
-0.103253
-0.369098
-0.260251
0.0842079
0.322213
0.247814
-0.0412758
-0.26947
-0.246354
-0.0174951
0.205354
0.241496
0.0822822
-0.12587
-0.218124
-0.138313
0.0342479
0.164724
0.166222
0.0541832
-0.0811852
-0.148788
-0.113043
-0.0129992
0.0836223
0.117733
0.0799167
0.00446699
-0.0659435
-0.0866901
-0.0648313
-0.0112663
0.0397831
0.0575188
0.0574573
0.0186437
-0.0097328
-0.0309797
-0.0462385
-0.0174942
100.024
99.9913
99.9136
100.036
100.154
99.9461
99.7699
100.055
100.318
99.9701
99.5825
99.9672
100.526
100.149
99.366
99.6595
100.725
100.635
99.2318
98.9205
100.709
101.766
99.5731
97.0471
99.5333
105.597
104.236
84.8759
49.9874
15.2214
-4.11766
-5.82253
0.112539
3.13404
1.04807
-1.68968
-1.48079
0.586319
1.45038
0.288775
-1.0361
-0.839701
0.378374
0.959281
0.288348
-0.650567
-0.700362
0.0856764
0.688253
0.433429
-0.291276
-0.618611
-0.227753
0.377414
0.520719
0.0965264
-0.392512
-0.43383
-0.0296323
0.370403
0.371352
0.0114855
-0.329335
-0.33227
-0.028098
0.275827
0.30801
0.0677937
-0.209685
-0.285924
-0.118853
0.129307
0.251708
0.166564
-0.037329
-0.193255
-0.19228
-0.0542354
0.107275
0.177658
0.122357
-0.00666648
-0.115836
-0.140008
-0.0775744
0.024064
0.0957296
0.107408
0.0567179
-0.0153808
-0.066575
-0.082495
-0.0473779
-0.00578984
0.0378749
0.0574082
0.0389011
0.0272742
-0.0155816
-0.0264369
99.9983
100.049
99.9599
99.8964
100.076
100.166
99.8986
99.7584
100.109
100.333
99.91
99.5599
100.031
100.561
100.087
99.3158
99.7153
100.792
100.594
99.1489
98.939
100.802
101.779
99.4804
96.9996
99.6108
105.678
104.19
84.7724
49.9865
15.3272
-4.06443
-5.90355
0.0154228
3.16379
1.16364
-1.6532
-1.57647
0.490934
1.48751
0.409112
-0.994268
-0.93283
0.271814
0.977548
0.40865
-0.579854
-0.767459
-0.0369198
0.658684
0.532028
-0.180935
-0.624517
-0.342462
0.283757
0.551671
0.217019
-0.312892
-0.478607
-0.150358
0.298391
0.419473
0.129704
-0.257332
-0.373973
-0.141397
0.197137
0.333833
0.171744
-0.12062
-0.28699
-0.205409
0.0316743
0.221665
0.224275
0.0592544
-0.132211
-0.209662
-0.132307
0.0266098
0.15013
0.162078
0.0691795
-0.0540348
-0.13077
-0.119297
-0.0421107
0.0473574
0.101072
0.0889935
0.0397364
-0.0275787
-0.0674068
-0.0668673
-0.0456454
0.00709381
0.0297494
0.0477566
0.0440416
0.00672224
99.9775
100.029
100.062
99.9219
99.8923
100.121
100.166
99.8466
99.7593
100.169
100.336
99.8441
99.5477
100.101
100.586
100.016
99.2719
99.7802
100.856
100.543
99.0661
98.9655
100.898
101.785
99.3832
96.9546
99.693
105.759
104.142
84.6659
49.9855
15.4359
-4.00789
-5.98482
-0.0865468
3.18941
1.28221
-1.6088
-1.66969
0.387507
1.51533
0.532003
-0.939314
-1.0187
0.15567
0.979779
0.526946
-0.492602
-0.818546
-0.164485
0.607094
0.61696
-0.0585158
-0.604688
-0.446846
0.171858
0.554404
0.33014
-0.210337
-0.493052
-0.265103
0.2005
0.434798
0.240861
-0.158651
-0.379854
-0.243469
0.093922
0.320877
0.257115
-0.0133121
-0.248154
-0.263805
-0.0728152
0.155291
0.244762
0.146655
-0.0460314
-0.186238
-0.183838
-0.0599284
0.0895916
0.163634
0.128312
0.0198997
-0.0870506
-0.127798
-0.0954226
-0.011966
0.0621345
0.0941774
0.077873
0.0186795
-0.0273579
-0.0652461
-0.0604109
-0.0283255
-0.00630715
0.0396089
0.0328989
99.9914
99.9679
100.065
100.06
99.8815
99.9022
100.167
100.151
99.7931
99.7738
100.23
100.326
99.7745
99.5475
100.177
100.602
99.9377
99.2356
99.8539
100.916
100.484
98.9843
99.0003
100.996
101.786
99.2815
96.9124
99.7802
105.841
104.09
84.5565
49.9846
15.5476
-3.94793
-6.06621
-0.193379
3.21057
1.40343
-1.55626
-1.7597
0.276381
1.53307
0.656264
-0.871205
-1.09567
0.0313624
0.965063
0.640584
-0.390032
-0.851399
-0.293466
0.534038
0.684427
0.0717188
-0.558683
-0.535439
0.0465738
0.527391
0.428738
-0.0904018
-0.474757
-0.365054
0.0833711
0.414605
0.334595
-0.0416947
-0.347894
-0.322812
-0.0228863
0.269346
0.312342
0.0983195
-0.17371
-0.284544
-0.167841
0.0625898
0.22375
0.208779
0.0493207
-0.125965
-0.198119
-0.13318
0.0090132
0.127162
0.155895
0.0868946
-0.0200551
-0.102713
-0.118732
-0.0664686
0.00503956
0.0715701
0.0848876
0.0602196
0.016768
-0.0396165
-0.0480424
-0.0566769
-0.0284907
0.00974739
100.017
99.9577
99.9736
100.1
100.043
99.8428
99.9263
100.211
100.123
99.7414
99.8021
100.291
100.303
99.7034
99.56
100.257
100.607
99.8534
99.2083
99.9357
100.969
100.415
98.9044
99.0437
101.095
101.78
99.1756
96.8732
99.8722
105.924
104.035
84.4441
49.9836
15.6621
-3.88447
-6.14754
-0.305075
3.22695
1.52697
-1.4954
-1.84575
0.157973
1.54001
0.780629
-0.790071
-1.16212
-0.0994772
0.932762
0.746869
-0.273802
-0.864164
-0.42007
0.440821
0.731069
0.204957
-0.487195
-0.603237
-0.0862816
0.470703
0.506172
0.0399369
-0.423494
-0.442071
-0.044471
0.359092
0.40165
0.0829607
-0.279889
-0.369911
-0.140315
0.184194
0.329279
0.199272
-0.0732825
-0.263438
-0.238099
-0.0417178
0.164155
0.233574
0.136041
-0.0406997
-0.171545
-0.177044
-0.0736938
0.0620882
0.143946
0.131195
0.0507401
-0.0509433
-0.105153
-0.102182
-0.0482362
0.0251532
0.0630179
0.0820045
0.0461654
0.00567357
-0.023504
-0.0598493
-0.0316789
100.016
100.009
99.9269
99.9937
100.131
100.013
99.81
99.9638
100.25
100.081
99.6947
99.8441
100.349
100.266
99.6335
99.586
100.338
100.599
99.7642
99.191
100.025
101.016
100.337
98.8273
99.0958
101.196
101.767
99.0656
96.8375
99.9692
106.008
103.976
84.3287
49.9826
15.7796
-3.8174
-6.22863
-0.421623
3.23821
1.65243
-1.42604
-1.92708
0.0327852
1.53548
0.903755
-0.696225
-1.21649
-0.235001
0.882547
0.843109
-0.146016
-0.855439
-0.540356
0.329513
0.754108
0.335983
-0.3921
-0.645969
-0.220162
0.386115
0.556739
0.172625
-0.341377
-0.489328
-0.173177
0.271546
0.434776
0.203441
-0.181496
-0.378391
-0.244695
0.074763
0.304459
0.275385
0.0392837
-0.202468
-0.271849
-0.140219
0.075605
0.215781
0.197375
0.0521808
-0.108676
-0.182468
-0.138573
-0.0164785
0.0954977
0.142448
0.103884
0.0154139
-0.0624381
-0.10662
-0.0807666
-0.032109
0.0267185
0.07
0.0568756
0.0504167
-0.0011617
-0.0284915
99.9927
100.044
99.9874
99.9038
100.026
100.152
99.9717
99.7867
100.013
100.278
100.028
99.6564
99.8989
100.4
100.215
99.5671
99.6257
100.419
100.578
99.6718
99.1848
100.12
101.056
100.251
98.7539
99.1568
101.297
101.747
98.9519
96.8055
100.071
106.091
103.914
84.2103
49.9815
15.9001
-3.74663
-6.3093
-0.542989
3.24403
1.7794
-1.34809
-2.00289
-0.0985837
1.51889
1.02423
-0.590182
-1.25736
-0.373163
0.814448
0.926684
-0.0092047
-0.824365
-0.650347
0.202948
0.751524
0.45937
-0.276475
-0.660373
-0.348092
0.277142
0.576117
0.299002
-0.232891
-0.50196
-0.292303
0.158286
0.429572
0.3077
-0.0619059
-0.345969
-0.323264
-0.0461299
0.239943
0.315328
0.14787
-0.11005
-0.262904
-0.215823
-0.0269225
0.158551
0.220497
0.134041
-0.0228534
-0.148592
-0.169296
-0.0910502
0.0253155
0.116175
0.125825
0.0779298
-0.00728505
-0.0742581
-0.0885676
-0.0761681
-0.0115872
0.0261599
0.0549307
0.0662287
0.0192442
99.981
100.015
100.061
99.9552
99.8923
100.068
100.161
99.9217
99.7763
100.07
100.295
99.9642
99.6292
99.965
100.442
100.152
99.507
99.679
100.498
100.544
99.5779
99.1907
100.221
101.086
100.157
98.6853
99.2267
101.399
101.72
98.8346
96.7776
100.178
106.175
103.848
84.0889
49.9803
16.0234
-3.67207
-6.38936
-0.669121
3.2441
1.90743
-1.26149
-2.07243
-0.235452
1.48977
1.14061
-0.472661
-1.28342
-0.511761
0.728872
0.995136
0.133727
-0.770693
-0.746193
0.0646567
0.722192
0.569731
-0.144519
-0.644461
-0.463061
0.148933
0.561767
0.410409
-0.104694
-0.47761
-0.391721
0.028263
0.385115
0.38483
0.0669498
-0.27495
-0.365926
-0.163648
0.143274
0.312519
0.236525
-0.000117947
-0.21172
-0.255397
-0.125077
0.0725137
0.199996
0.188852
0.0660562
-0.0818926
-0.159754
-0.143299
-0.0467984
0.0571749
0.115343
0.114332
0.0460463
-0.01645
-0.0745782
-0.0848479
-0.0479617
-0.0239312
0.0401953
0.0431144
99.9965
99.9671
100.045
100.065
99.917
99.8952
100.114
100.155
99.867
99.7809
100.134
100.297
99.8936
99.6159
100.04
100.472
100.077
99.4558
99.7454
100.572
100.496
99.4843
99.2092
100.326
101.106
100.055
98.6224
99.3055
101.499
101.685
98.7142
96.7541
100.29
106.258
103.779
83.9646
49.9792
16.1497
-3.59364
-6.46862
-0.799963
3.23811
2.03607
-1.16622
-2.13494
-0.377066
1.44774
1.25144
-0.344565
-1.29356
-0.648485
0.626604
1.04625
0.279578
-0.694816
-0.824312
-0.0812477
0.665974
0.66198
-0.00138914
-0.597679
-0.558444
0.0080102
0.513191
0.498825
0.0348084
-0.416752
-0.462533
-0.107704
0.304236
0.426272
0.191684
-0.172148
-0.366687
-0.262802
0.0264742
0.266523
0.291712
0.110366
-0.125821
-0.252203
-0.200367
-0.0269373
0.140497
0.205025
0.13814
0.00372624
-0.115237
-0.157584
-0.104987
-0.0164739
0.0775694
0.110662
0.088491
0.0395777
-0.0386374
-0.0582827
-0.0757375
-0.0495681
0.00465212
100.016
99.9678
99.9682
100.079
100.054
99.8781
99.9138
100.16
100.133
99.8123
99.8019
100.198
100.282
99.8193
99.6182
100.122
100.489
99.9926
99.4157
99.8238
100.638
100.435
99.3929
99.241
100.434
101.115
99.9463
98.5662
99.3932
101.598
101.641
98.5908
96.7353
100.407
106.341
103.706
83.8373
49.978
16.2788
-3.51125
-6.54692
-0.935457
3.22578
2.16485
-1.06231
-2.18967
-0.522616
1.39254
1.35526
-0.206972
-1.28684
-0.780958
0.50879
1.07807
0.424934
-0.597759
-0.881509
-0.230205
0.583744
0.731555
0.147021
-0.52098
-0.62838
-0.138078
0.432024
0.557459
0.176043
-0.322735
-0.497883
-0.237866
0.193371
0.426743
0.298961
-0.0483062
-0.324377
-0.330563
-0.0954183
0.183232
0.304314
0.204506
-0.0193094
-0.206233
-0.238774
-0.121642
0.0552718
0.177445
0.179812
0.08697
-0.0466859
-0.129344
-0.138564
-0.0786841
0.0180445
0.0736915
0.107846
0.0704833
0.0170032
-0.0205942
-0.0758752
-0.0453066
100.012
100.012
99.9393
99.9846
100.109
100.027
99.844
99.9478
100.201
100.095
99.7621
99.8397
100.26
100.25
99.7451
99.6376
100.207
100.489
99.9011
99.389
99.913
100.696
100.36
99.3058
99.2864
100.543
101.113
99.8317
98.5176
99.4894
101.694
101.59
98.465
96.7217
100.529
106.424
103.629
83.707
49.9767
16.4109
-3.4248
-6.62405
-1.07554
3.20681
2.29329
-0.949805
-2.23591
-0.671226
1.32399
1.45061
-0.0611216
-1.26253
-0.906756
0.376924
1.089
0.566221
-0.48118
-0.91507
-0.377329
0.477386
0.7746
0.294301
-0.416822
-0.668092
-0.281142
0.322
0.581228
0.308887
-0.201606
-0.493605
-0.350502
0.0620224
0.384907
0.376872
0.0829914
-0.242838
-0.357759
-0.205943
0.0736731
0.271663
0.26759
0.0896782
-0.124103
-0.234318
-0.1923
-0.0390658
0.111608
0.184174
0.145239
0.0334763
-0.0707914
-0.137114
-0.111696
-0.0512214
0.0251597
0.0885627
0.0760141
0.0714409
0.00671075
-0.0343644
99.9927
100.037
99.9935
99.9173
100.015
100.13
99.9874
99.8198
99.9953
100.231
100.043
99.7212
99.8931
100.314
100.201
99.6751
99.6747
100.292
100.472
99.8052
99.3776
100.011
100.741
100.273
99.225
99.3454
100.652
101.098
99.712
98.4776
99.5942
101.787
101.53
98.337
96.7134
100.655
106.505
103.548
83.5738
49.9755
16.5459
-3.33418
-6.69983
-1.22014
3.18089
2.42086
-0.828816
-2.27292
-0.821944
1.24201
1.53604
0.0915672
-1.22009
-1.02343
0.232855
1.07777
0.699766
-0.347364
-0.922856
-0.517531
0.349795
0.788153
0.433754
-0.289152
-0.674174
-0.412757
0.188863
0.56716
0.423354
-0.0618132
-0.448685
-0.434904
-0.0780125
0.303781
0.416082
0.206931
-0.130939
-0.340122
-0.289488
-0.0474444
0.198625
0.288471
0.183327
-0.0199231
-0.188506
-0.223281
-0.126057
0.0248644
0.148041
0.166141
0.10756
-0.0027428
-0.0940346
-0.115953
-0.103926
-0.0203619
0.0312045
0.0700896
0.0895271
0.0282001
99.9838
100.012
100.053
99.9636
99.9072
100.055
100.138
99.9382
99.8099
100.053
100.248
99.9787
99.6938
99.9601
100.357
100.137
99.6132
99.729
100.374
100.437
99.7078
99.3829
100.116
100.774
100.175
99.1524
99.418
100.759
101.07
99.5882
98.4469
99.7069
101.877
101.461
98.2072
96.7109
100.787
106.587
103.463
83.4375
49.9741
16.6838
-3.2393
-6.77402
-1.36915
3.14774
2.54703
-0.699498
-2.29999
-0.973737
1.14667
1.61013
0.249492
-1.15926
-1.12853
0.0787984
1.04357
0.821874
-0.199233
-0.903429
-0.645666
0.204858
0.770343
0.558672
-0.143328
-0.644893
-0.524737
0.0401588
0.514746
0.510351
0.0862406
-0.365496
-0.482506
-0.213511
0.19062
0.411053
0.309167
-0.00203994
-0.278624
-0.33425
-0.162676
0.0962022
0.262316
0.247064
0.0858847
-0.107913
-0.209701
-0.188021
-0.0614579
0.0753665
0.151644
0.151053
0.060967
-0.021344
-0.0982635
-0.112876
-0.0638717
-0.0326649
0.0528343
0.0575914
99.9967
99.9723
100.04
100.055
99.9276
99.9124
100.099
100.13
99.8845
99.8174
100.116
100.246
99.9072
99.6834
100.037
100.385
100.059
99.5635
99.7996
100.447
100.385
99.6122
99.4059
100.225
100.791
100.067
99.09
99.5036
100.862
101.029
99.4614
98.4264
99.8274
101.962
101.384
98.0761
96.7145
100.924
106.667
103.374
83.2983
49.9728
16.8246
-3.14005
-6.84642
-1.52246
3.10708
2.67121
-0.562076
-2.31645
-1.1255
1.03818
1.6715
0.41088
-1.08006
-1.2197
-0.0826905
0.986071
0.928947
-0.0402995
-0.856171
-0.756749
0.0473721
0.720578
0.662679
0.0140649
-0.580439
-0.609663
-0.115169
0.426201
0.562444
0.230968
-0.24984
-0.487909
-0.330968
0.0561649
0.361312
0.377157
0.127983
-0.18008
-0.33409
-0.253904
-0.0211764
0.193927
0.269471
0.173228
-0.00550954
-0.158334
-0.207518
-0.132625
-0.014545
0.107875
0.147222
0.114482
0.0479609
-0.0554875
-0.0791474
-0.100932
-0.0636943
0.00822762
100.013
99.971
99.9759
100.07
100.04
99.892
99.9346
100.142
100.103
99.8323
99.8437
100.179
100.225
99.8332
99.6925
100.121
100.395
99.9704
99.5295
99.8845
100.51
100.315
99.5219
99.4471
100.336
100.791
99.9517
99.0397
99.6017
100.96
100.974
99.3329
98.417
99.955
102.042
101.297
97.9442
96.7244
101.065
106.745
103.281
83.1561
49.9713
16.9683
-3.03636
-6.9168
-1.67992
3.05866
2.79284
-0.416834
-2.32169
-1.27609
0.916911
1.71888
0.573823
-0.98281
-1.29472
-0.24877
0.905517
1.01761
0.125422
-0.78136
-0.846173
-0.117119
0.63965
0.74011
0.175517
-0.483024
-0.661444
-0.267357
0.306479
0.574514
0.360668
-0.110748
-0.449413
-0.418249
-0.0862256
0.271749
0.401613
0.243418
-0.0575564
-0.288155
-0.307002
-0.136354
0.0964902
0.243708
0.229285
0.096523
-0.0794467
-0.178436
-0.179214
-0.0917071
0.0368897
0.105198
0.143799
0.0867262
0.0150491
-0.0350909
-0.104387
-0.0587127
100.012
100.007
99.9467
99.9951
100.095
100.01
99.8635
99.9728
100.177
100.06
99.7879
99.8886
100.236
100.184
99.7621
99.7224
100.206
100.383
99.8759
99.514
99.9808
100.558
100.229
99.4403
99.5065
100.445
100.774
99.8301
99.0031
99.7113
101.051
100.906
99.2039
98.4192
100.089
102.115
101.202
97.8119
96.7409
101.211
106.823
103.183
83.0109
49.9698
17.1149
-2.92814
-6.98498
-1.8414
3.00226
2.91132
-0.264099
-2.31514
-1.42431
0.783352
1.75111
0.736316
-0.868128
-1.35157
-0.416381
0.802682
1.08483
0.293542
-0.680185
-0.909912
-0.282547
0.529744
0.786337
0.33297
-0.356795
-0.675808
-0.406418
0.162932
0.544335
0.464494
0.0402329
-0.369174
-0.46624
-0.221447
0.151426
0.378702
0.329949
0.0718227
-0.200872
-0.315625
-0.229347
-0.0148278
0.173754
0.246734
0.173265
0.0174135
-0.114545
-0.187252
-0.137434
-0.0509709
0.0511396
0.125364
0.0994705
0.0873997
-0.00457897
-0.0519945
99.9958
100.032
99.9862
99.9311
100.027
100.109
99.9683
99.8481
100.024
100.198
100.002
99.757
99.9498
100.281
100.125
99.6998
99.7729
100.286
100.351
99.7798
99.5194
100.085
100.588
100.13
99.3707
99.5835
100.55
100.739
99.7049
98.9819
99.8312
101.132
100.824
99.0758
98.4338
100.229
102.182
101.097
97.6797
96.7645
101.361
106.898
103.081
82.8627
49.9683
17.2644
-2.81528
-7.05073
-2.00677
2.93764
3.02607
-0.104238
-2.29628
-1.56896
0.638127
1.76714
0.896273
-0.736918
-1.38846
-0.582298
0.678875
1.12797
0.459406
-0.554727
-0.94466
-0.44255
0.394391
0.797988
0.47824
-0.20768
-0.650604
-0.522774
0.00477681
0.472989
0.533117
0.190336
-0.253534
-0.469447
-0.334486
0.0125312
0.311363
0.375045
0.191488
-0.0843468
-0.279324
-0.282608
-0.125497
0.0770209
0.21825
0.212049
0.114299
-0.0375591
-0.144048
-0.155578
-0.122655
-0.00342529
0.0575109
0.104485
0.113705
0.0271306
99.9859
100.016
100.041
99.9564
99.9296
100.066
100.106
99.9194
99.8505
100.082
100.2
99.9348
99.7445
100.023
100.309
100.05
99.6516
99.8425
100.357
100.297
99.6869
99.5469
100.193
100.598
100.019
99.3164
99.6768
100.647
100.685
99.5786
98.9773
99.96
101.203
100.728
98.9501
98.4613
100.375
102.24
100.984
97.5482
96.7954
101.516
106.972
102.975
82.7116
49.9667
17.4168
-2.69768
-7.11384
-2.17587
2.86457
3.13648
0.0623411
-2.26462
-1.7088
0.481986
1.766
1.05153
-0.590362
-1.40381
-0.743162
0.535934
1.14486
0.618189
-0.407933
-0.947963
-0.59067
0.238392
0.773128
0.603428
-0.0432144
-0.585903
-0.608013
-0.157277
0.364735
0.559623
0.326695
-0.112946
-0.425903
-0.413202
-0.12931
0.207411
0.371018
0.287233
0.0419105
-0.200165
-0.289867
-0.216409
-0.0262958
0.143007
0.21532
0.180709
0.0433714
-0.0619772
-0.151011
-0.143251
-0.0674537
-0.0182944
0.0920273
0.0792542
99.9939
99.9814
100.042
100.034
99.9242
99.9452
100.106
100.085
99.8707
99.8731
100.141
100.181
99.8647
99.7539
100.103
100.315
99.9637
99.6224
99.9279
100.413
100.222
99.6025
99.5967
100.301
100.586
99.9013
99.28
99.7847
100.733
100.612
99.4539
98.9903
100.096
101.262
100.62
98.8282
98.5021
100.525
102.29
100.862
97.4178
96.8339
101.675
107.044
102.863
82.5574
49.9651
17.5722
-2.57521
-7.17406
-2.34854
2.78282
3.24191
0.235164
-2.21971
-1.84252
0.315828
1.74689
1.19985
-0.429951
-1.39636
-0.895515
0.376241
1.1339
0.764988
-0.243595
-0.918376
-0.720546
0.0676765
0.711494
0.70126
0.127805
-0.48416
-0.655537
-0.311497
0.226534
0.540765
0.436672
0.0396638
-0.338329
-0.449381
-0.256147
0.0770739
0.319445
0.344617
0.158818
-0.0871
-0.255375
-0.264599
-0.124938
0.0406964
0.183377
0.195344
0.125594
0.0195881
-0.108248
-0.117305
-0.131607
-0.0561359
0.0313463
100.009
99.9713
99.9926
100.066
100.011
99.8974
99.9777
100.138
100.046
99.8299
99.9154
100.194
100.141
99.7987
99.7866
100.183
100.298
99.8721
99.616
100.025
100.45
100.131
99.5316
99.6681
100.403
100.551
99.7797
99.2639
99.9047
100.806
100.522
99.3336
99.0218
100.237
101.307
100.499
98.7116
98.5565
100.678
102.331
100.731
97.2892
96.8801
101.839
107.113
102.747
82.4001
49.9634
17.7305
-2.44778
-7.23115
-2.52459
2.69221
3.34171
0.413685
-2.16118
-1.9688
0.140717
1.70916
1.33895
-0.257497
-1.36518
-1.03587
0.202731
1.09412
0.894985
-0.0663219
-0.855592
-0.826203
-0.110863
0.614687
0.76545
0.295891
-0.350495
-0.660821
-0.446308
0.0680471
0.477329
0.508811
0.190826
-0.215803
-0.437411
-0.352808
-0.0650371
0.22934
0.350867
0.254182
0.0374389
-0.182367
-0.259977
-0.208241
-0.0557668
0.107738
0.169775
0.18496
0.0744111
-0.0180648
-0.0843558
-0.148314
-0.0642899
100.012
99.996
99.9548
100.018
100.079
99.9747
99.8835
100.023
100.156
99.992
99.804
99.9747
100.232
100.08
99.7442
99.8418
100.256
100.257
99.7817
99.6346
100.128
100.464
100.026
99.4789
99.7589
100.495
100.494
99.6586
99.2699
100.034
100.862
100.416
99.2205
99.0721
100.382
101.337
100.367
98.602
98.6249
100.834
102.362
100.592
97.1629
96.9345
102.007
107.18
102.626
82.2398
49.9616
17.8917
-2.31529
-7.28484
-2.70377
2.59255
3.4352
0.597286
-2.08875
-2.0863
-0.0421226
1.65235
1.46656
-0.0751191
-1.30973
-1.16082
0.0188481
1.02531
1.00363
0.118552
-0.760524
-0.902427
-0.289545
0.486101
0.791299
0.451289
-0.192492
-0.621776
-0.551642
-0.0982027
0.373097
0.535659
0.326166
-0.071743
-0.375472
-0.410407
-0.197763
0.109771
0.30536
0.316265
0.146922
-0.0729323
-0.215659
-0.251064
-0.130834
-0.00202923
0.128914
0.182441
0.116936
0.0791383
-0.0577234
-0.0877714
100.001
100.024
99.9724
99.9515
100.051
100.077
99.9318
99.8878
100.076
100.154
99.9296
99.7988
100.045
100.25
100.005
99.708
99.9163
100.315
100.192
99.6995
99.6789
100.23
100.452
99.9128
99.4483
99.8662
100.571
100.414
99.5425
99.2991
100.169
100.899
100.294
99.1174
99.1412
100.528
101.35
100.225
98.5007
98.7072
100.991
102.382
100.444
97.0395
96.9972
102.179
107.244
102.5
82.0765
49.9597
18.0559
-2.17764
-7.33491
-2.88588
2.48372
3.52174
0.785302
-2.00221
-2.19371
-0.23133
1.57624
1.58046
0.114794
-1.22997
-1.2671
-0.171549
0.928086
1.08681
0.305195
-0.635377
-0.945026
-0.460256
0.33076
0.776269
0.584239
-0.0192219
-0.539798
-0.618996
-0.258504
0.234917
0.515302
0.430012
0.0808627
-0.270799
-0.42209
-0.301089
-0.0289721
0.222326
0.32714
0.230158
0.0530987
-0.147047
-0.230287
-0.191963
-0.100229
0.068649
0.117945
0.160764
0.119038
-0.000653897
99.9893
100.023
100.021
99.9454
99.9648
100.084
100.056
99.8902
99.9128
100.128
100.129
99.8666
99.8176
100.12
100.243
99.9206
99.6954
100.005
100.353
100.107
99.6323
99.7476
100.326
100.414
99.7971
99.4429
99.9859
100.629
100.315
99.4361
99.3519
100.306
100.915
100.16
99.0273
99.229
100.672
101.346
100.074
98.4094
98.8035
101.149
102.391
100.289
96.9196
97.0686
102.354
107.306
102.369
81.9102
49.9578
18.223
-2.03474
-7.38111
-3.07068
2.36557
3.60069
0.977023
-1.90145
-2.28975
-0.425429
1.48081
1.67852
0.309626
-1.12626
-1.35171
-0.36427
0.803861
1.14095
0.487506
-0.48369
-0.950888
-0.615067
0.155425
0.719855
0.685891
0.159194
-0.420073
-0.641263
-0.400789
0.0747559
0.448543
0.49022
0.228658
-0.139154
-0.380292
-0.366958
-0.164542
0.114576
0.278359
0.28702
0.156389
-0.0496896
-0.161418
-0.230224
-0.146848
-0.0309144
0.0477006
0.166413
0.0985504
99.9903
99.9954
100.043
100.002
99.924
99.9945
100.109
100.018
99.8586
99.9572
100.169
100.083
99.8121
99.8608
100.189
100.21
99.8362
99.7099
100.101
100.365
100.008
99.5864
99.8378
100.407
100.349
99.685
99.4645
100.113
100.663
100.198
99.3436
99.4277
100.442
100.908
100.016
98.9526
99.3346
100.812
101.324
99.9149
98.3296
98.9136
101.306
102.387
100.126
96.804
97.1487
102.533
107.364
102.233
81.7407
49.9558
18.3931
-1.88646
-7.4232
-3.25794
2.23801
3.67138
1.1717
-1.78642
-2.37315
-0.622834
1.36624
1.75873
0.506555
-0.999394
-1.41197
-0.554837
0.654792
1.16326
0.659192
-0.310121
-0.918253
-0.746566
-0.0315254
0.623262
0.749674
0.330962
-0.269732
-0.615078
-0.514248
-0.0915948
0.337495
0.503523
0.352514
0.00596784
-0.287544
-0.39293
-0.267403
-0.0155661
0.190348
0.301512
0.215596
0.07512
-0.0874509
-0.205318
-0.15974
-0.139746
0.0102744
0.0864946
100.002
99.9749
100.015
100.053
99.9712
99.9161
100.036
100.118
99.9669
99.8448
100.016
100.193
100.018
99.7744
99.9256
100.245
100.152
99.7601
99.7524
100.196
100.349
99.9005
99.5667
99.9447
100.469
100.261
99.5833
99.5136
100.242
100.672
100.067
99.2693
99.5255
100.571
100.878
99.8648
98.896
99.457
100.946
101.282
99.7501
98.2627
99.0373
101.461
102.371
99.9556
96.6931
97.238
102.716
107.418
102.091
81.5682
49.9537
18.5662
-1.73269
-7.46091
-3.44742
2.10091
3.73315
1.36855
-1.65715
-2.44265
-0.82185
1.23293
1.81918
0.70259
-0.850651
-1.44555
-0.738587
0.483786
1.15182
0.813852
-0.12015
-0.847203
-0.847636
-0.221151
0.490251
0.771041
0.483568
-0.0968991
-0.543112
-0.586729
-0.250898
0.191651
0.470258
0.432962
0.156186
-0.16458
-0.366815
-0.32674
-0.153339
0.0919223
0.247865
0.248278
0.181842
-0.0167608
-0.107164
-0.177756
-0.179141
-0.034812
100.011
99.9835
99.9722
100.042
100.048
99.9354
99.9269
100.081
100.106
99.9114
99.8542
100.082
100.192
99.9436
99.7606
100.006
100.279
100.073
99.7009
99.821
100.281
100.303
99.7937
99.5765
100.062
100.505
100.152
99.498
99.5894
100.367
100.653
99.9271
99.217
99.6431
100.69
100.823
99.7097
98.8594
99.5948
101.071
101.221
99.5811
98.2101
99.1741
101.613
102.342
99.7786
96.5877
97.3364
102.902
107.469
101.944
81.3925
49.9516
18.7423
-1.57329
-7.49396
-3.63881
1.95418
3.78532
1.56667
-1.51375
-2.49705
-1.02065
1.08155
1.8581
0.894574
-0.681815
-1.45048
-0.910831
0.294656
1.10547
0.94547
0.0796893
-0.739485
-0.911922
-0.404583
0.327996
0.746166
0.607181
0.0863825
-0.430576
-0.608532
-0.393068
0.0304203
0.386528
0.46544
0.292684
-0.0318324
-0.279104
-0.353154
-0.256398
-0.0181299
0.140406
0.263208
0.216865
0.0831875
-0.00283593
-0.173689
-0.129582
100.007
100.01
99.9622
99.9856
100.068
100.024
99.9042
99.9576
100.121
100.071
99.8613
99.8884
100.145
100.164
99.8675
99.7751
100.093
100.286
99.9793
99.6663
99.9112
100.348
100.23
99.6957
99.617
100.182
100.512
100.029
99.4351
99.6895
100.481
100.605
99.7833
99.1898
99.7776
100.795
100.745
99.5544
98.8449
99.746
101.184
101.141
99.4098
98.173
99.3233
101.76
102.299
99.5953
96.4884
97.4443
103.091
107.515
101.792
81.2137
49.9494
18.9214
-1.40816
-7.52206
-3.83183
1.79777
3.82721
1.76514
-1.35646
-2.53517
-1.21726
0.912978
1.87396
1.07918
-0.49513
-1.42536
-1.06686
0.091986
1.024
1.04882
0.281583
-0.597804
-0.935466
-0.571822
0.145013
0.673973
0.694719
0.263781
-0.281303
-0.580406
-0.502299
-0.129901
0.254965
0.456221
0.384023
0.109778
-0.153644
-0.340676
-0.29648
-0.150141
0.037553
0.219413
0.197973
0.198402
0.0427941
-0.0801164
99.9959
100.024
99.9935
99.9478
100.013
100.082
99.9861
99.8869
100.005
100.145
100.017
99.8265
99.9447
100.194
100.11
99.8007
99.8185
100.178
100.262
99.8805
99.6616
100.016
100.389
100.133
99.6148
99.6871
100.297
100.488
99.8973
99.3992
99.8101
100.579
100.53
99.6411
99.1899
99.9255
100.881
100.643
99.4026
98.8537
99.9083
101.283
101.041
99.2384
98.1526
99.4844
101.901
102.243
99.4065
96.3959
97.5618
103.282
107.558
101.634
81.0317
49.947
19.1036
-1.23717
-7.5449
-4.02614
1.63168
3.85813
1.96295
-1.18565
-2.55593
-1.40965
0.728424
1.86551
1.25299
-0.293266
-1.36958
-1.2019
-0.119304
0.908745
1.11898
0.477566
-0.426588
-0.91664
-0.711908
-0.0509375
0.559836
0.737215
0.422596
-0.104574
-0.508607
-0.559349
-0.284261
0.100096
0.398238
0.418495
0.253368
-0.0313565
-0.25924
-0.2998
-0.262161
-0.0388577
0.0924671
0.189651
0.237271
0.0718069
99.9896
100.012
100.03
99.9676
99.9482
100.049
100.078
99.9405
99.8906
100.06
100.146
99.9525
99.8152
100.017
100.221
100.036
99.7533
99.888
100.249
100.207
99.7868
99.6895
100.126
100.399
100.02
99.5586
99.7835
100.398
100.432
99.7649
99.3939
99.9461
100.655
100.428
99.5063
99.2189
100.082
100.945
100.52
99.2585
98.887
100.079
101.366
100.923
99.069
98.1501
99.6563
102.035
102.171
99.2126
96.3109
97.689
103.476
107.596
101.47
80.8465
49.9446
19.2888
-1.06024
-7.56222
-4.2214
1.45594
3.87746
2.15909
-1.00181
-2.55832
-1.59577
0.529393
1.8317
1.41272
-0.0794868
-1.283
-1.31161
-0.333784
0.762469
1.15142
0.660632
-0.233473
-0.853727
-0.817099
-0.249268
0.411822
0.726272
0.556699
0.0784047
-0.391406
-0.561859
-0.419053
-0.0511197
0.278466
0.416865
0.354989
0.0861795
-0.118229
-0.293861
-0.28603
-0.135382
-0.0430971
0.178823
0.159943
99.9945
99.9882
100.033
100.02
99.9409
99.9669
100.083
100.053
99.8977
99.918
100.114
100.121
99.8867
99.8324
100.094
100.219
99.9497
99.7334
99.977
100.297
100.126
99.7086
99.7494
100.231
100.376
99.8986
99.533
99.9006
100.477
100.346
99.6397
99.4212
100.091
100.704
100.304
99.3849
99.2771
100.243
100.984
100.378
99.1258
98.9451
100.256
101.429
100.787
98.9039
98.1663
99.838
102.161
102.085
99.0145
96.2342
97.826
103.673
107.629
101.3
80.6581
49.942
19.4771
-0.877237
-7.57371
-4.41728
1.27057
3.88456
2.35246
-0.805491
-2.54151
-1.77345
0.317583
1.77185
1.55517
0.142447
-1.16593
-1.39256
-0.544925
0.588093
1.14386
0.823002
-0.0270576
-0.746357
-0.883722
-0.434104
0.233721
0.665065
0.653995
0.249523
-0.228985
-0.523949
-0.500962
-0.200519
0.121321
0.382996
0.378045
0.223538
0.00996346
-0.235884
-0.237331
-0.257339
-0.095131
0.0746464
100.005
99.978
100.002
100.049
99.9949
99.9237
100.002
100.104
100.01
99.8686
99.9669
100.154
100.07
99.8318
99.8781
100.165
100.185
99.8626
99.7462
100.075
100.314
100.026
99.6554
99.8375
100.322
100.318
99.7788
99.5419
100.031
100.529
100.234
99.5296
99.4814
100.238
100.722
100.161
99.2824
99.3638
100.403
100.995
100.22
99.0086
99.0281
100.435
101.472
100.634
98.7454
98.202
100.028
102.276
101.985
98.8129
96.1663
97.9731
103.871
107.657
101.124
80.4665
49.9394
19.6685
-0.688049
-7.57908
-4.61345
1.07566
3.8788
2.54198
-0.597373
-2.50473
-1.94047
0.0948151
1.68579
1.67694
0.368837
-1.01985
-1.44142
-0.746177
0.389342
1.09646
0.955151
0.18649
-0.600889
-0.905158
-0.593594
0.0325838
0.564292
0.694411
0.408135
-0.0476291
-0.442125
-0.515895
-0.350977
-0.0210749
0.279619
0.356574
0.343361
0.0901823
-0.0828834
-0.206794
-0.298323
-0.108165
100.01
99.9907
99.9708
100.026
100.051
99.9603
99.9241
100.047
100.105
99.9553
99.8623
100.03
100.171
100.002
99.7989
99.9478
100.219
100.122
99.787
99.7925
100.172
100.296
99.9158
99.6347
99.9467
100.387
100.23
99.671
99.5866
100.165
100.547
100.102
99.4422
99.5726
100.38
100.707
100.005
99.204
99.4774
100.557
100.978
100.05
98.9105
99.1354
100.613
101.492
100.466
98.5961
98.2577
100.226
102.38
101.869
98.6085
96.1079
98.1301
104.071
107.68
100.942
80.2716
49.9366
19.8631
-0.492537
-7.57797
-4.80954
0.871295
3.85954
2.72653
-0.378298
-2.44726
-2.0947
-0.136689
1.57357
1.77486
0.595825
-0.847459
-1.45454
-0.932541
0.17318
1.00825
1.05079
0.398963
-0.426788
-0.872638
-0.725661
-0.169667
0.422394
0.676196
0.546326
0.119875
-0.296813
-0.494153
-0.456095
-0.145629
0.108354
0.336621
0.359916
0.185759
0.0832089
-0.193683
-0.194715
100.005
100.012
99.9707
99.979
100.053
100.034
99.9264
99.9462
100.09
100.081
99.9013
99.8833
100.096
100.159
99.9249
99.7959
100.032
100.244
100.037
99.7344
99.8686
100.254
100.242
99.8086
99.6506
100.067
100.421
100.117
99.5849
99.6654
100.294
100.529
99.9578
99.384
99.6914
100.508
100.658
99.8426
99.1541
99.6147
100.698
100.93
99.8712
98.8349
99.2656
100.786
101.488
100.284
98.4581
98.3338
100.429
102.471
101.738
98.4023
96.0599
98.2973
104.273
107.697
100.753
80.0735
49.9336
20.0609
-0.290565
-7.57004
-5.00514
0.657591
3.82615
2.9049
-0.14919
-2.36849
-2.23407
-0.374265
1.4352
1.84662
0.818312
-0.650985
-1.43019
-1.09824
-0.0524437
0.877986
1.10885
0.595017
-0.226256
-0.790156
-0.82123
-0.353426
0.234774
0.620299
0.627224
0.279617
-0.111527
-0.447814
-0.468688
-0.293588
-0.0434364
0.269381
0.286354
0.32174
0.140747
-0.0776021
99.9953
100.02
99.9994
99.9551
100.003
100.07
100.001
99.9045
99.9877
100.12
100.035
99.8603
99.9309
100.151
100.116
99.8536
99.8262
100.119
100.234
99.94
99.7141
99.9666
100.31
100.158
99.7164
99.7037
100.187
100.417
99.9882
99.5289
99.7739
100.407
100.474
99.8098
99.36
99.8324
100.615
100.576
99.6801
99.1363
99.7717
100.821
100.851
99.6889
98.7848
99.417
100.951
101.459
100.091
98.3341
98.4305
100.637
102.548
101.592
98.1952
96.0228
98.4747
104.475
107.708
100.558
79.872
49.9304
20.262
-0.082047
-7.5549
-5.19982
0.434721
3.77809
3.0757
0.0890337
-2.26826
-2.35607
-0.615495
1.27171
1.88975
1.031
-0.432765
-1.36938
-1.2345
-0.283467
0.711943
1.1238
0.763296
-0.00298306
-0.671688
-0.857437
-0.523147
0.0290249
0.524407
0.632764
0.44495
0.0498109
-0.327803
-0.431433
-0.429596
-0.12831
0.0892149
0.242049
0.369667
0.142028
99.9912
100.008
100.027
99.976
99.9533
100.036
100.07
99.9575
99.9037
100.041
100.126
99.9733
99.8433
99.9979
100.184
100.048
99.801
99.8876
100.193
100.19
99.8449
99.731
100.075
100.331
100.05
99.6505
99.7905
100.295
100.373
99.8544
99.5096
99.9049
100.496
100.384
99.6678
99.3735
99.9885
100.695
100.463
99.5252
99.1527
99.9434
100.921
100.744
99.508
98.7628
99.5871
101.105
101.404
99.8898
98.2262
98.5477
100.847
102.61
101.432
97.9882
95.9973
98.6622
104.678
107.713
100.357
79.6672
49.927
20.4665
0.133075
-7.53216
-5.39321
0.203014
3.71475
3.23773
0.335141
-2.14655
-2.45828
-0.858083
1.08546
1.90079
1.23079
-0.198844
-1.27099
-1.3359
-0.514212
0.520392
1.08502
0.905791
0.220045
-0.514007
-0.832274
-0.67601
-0.155868
0.359389
0.60355
0.563339
0.18487
-0.127496
-0.40852
-0.444638
-0.231574
-0.108745
0.232565
0.239878
99.9957
99.9895
100.027
100.018
99.9512
99.9701
100.068
100.047
99.9163
99.9281
100.092
100.104
99.9097
99.8569
100.073
100.185
99.9657
99.7781
99.972
100.243
100.114
99.7657
99.7854
100.18
100.313
99.9311
99.6199
99.9034
100.378
100.293
99.7275
99.5304
100.049
100.551
100.263
99.5414
99.4253
100.151
100.742
100.323
99.3853
99.2045
100.124
100.994
100.61
99.3338
98.7707
99.773
101.242
101.322
99.682
98.1367
98.6851
101.058
102.655
101.257
97.7823
95.9841
98.8599
104.881
107.712
100.148
79.4591
49.9232
20.6744
0.35494
-7.50143
-5.58491
-0.0372756
3.63551
3.38991
0.587559
-2.00285
-2.53933
-1.09839
0.877603
1.87818
1.41387
0.0437497
-1.13204
-1.40384
-0.729601
0.302707
0.996895
1.01576
0.421983
-0.30604
-0.773906
-0.769064
-0.333
0.148967
0.557823
0.575383
0.354986
0.0458068
-0.337723
-0.354122
-0.395585
-0.169531
0.0988676
100.004
99.9816
100.002
100.041
99.9946
99.9362
100.003
100.087
100.006
99.8899
99.9749
100.13
100.056
99.8583
99.9014
100.14
100.151
99.8823
99.7916
100.067
100.258
100.016
99.7152
99.8719
100.267
100.256
99.8143
99.63
100.032
100.428
100.182
99.6195
99.5916
100.195
100.567
100.12
99.44
99.5141
100.312
100.752
100.162
99.2676
99.2909
100.307
101.036
100.451
99.1716
98.8099
99.971
101.36
101.215
99.471
98.0677
98.842
101.267
102.682
101.068
97.5788
95.9839
99.0678
105.084
107.704
99.9323
79.2477
49.9191
20.8858
0.583653
-7.46233
-5.77425
-0.286052
3.54012
3.53045
0.845208
-1.8375
-2.59724
-1.33241
0.64865
1.82323
1.57177
0.293769
-0.958161
-1.43275
-0.919008
0.0581864
0.875923
1.06554
0.61441
-0.0773446
-0.677589
-0.780248
-0.527251
-0.030016
0.427591
0.53735
0.52115
0.137267
-0.12665
-0.311858
-0.457451
-0.168199
100.008
99.991
99.9768
100.025
100.04
99.9629
99.9398
100.045
100.084
99.9549
99.8882
100.035
100.141
99.9891
99.8319
99.9705
100.186
100.087
99.8138
99.8418
100.157
100.234
99.9099
99.7026
99.9804
100.324
100.164
99.7138
99.682
100.162
100.436
100.048
99.5412
99.6899
100.332
100.542
99.962
99.3714
99.6361
100.461
100.722
99.9875
99.1787
99.4101
100.484
101.043
100.273
99.0269
98.8809
100.177
101.456
101.082
99.26
98.0212
99.0177
101.472
102.691
100.865
97.3787
95.9972
99.2858
105.286
107.688
99.7093
79.0332
49.9144
21.1009
0.819094
-7.41439
-5.96086
-0.542846
3.42845
3.65751
1.10728
-1.65252
-2.62831
-1.55901
0.403877
1.73386
1.69975
0.547951
-0.760023
-1.40868
-1.08895
-0.187849
0.714358
1.05294
0.79793
0.12666
-0.50049
-0.762669
-0.672642
-0.181781
0.199614
0.528835
0.542267
0.264161
0.104379
-0.313996
-0.301068
100.005
100.008
99.974
99.9873
100.047
100.021
99.9345
99.965
100.082
100.056
99.9077
99.9152
100.094
100.121
99.9179
99.8389
100.052
100.199
100.001
99.774
99.9222
100.227
100.172
99.8119
99.7319
100.097
100.341
100.048
99.6427
99.7718
100.281
100.401
99.9048
99.5013
99.8183
100.447
100.475
99.8013
99.342
99.7851
100.589
100.653
99.8067
99.1239
99.5584
100.65
101.015
100.079
98.9045
98.9832
100.387
101.525
100.925
99.0524
97.999
99.2111
101.672
102.679
100.649
97.1834
96.0247
99.5139
105.487
107.666
99.4785
78.8155
49.9091
21.3201
1.0614
-7.35709
-6.14469
-0.807011
3.29954
3.77077
1.37155
-1.44797
-2.63117
-1.77643
0.149397
1.60497
1.80223
0.790813
-0.532885
-1.33735
-1.23398
-0.413779
0.493761
1.0152
0.919507
0.330633
-0.271636
-0.736918
-0.69702
-0.391009
0.0117147
0.461748
0.447532
0.476098
0.161475
-0.151809
99.9974
100.017
99.9943
99.9638
100.011
100.057
99.9873
99.9215
100.007
100.101
100.007
99.8785
99.9673
100.137
100.07
99.8584
99.8809
100.128
100.175
99.9101
99.7723
100.021
100.264
100.079
99.7372
99.8012
100.206
100.315
99.9204
99.611
99.8911
100.375
100.324
99.7652
99.5052
99.9671
100.53
100.369
99.6489
99.3553
99.9528
100.688
100.545
99.629
99.1074
99.7307
100.797
100.949
99.8753
98.8093
99.1156
100.596
101.567
100.746
98.8516
98.0024
99.4208
101.863
102.647
100.421
96.994
96.0669
99.7522
105.686
107.636
99.2398
78.5946
49.9029
21.5432
1.31111
-7.29004
-6.32455
-1.07887
3.15297
3.8686
1.63559
-1.22212
-2.60723
-1.97649
-0.117568
1.44142
1.87265
1.01389
-0.270613
-1.23731
-1.32011
-0.642648
0.247731
0.939788
0.956862
0.572402
-0.0816415
-0.607034
-0.682729
-0.605494
-0.0862381
0.216934
0.436397
0.560015
0.172924
99.9929
100.01
100.018
99.9733
99.969
100.041
100.047
99.9489
99.9318
100.055
100.094
99.9495
99.8778
100.034
100.151
99.9989
99.8254
99.9514
100.184
100.114
99.8299
99.8114
100.121
100.258
99.9691
99.6989
99.9023
100.29
100.246
99.798
99.6246
100.027
100.431
100.211
99.6432
99.5545
100.124
100.573
100.232
99.5163
99.4125
100.129
100.749
100.405
99.4638
99.1318
99.9206
100.918
100.847
99.6685
98.7454
99.2759
100.798
101.577
100.546
98.6614
98.0327
99.645
102.044
102.593
100.181
96.8121
96.1241
100
105.883
107.598
98.9928
78.3709
49.8955
21.7702
1.56784
-7.21301
-6.49878
-1.35853
2.99062
3.94629
1.89998
-0.980113
-2.5522
-2.15487
-0.395403
1.25347
1.89156
1.22879
-0.00299921
-1.09095
-1.34607
-0.874713
0.0261602
0.763858
0.97842
0.760851
0.0940249
-0.35717
-0.714993
-0.64263
-0.262142
-0.0436411
0.460723
0.380738
99.9947
99.9958
100.025
100.005
99.9558
99.9914
100.063
100.018
99.9197
99.9661
100.094
100.058
99.8984
99.9091
100.098
100.13
99.9219
99.8286
100.037
100.206
100.027
99.7773
99.8866
100.205
100.21
99.8593
99.7046
100.022
100.338
100.142
99.6964
99.6838
100.165
100.443
100.072
99.5518
99.6468
100.276
100.57
100.072
99.4143
99.5115
100.304
100.769
100.237
99.3201
99.1978
100.121
101.007
100.711
99.4652
98.7162
99.4613
100.989
101.555
100.329
98.4854
98.091
99.882
102.212
102.517
99.9308
96.6392
96.1971
100.258
106.075
107.552
98.737
78.145
49.8871
22.0021
1.8309
-7.12546
-6.66865
-1.64433
2.8124
4.00372
2.16464
-0.728384
-2.45969
-2.32004
-0.665804
1.0319
1.86932
1.42832
0.247252
-0.874409
-1.36087
-1.03926
-0.21213
0.534104
0.997826
0.811209
0.36074
-0.173189
-0.658292
-0.563179
-0.542409
-0.0820671
0.250726
100.001
99.9857
100.01
100.03
99.9804
99.9527
100.025
100.067
99.9752
99.9117
100.017
100.111
100.002
99.8695
99.9672
100.143
100.076
99.8574
99.8699
100.12
100.187
99.9308
99.7639
99.986
100.258
100.124
99.7674
99.7557
100.143
100.341
100.015
99.6298
99.7834
100.289
100.406
99.9207
99.5013
99.7749
100.408
100.52
99.9004
99.3517
99.6472
100.465
100.743
100.051
99.2063
99.304
100.322
101.058
100.544
99.2721
98.7241
99.668
101.164
101.499
100.098
98.327
98.1775
100.13
102.365
102.418
99.6705
96.4765
96.2861
100.527
106.265
107.498
98.4715
77.9156
49.8775
22.2391
2.10238
-7.02667
-6.8338
-1.93649
2.61432
4.04378
2.42304
-0.458265
-2.33579
-2.46532
-0.926676
0.765512
1.82845
1.57421
0.522158
-0.631691
-1.33969
-1.12724
-0.517569
0.356827
0.887338
0.858354
0.636719
-0.0793744
-0.386873
-0.632677
-0.649218
-0.124833
100.006
99.9881
99.9886
100.029
100.019
99.9555
99.9695
100.058
100.047
99.9334
99.9312
100.069
100.096
99.9393
99.8731
100.039
100.157
100
99.8214
99.9426
100.182
100.129
99.8431
99.7947
100.092
100.268
100.015
99.7092
99.8461
100.247
100.296
99.8813
99.6082
99.9126
100.383
100.324
99.7732
99.4987
99.9281
100.508
100.425
99.7318
99.3349
99.8116
100.601
100.672
99.8557
99.1299
99.447
100.517
101.069
100.352
99.0967
98.7706
99.8907
101.317
101.41
99.8563
98.19
98.2921
100.385
102.5
102.297
99.4021
96.3256
96.3906
100.805
106.45
107.437
98.1968
77.6833
49.8656
22.4789
2.38314
-6.91745
-6.98733
-2.23773
2.40083
4.0571
2.67217
-0.169286
-2.18645
-2.56354
-1.19746
0.488009
1.73083
1.67088
0.818226
-0.405178
-1.19104
-1.22736
-0.764661
0.154082
0.636313
0.973314
0.705245
0.180809
-0.11823
-0.698324
-0.470554
100.006
99.9998
99.9776
100.005
100.04
99.9937
99.9426
100.003
100.075
100.007
99.9074
99.9753
100.106
100.052
99.8877
99.9112
100.106
100.132
99.9194
99.8247
100.032
100.209
100.041
99.7824
99.8658
100.186
100.231
99.8986
99.6959
99.9635
100.318
100.207
99.7598
99.6366
100.057
100.436
100.203
99.6452
99.5463
100.093
100.566
100.292
99.5792
99.3673
99.9942
100.702
100.558
99.6623
99.0967
99.6214
100.694
101.037
100.14
98.9461
98.8565
100.124
101.442
101.287
99.6086
98.0785
98.4352
100.646
102.614
102.154
99.1271
96.1894
96.5119
101.092
106.627
107.368
97.9123
77.4512
49.852
22.7234
2.66897
-6.79887
-7.13049
-2.54608
2.18118
4.03658
2.92242
0.111338
-1.99725
-2.63198
-1.45854
0.223865
1.55072
1.77424
1.03124
-0.131907
-0.995259
-1.31655
-0.854474
-0.184635
0.489431
0.925833
0.672935
0.543389
-0.114262
-0.404357
100.001
100.011
99.9849
99.9789
100.027
100.034
99.9628
99.9505
100.043
100.069
99.958
99.9086
100.032
100.115
99.989
99.8633
99.9761
100.15
100.073
99.8533
99.8687
100.119
100.191
99.9413
99.7626
99.9654
100.249
100.152
99.7956
99.7316
100.09
100.344
100.086
99.6672
99.713
100.198
100.438
100.056
99.5511
99.641
100.254
100.575
100.129
99.4557
99.4482
100.183
100.76
100.405
99.4819
99.1102
99.8204
100.847
100.96
99.9148
98.826
98.981
100.363
101.537
101.131
99.3585
97.995
98.6065
100.91
102.706
101.986
98.845
96.0686
96.6512
101.391
106.798
107.288
97.6153
77.2159
49.8387
22.9765
2.96335
-6.6679
-7.27256
-2.85878
1.94171
3.99779
3.17021
0.392363
-1.76104
-2.70471
-1.67363
-0.0909321
1.36268
1.84744
1.18928
0.232459
-0.88568
-1.24986
-1.00892
-0.504125
0.430498
0.653472
0.88585
0.638908
-0.0279135
99.9962
100.013
100.003
99.9713
99.9952
100.045
100.01
99.9401
99.9799
100.073
100.037
99.9173
99.9397
100.085
100.091
99.924
99.8752
100.052
100.158
99.9919
99.8191
99.9452
100.183
100.132
99.8495
99.7894
100.075
100.268
100.043
99.7242
99.8121
100.207
100.32
99.9498
99.6177
99.829
100.318
100.389
99.8983
99.5024
99.7747
100.394
100.532
99.9511
99.3724
99.5731
100.364
100.769
100.223
99.3256
99.1713
100.034
100.966
100.842
99.6856
98.7418
99.1408
100.601
101.597
100.945
99.1111
97.9413
98.8031
101.174
102.774
101.798
98.5575
95.9629
96.8053
101.699
106.964
107.201
97.3076
76.973
49.8224
23.2296
3.27562
-6.5244
-7.39667
-3.18108
1.67464
3.93515
3.38529
0.712351
-1.50771
-2.71164
-1.87352
-0.453919
1.17226
1.77442
1.42144
0.540457
-0.673173
-1.05529
-1.27146
-0.621022
0.0576396
0.451415
1.03597
0.526982
99.9944
100.005
100.018
99.9858
99.9693
100.021
100.046
99.9755
99.9374
100.022
100.081
99.9874
99.9001
99.9934
100.116
100.037
99.8765
99.9228
100.117
100.125
99.9095
99.8272
100.038
100.208
100.042
99.7862
99.8594
100.173
100.238
99.9243
99.6982
99.9257
100.294
100.246
99.817
99.6198
99.9704
100.402
100.292
99.7486
99.5066
99.9348
100.5
100.438
99.7727
99.3384
99.7341
100.524
100.727
100.023
99.2046
99.2792
100.253
101.044
100.684
99.4619
98.6996
99.3328
100.828
101.618
100.732
98.8737
97.9219
99.0229
101.432
102.814
101.59
98.2703
95.8776
96.9736
102.014
107.118
107.11
96.9921
76.7337
49.8021
23.4794
3.59372
-6.37845
-7.48862
-3.51466
1.42139
3.81853
3.58389
1.01811
-1.25212
-2.61876
-2.09257
-0.71034
0.873946
1.66553
1.59645
0.691896
-0.255949
-0.987795
-1.22381
-0.701551
-0.395412
0.471908
0.610296
99.9969
99.9942
100.018
100.01
99.9682
99.9842
100.045
100.026
99.9445
99.9594
100.062
100.061
99.9372
99.9147
100.054
100.113
99.9682
99.8619
99.9945
100.155
100.058
99.8462
99.8777
100.125
100.187
99.9399
99.7657
99.96
100.241
100.162
99.8154
99.7239
100.055
100.336
100.133
99.7076
99.6753
100.119
100.436
100.156
99.6239
99.5652
100.106
100.56
100.301
99.6092
99.3585
99.9208
100.65
100.633
99.8138
99.1272
99.4308
100.465
101.075
100.491
99.2514
98.7033
99.5544
101.04
101.597
100.493
98.6497
97.9409
99.2678
101.682
102.821
101.357
97.9821
95.8167
97.1644
102.339
107.258
107.001
96.6611
76.4982
49.787
23.7467
3.91215
-6.22447
-7.58888
-3.85394
1.17141
3.67395
3.81662
1.27059
-0.934204
-2.57125
-2.27323
-0.933496
0.505243
1.70015
1.57659
0.981179
0.0200822
-0.995707
-0.982369
-1.08415
-0.370934
0.326585
100.001
99.9887
100.005
100.024
99.9899
99.9618
100.012
100.053
99.9907
99.9311
100.001
100.084
100.016
99.904
99.9589
100.101
100.075
99.9052
99.8864
100.071
100.152
99.9736
99.8193
99.9596
100.185
100.123
99.8479
99.794
100.071
100.263
100.054
99.7373
99.798
100.178
100.325
99.9965
99.6385
99.7773
100.256
100.415
99.9988
99.5395
99.6727
100.271
100.566
100.133
99.4754
99.4319
100.119
100.733
100.494
99.6102
99.0983
99.6183
100.662
101.058
100.27
99.0615
98.7519
99.7987
101.232
101.535
100.233
98.4407
97.9947
99.534
101.927
102.801
101.103
97.6879
95.773
97.3733
102.68
107.398
106.881
96.3135
76.2399
49.7729
24.0182
4.26552
-6.04338
-7.68544
-4.19641
0.846508
3.52607
3.99927
1.58421
-0.54803
-2.51514
-2.34498
-1.34481
0.197455
1.54967
1.55853
1.4528
0.15816
-0.551185
-1.03156
-1.37646
-0.415387
100.005
99.9916
99.9901
100.021
100.017
99.9682
99.9737
100.041
100.039
99.9538
99.9438
100.046
100.077
99.9617
99.9013
100.02
100.119
100.011
99.8677
99.9449
100.131
100.108
99.8931
99.8374
100.054
100.204
100.03
99.7873
99.8666
100.17
100.234
99.934
99.7057
99.9087
100.273
100.262
99.8587
99.6217
99.9125
100.36
100.341
99.839
99.5077
99.8184
100.41
100.515
99.9487
99.386
99.5542
100.311
100.764
100.318
99.4278
99.1226
99.8304
100.829
100.991
100.033
98.9045
98.8455
100.054
101.392
101.433
99.963
98.2577
98.0825
99.8104
102.153
102.754
100.841
97.4006
95.749
97.5849
103.023
107.527
106.769
95.9662
75.9788
49.7465
24.2562
4.63981
-5.86793
-7.69793
-4.54328
0.535511
3.31918
4.06394
1.93068
-0.256514
-2.22708
-2.40109
-1.62661
-0.0643847
1.07575
1.63515
1.43423
0.493996
-0.0126729
-1.03979
-0.852826
100.004
100
99.9832
100.003
100.03
99.9958
99.9572
100.002
100.056
100.006
99.9311
99.9804
100.079
100.04
99.917
99.9325
100.078
100.099
99.9415
99.8685
100.022
100.156
100.033
99.8386
99.8978
100.137
100.174
99.9272
99.773
99.9696
100.236
100.157
99.8242
99.7283
100.038
100.323
100.155
99.7406
99.6622
100.063
100.416
100.22
99.6963
99.5348
99.9884
100.507
100.41
99.7653
99.3518
99.719
100.483
100.735
100.114
99.2797
99.2044
100.059
100.955
100.87
99.7872
98.7911
98.9892
100.316
101.511
101.284
99.6848
98.1116
98.2162
100.1
102.352
102.663
100.559
97.1314
95.7638
97.8204
103.361
107.622
106.637
95.6073
75.753
49.7311
24.5192
4.98339
-5.71736
-7.71306
-4.91271
0.326662
3.0605
4.23031
2.15047
0.000874047
-1.95792
-2.60009
-1.60108
-0.473354
0.97917
1.64748
1.2285
0.966759
-0.289375
-0.719519
100.001
100.008
99.9882
99.9853
100.021
100.023
99.9707
99.9652
100.034
100.049
99.9654
99.9342
100.028
100.084
99.9862
99.8988
99.9888
100.113
100.047
99.887
99.909
100.095
100.137
99.9467
99.8252
99.9858
100.188
100.101
99.8391
99.8089
100.081
100.254
100.047
99.7458
99.8015
100.163
100.319
100.019
99.6605
99.7543
100.208
100.417
100.067
99.5875
99.6178
100.165
100.553
100.26
99.5983
99.3749
99.9138
100.622
100.65
99.8934
99.1723
99.3383
100.296
101.037
100.702
99.5369
98.7198
99.1786
100.584
101.593
101.09
99.3937
97.993
98.3936
100.412
102.537
102.532
100.244
96.8545
95.8054
98.0971
103.726
107.72
106.46
95.2121
75.4854
49.7343
24.8337
5.37325
-5.4974
-7.80664
-5.28786
-0.0333828
2.80452
4.44747
2.39658
0.540729
-1.85734
-2.63202
-1.89702
-1.0676
0.9873
1.31406
1.78632
1.31608
-0.115694
99.9976
100.009
100
99.9787
100
100.033
100.002
99.955
99.9918
100.056
100.019
99.9352
99.9642
100.069
100.058
99.9343
99.9154
100.051
100.112
99.9776
99.866
99.9779
100.142
100.08
99.8734
99.8578
100.079
100.194
100.004
99.7874
99.8876
100.176
100.22
99.9275
99.7157
99.9118
100.26
100.26
99.8801
99.633
99.8836
100.325
100.36
99.9038
99.529
99.7462
100.324
100.541
100.083
99.4677
99.4533
100.117
100.715
100.517
99.6778
99.1153
99.5113
100.519
101.07
100.501
99.3022
98.6931
99.3953
100.84
101.637
100.872
99.1097
97.9022
98.5901
100.723
102.709
102.39
99.9309
96.5726
95.849
98.3588
104.108
107.836
106.316
94.8256
75.1609
49.7062
25.0513
5.84122
-5.24888
-7.74422
-5.59933
-0.499454
2.52401
4.28921
2.75025
0.965289
-1.45831
-2.25484
-2.27825
-1.21827
0.220167
0.842557
1.859
1.02869
99.996
100.005
100.011
99.9865
99.9809
100.021
100.029
99.9748
99.9591
100.026
100.055
99.9779
99.9297
100.011
100.085
100.008
99.9041
99.963
100.098
100.073
99.9137
99.887
100.055
100.148
99.9983
99.8345
99.9295
100.152
100.15
99.9052
99.786
99.9929
100.233
100.138
99.8219
99.7425
100.04
100.309
100.155
99.7608
99.6662
100.032
100.392
100.251
99.7534
99.5333
99.908
100.444
100.466
99.8953
99.3921
99.587
100.311
100.744
100.34
99.4864
99.1243
99.7199
100.709
101.037
100.27
99.104
98.731
99.6395
101.059
101.617
100.626
98.8563
97.8734
98.8184
101.012
102.821
102.211
99.6292
96.3483
95.9369
98.6135
104.445
107.881
106.187
94.457
74.9465
49.6795
25.2491
6.22008
-5.14026
-7.59102
-5.95584
-0.636062
2.22272
4.20177
2.98731
0.903022
-0.932272
-2.37079
-2.05636
-1.10276
-0.227783
1.24203
1.02712
99.997
99.9981
100.014
100.002
99.9757
99.9968
100.035
100.008
99.9554
99.984
100.053
100.029
99.9423
99.9533
100.057
100.069
99.9529
99.908
100.026
100.113
100.009
99.8761
99.9446
100.117
100.109
99.9153
99.8413
100.022
100.186
100.067
99.8274
99.8357
100.102
100.239
100.024
99.7509
99.8215
100.163
100.302
100.019
99.6791
99.7555
100.181
100.402
100.101
99.6317
99.5998
100.088
100.516
100.333
99.7099
99.376
99.7688
100.487
100.709
100.123
99.3225
99.1989
99.9636
100.868
100.938
100.004
98.9348
98.8355
99.9252
101.258
101.532
100.327
98.6081
97.9045
99.1138
101.319
102.887
101.955
99.2751
96.1449
96.0929
98.9666
104.795
107.897
105.93
94.0124
74.7257
49.7162
25.6553
6.60362
-4.92198
-7.7069
-6.43328
-0.911853
1.82701
4.58962
3.18099
1.45716
-0.66415
-2.76338
-2.02814
-2.1308
-0.0982282
1.19127
99.9997
99.993
100.008
100.014
99.9855
99.9774
100.019
100.033
99.9786
99.9554
100.019
100.058
99.9881
99.9289
99.9974
100.082
100.025
99.9131
99.9453
100.081
100.089
99.9399
99.8777
100.02
100.145
100.039
99.8558
99.8915
100.109
100.174
99.9672
99.7908
99.9232
100.189
100.193
99.9059
99.7293
99.9345
100.257
100.242
99.88
99.6489
99.8826
100.303
100.356
99.937
99.5557
99.7145
100.26
100.534
100.167
99.5499
99.4145
99.9719
100.629
100.623
99.894
99.1957
99.3183
100.214
100.993
100.8
99.7309
98.7919
98.9733
100.222
101.444
101.422
100.013
98.3552
97.9449
99.423
101.648
102.974
101.693
98.8985
95.8761
96.2282
99.3213
105.233
108.011
105.693
93.5545
74.2761
49.6998
25.9144
7.19583
-4.46937
-7.65886
-6.65545
-1.6825
1.38046
4.26447
3.34186
2.35543
-0.260396
-1.73
-2.24662
-2.60633
-0.668656
100.002
99.9926
99.9979
100.017
100.003
99.9736
99.9937
100.035
100.013
99.9569
99.9775
100.049
100.037
99.9503
99.9455
100.044
100.075
99.9706
99.9059
100.003
100.108
100.034
99.8919
99.9198
100.088
100.127
99.957
99.8395
99.972
100.164
100.114
99.8778
99.8076
100.028
100.229
100.105
99.8107
99.7659
100.059
100.298
100.137
99.7662
99.6817
100.026
100.372
100.256
99.7872
99.546
99.8651
100.392
100.485
99.9854
99.4467
99.5146
100.17
100.704
100.485
99.6848
99.1399
99.4827
100.436
101.046
100.622
99.4914
98.7216
99.1482
100.483
101.558
101.274
99.736
98.1735
98.032
99.6941
101.906
102.998
101.469
98.6009
95.6855
96.3559
99.5546
105.593
108.039
105.63
93.196
74.0124
49.6294
25.9128
7.65547
-4.39972
-7.22779
-6.8042
-1.83216
1.23537
3.56292
3.54241
1.79504
0.149487
-1.22391
-2.16453
-1.10977
100.003
99.9965
99.9906
100.01
100.016
99.9855
99.9755
100.017
100.034
99.9827
99.9548
100.013
100.057
99.9968
99.9326
99.9868
100.074
100.036
99.9262
99.9353
100.062
100.095
99.9657
99.8807
99.9901
100.129
100.068
99.8873
99.8719
100.062
100.174
100.022
99.8198
99.8754
100.128
100.213
99.9887
99.7572
99.8563
100.173
100.276
100.001
99.6946
99.7764
100.171
100.379
100.107
99.6655
99.608
100.044
100.474
100.363
99.795
99.409
99.6827
100.362
100.703
100.282
99.4911
99.1665
99.7133
100.639
101.01
100.371
99.2656
98.7424
99.4096
100.745
101.581
101.02
99.4285
98.0727
98.2431
100.038
102.115
102.881
101.127
98.2768
95.6487
96.6258
99.9405
105.841
107.902
105.331
92.7256
73.9874
49.699
26.4228
7.95439
-4.37041
-7.313
-7.53862
-1.76749
0.806117
4.18237
4.02795
1.86533
0.829385
-2.55625
-2.18743
100.002
100.002
99.9891
99.9981
100.019
100.004
99.9724
99.9926
100.035
100.014
99.9584
99.975
100.045
100.039
99.9563
99.9433
100.035
100.075
99.9824
99.9091
99.9894
100.099
100.048
99.9081
99.9089
100.064
100.13
99.9874
99.8501
99.9407
100.136
100.137
99.9231
99.8057
99.9736
100.199
100.15
99.8738
99.7526
99.9763
100.258
100.205
99.8611
99.6716
99.9086
100.294
100.331
99.9384
99.582
99.7196
100.226
100.509
100.2
99.6134
99.4203
99.8867
100.54
100.655
100.045
99.3093
99.2368
99.9785
100.839
100.938
100.081
99.0275
98.7872
99.7178
101.042
101.604
100.719
99.0606
97.9323
98.4817
100.47
102.408
102.804
100.684
97.8322
95.4572
96.9335
100.481
106.307
107.983
104.847
92.1326
73.4004
49.7292
26.9574
8.65372
-3.50753
-7.46118
-7.78805
-2.89957
-0.222664
4.04823
3.69942
3.65332
1.66427
-1.15884
100
100.006
99.9939
99.9885
100.011
100.018
99.9852
99.9737
100.016
100.036
99.9855
99.9538
100.008
100.057
100.003
99.935
99.9787
100.069
100.045
99.9364
99.9277
100.046
100.098
99.9862
99.8843
99.9667
100.114
100.089
99.9149
99.8595
100.023
100.168
100.065
99.85
99.8421
100.073
100.219
100.057
99.7941
99.8012
100.093
100.285
100.1
99.7569
99.7078
100.046
100.361
100.237
99.7929
99.5634
99.8583
100.363
100.481
100.03
99.4902
99.4867
100.079
100.653
100.561
99.8344
99.196
99.343
100.207
100.97
100.838
99.8349
98.8594
98.8554
99.9721
101.263
101.608
100.479
98.7875
97.81
98.6595
100.763
102.672
102.779
100.427
97.4997
95.2107
97.0803
100.695
106.817
108.088
104.88
91.7729
72.856
49.5751
26.5687
9.29805
-3.27034
-6.69832
-7.23944
-3.34594
-0.012124
2.37242
3.226
2.83852
0.842821
99.9983
100.006
100.001
99.9871
99.9981
100.02
100.004
99.9729
99.9914
100.033
100.016
99.9623
99.9734
100.039
100.04
99.9648
99.944
100.024
100.071
99.9949
99.9175
99.9766
100.084
100.059
99.9297
99.9048
100.037
100.123
100.017
99.8721
99.9163
100.098
100.146
99.9727
99.823
99.9255
100.15
100.177
99.9473
99.7696
99.9021
100.187
100.242
99.9694
99.709
99.8113
100.175
100.35
100.091
99.6873
99.6314
100.027
100.435
100.364
99.8503
99.4516
99.6411
100.264
100.666
100.379
99.6413
99.1955
99.5458
100.416
100.976
100.625
99.6003
98.8244
99.063
100.238
101.353
101.432
100.185
98.6227
97.9124
98.963
100.999
102.7
102.498
100.161
97.307
95.398
97.35
100.96
106.881
107.746
104.758
91.3498
73.236
49.6412
26.9765
9.45679
-3.89206
-6.54508
-8.3316
-2.66991
0.183672
2.95637
4.91524
1.66525
99.9976
100.003
100.007
99.9915
99.9885
100.013
100.017
99.9841
99.9753
100.017
100.033
99.9855
99.9571
100.008
100.052
100.004
99.9407
99.9789
100.061
100.044
99.9452
99.9316
100.036
100.091
99.9959
99.8969
99.9595
100.096
100.09
99.9371
99.8679
100.001
100.147
100.081
99.8838
99.8419
100.032
100.195
100.09
99.843
99.7946
100.031
100.25
100.147
99.8333
99.7091
99.9577
100.289
100.283
99.9147
99.6125
99.7581
100.217
100.466
100.188
99.6554
99.4597
99.8587
100.465
100.63
100.125
99.4228
99.2416
99.8304
100.67
100.946
100.317
99.2886
98.8031
99.3722
100.629
101.474
101.168
99.7163
98.3441
98.0554
99.453
101.485
102.773
102.123
99.4991
96.9063
95.4937
97.9389
101.772
107.165
107.654
103.795
90.5624
72.7285
49.7758
28.285
10.1598
-2.51525
-7.06361
-9.26966
-3.93268
-2.31526
3.57159
4.3214
99.998
99.9992
100.009
100
99.9846
99.9994
100.022
100.003
99.9713
99.9922
100.034
100.016
99.9617
99.9731
100.039
100.041
99.9661
99.9433
100.022
100.071
99.9994
99.9191
99.9708
100.08
100.065
99.9383
99.9008
100.024
100.122
100.033
99.8816
99.9015
100.078
100.153
100.001
99.8311
99.8964
100.122
100.193
99.9919
99.78
99.8562
100.142
100.263
100.039
99.7376
99.7517
100.094
100.353
100.19
99.7687
99.5868
99.8918
100.364
100.457
100.022
99.5091
99.4959
100.05
100.618
100.58
99.9106
99.2499
99.2855
100.065
100.88
100.935
100.074
99.0247
98.7423
99.5914
100.954
101.645
101.039
99.3455
98.0469
97.9887
99.7939
101.885
103.103
102.015
99.0591
96.4268
95.0758
98.2494
102.115
108.054
107.961
103.72
90.1192
71.3964
49.531
27.4457
11.1161
-1.37273
-6.09443
-7.14895
-5.07023
-2.10558
0.945502
99.9996
99.9962
100.005
100.008
99.9905
99.988
100.013
100.018
99.9852
99.9756
100.014
100.032
99.989
99.9591
100.003
100.048
100.009
99.9469
99.9737
100.052
100.047
99.9578
99.9312
100.021
100.085
100.013
99.9102
99.9449
100.074
100.097
99.9671
99.8745
99.9687
100.122
100.105
99.9268
99.8393
99.9805
100.166
100.131
99.9052
99.7885
99.9545
100.202
100.201
99.93
99.7212
99.8547
100.192
100.322
100.061
99.6936
99.6593
100.034
100.413
100.351
99.8741
99.4826
99.6261
100.203
100.631
100.434
99.7496
99.2371
99.4396
100.239
100.908
100.786
99.8825
98.9683
98.8663
99.8007
101.047
101.573
100.826
99.2151
98.0541
98.1585
99.9755
101.893
103.064
101.751
99.1181
96.3322
95.3505
98.2457
102.025
108.063
107.48
104.284
89.8501
72.249
49.5152
27.004
11.1871
-3.43931
-5.39176
-8.11787
-3.77565
0.854408
100.001
99.9958
100.001
100.009
99.9981
99.9856
100.002
100.02
100
99.9747
99.996
100.03
100.011
99.9665
99.9796
100.034
100.033
99.9704
99.9538
100.019
100.059
99.9992
99.9336
99.9753
100.064
100.055
99.9521
99.9173
100.014
100.099
100.034
99.9079
99.9126
100.053
100.128
100.016
99.8685
99.9
100.081
100.165
100.021
99.8322
99.8571
100.082
100.22
100.077
99.816
99.7674
100.015
100.271
100.215
99.8844
99.658
99.8196
100.216
100.405
100.146
99.6893
99.5267
99.8698
100.398
100.564
100.153
99.5283
99.3074
99.7556
100.51
100.866
100.443
99.5356
98.9342
99.212
100.241
101.221
101.287
100.297
98.8464
98.1529
98.7339
100.536
102.158
102.594
101.066
98.4372
96.3036
96.0832
99.0308
103.03
107.616
106.977
102.734
88.8859
72.583
49.8013
29.8767
11.7191
-2.04801
-6.26173
-11.7919
-4.63005
100.002
99.9965
99.9963
100.008
100.006
99.9869
99.99
100.017
100.015
99.9806
99.9782
100.02
100.03
99.983
99.9606
100.01
100.048
100.002
99.9455
99.9802
100.055
100.042
99.9533
99.9351
100.026
100.084
100.007
99.9099
99.9497
100.076
100.094
99.9649
99.8764
99.9703
100.12
100.104
99.9296
99.8407
99.976
100.161
100.136
99.9151
99.7891
99.9408
100.19
100.211
99.9529
99.7271
99.83
100.163
100.328
100.103
99.7245
99.6354
99.9725
100.383
100.397
99.9574
99.5109
99.5531
100.092
100.6
100.536
99.902
99.2842
99.3106
100.025
100.82
100.926
100.184
99.1419
98.7577
99.4015
100.703
101.579
101.252
99.8687
98.2531
97.9436
98.9197
101.283
102.716
102.83
100.606
97.4563
95.71
95.5627
100.018
103.834
109.008
107.511
101.768
88.2004
69.6614
49.5264
29.1378
13.0318
2.06682
-5.41475
-6.64544
100.002
99.9998
99.9937
100.002
100.011
99.9976
99.9839
100.002
100.021
100.001
99.9736
99.9944
100.031
100.013
99.967
99.9764
100.032
100.036
99.9745
99.9506
100.012
100.06
100.008
99.9354
99.9647
100.058
100.065
99.9651
99.9114
99.9957
100.096
100.055
99.9225
99.8954
100.026
100.132
100.051
99.8855
99.8696
100.041
100.173
100.074
99.8604
99.8154
100.018
100.219
100.152
99.8767
99.7296
99.912
100.227
100.296
100.009
99.6753
99.6904
100.073
100.419
100.327
99.8534
99.483
99.6321
100.199
100.628
100.458
99.7905
99.2461
99.3759
100.139
100.875
100.887
100.081
99.0646
98.7634
99.4599
100.804
101.588
101.287
99.768
98.2601
97.8328
98.9006
101.291
102.68
103.164
100.51
97.9101
95.2656
95.5016
99.5079
103.259
109.694
107.136
103.833
88.1405
70.4134
49.334
25.7954
13.2055
-2.7702
-3.96012
100.001
100.001
99.9957
99.9975
100.008
100.004
99.9891
99.9934
100.014
100.01
99.9848
99.9847
100.015
100.022
99.9871
99.9717
100.007
100.035
100.002
99.9612
99.9847
100.039
100.031
99.9688
99.9522
100.015
100.06
100.011
99.9383
99.9579
100.047
100.072
99.9859
99.9126
99.9655
100.077
100.085
99.968
99.885
99.9597
100.1
100.115
99.97
99.8506
99.9217
100.106
100.171
100.018
99.8243
99.8334
100.054
100.233
100.147
99.8715
99.7168
99.8774
100.2
100.334
100.107
99.7323
99.6034
99.8859
100.327
100.484
100.164
99.6351
99.3968
99.7157
100.354
100.747
100.505
99.763
99.1268
99.1557
99.9247
100.877
101.251
100.683
99.4331
98.4729
98.4172
99.6716
101.285
102.402
102.015
99.9984
97.8164
95.9779
97.1162
99.7503
104.086
107.599
106.013
102.239
87.1421
73.6515
49.7519
31.5245
13.4235
-4.86145
100
100.003
99.9967
99.9944
100.006
100.009
99.9918
99.987
100.009
100.018
99.9914
99.9767
100.006
100.029
99.9999
99.9662
99.9911
100.036
100.021
99.9653
99.9644
100.027
100.05
99.9891
99.9395
99.9869
100.062
100.043
99.9509
99.9285
100.019
100.089
100.027
99.9159
99.9215
100.047
100.116
100.02
99.8838
99.9014
100.063
100.153
100.039
99.8579
99.8507
100.045
100.201
100.111
99.8656
99.7642
99.9497
100.22
100.251
99.9803
99.6997
99.74
100.089
100.379
100.276
99.8521
99.5355
99.6812
100.185
100.563
100.409
99.8203
99.3287
99.4293
100.095
100.763
100.825
100.124
99.236
98.8447
99.4489
100.548
101.437
101.244
100.04
98.6527
97.8924
98.8748
100.432
102.537
102.687
101.505
98.8151
96.0088
95.9924
96.9546
102.362
105.677
108.933
106.563
98.2566
86.0535
67.8517
49.5628
34.4161
14.9701
99.9989
100.003
100.001
99.9925
99.9979
100.012
100.004
99.9845
99.9931
100.019
100.012
99.9791
99.9819
100.021
100.026
99.982
99.9649
100.011
100.043
100.001
99.9512
99.9812
100.048
100.04
99.9618
99.9394
100.016
100.075
100.017
99.9244
99.9429
100.054
100.093
99.9909
99.8913
99.946
100.088
100.115
99.9756
99.8555
99.9295
100.112
100.158
99.9902
99.8159
99.8704
100.105
100.228
100.069
99.802
99.7536
100.008
100.284
100.248
99.9093
99.6359
99.7533
100.17
100.447
100.261
99.7621
99.4554
99.6889
100.281
100.664
100.423
99.7287
99.1959
99.3751
100.158
100.93
100.939
100.131
99.0636
98.6433
99.3413
100.615
101.755
101.431
100.272
98.2926
97.6573
98.3116
100.383
102.922
103.074
102.694
98.3739
96.419
94.2087
96.0591
101.797
104.822
112.425
106.61
103.109
86.1082
64.9403
49.1458
15.4841
99.9991
100.001
100.003
99.9975
99.9949
100.004
100.008
99.9957
99.9896
100.004
100.014
99.9975
99.9831
99.9994
100.02
100.006
99.9786
99.9875
100.021
100.021
99.9834
99.9705
100.008
100.036
100.006
99.9617
99.9769
100.032
100.041
99.9838
99.946
99.9898
100.055
100.042
99.9629
99.9315
99.9998
100.076
100.049
99.9474
99.9096
99.9959
100.098
100.076
99.9472
99.8746
99.961
100.109
100.133
99.9884
99.8409
99.8746
100.068
100.202
100.111
99.8761
99.7563
99.9019
100.178
100.291
100.099
99.773
99.6459
99.8727
100.264
100.439
100.203
99.7286
99.4531
99.6526
100.208
100.659
100.573
99.995
99.2818
99.1412
99.5889
100.575
101.127
101.009
100.041
98.8006
98.4746
98.6877
100.621
101.555
102.644
101.404
99.2432
97.6881
95.3401
98.3301
99.2466
104.924
107.278
104.893
105.038
85.2864
83.7623
49.5852
)
;

boundaryField
{
    left
    {
        type            fixedValue;
        value           uniform 100;
    }
    right
    {
        type            zeroGradient;
    }
    up
    {
        type            zeroGradient;
    }
    down
    {
        type            fixedValue;
        value           uniform 0;
    }
    frontAndBack
    {
        type            empty;
    }
}


// ************************************************************************* //
