/*--------------------------------*- C++ -*----------------------------------*\
  =========                 |
  \\      /  F ield         | OpenFOAM: The Open Source CFD Toolbox
   \\    /   O peration     | Website:  https://openfoam.org
    \\  /    A nd           | Version:  8
     \\/     M anipulation  |
\*---------------------------------------------------------------------------*/
FoamFile
{
    version     2.0;
    format      ascii;
    class       volScalarField;
    location    "0.321";
    object      T;
}
// * * * * * * * * * * * * * * * * * * * * * * * * * * * * * * * * * * * * * //

dimensions      [0 0 0 1 0 0 0];

internalField   nonuniform List<scalar> 
2500
(
49.9995
4.67942
-4.67358
-1.24022
1.21312
0.549354
-0.47207
-0.357865
0.196734
0.288383
-0.0275237
-0.22312
-0.0996956
0.112588
0.157759
0.0298333
-0.104216
-0.118817
-0.0287606
0.0689488
0.0991101
0.0569274
-0.0128672
-0.0625721
-0.0714188
-0.0469984
-0.0100693
0.0209812
0.0374825
0.0398427
0.0331945
0.0232161
0.0138632
0.00693586
0.00265058
0.000437377
-0.000456203
-0.000653387
-0.000559984
-0.000392866
-0.000244106
-0.000138801
-7.34605e-05
-3.65492e-05
-1.72006e-05
-7.6859e-06
-3.26913e-06
-1.31961e-06
-5.20646e-07
-1.53699e-07
95.3215
49.9977
10.5904
-4.65506
-2.99923
1.14982
1.37958
-0.329335
-0.852744
-0.0471079
0.561693
0.2913
-0.265302
-0.389924
-0.0599054
0.268694
0.273576
0.0260527
-0.201014
-0.228873
-0.083301
0.0933412
0.181072
0.151951
0.0530233
-0.0487528
-0.109417
-0.119904
-0.0951447
-0.0569669
-0.0221709
0.00136948
0.013059
0.016041
0.0142118
0.0106228
0.00706249
0.00428056
0.00239664
0.00124854
0.000607169
0.000275549
0.000116173
4.49877e-05
1.55965e-05
4.53854e-06
8.61718e-07
-1.05398e-07
-2.66349e-07
-1.47508e-07
104.677
89.4101
49.994
12.3499
-4.61738
-3.8375
1.03999
1.89961
-0.114461
-1.17374
-0.361778
0.662902
0.622184
-0.126153
-0.576386
-0.338933
0.185345
0.444678
0.277055
-0.0821621
-0.318417
-0.297892
-0.097684
0.119286
0.234188
0.222216
0.128272
0.0163318
-0.067855
-0.108129
-0.11072
-0.0912278
-0.0644953
-0.0400604
-0.0219393
-0.0104138
-0.00402872
-0.000981617
0.000202615
0.000497439
0.000447538
0.000311743
0.00018939
0.000104781
5.39105e-05
2.60973e-05
1.19846e-05
5.21323e-06
2.24338e-06
7.19484e-07
101.238
104.665
87.6494
49.9888
13.1957
-4.55469
-4.38534
0.87527
2.28157
0.173627
-1.3653
-0.725274
0.603168
0.912051
0.156238
-0.604752
-0.627693
-0.0713743
0.445919
0.516939
0.195311
-0.201161
-0.40219
-0.342309
-0.124339
0.102835
0.240305
0.266494
0.213586
0.129742
0.0524493
-0.000411716
-0.0271405
-0.0344659
-0.0309299
-0.0232973
-0.0155787
-0.00948966
-0.00533893
-0.00279548
-0.00136721
-0.000624742
-0.000265741
-0.00010421
-3.68676e-05
-1.117e-05
-2.42027e-06
1.11837e-08
4.94372e-07
2.96103e-07
98.7813
103
104.638
86.8016
49.9819
13.7623
-4.46117
-4.82359
0.648951
2.5781
0.530362
-1.43386
-1.10614
0.391103
1.10567
0.525119
-0.447795
-0.823577
-0.425856
0.237844
0.607143
0.499948
0.105205
-0.272643
-0.439611
-0.378365
-0.186849
0.0170775
0.157702
0.214807
0.206066
0.162318
0.110215
0.0655231
0.0338996
0.0146857
0.00461692
0.00020444
-0.00122108
-0.00133183
-0.0010128
-0.000652637
-0.000378188
-0.000202385
-0.000101468
-4.8069e-05
-2.16531e-05
-9.25535e-06
-3.9086e-06
-1.23296e-06
99.4521
98.8348
103.844
104.588
86.2315
49.9735
14.2366
-4.33169
-5.21539
0.356535
2.80256
0.945769
-1.37564
-1.46751
0.0449255
1.15706
0.908699
-0.117004
-0.84471
-0.766328
-0.140674
0.464287
0.671399
0.466862
0.0721795
-0.270753
-0.433694
-0.416856
-0.293137
-0.144466
-0.0249257
0.0461271
0.0736198
0.0726322
0.058214
0.0408258
0.0258596
0.0150367
0.00809686
0.00405343
0.00188629
0.000811879
0.00031902
0.00011103
3.15377e-05
5.07423e-06
-1.80354e-06
-2.40761e-06
-1.78302e-06
-7.81827e-07
100.48
98.6134
98.9334
104.401
104.51
85.7526
49.9633
14.6872
-4.16095
-5.58255
-0.00432777
2.95094
1.40318
-1.18499
-1.76628
-0.402672
1.03292
1.22253
0.334784
-0.644167
-0.964234
-0.574676
0.0929043
0.578047
0.677493
0.458399
0.114675
-0.179737
-0.340829
-0.369707
-0.312632
-0.222114
-0.13543
-0.0701088
-0.0288884
-0.00695845
0.00243724
0.00503608
0.00465292
0.00338002
0.00214632
0.00124024
0.000665274
0.000335067
0.000159574
7.21793e-05
3.11096e-05
1.27399e-05
5.12172e-06
1.54225e-06
100.36
100.347
98.0794
99.087
104.853
104.398
85.2948
49.9515
15.1447
-3.94381
-5.93202
-0.434714
3.01409
1.883
-0.860775
-1.96205
-0.907505
0.72273
1.38972
0.824115
-0.230297
-0.923375
-0.915634
-0.40376
0.201466
0.587632
0.662633
0.506548
0.260356
0.0386755
-0.103555
-0.162884
-0.162944
-0.132663
-0.0942903
-0.0602964
-0.0352163
-0.0189182
-0.00935848
-0.00424058
-0.00173271
-0.000613783
-0.000167294
-1.53621e-05
2.22554e-05
2.27904e-05
1.53444e-05
8.59297e-06
4.58287e-06
1.7193e-06
99.7933
100.871
100.138
97.6783
99.3032
105.263
104.246
84.8288
49.9379
15.6223
-3.67596
-6.2612
-0.931228
2.97975
2.35746
-0.411669
-2.01569
-1.40722
0.246384
1.34641
1.23604
0.319637
-0.607033
-1.00862
-0.826508
-0.322219
0.188144
0.508972
0.600351
0.524383
0.372924
0.219126
0.101241
0.0280009
-0.00839914
-0.0208963
-0.0209579
-0.0162742
-0.0109609
-0.00668055
-0.00376235
-0.00198125
-0.000982642
-0.000461064
-0.000205165
-8.66506e-05
-3.47e-05
-1.31114e-05
-4.73844e-06
-1.26763e-06
99.7036
100.036
101.214
99.8504
97.3565
99.5881
105.655
104.05
84.3388
49.9217
16.1284
-3.35102
-6.56437
-1.49162
2.83395
2.79803
0.149381
-1.89457
-1.8363
-0.355027
1.05571
1.45941
0.888535
-0.0508182
-0.76141
-0.980433
-0.776844
-0.377093
0.00594368
0.256579
0.356617
0.345064
0.275991
0.192913
0.120698
0.0682585
0.0348822
0.0159087
0.00624044
0.00187423
0.000193816
-0.00028959
-0.000323122
-0.000234164
-0.000142226
-7.75778e-05
-3.92045e-05
-1.84757e-05
-8.61621e-06
-2.9535e-06
100.035
99.4087
100.359
101.43
99.4861
97.1027
99.9462
106.034
103.803
83.8181
49.9043
16.6666
-2.96613
-6.83418
-2.10719
2.56889
3.17282
0.792174
-1.58547
-2.12671
-1.00247
0.53648
1.41189
1.31972
0.597534
-0.221583
-0.76302
-0.921311
-0.7878
-0.522195
-0.257368
-0.0632182
0.0460758
0.087839
0.0886021
0.0710534
0.0496536
0.0313753
0.018267
0.00990474
0.00503305
0.00240464
0.00108098
0.000456309
0.000179805
6.53197e-05
2.12555e-05
5.83658e-06
9.52667e-07
-1.30863e-07
100.238
99.7014
99.2867
100.743
101.524
99.0534
96.9203
100.379
106.399
103.502
83.2614
49.8829
17.2384
-2.51415
-7.05696
-2.76787
2.17222
3.44236
1.47828
-1.08057
-2.2056
-1.59473
-0.15723
1.03852
1.44819
1.13015
0.461358
-0.179774
-0.582481
-0.714774
-0.651585
-0.495212
-0.326173
-0.1881
-0.0938018
-0.0383156
-0.010268
0.00137595
0.00466152
0.00445064
0.00322638
0.00202729
0.0011567
0.000612738
0.000305143
0.000143949
6.47055e-05
2.76469e-05
1.16967e-05
3.70223e-06
100.103
100.295
99.3422
99.3333
101.157
101.488
98.5657
96.8215
100.887
106.746
103.138
82.6647
49.8595
17.8485
-1.98984
-7.22482
-3.46505
1.64001
3.57812
2.16598
-0.3977
-2.03241
-2.03642
-0.92539
0.37487
1.19977
1.36869
1.05749
0.559534
0.1089
-0.183216
-0.309354
-0.316107
-0.260708
-0.1874
-0.121286
-0.0718525
-0.0392979
-0.0199085
-0.00932842
-0.00401136
-0.00155269
-0.000515649
-0.000125737
-2.71489e-06
2.32692e-05
2.06385e-05
1.2887e-05
7.35217e-06
2.86892e-06
99.8728
100.423
100.155
99.0142
99.5456
101.563
101.31
98.0442
96.8207
101.467
107.064
102.709
82.0285
49.8331
18.4936
-1.39141
-7.32247
-4.17573
0.977918
3.54446
2.78644
0.409617
-1.58658
-2.21067
-1.59505
-0.437866
0.592615
1.1571
1.24418
1.02167
0.685463
0.374179
0.150495
0.0204265
-0.03806
-0.0530081
-0.0470974
-0.0345698
-0.0225084
-0.0134056
-0.00742356
-0.0038596
-0.00189553
-0.000882739
-0.000390631
-0.000164367
-6.57008e-05
-2.48283e-05
-9.00444e-06
-2.42586e-06
99.8254
100.056
100.644
99.8506
98.7776
99.9114
101.916
100.986
97.5125
96.9319
102.116
107.347
102.207
81.3462
49.7995
19.177
-0.705881
-7.33016
-4.88381
0.180826
3.30187
3.27521
1.29017
-0.857588
-2.01996
-2.00347
-1.23647
-0.288475
0.443654
0.817585
0.877991
0.747995
0.547177
0.354602
0.20609
0.107382
0.0493863
0.0191041
0.00523621
-7.03401e-05
-0.00148696
-0.0014385
-0.00101376
-0.000614174
-0.000337457
-0.000172289
-8.29537e-05
-3.76792e-05
-1.70063e-05
-5.69209e-06
99.9706
99.6891
100.371
100.696
99.4343
98.6908
100.404
102.168
100.515
97.0024
97.1733
102.826
107.579
101.622
80.6176
49.7651
19.904
0.0683308
-7.24251
-5.57306
-0.73341
2.84404
3.58157
2.15969
0.0827055
-1.46577
-2.045
-1.81302
-1.17623
-0.5046
-0.00700372
0.264103
0.350504
0.325018
0.25212
0.17338
0.10856
0.0627862
0.0338167
0.0170342
0.00803396
0.00353988
0.00144705
0.000540355
0.000177912
4.68284e-05
5.76319e-06
-3.61913e-06
-4.36088e-06
-2.18606e-06
100.124
99.6872
99.7707
100.715
100.539
98.9836
98.7971
100.977
102.273
99.9125
96.5498
97.5536
103.583
107.748
100.956
79.8444
49.7235
20.6641
0.931669
-7.03451
-6.19744
-1.72719
2.15724
3.61501
2.87047
1.09603
-0.590346
-1.59879
-1.86441
-1.61833
-1.1538
-0.689899
-0.33575
-0.113717
0.000281836
0.0438814
0.0500122
0.0407996
0.0282967
0.0176371
0.0101356
0.00544698
0.00276129
0.00132791
0.000608054
0.000265724
0.000111001
4.41687e-05
1.72286e-05
5.05216e-06
100.14
99.9787
99.4701
100.063
100.971
100.172
98.5881
99.1194
101.572
102.191
99.1961
96.188
98.0843
104.382
107.844
100.194
79.0119
49.6673
21.4662
1.9091
-6.673
-6.72824
-2.7929
1.21007
3.29644
3.30923
2.07445
0.557313
-0.608667
-1.20943
-1.3215
-1.13733
-0.840534
-0.551946
-0.326848
-0.175184
-0.0843825
-0.0356216
-0.0122474
-0.00249402
0.000780959
0.00139363
0.00113893
0.000740335
0.000424795
0.00022372
0.00011044
5.12263e-05
2.36203e-05
8.04862e-06
100.031
100.251
99.6733
99.4464
100.494
101.03
99.6368
98.3474
99.6553
102.112
101.887
98.4014
95.9651
98.7778
105.2
107.839
99.3224
78.1242
49.6124
22.3225
3.00039
-6.16234
-7.15408
-3.89354
0.0479594
2.63895
3.41521
2.86567
1.74983
0.664846
-0.0933553
-0.478839
-0.579597
-0.51756
-0.39274
-0.266189
-0.165032
-0.0948338
-0.0508992
-0.0256229
-0.0121153
-0.00537292
-0.00222329
-0.000848465
-0.000291149
-8.44004e-05
-1.63057e-05
1.58382e-06
4.62789e-06
2.58898e-06
99.9102
100.285
100.117
99.3602
99.68
100.932
100.823
99.031
98.3463
100.359
102.511
101.352
97.584
95.9197
99.6236
106.01
107.721
98.348
77.1875
49.5467
23.2063
4.18807
-5.47969
-7.39579
-4.91192
-1.22986
1.64911
3.04022
3.14394
2.50866
1.65118
0.895023
0.367215
0.06516
-0.0707541
-0.10776
-0.0977333
-0.0724501
-0.0475378
-0.028543
-0.015959
-0.00839613
-0.00418445
-0.00198443
-0.000898214
-0.000388745
-0.000161082
-6.36725e-05
-2.46973e-05
-7.216e-06
99.8713
100.1
100.419
99.7664
99.2105
100.148
101.227
100.338
98.4761
98.6388
101.161
102.694
100.59
96.7927
96.0826
100.623
106.805
107.481
97.2499
76.167
49.4408
24.1191
5.5173
-4.5429
-7.35679
-5.77072
-2.60499
0.248766
1.98555
2.58916
2.4169
1.87969
1.28048
0.779586
0.426341
0.207631
0.0872084
0.0285377
0.00400254
-0.00394829
-0.00502179
-0.00390422
-0.0025144
-0.00144856
-0.000770773
-0.000385053
-0.00018264
-8.21349e-05
-3.68425e-05
-1.23056e-05
99.926
99.867
100.396
100.286
99.3441
99.3608
100.733
101.231
99.6323
98.1205
99.2494
101.956
102.576
99.6193
96.1038
96.5106
101.781
107.546
107.067
95.987
75.0562
49.3275
25.1138
7.03057
-3.33835
-7.0461
-6.4772
-4.05936
-1.51176
0.320996
1.26719
1.51499
1.35464
1.03272
0.703721
0.438465
0.252898
0.135951
0.0683208
0.0320853
0.0140187
0.00563589
0.00203407
0.00061955
0.000126971
-1.30114e-05
-3.56314e-05
-2.7024e-05
-1.69325e-05
-6.93492e-06
100.022
99.7448
100.125
100.564
99.8759
99.0731
99.8396
101.232
100.859
98.8556
98.107
100.125
102.594
102.1
98.517
95.621
97.2323
103.046
108.166
106.448
94.5803
73.8978
49.2291
26.1632
8.6569
-1.93726
-6.46851
-6.9085
-5.31354
-3.21115
-1.44076
-0.284319
0.30463
0.500336
0.480836
0.375582
0.258742
0.162661
0.0949971
0.052092
0.0270042
0.0132941
0.00623353
0.00278876
0.0011911
0.000485404
0.000188348
6.9195e-05
2.43321e-05
6.36166e-06
100.094
99.7822
99.8124
100.489
100.418
99.3485
99.1459
100.531
101.436
100.139
98.2036
98.508
101.147
102.946
101.272
97.3776
95.4065
98.2346
104.38
108.658
105.65
93.0393
72.6484
49.0491
27.1599
10.3414
-0.279406
-5.40523
-6.67483
-5.82818
-4.20972
-2.6234
-1.41482
-0.637691
-0.208428
-0.00933627
0.0602214
0.0685238
0.0545159
0.0368324
0.0224286
0.0126435
0.00669547
0.00336092
0.00160884
0.000737423
0.000324917
0.000137108
5.7726e-05
1.83184e-05
100.111
99.9267
99.6303
100.172
100.685
99.9238
98.969
99.6457
101.212
101.184
99.1964
97.8801
99.3453
102.168
102.887
100.094
96.2827
95.5374
99.5604
105.799
109.007
104.604
91.2476
71.1815
48.7144
28.1349
12.2368
1.89632
-3.51751
-5.39228
-5.20185
-4.11078
-2.85342
-1.78904
-1.02562
-0.53939
-0.259009
-0.111687
-0.0414013
-0.0114734
-0.000631782
0.00220697
0.00222561
0.00155731
0.000929348
0.000502598
0.000253504
0.000119819
5.64212e-05
1.95951e-05
100.076
100.088
99.635
99.8149
100.614
100.466
99.2752
99.0273
100.474
101.563
100.413
98.2854
98.1034
100.551
102.95
102.268
98.6203
95.412
96.1716
101.254
107.223
109.053
103.147
89.1066
69.5132
48.3574
29.2917
14.5469
4.72909
-0.763462
-3.11216
-3.54875
-3.05278
-2.26111
-1.51018
-0.929611
-0.533755
-0.287861
-0.146396
-0.0703225
-0.0318884
-0.0136062
-0.00542255
-0.00198836
-0.000649147
-0.000172996
-2.47732e-05
9.93935e-06
1.35582e-05
6.93075e-06
100.015
100.196
99.7819
99.5717
100.312
100.761
99.8273
98.865
99.6438
101.285
101.307
99.3015
97.7773
98.9649
101.859
103.193
101.058
97.0804
95.0213
97.3894
103.19
108.437
108.635
101.254
86.7305
67.8266
48.1294
30.6552
17.1122
7.86862
2.35573
-0.417884
-1.46045
-1.5748
-1.29601
-0.925184
-0.599528
-0.360439
-0.20355
-0.108819
-0.0553597
-0.0268962
-0.0125104
-0.00557993
-0.00238855
-0.000981332
-0.000386742
-0.000145558
-5.3422e-05
-1.48061e-05
99.9564
100.226
99.9847
99.4997
99.9402
100.767
100.372
99.1008
99.0341
100.612
101.651
100.417
98.2347
97.9459
100.312
102.914
102.74
99.4176
95.7463
95.2335
99.0969
105.19
109.344
107.812
99.0844
84.2499
66.0996
47.7836
31.7463
19.2653
10.532
5.02255
1.91032
0.372667
-0.248249
-0.40306
-0.361489
-0.263855
-0.171076
-0.102037
-0.0569946
-0.0301299
-0.0151785
-0.00732147
-0.00339323
-0.00151479
-0.000653183
-0.000270925
-0.000112441
-3.53563e-05
99.9162
100.191
100.168
99.5725
99.6282
100.564
100.751
99.5538
98.7602
99.8543
101.504
101.28
99.1141
97.6189
98.8893
101.883
103.428
101.545
97.5042
94.7725
96.0908
101.28
107.289
110.059
106.683
96.5855
81.366
63.7798
46.58
31.7355
20.1789
11.9597
6.58116
3.33279
1.52435
0.602692
0.180168
0.0132594
-0.0364418
-0.0400281
-0.0300256
-0.0191365
-0.0110385
-0.00592391
-0.0030018
-0.00144888
-0.000670991
-0.000297065
-0.000132089
-4.40441e-05
99.8987
100.121
100.293
99.7253
99.4334
100.269
100.925
100.042
98.7797
99.2242
101.063
101.764
100.061
97.83
97.8917
100.606
103.307
103.032
99.4989
95.4692
94.4412
97.8904
104.181
109.608
110.488
104.88
93.1168
77.2514
59.9866
43.7127
29.9741
19.3872
11.8501
6.85293
3.75059
1.94086
0.94713
0.433497
0.184144
0.0710781
0.0237412
0.00588255
0.000160758
-0.00110171
-0.0010059
-0.000655941
-0.000369425
-0.000187926
-9.40775e-05
-3.4129e-05
99.8991
100.043
100.355
99.8954
99.3539
99.9792
100.934
100.448
98.9781
98.8077
100.533
101.911
100.851
98.3276
97.363
99.4468
102.723
103.828
101.222
96.6968
93.9031
95.4797
101.14
107.877
111.747
109.846
101.395
87.6468
71.0274
54.108
38.8715
26.4187
17.0359
10.4498
6.11069
3.41268
1.82278
0.932034
0.456471
0.214119
0.0961215
0.0412223
0.0168326
0.00650647
0.00235597
0.000783458
0.000228483
5.19517e-05
2.21649e-06
-4.66182e-06
99.9097
99.9769
100.368
100.042
99.3561
99.7499
100.846
100.728
99.2399
98.5939
100.055
101.839
101.398
98.8913
97.1992
98.5743
101.993
104.092
102.472
97.9795
94.0572
94.0327
98.7044
105.847
111.586
112.437
106.761
95.0747
79.4287
62.4054
46.2609
32.4655
21.6394
13.7391
8.3311
4.83605
2.69284
1.4409
0.742048
0.368273
0.176328
0.0815202
0.0364147
0.0157227
0.00656238
0.00264706
0.00103149
0.000386656
0.000142857
4.02705e-05
99.9237
99.9288
100.353
100.149
99.4005
99.5948
100.725
100.889
99.486
98.5254
99.6926
101.665
101.72
99.385
97.253
98.0089
101.322
104.039
103.255
99.0553
94.5231
93.3157
97.0015
104.051
110.822
113.539
109.966
100.025
85.392
68.567
51.9499
37.2666
25.3961
16.4917
10.2336
6.08333
3.47198
1.90634
1.00874
0.515238
0.254386
0.121558
0.0562806
0.0252725
0.0110161
0.00466424
0.00192076
0.000765899
0.000306452
9.37847e-05
99.9366
99.8985
100.328
100.217
99.4568
99.5042
100.61
100.964
99.6788
98.5387
99.4526
101.476
101.875
99.7546
97.3992
97.6914
100.802
103.848
103.679
99.8395
95.0447
93.0569
95.9349
102.689
109.948
113.83
111.724
103.116
89.3686
72.8602
56.0502
40.8256
28.2503
18.63
11.7421
7.09163
4.11354
2.29645
1.23617
0.642696
0.323219
0.15745
0.0743845
0.0341192
0.0152104
0.0065956
0.00278665
0.00114133
0.000471443
0.000148647
99.9467
99.8818
100.303
100.255
99.5076
99.4592
100.52
100.987
99.8116
98.5852
99.3116
101.317
101.929
100
97.5576
97.5406
100.445
103.635
103.872
100.352
95.4907
93.0365
95.3311
101.762
109.199
113.754
112.6
104.932
91.8723
75.6842
58.8362
43.3086
30.2872
20.1872
12.8613
7.85268
4.60574
2.60044
1.41607
0.745007
0.379267
0.18709
0.0895429
0.0416289
0.0188198
0.00828043
0.00355245
0.00147781
0.000621535
0.000199205
99.9535
99.8739
100.283
100.273
99.546
99.4414
100.457
100.985
99.8939
98.6357
99.2381
101.2
101.931
100.148
97.6894
97.4855
100.223
103.455
103.936
100.659
95.8191
93.1113
95.0227
101.182
108.646
113.56
112.986
105.937
93.3673
77.4464
60.6305
44.9483
31.6612
21.2574
13.6435
8.393
4.96036
2.82253
1.54928
0.821745
0.421836
0.209878
0.101339
0.0475424
0.0216956
0.0096384
0.00417689
0.00175527
0.000746843
0.00024187
99.9577
99.871
100.269
100.28
99.5717
99.4375
100.418
100.973
99.9401
98.6772
99.205
101.124
101.914
100.229
97.784
97.4771
100.096
103.325
103.939
100.826
96.037
93.2045
94.8833
100.847
108.278
113.368
113.126
106.46
94.2164
78.4944
61.7316
45.9795
32.5431
21.9567
14.1629
8.75705
5.20259
2.97622
1.64261
0.876153
0.452367
0.226407
0.109989
0.0519256
0.0238497
0.0106663
0.00465449
0.00196959
0.000844713
0.000275511
99.9601
99.8703
100.26
100.281
99.5874
99.4392
100.396
100.961
99.9639
98.7063
99.193
101.079
101.894
100.269
97.845
97.4861
100.03
103.24
103.922
100.911
96.1697
93.2828
94.83
100.665
108.052
113.22
113.158
106.716
94.6758
79.0889
62.376
46.5973
33.0818
22.391
14.4903
8.98977
5.35942
3.07692
1.70445
0.912605
0.473039
0.237714
0.115964
0.0549834
0.0253669
0.0113971
0.00499723
0.00212478
0.000916282
0.00030032
99.9614
99.8706
100.255
100.281
99.5962
99.4424
100.384
100.952
99.975
98.7248
99.1905
101.054
101.878
100.287
97.8814
97.4988
99.9978
103.189
103.902
100.95
96.2454
93.3386
94.8158
100.572
107.922
113.119
113.15
106.834
94.9139
79.4133
62.7391
46.9538
33.3986
22.6507
14.689
9.13277
5.45696
3.14027
1.74378
0.936024
0.486452
0.24512
0.119915
0.0570234
0.0263881
0.0118932
0.00523196
0.00223194
0.000966147
0.000317741
99.9619
99.8711
100.252
100.28
99.6008
99.4451
100.379
100.946
99.9795
98.7356
99.1914
101.041
101.867
100.294
97.9014
97.5092
99.9838
103.161
103.887
100.966
96.2856
93.3739
94.8163
100.528
107.851
113.057
113.134
106.883
95.0311
79.5819
62.9341
47.1498
33.5761
22.7985
14.8036
9.21638
5.51466
3.17816
1.76755
0.950316
0.494715
0.249724
0.122394
0.0583142
0.0270398
0.0122125
0.00538422
0.00230198
0.000999024
0.000329311
99.9622
99.8715
100.251
100.279
99.6031
99.4471
100.376
100.942
99.9811
98.7414
99.1931
101.034
101.86
100.297
97.9118
97.5164
99.9783
103.146
103.876
100.971
96.306
93.3946
94.8205
100.509
107.815
113.022
113.119
106.903
95.0869
79.6672
63.036
47.2546
33.6728
22.8803
14.8679
9.26381
5.54776
3.20011
1.78145
0.958754
0.499637
0.25249
0.123895
0.0591022
0.0274407
0.0124104
0.00547933
0.00234605
0.00101987
0.000336697
99.9623
99.8718
100.25
100.278
99.6041
99.4483
100.375
100.94
99.9815
98.7444
99.1944
101.032
101.856
100.297
97.9169
97.5208
99.9765
103.139
103.87
100.973
96.3156
93.4059
94.8246
100.501
107.797
113.003
113.109
106.909
95.112
79.7083
63.0869
47.3082
33.7232
22.9235
14.9023
9.28953
5.5659
3.21227
1.78923
0.963515
0.502438
0.254078
0.124763
0.0595616
0.0276762
0.0125275
0.00553603
0.0023725
0.00103248
0.000341195
99.9623
99.872
100.25
100.278
99.6045
99.449
100.375
100.939
99.9814
98.7458
99.1954
101.03
101.854
100.297
97.9192
97.5233
99.9762
103.135
103.867
100.973
96.32
93.4118
94.8276
100.498
107.788
112.993
113.102
106.91
95.1228
79.7275
63.1116
47.3349
33.7488
22.9458
14.9203
9.30313
5.5756
3.21883
1.79346
0.966133
0.503991
0.254965
0.125252
0.0598223
0.0278108
0.0125949
0.00556889
0.00238793
0.00103989
0.000343854
99.9624
99.8721
100.25
100.278
99.6047
99.4493
100.375
100.938
99.9813
98.7464
99.1959
101.03
101.853
100.296
97.9202
97.5246
99.9762
103.134
103.865
100.973
96.3218
93.4146
94.8293
100.497
107.785
112.988
113.099
106.91
95.1273
79.7361
63.1231
47.3476
33.7611
22.9567
14.9292
9.30993
5.58049
3.22218
1.79564
0.967489
0.504802
0.255432
0.125512
0.0599616
0.0278833
0.0126315
0.00558683
0.00239641
0.001044
0.000345335
99.9624
99.8721
100.25
100.278
99.6047
99.4495
100.375
100.938
99.9812
98.7467
99.1962
101.03
101.853
100.296
97.9206
97.5253
99.9763
103.133
103.864
100.972
96.3226
93.4161
94.8303
100.496
107.783
112.986
113.097
106.91
95.1291
79.74
63.1286
47.3538
33.7673
22.9622
14.9338
9.31347
5.58306
3.22395
1.7968
0.968218
0.505241
0.255686
0.125653
0.0600382
0.0279234
0.0126518
0.00559686
0.00240118
0.00104631
0.000346175
99.9623
99.8721
100.25
100.278
99.6047
99.4496
100.375
100.938
99.9811
98.7468
99.1964
101.03
101.852
100.296
97.9208
97.5255
99.9765
103.133
103.864
100.972
96.3229
93.4166
94.8308
100.496
107.782
112.985
113.096
106.91
95.1296
79.7414
63.1306
47.3562
33.7697
22.9645
14.9357
9.31497
5.58417
3.22472
1.79732
0.968546
0.505441
0.255803
0.12572
0.0600744
0.0279425
0.0126616
0.00560174
0.00240352
0.00104746
0.000346596
99.9623
99.8721
100.25
100.278
99.6048
99.4496
100.375
100.938
99.9811
98.7469
99.1965
101.03
101.852
100.296
97.9208
97.5257
99.9765
103.133
103.863
100.972
96.323
93.4169
94.8311
100.496
107.782
112.984
113.096
106.91
95.1299
79.7422
63.1318
47.3576
33.7711
22.9658
14.9368
9.31581
5.58479
3.22515
1.7976
0.968727
0.505551
0.255868
0.125756
0.0600943
0.027953
0.012667
0.00560443
0.00240481
0.0010481
0.000346828
99.9623
99.8721
100.25
100.278
99.6048
99.4496
100.375
100.938
99.9811
98.7469
99.1965
101.03
101.852
100.296
97.9208
97.5257
99.9765
103.133
103.863
100.972
96.323
93.417
94.8311
100.496
107.782
112.984
113.095
106.909
95.13
79.7424
63.1321
47.358
33.7715
22.9662
14.9371
9.31609
5.58501
3.22531
1.79771
0.968795
0.505593
0.255893
0.125771
0.0601024
0.0279574
0.0126692
0.00560557
0.00240536
0.00104837
0.000346931
99.9623
99.8721
100.25
100.278
99.6047
99.4496
100.375
100.938
99.9811
98.7469
99.1965
101.03
101.852
100.296
97.9209
97.5258
99.9766
103.133
103.863
100.972
96.323
93.4171
94.8312
100.496
107.782
112.984
113.095
106.909
95.13
79.7426
63.1324
47.3584
33.7719
22.9665
14.9374
9.31632
5.58518
3.22543
1.79779
0.968846
0.505624
0.255911
0.125781
0.060108
0.0279603
0.0126707
0.00560632
0.00240572
0.00104855
0.000346997
99.9623
99.8721
100.25
100.278
99.6047
99.4496
100.375
100.938
99.9811
98.7469
99.1965
101.03
101.852
100.296
97.9208
97.5258
99.9766
103.133
103.863
100.972
96.323
93.4171
94.8313
100.496
107.782
112.984
113.095
106.909
95.13
79.7426
63.1324
47.3584
33.772
22.9666
14.9375
9.31641
5.58524
3.22548
1.79782
0.96887
0.505639
0.25592
0.125786
0.060111
0.027962
0.0126716
0.00560677
0.00240594
0.00104866
0.000347038
)
;

boundaryField
{
    left
    {
        type            fixedValue;
        value           uniform 100;
    }
    right
    {
        type            zeroGradient;
    }
    up
    {
        type            zeroGradient;
    }
    down
    {
        type            fixedValue;
        value           uniform 0;
    }
    frontAndBack
    {
        type            empty;
    }
}


// ************************************************************************* //
