/*--------------------------------*- C++ -*----------------------------------*\
  =========                 |
  \\      /  F ield         | OpenFOAM: The Open Source CFD Toolbox
   \\    /   O peration     | Website:  https://openfoam.org
    \\  /    A nd           | Version:  8
     \\/     M anipulation  |
\*---------------------------------------------------------------------------*/
FoamFile
{
    version     2.0;
    format      ascii;
    class       volScalarField;
    location    "0.491";
    object      T;
}
// * * * * * * * * * * * * * * * * * * * * * * * * * * * * * * * * * * * * * //

dimensions      [0 0 0 1 0 0 0];

internalField   nonuniform List<scalar> 
2500
(
49.9999
4.66131
-4.65968
-1.20151
1.19392
0.486097
-0.464121
-0.271138
0.223306
0.194565
-0.109319
-0.161566
0.0330877
0.135118
0.0283485
-0.0964439
-0.0725978
0.0401299
0.0860907
0.0222633
-0.0586418
-0.0632959
0.000930715
0.0562194
0.0486329
-0.00465871
-0.0473183
-0.0433416
-0.00350703
0.0343345
0.0415273
0.0179973
-0.0147485
-0.0337848
-0.0300027
-0.00996587
0.0122982
0.0251871
0.024809
0.0144558
0.000747935
-0.0104722
-0.0160744
-0.0162778
-0.0124542
-0.00767007
-0.00251368
0.000301329
0.00282821
0.00288315
95.3389
49.9993
10.5216
-4.65442
-2.88014
1.17574
1.22025
-0.421669
-0.689341
0.144623
0.46858
0.0127964
-0.33662
-0.126766
0.213124
0.199526
-0.0736129
-0.208009
-0.0645233
0.135419
0.150944
-0.00435438
-0.135027
-0.109187
0.0224712
0.116695
0.0924973
-0.0100264
-0.091869
-0.0905184
-0.0207148
0.0552679
0.0840694
0.0554064
-0.00254299
-0.0508773
-0.0655887
-0.0464585
-0.00990218
0.0242087
0.0430586
0.0437944
0.0315335
0.0140107
-0.00202714
-0.012446
-0.0177614
-0.0165224
-0.0156318
-0.00889011
104.661
89.4786
49.9983
12.2
-4.64363
-3.61509
1.14355
1.64237
-0.354858
-0.972638
0.033041
0.659497
0.168292
-0.435274
-0.305058
0.209101
0.355432
0.0247413
-0.284572
-0.207848
0.098488
0.253569
0.115323
-0.12509
-0.210973
-0.084358
0.104391
0.17882
0.0944762
-0.0550144
-0.144451
-0.118985
-0.0160752
0.0835566
0.119583
0.0836002
0.00944175
-0.0577158
-0.0882762
-0.0777064
-0.0406542
0.00253734
0.0351694
0.051307
0.0504318
0.0408654
0.0254098
0.0133228
0.00270859
-0.00341922
101.201
104.657
87.8
49.9968
12.936
-4.62549
-4.04185
1.09422
1.93732
-0.260663
-1.18493
-0.111599
0.78857
0.3506
-0.463536
-0.48571
0.130267
0.473218
0.177514
-0.285152
-0.35187
-0.016835
0.29194
0.258426
-0.0284826
-0.252735
-0.217827
0.00393907
0.195474
0.207715
0.0610697
-0.110978
-0.185664
-0.13196
-0.00658489
0.10467
0.144949
0.109215
0.0310112
-0.0459102
-0.091574
-0.0975775
-0.0736284
-0.0363143
-0.00059798
0.023508
0.0368561
0.0353038
0.0343748
0.0200147
98.8046
102.88
104.65
87.0636
49.9948
13.3659
-4.59827
-4.34727
1.02496
2.1719
-0.136993
-1.35011
-0.287499
0.861929
0.550334
-0.423565
-0.650742
-0.0129562
0.532866
0.357786
-0.203753
-0.458853
-0.186119
0.243519
0.375688
0.132032
-0.202476
-0.318352
-0.153557
0.11333
0.261146
0.202866
0.0145974
-0.158003
-0.21235
-0.140184
-0.00581943
0.110356
0.158525
0.134004
0.0650041
-0.0118619
-0.067771
-0.09351
-0.0892525
-0.0705153
-0.0421441
-0.0208671
-0.00214218
0.00763074
99.5147
98.8198
103.616
104.635
86.633
49.9924
13.6778
-4.56033
-4.60037
0.933312
2.37285
0.0172751
-1.47613
-0.490917
0.879781
0.755737
-0.317948
-0.781736
-0.205377
0.519725
0.534642
-0.0471566
-0.496857
-0.372089
0.106473
0.422033
0.31135
-0.0582777
-0.333161
-0.308325
-0.0532325
0.207476
0.29366
0.180989
-0.0244537
-0.18684
-0.227812
-0.152816
-0.0225749
0.0937148
0.153826
0.150659
0.104081
0.0415582
-0.013625
-0.0482659
-0.0645961
-0.0587129
-0.0542785
-0.0302336
100.466
98.7789
98.8483
104.045
104.613
86.3202
49.9895
13.9419
-4.51006
-4.83038
0.817151
2.5509
0.202225
-1.56398
-0.716235
0.84058
0.953309
-0.151896
-0.861531
-0.426892
0.42681
0.676264
0.165009
-0.445313
-0.530963
-0.0987258
0.368132
0.453341
0.148887
-0.235573
-0.392852
-0.248224
0.0455302
0.270736
0.302757
0.160943
-0.0433076
-0.194652
-0.234815
-0.172856
-0.0592793
0.051302
0.121706
0.144845
0.12626
0.0913517
0.0466605
0.0171763
-0.00889405
-0.0176904
100.271
100.427
98.354
98.8934
104.353
104.58
86.0549
49.9862
14.1889
-4.44594
-5.05062
0.674698
2.70939
0.416935
-1.61146
-0.956149
0.743056
1.12857
0.0658469
-0.875808
-0.653485
0.256172
0.75365
0.402311
-0.299036
-0.620517
-0.332494
0.208762
0.505847
0.362271
-0.0366133
-0.357165
-0.393391
-0.173942
0.118855
0.3029
0.301783
0.155797
-0.0348664
-0.177502
-0.228287
-0.192877
-0.109065
-0.0166132
0.0540681
0.0919192
0.101908
0.0855745
0.0722284
0.0367091
99.7736
100.692
100.364
98.055
98.9582
104.609
104.536
85.8062
49.9824
14.4336
-4.36648
-5.26718
0.504526
2.84803
0.659451
-1.61509
-1.20186
0.587441
1.26689
0.322647
-0.814654
-0.858858
0.0195771
0.744524
0.627128
-0.070441
-0.608622
-0.543301
-0.0334161
0.436081
0.514451
0.214121
-0.190721
-0.418558
-0.364138
-0.114251
0.157182
0.31012
0.300454
0.17103
0.00346211
-0.13167
-0.197512
-0.197833
-0.14995
-0.0912272
-0.0286451
0.00514747
0.0353829
0.0354913
99.8047
99.8493
100.981
100.273
97.815
99.0452
104.844
104.479
85.5594
49.9782
14.6841
-4.2702
-5.48249
0.305559
2.96451
0.926764
-1.57113
-1.44326
0.376147
1.35429
0.602103
-0.673744
-1.01644
-0.261873
0.636609
0.799478
0.21102
-0.480354
-0.677771
-0.310528
0.241824
0.546746
0.440479
0.0685004
-0.291471
-0.435889
-0.331903
-0.0850575
0.15812
0.29391
0.296527
0.199957
0.066891
-0.0527048
-0.126162
-0.153098
-0.142715
-0.108961
-0.080514
-0.0345132
100.113
99.5252
99.9589
101.2
100.152
97.6071
99.1568
105.07
104.407
85.3063
49.9735
14.9446
-4.15568
-5.697
0.0771224
3.05548
1.21485
-1.4763
-1.66936
0.114274
1.37857
0.884714
-0.455501
-1.10213
-0.559232
0.430566
0.883302
0.502259
-0.243382
-0.693167
-0.558689
-0.0433848
0.429845
0.563026
0.340928
-0.0385002
-0.339711
-0.429632
-0.31463
-0.09314
0.120412
0.251027
0.278493
0.228716
0.137274
0.0516688
-0.0232374
-0.051935
-0.0783551
-0.0593684
100.164
99.9916
99.3272
100.103
101.373
99.9993
97.4206
99.2951
105.294
104.318
85.0426
49.9683
15.2177
-4.02151
-5.90994
-0.181058
3.11698
1.51864
-1.32819
-1.86853
-0.190194
1.33007
1.14871
-0.169536
-1.09673
-0.838087
0.141148
0.852184
0.752429
0.0709719
-0.568026
-0.711717
-0.354771
0.176731
0.525315
0.528773
0.257321
-0.0938668
-0.344336
-0.410661
-0.314327
-0.132891
0.046014
0.172145
0.221439
0.215368
0.167854
0.112412
0.064808
0.0160629
99.964
100.346
99.8345
99.1899
100.281
101.508
99.8142
97.2522
99.4617
105.518
104.212
84.7656
49.9625
15.5049
-3.86627
-6.11987
-0.468917
3.1448
1.83225
-1.12555
-2.02905
-0.526524
1.20257
1.37154
0.16753
-0.988412
-1.06232
-0.203408
0.694851
0.911605
0.411439
-0.310112
-0.718552
-0.611166
-0.155353
0.317955
0.552403
0.483875
0.21341
-0.0942937
-0.308894
-0.377658
-0.320448
-0.194969
-0.0571509
0.0452634
0.113602
0.120925
0.129489
0.0815129
99.8605
100.127
100.452
99.6474
99.1081
100.489
101.606
99.5974
97.1022
99.6579
105.743
104.086
84.4737
49.9562
15.8073
-3.6886
-6.32476
-0.78588
3.13466
2.14874
-0.868718
-2.13945
-0.881067
0.994229
1.53106
0.532245
-0.77499
-1.19778
-0.56298
0.419168
0.939478
0.71361
0.0404991
-0.558413
-0.734615
-0.474676
-0.00982949
0.383584
0.540549
0.450927
0.213872
-0.0463265
-0.233564
-0.318504
-0.302789
-0.238942
-0.143369
-0.071506
-0.00871405
0.0246969
99.9724
99.7758
100.312
100.487
99.4395
99.0822
100.722
101.664
99.3503
96.973
99.8849
105.968
103.94
84.1658
49.9494
16.1255
-3.48704
-6.52223
-1.13105
3.08233
2.46049
-0.559554
-2.18898
-1.2379
0.707802
1.6073
0.896041
-0.464804
-1.21677
-0.890314
0.0526837
0.813969
0.912251
0.417363
-0.249953
-0.674035
-0.681185
-0.360893
0.063324
0.38449
0.503689
0.431683
0.250245
0.047158
-0.110962
-0.197269
-0.223603
-0.189764
-0.163058
-0.0849455
100.102
99.7934
99.7757
100.503
100.451
99.2225
99.1149
100.973
101.678
99.0756
96.8683
100.143
106.191
103.772
83.8413
49.9419
16.4598
-3.26022
-6.70964
-1.50299
2.98392
2.75913
-0.201909
-2.16833
-1.57912
0.351568
1.58443
1.2268
-0.0779407
-1.10273
-1.13645
-0.358034
0.539032
0.955054
0.738221
0.145512
-0.42623
-0.698289
-0.615464
-0.299897
0.0640413
0.332905
0.443156
0.41596
0.295962
0.163789
0.0316066
-0.033753
-0.0925749
-0.0835401
100.075
100.081
99.6266
99.8545
100.681
100.346
99.0102
99.2085
101.233
101.644
98.777
96.7922
100.433
106.411
103.58
83.4996
49.9336
16.8106
-3.00669
-6.88393
-1.89977
2.83574
3.03549
0.198385
-2.06973
-1.88522
-0.0607732
1.45181
1.49083
0.354607
-0.852965
-1.25668
-0.752356
0.14664
0.814165
0.921363
0.534573
-0.0422481
-0.499179
-0.670426
-0.564216
-0.292793
0.00157741
0.227623
0.336204
0.349857
0.291754
0.20642
0.134525
0.0464802
99.9557
100.221
99.9796
99.4967
100.003
100.827
100.176
98.8179
99.364
101.492
101.556
98.4593
96.7492
100.754
106.626
103.363
83.1403
49.9247
17.1781
-2.72495
-7.04203
-2.31911
2.63467
3.28024
0.633625
-1.88795
-2.1366
-0.510442
1.20629
1.65686
0.793254
-0.481764
-1.21949
-1.0651
-0.304795
0.498369
0.909033
0.81468
0.378806
-0.12794
-0.489017
-0.614434
-0.532213
-0.334912
-0.111758
0.0567393
0.173271
0.189869
0.208446
0.134064
99.9076
100.066
100.308
99.8168
99.426
100.207
100.92
99.9479
98.6614
99.5798
101.739
101.413
98.1282
96.7442
101.105
106.832
103.119
82.7631
49.9149
17.5624
-2.41361
-7.18057
-2.75798
2.37826
3.48352
1.0937
-1.62074
-2.31374
-0.973261
0.853369
1.69821
1.19148
-0.0217284
-1.01226
-1.23476
-0.735439
0.0574449
0.684041
0.897229
0.709458
0.300694
-0.123464
-0.413813
-0.532845
-0.491012
-0.377459
-0.218237
-0.102916
-0.00260532
0.046273
99.9773
99.8508
100.222
100.314
99.6203
99.4321
100.447
100.946
99.6742
98.5561
99.8521
101.961
101.212
97.7904
96.7816
101.487
107.028
102.846
82.3674
49.9041
17.9638
-2.07091
-7.29572
-3.213
2.06432
3.63509
1.56672
-1.26853
-2.39816
-1.42134
0.406895
1.59554
1.50095
0.4796
-0.644721
-1.21516
-1.05909
-0.425958
0.278319
0.736178
0.835517
0.638438
0.301584
-0.0326263
-0.266525
-0.375895
-0.386407
-0.312415
-0.253575
-0.124676
100.065
99.8359
99.8873
100.382
100.231
99.4227
99.5249
100.697
100.891
99.3715
98.5161
100.173
102.145
100.952
97.4537
96.8662
101.897
107.209
102.544
81.9531
49.8924
18.3825
-1.69539
-7.38387
-3.68015
1.69197
3.7253
2.03879
-0.836307
-2.37485
-1.82405
-0.10875
1.34235
1.67756
0.961693
-0.155238
-0.990043
-1.20087
-0.845939
-0.220418
0.359368
0.69985
0.758046
0.612908
0.361536
0.131546
-0.0679658
-0.142822
-0.212364
-0.161134
100.07
100.008
99.7188
100.012
100.507
100.063
99.259
99.7048
100.93
100.749
99.0598
98.5533
100.534
102.28
100.634
97.1266
97.0021
102.332
107.373
102.21
81.5197
49.8795
18.8186
-1.28552
-7.44083
-4.15445
1.26127
3.74427
2.49356
-0.333326
-2.23193
-2.14848
-0.659357
0.945539
1.6847
1.35578
0.391835
-0.577771
-1.11002
-1.09253
-0.682416
-0.133601
0.325524
0.595736
0.648946
0.571761
0.404243
0.247549
0.11456
0.00576345
99.9976
100.153
99.8748
99.67
100.201
100.558
99.8283
99.1623
99.9616
101.115
100.52
98.7622
98.676
100.919
102.352
100.261
96.8183
97.1931
102.792
107.516
101.843
81.0666
49.8653
19.2725
-0.839061
-7.46207
-4.63089
0.772438
3.68248
2.91398
0.22811
-1.96194
-2.36328
-1.20487
0.425666
1.50059
1.59758
0.917112
-0.0320063
-0.777979
-1.08819
-0.974496
-0.605356
-0.172359
0.181563
0.384768
0.466089
0.407361
0.36533
0.200844
99.9355
100.122
100.146
99.7104
99.718
100.414
100.51
99.5594
99.1598
100.274
101.225
100.211
98.5038
98.8884
101.313
102.351
99.8386
96.5389
97.4429
103.273
107.634
101.44
80.5935
49.8497
19.7444
-0.354551
-7.44337
-5.10338
0.228121
3.53221
3.2814
0.829438
-1.56567
-2.44081
-1.69788
-0.177035
1.12715
1.63638
1.32908
0.553272
-0.259927
-0.813087
-0.999818
-0.893773
-0.605157
-0.309748
-0.0276123
0.103127
0.221069
0.189939
99.9447
99.9715
100.242
100.039
99.57
99.869
100.603
100.352
99.2974
99.2684
100.612
101.236
99.8397
98.3096
99.1897
101.698
102.267
99.373
96.2989
97.754
103.77
107.723
101
80.0998
49.8323
20.2342
0.169766
-7.37938
-5.5642
-0.367709
3.28581
3.57478
1.44677
-1.05037
-2.35673
-2.08558
-0.806314
0.588963
1.4393
1.53625
1.0572
0.335497
-0.310337
-0.724806
-0.852236
-0.789481
-0.594529
-0.387228
-0.214627
-0.0480189
100.007
99.8627
100.095
100.297
99.853
99.5072
100.104
100.717
100.095
99.0879
99.4916
100.938
101.132
99.4287
98.2033
99.5735
102.051
102.092
98.8736
96.1091
98.1289
104.281
107.779
100.521
79.5843
49.8127
20.7428
0.736822
-7.26458
-6.00635
-1.0113
2.93677
3.77443
2.05478
-0.429663
-2.09592
-2.32035
-1.39946
-0.0664103
1.0051
1.47926
1.36353
0.882172
0.298828
-0.191955
-0.482031
-0.612332
-0.545464
-0.501233
-0.283319
100.057
99.8917
99.873
100.255
100.245
99.6383
99.5601
100.38
100.717
99.7694
98.9747
99.8169
101.21
100.905
99.0091
98.2053
100.027
102.352
101.822
98.3523
95.9808
98.5689
104.8
107.796
99.9996
79.0466
49.7915
21.2708
1.34812
-7.09444
-6.42158
-1.69504
2.48317
3.86192
2.62223
0.269106
-1.65903
-2.36308
-1.88251
-0.759432
0.385205
1.14513
1.38839
1.22976
0.826301
0.419602
0.0349389
-0.142175
-0.3013
-0.258731
100.052
100.014
99.7845
99.9902
100.382
100.078
99.4602
99.7407
100.639
100.58
99.4217
98.9925
100.215
101.387
100.563
98.6168
98.3304
100.532
102.577
101.455
97.8234
95.9251
99.0741
105.322
107.77
99.4344
78.4861
49.7674
21.8173
2.00552
-6.862
-6.79818
-2.40843
1.92365
3.81579
3.11055
1.0081
-1.05737
-2.179
-2.17326
-1.38592
-0.327638
0.561332
1.09219
1.2168
1.08966
0.794957
0.503223
0.262468
0.0458122
100.003
100.114
99.8869
99.7578
100.183
100.41
99.8272
99.3837
100.028
100.815
100.307
99.1112
99.1601
100.644
101.434
100.122
98.2901
98.5863
101.064
102.705
100.994
97.3025
95.9527
99.6442
105.84
107.697
98.822
77.9001
49.7394
22.3838
2.71348
-6.55927
-7.12561
-3.14277
1.25683
3.61727
3.48361
1.7476
-0.313959
-1.74946
-2.2104
-1.83996
-1.03386
-0.17665
0.477776
0.822262
0.933021
0.792036
0.692104
0.375069
99.9564
100.112
100.072
99.7422
99.8535
100.38
100.299
99.5584
99.4553
100.37
100.852
99.9307
98.9
99.4754
101.048
101.324
99.6146
98.0681
98.9724
101.592
102.715
100.444
96.8086
96.075
100.278
106.347
107.568
98.1587
77.2885
49.709
22.972
3.47397
-6.18187
-7.39438
-3.88511
0.491144
3.25763
3.70917
2.4351
0.521522
-1.09972
-1.96344
-2.03783
-1.59382
-0.905947
-0.304861
0.201054
0.382598
0.5512
0.416425
99.9471
100.025
100.185
99.9262
99.6666
100.061
100.498
100.055
99.3554
99.6857
100.689
100.716
99.5083
98.842
99.9117
101.367
101.05
99.0851
97.9857
99.4766
102.082
102.591
99.8182
96.3626
96.3012
100.97
106.834
107.378
97.443
76.6507
49.6746
23.5796
4.28713
-5.72271
-7.58794
-4.61318
-0.35798
2.72918
3.74534
2.99797
1.36992
-0.287868
-1.42018
-1.90794
-1.81019
-1.43733
-0.903086
-0.484874
-0.138533
0.0780369
99.9772
99.9264
100.154
100.148
99.7392
99.7262
100.316
100.466
99.7337
99.2967
100.042
100.901
100.408
99.1167
98.9718
100.419
101.544
100.619
98.5861
98.0698
100.076
102.496
102.322
99.1327
95.985
96.6394
101.717
107.294
107.122
96.6702
75.9819
49.6325
24.2068
5.15945
-5.16781
-7.68641
-5.3064
-1.28107
2.02004
3.5457
3.36881
2.14177
0.637262
-0.616981
-1.35715
-1.59892
-1.49724
-1.14776
-0.882593
-0.417203
100.02
99.8876
100.019
100.248
99.985
99.61
99.9331
100.518
100.259
99.4282
99.4303
100.449
100.934
99.9661
98.8401
99.2961
100.926
101.533
100.063
98.1764
98.3376
100.738
102.796
101.899
98.4086
95.7002
97.099
102.514
107.715
106.79
95.8332
75.2794
49.5849
24.8592
6.09825
-4.50912
-7.67844
-5.95088
-2.262
1.1327
3.09732
3.49387
2.77052
1.57242
0.372643
-0.453931
-0.985686
-1.01664
-1.07376
-0.686589
100.047
99.9251
99.8839
100.178
100.219
99.7572
99.6287
100.229
100.568
99.9172
99.2468
99.7525
100.803
100.747
99.4703
98.7541
99.7858
101.35
101.307
99.4339
97.916
98.7904
101.416
102.943
101.325
97.6758
95.5344
97.6849
103.349
108.083
106.371
94.9302
74.5458
49.5338
25.5359
7.09991
-3.74615
-7.5517
-6.51583
-3.25831
0.105788
2.41086
3.32492
3.16094
2.31917
1.39017
0.468745
-0.0273248
-0.447283
-0.47018
100.042
100.005
99.8316
100.006
100.298
100.039
99.5782
99.8285
100.502
100.41
99.5385
99.2751
100.198
100.995
100.354
99.0254
98.9058
100.374
101.608
100.866
98.8035
97.8558
99.4098
102.054
102.904
100.613
96.9678
95.5095
98.397
104.21
108.387
105.861
93.9592
73.7759
49.4701
26.2274
8.16224
-2.86458
-7.27218
-6.9444
-4.21493
-1.00766
1.46358
2.82264
3.0982
2.73444
2.00126
1.2748
0.704617
0.17186
100.014
100.075
99.8798
99.8465
100.201
100.272
99.7721
99.5626
100.157
100.622
100.064
99.2562
99.5428
100.653
100.943
99.8182
98.7427
99.301
100.967
101.63
100.245
98.2544
98.0331
100.16
102.593
102.655
99.7798
96.3196
95.6481
99.2381
105.088
108.616
105.249
92.9057
72.9552
49.3857
26.9368
9.3046
-1.8351
-6.79418
-7.19998
-5.08044
-2.21273
0.271274
1.86835
2.52325
2.5622
2.05366
1.69232
0.880913
99.9812
100.098
99.9871
99.7827
100.006
100.34
100.068
99.5533
99.763
100.486
100.503
99.6315
99.195
100.003
100.974
100.621
99.2587
98.7176
99.8942
101.446
101.374
99.5116
97.877
98.4676
100.985
102.967
102.174
98.8577
95.7777
95.9791
100.21
105.965
108.745
104.512
91.7559
72.0828
49.2908
27.6831
10.5423
-0.642006
-6.11423
-7.26318
-5.8406
-3.46369
-1.11824
0.490984
1.53863
1.66952
1.82175
1.19645
99.9607
100.072
100.09
99.8312
99.8279
100.235
100.302
99.7631
99.5236
100.125
100.653
100.148
99.2757
99.4193
100.527
101.034
100.078
98.8239
98.9985
100.583
101.696
100.842
98.7684
97.7565
99.1458
101.802
103.108
101.462
97.8977
95.3965
96.5238
101.296
106.81
108.746
103.638
90.5142
71.1712
49.1955
28.4636
11.8575
0.69278
-5.2512
-7.0955
-6.45072
-4.55134
-2.62421
-0.855538
0.0699357
0.814136
0.838191
99.9599
100.016
100.143
99.9507
99.7444
100.035
100.377
100.058
99.5221
99.7458
100.494
100.545
99.6725
99.1578
99.8919
100.939
100.772
99.4438
98.6536
99.5615
101.223
101.63
100.091
98.1395
97.9494
100.015
102.516
102.968
100.544
96.9607
95.2192
97.2854
102.475
107.599
108.612
102.631
89.1816
70.2039
49.0685
29.2298
13.2255
2.14453
-4.11809
-6.64278
-6.60152
-5.38018
-3.65848
-2.17823
-1.06679
-0.17439
99.9756
99.9588
100.131
100.078
99.7743
99.8414
100.289
100.298
99.7166
99.5103
100.15
100.676
100.161
99.2692
99.3707
100.471
101.072
100.22
98.898
98.8396
100.308
101.656
101.207
99.2278
97.7503
98.4802
100.996
103.031
102.512
99.4559
96.1087
95.2886
98.2738
103.736
108.319
108.329
101.47
87.7217
69.1398
48.8565
29.9688
14.6284
3.8146
-2.66283
-5.61999
-6.17934
-5.48209
-4.04585
-3.02055
-1.43351
99.9986
99.9234
100.073
100.162
99.884
99.728
100.105
100.402
99.9936
99.4816
99.7898
100.544
100.534
99.6366
99.1411
99.8845
100.944
100.824
99.5177
98.6317
99.3939
101.072
101.737
100.454
98.4013
97.7194
99.338
101.978
103.239
101.708
98.2434
95.4201
95.6709
99.5215
105.076
108.933
107.833
100.076
86.0676
67.9339
48.5851
30.7342
16.2038
5.81128
-0.728451
-3.90789
-5.1637
-4.57587
-4.20285
-2.46221
100.019
99.9173
99.9967
100.184
100.02
99.7172
99.9072
100.361
100.241
99.6273
99.5395
100.247
100.689
100.082
99.2209
99.4036
100.519
101.085
100.222
98.8984
98.79
100.208
101.63
101.373
99.4896
97.8082
98.1306
100.435
102.798
103.036
100.577
97.016
95.0108
96.4239
101.013
106.429
109.363
107.061
98.4159
84.2162
66.6101
48.2976
31.5504
18.0274
8.05438
1.88016
-1.88169
-2.93945
-3.68954
-2.59782
100.032
99.9364
99.9313
100.148
100.132
99.7911
99.7618
100.219
100.386
99.8643
99.457
99.9152
100.621
100.446
99.5203
99.1601
99.9963
100.993
100.77
99.455
98.6219
99.3977
101.057
101.764
100.578
98.529
97.6469
98.9932
101.603
103.26
102.349
99.2017
95.94
95.02
97.585
102.677
107.663
109.483
105.947
96.5236
82.2543
65.3378
48.038
32.5556
19.7638
10.6338
4.14809
0.828707
-1.38463
-1.73965
100.035
99.9686
99.8915
100.081
100.197
99.9066
99.6941
100.042
100.417
100.103
99.5186
99.6481
100.409
100.652
99.8976
99.1549
99.5438
100.67
101.056
100.07
98.814
98.845
100.305
101.668
101.372
99.5069
97.8097
98.0129
100.199
102.65
103.252
101.207
97.6985
95.117
95.4754
99.1252
104.48
108.784
109.326
104.538
94.3459
80.1318
63.8348
47.7461
33.2367
21.6413
12.7644
6.8444
3.13216
0.5855
100.03
100.004
99.8809
100.003
100.21
100.029
99.7036
99.8763
100.35
100.291
99.6818
99.4915
100.13
100.688
100.255
99.3406
99.2454
100.233
101.073
100.601
99.2503
98.6124
99.568
101.211
101.771
100.484
98.4401
97.5869
98.9171
101.529
103.326
102.682
99.7179
96.2703
94.6954
96.3911
100.941
106.304
109.735
108.978
102.944
92.0821
77.7568
62.0622
46.7017
33.1857
22.2761
13.7362
8.57015
3.51092
100.02
100.031
99.8929
99.9411
100.184
100.122
99.7618
99.7656
100.237
100.391
99.8662
99.4537
99.8849
100.599
100.496
99.6021
99.1361
99.8426
100.902
100.923
99.7296
98.6649
99.0505
100.634
101.785
101.186
99.2184
97.6644
98.0759
100.362
102.801
103.39
101.375
97.8427
95.0245
94.9085
98.06
103.3
108.257
110.412
108.021
100.624
89.0174
74.6839
59.6612
45.0398
32.9488
21.9502
15.6862
7.78706
100.01
100.053
99.9169
99.8919
100.138
100.191
99.8438
99.6937
100.105
100.434
100.05
99.4851
99.6757
100.446
100.657
99.8876
99.1384
99.5054
100.64
101.109
100.198
98.8655
98.6867
100.037
101.598
101.693
100.011
97.9897
97.5231
99.2696
102.031
103.665
102.706
99.4584
95.8288
94.1484
95.7939
100.434
106.18
110.449
111.003
106.623
97.5175
84.6145
70.1025
54.7509
41.7515
28.7502
21.5634
11.2697
100
100.059
99.9475
99.8734
100.083
100.211
99.9284
99.6902
99.9923
100.396
100.177
99.5905
99.5734
100.261
100.672
100.118
99.2776
99.332
100.342
101.073
100.521
99.1988
98.618
99.5733
101.2
101.816
100.626
98.562
97.481
98.5246
101.103
103.308
103.342
100.83
97.1171
94.4437
94.6401
98.1025
103.632
108.909
111.625
109.939
103.665
92.8101
79.8421
64.5051
51.5357
36.7698
29.1325
16.2149
99.9934
100.066
99.9687
99.8578
100.044
100.229
99.988
99.682
99.911
100.376
100.271
99.6582
99.4924
100.135
100.694
100.283
99.3626
99.1968
100.138
101.069
100.757
99.4161
98.5436
99.2434
100.949
101.936
101.059
98.9248
97.4047
97.9942
100.5
103.131
103.824
101.749
97.9119
94.5472
93.8141
96.587
102.061
108.045
112.102
112.022
107.3
97.5258
85.2183
69.7751
56.5956
40.8245
32.803
18.4963
99.9874
100.059
99.9976
99.8685
99.9942
100.205
100.055
99.7342
99.8394
100.283
100.323
99.7981
99.4993
99.9689
100.589
100.416
99.5781
99.194
99.8801
100.865
100.89
99.7758
98.723
98.9929
100.479
101.731
101.391
99.5541
97.7675
97.6927
99.6704
102.376
103.78
102.609
99.254
95.5565
93.7584
95.2136
99.8007
105.78
110.963
112.762
110.487
102.759
92.3871
77.4812
64.9754
47.9775
39.9299
23.3829
)
;

boundaryField
{
    left
    {
        type            fixedValue;
        value           uniform 100;
    }
    right
    {
        type            zeroGradient;
    }
    up
    {
        type            zeroGradient;
    }
    down
    {
        type            fixedValue;
        value           uniform 0;
    }
    frontAndBack
    {
        type            empty;
    }
}


// ************************************************************************* //
