/*--------------------------------*- C++ -*----------------------------------*\
  =========                 |
  \\      /  F ield         | OpenFOAM: The Open Source CFD Toolbox
   \\    /   O peration     | Website:  https://openfoam.org
    \\  /    A nd           | Version:  8
     \\/     M anipulation  |
\*---------------------------------------------------------------------------*/
FoamFile
{
    version     2.0;
    format      ascii;
    class       volVectorField;
    location    "34";
    object      U;
}
// * * * * * * * * * * * * * * * * * * * * * * * * * * * * * * * * * * * * * //

dimensions      [0 1 -1 0 0 0 0];

internalField   nonuniform List<vector> 
2844
(
(1.00779 -0.00347713 9.46402e-05)
(1.00072 -0.00408772 -3.62556e-05)
(1.03292 -0.0123366 -0.000253989)
(1.08054 -0.0197334 -0.000128603)
(1.07602 -0.0102654 0.000100088)
(1.07624 -0.00846514 0.000284591)
(1.03166 -0.00533743 0.000101075)
(1.02277 -0.0120616 -9.11918e-05)
(1.02295 -0.00131626 -0.000249168)
(0.960094 -0.00665152 -0.000286352)
(0.953145 -0.0147603 -5.09189e-05)
(0.969261 -0.0162271 0.000378892)
(1.00136 -0.0301726 0.000642176)
(1.0463 -0.0298185 0.000568941)
(1.02796 -0.0293997 0.000238348)
(1.04587 -0.0148844 0.000140475)
(0.981622 -0.00312989 5.98963e-05)
(0.981024 -0.0023344 -8.55075e-05)
(0.939445 0.0153428 5.33936e-05)
(0.903631 0.00602244 -0.000116482)
(1.01047 -0.00793515 0.000214841)
(1.00036 -0.010787 2.39917e-05)
(1.03019 -0.0554334 -0.000685656)
(1.09127 -0.0078418 -0.000554968)
(1.08634 0.0131363 0.000447304)
(1.09134 0.0480613 0.000642257)
(1.03938 0.0440588 0.000167771)
(1.03071 0.0221956 6.17996e-05)
(1.02877 0.0539999 -0.000352174)
(0.953791 0.0610242 -0.000895688)
(0.956624 0.00474282 -0.000426627)
(0.969161 -0.0182239 0.00084348)
(1.00763 -0.0396957 0.00148833)
(1.05567 0.000243171 0.00146854)
(1.04519 0.0341705 0.000745565)
(1.08415 0.0489089 0.000308107)
(1.00563 0.0570402 0.000278333)
(1.00803 0.0380624 -0.00072932)
(0.949527 0.0433086 0.000555678)
(0.895551 0.0232611 0.000199015)
(1.01245 -0.0160528 0.000723082)
(1.00182 -0.0224193 -0.000425024)
(1.06976 -0.0865172 -0.0021343)
(1.12084 -0.0640519 0.00034188)
(1.1304 -0.000737423 0.00254319)
(1.14842 0.0222103 0.00290555)
(1.05952 0.044915 0.0013546)
(1.05105 -0.0048906 -0.000623863)
(1.04932 0.0626354 -0.00203267)
(0.94968 0.0566813 -0.00240145)
(0.953123 -0.0264097 -0.00281526)
(0.986669 -0.0568767 5.17281e-05)
(1.03906 -0.117823 0.00349064)
(1.12953 -0.0749449 0.00603848)
(1.09902 -0.0584822 0.00217294)
(1.07272 0.00882292 0.00201025)
(0.972928 0.0562058 0.00161008)
(0.981979 0.0462383 0.000396966)
(0.949204 0.098916 0.00090233)
(0.916962 0.0491402 -0.00208102)
(1.01142 -0.034598 0.000322995)
(1.02194 -0.0315317 -0.00103684)
(1.06489 -0.146705 -0.00166341)
(1.15327 -0.0380885 0.00122138)
(1.18551 -0.0244746 0.00561775)
(1.21137 0.0721965 0.00448484)
(1.12203 0.0975843 0.00263992)
(1.08952 0.0458429 0.000476289)
(1.04503 0.14456 0.000271603)
(0.919458 0.154545 -0.00237742)
(0.982607 0.00397473 -0.0133583)
(0.987202 -0.0670552 -0.012832)
(1.10053 -0.186777 -0.00432851)
(1.2045 -0.0989046 0.00535069)
(1.15153 0.0809251 0.00472719)
(1.17536 0.129002 0.00778747)
(1.0341 0.123147 0.00270065)
(1.08367 0.0592932 -0.00457451)
(0.993291 0.0788598 0.0053345)
(0.881717 0.0753525 0.00438198)
(1.0323 -0.0510691 -0.00466499)
(0.986739 -0.0606611 0.00179394)
(1.14596 -0.178729 0.00571553)
(1.28801 -0.185571 0.00642433)
(1.26657 -0.0412088 -9.72495e-05)
(1.38234 0.0287206 0.00151996)
(1.19891 0.146219 0.0217318)
(1.12484 0.0556684 -0.0100009)
(1.15914 0.207614 -0.0132268)
(0.950547 0.120906 0.00307769)
(0.947808 0.0391366 -0.0186552)
(1.03094 -0.020237 -0.0327525)
(1.20932 -0.268585 -0.0257366)
(1.29783 -0.163333 0.00930426)
(1.16693 -0.0793448 0.0120222)
(1.20395 0.0139098 -0.00668477)
(1.22968 0.111524 -0.0123877)
(1.18708 0.127852 -0.00319947)
(1.03627 0.201811 0.00755527)
(0.907692 0.0995214 0.00112069)
(0.995828 -0.040636 -0.0101169)
(1.0069 -0.115469 0.00964615)
(1.26221 -0.43675 0.0138936)
(1.36688 -0.108524 0.00552924)
(1.49751 -0.0467971 -0.0138694)
(1.54138 0.0279508 -0.00175438)
(1.3797 0.0899061 0.0151987)
(1.26437 0.169958 -0.015883)
(1.09655 0.346211 0.0113097)
(0.778933 0.304911 -0.0151779)
(0.82199 0.133244 -0.0518366)
(0.955056 0.0391449 -0.0469981)
(0.964735 -0.180464 -0.0224793)
(1.20621 -0.0864436 -0.0105068)
(1.4089 0.0888288 -0.0156243)
(1.47739 0.137608 0.00435058)
(1.18773 0.272803 0.0251575)
(0.887909 0.228351 0.0113574)
(1.02522 0.221787 -0.0206924)
(1.06635 0.198733 -0.0109982)
(1.01263 0.0283612 -0.0061441)
(1.11338 -0.403582 0.0240637)
(1.30037 -0.502334 0.00626673)
(1.62672 -0.427828 0.00203544)
(1.71617 0.0253124 -0.00851136)
(1.52717 0.111826 0.0344425)
(1.48386 0.439903 -0.00564106)
(1.62395 0.303724 0.0308493)
(1.05177 0.46393 0.0597578)
(0.773394 0.401148 -0.056429)
(1.17192 0.245275 0.0121966)
(1.12755 0.193006 0.0436594)
(0.987746 -0.449337 -0.0079739)
(1.23336 -0.435855 -0.0140957)
(1.32735 -0.234555 0.028505)
(1.40359 0.111173 0.0391111)
(1.12583 0.384258 0.00804482)
(0.954678 0.114561 -0.00738767)
(1.07315 0.207021 -0.000122258)
(1.01755 0.178186 0.0127391)
(0.97198 -0.137315 0.0101751)
(1.00928 -0.433613 0.0151612)
(1.69592 -0.729571 0.0254092)
(1.89359 -1.30438 0.0284352)
(1.74262 -0.062626 0.000509289)
(1.67041 -0.00747862 0.00581392)
(1.50708 0.0123869 -0.0384813)
(1.69683 0.132277 0.12149)
(1.48773 0.766992 -0.0280073)
(1.39163 0.588178 -0.0765463)
(1.28593 0.109532 0.0504092)
(1.58308 0.153389 0.0289358)
(1.11149 -0.249958 0.0501553)
(0.695889 -0.447873 0.0359045)
(0.570408 -0.435391 -0.0126672)
(0.986805 -0.00819989 0.00307105)
(1.18014 0.501104 0.0246342)
(1.36286 0.293492 -0.00340691)
(1.27082 0.173745 -0.0206806)
(1.21757 0.173055 -0.0173858)
(1.21268 0.0165182 0.0652806)
(0.635608 -0.959176 0.0074219)
(1.82037 -1.67974 0.0144594)
(-0.113986 0.101471 -0.121311)
(0.338864 -0.2037 0.0865471)
(1.2068 0.734328 -0.00184615)
(0.918042 0.711136 0.102253)
(0.922738 0.343861 -0.0285325)
(0.807602 0.304781 0.0109434)
(0.07581 -0.465135 0.0445249)
(0.249254 -0.489389 -0.0359373)
(0.31289 -0.564254 -0.0390305)
(0.407408 -0.616481 0.0365041)
(0.848244 -0.110522 0.00266651)
(1.311 0.143809 -0.0315388)
(1.30134 0.389285 -0.0197456)
(1.22646 0.291522 -0.01678)
(0.686648 -0.12467 0.0564785)
(0.807877 -1.4408 -0.324035)
(0.307627 -0.484849 -0.00323559)
(-0.110583 0.0161633 0.000160091)
(-0.0317345 -0.912889 0.00210063)
(0.819394 0.844192 0.0199641)
(0.235054 0.629236 0.0592932)
(0.479417 0.513712 0.0408453)
(0.0937105 0.393509 0.0653024)
(0.471686 -0.287654 -0.066576)
(0.358569 -0.393896 -0.094739)
(0.66649 -0.382471 -0.104521)
(0.740727 -0.685329 -0.067489)
(0.862861 -0.210442 0.00607676)
(0.947364 0.00407587 0.0650395)
(1.06927 0.273915 0.0590771)
(1.13688 0.306719 -0.00700581)
(0.506485 -0.0354434 0.00982225)
(-0.259951 -0.365919 0.0501774)
(-0.0522681 0.0228364 -0.00478101)
(-0.0238413 -0.854971 -0.0884723)
(0.338755 0.707622 0.118241)
(-0.292625 0.734539 0.0105397)
(-0.00447249 0.144839 -0.0342904)
(0.522055 0.0271075 0.00620414)
(0.656394 -0.22331 0.0461625)
(0.507048 -0.149566 -0.0393886)
(1.00313 -0.294669 -0.118678)
(1.29595 -0.486498 -0.170591)
(1.26633 -0.488174 -0.0251449)
(1.0017 -0.598233 0.0681641)
(1.01915 -0.0962893 -0.00408906)
(1.09084 0.269768 -0.0394064)
(1.42575 0.230015 0.0032779)
(0.764017 -0.271524 -0.00903706)
(0.981794 1.5836 0.0574591)
(0.0162156 0.190697 -0.0234091)
(-0.387954 -0.637539 0.00324472)
(0.157535 0.731622 -0.0491235)
(0.67067 0.7448 -0.0174279)
(0.8274 0.266199 -0.0164833)
(1.14895 -0.105689 -0.0238087)
(1.55126 -0.526134 0.0160663)
(1.13459 -0.315232 0.0840421)
(1.06396 -0.36231 0.0724)
(1.0197 -0.213518 -0.0887633)
(1.40264 -0.126275 -0.145266)
(1.467 -0.210335 -0.0244607)
(0.954598 0.300083 0.00117196)
(0.857798 0.394987 -0.0124599)
(1.13336 0.0085762 -0.018895)
(0.806961 0.227828 0.0987404)
(1.01012 1.08006 0.00655403)
(-0.0154803 -0.253021 0.00932627)
(1.46648 -0.465912 -0.0247044)
(1.60396 -0.6623 0.0247887)
(0.688022 0.324952 0.051828)
(1.46499 0.147228 -0.0130704)
(1.61384 -0.109561 0.00137866)
(1.48098 -0.234656 0.0620305)
(1.60723 -0.506498 -0.043124)
(1.83342 -0.50196 -0.0938318)
(1.62213 -0.529943 0.0191)
(1.21267 -0.392566 0.110582)
(1.21268 -0.267075 0.016624)
(1.55492 -0.320736 -0.0885386)
(1.4109 0.263132 -0.0378872)
(1.03915 0.339931 0.0211526)
(1.10655 0.0670758 -0.00945465)
(0.937629 0.22226 -0.00284479)
(1.31612 0.422983 0.0418831)
(1.86907 0.50267 -0.00176852)
(1.92677 -0.256424 -0.029553)
(1.76225 -0.130582 -0.0433521)
(1.62368 -0.189085 -0.0193847)
(1.436 -0.290588 -0.033613)
(1.39069 0.205147 0.0507617)
(1.34268 0.20139 0.0682273)
(1.38401 0.018135 -0.0437006)
(2.02042 -0.643956 -0.0574612)
(1.45627 -0.305777 0.0484128)
(0.798842 0.167521 0.0454443)
(0.936858 -0.329077 -0.0403823)
(1.074 -0.705719 -0.0469669)
(1.09542 -0.437699 -0.0062529)
(0.998728 0.100298 -0.0549687)
(0.925815 0.660069 -0.0328262)
(0.946135 0.389029 0.00950129)
(0.986653 0.116736 0.0083591)
(1.07653 0.000201241 -0.0310774)
(1.18288 0.304562 0.00305951)
(1.58196 0.228512 0.0235571)
(1.42833 0.0341215 0.011832)
(1.35292 -0.0347973 -0.0210941)
(1.59701 -0.116961 0.00745256)
(1.18254 -0.179389 0.060557)
(0.942098 -0.0133946 0.00787313)
(1.25988 -0.175513 -0.0471274)
(1.61362 -0.133451 -0.0212454)
(1.43183 -0.0530969 -0.0104841)
(1.1502 -0.105871 -0.010619)
(1.22464 -0.281343 0.0137908)
(1.28407 -0.39483 0.0204324)
(0.918255 -0.173826 -0.0442629)
(0.777082 -0.095735 -0.056194)
(0.647424 0.153615 -0.0357079)
(0.714463 0.504114 -0.0272754)
(0.981366 0.245962 -0.0127006)
(0.98387 0.0263499 0.00507033)
(1.09497 0.116788 -0.0113761)
(1.10586 0.0941582 0.000639508)
(1.2658 0.236394 0.00645313)
(1.34802 0.0596158 0.00561295)
(1.30575 -0.00726411 0.0224811)
(1.20574 -0.0519675 0.0315163)
(0.999815 -0.0983537 0.0156538)
(1.03713 0.0947783 -0.0210299)
(1.23834 0.0478625 -0.0284964)
(1.25458 0.00164277 -0.0081954)
(1.22174 -0.158669 0.0124837)
(1.14575 -0.15827 0.0145292)
(1.09426 -0.0676758 -0.00809914)
(1.03014 -0.243844 0.0108728)
(0.853548 -0.049755 0.0177129)
(0.779575 0.157561 -0.00782004)
(0.66638 0.322138 -0.00898205)
(0.815667 0.503353 -0.00947564)
(1.03063 0.243727 -0.00292386)
(0.976936 0.0190996 0.000995498)
(1.05104 0.0220767 -0.000679277)
(1.04651 0.121184 -0.000840073)
(1.1216 0.119197 -0.00423383)
(1.25216 0.0227858 0.00430759)
(1.1407 -0.0743209 0.0137002)
(1.10407 -0.100777 0.00218089)
(1.04816 -0.103385 -0.0114608)
(1.10798 0.00416974 -0.00768349)
(1.18413 -0.045206 0.00308907)
(1.14778 -0.0639702 0.00884449)
(1.10402 -0.0966344 0.00275105)
(0.998607 -0.087578 -0.00290573)
(1.02326 -0.105125 0.00373562)
(0.918379 -0.273417 -0.000238445)
(0.809566 -0.104501 0.00336931)
(0.807099 0.0887034 0.00789636)
(0.776933 0.157145 0.00410118)
(0.956924 0.23151 0.0071968)
(1.09555 0.0863752 0.00678125)
(1.00573 -0.00173612 0.000436636)
(1.00151 0.04807 5.16678e-05)
(1.03941 0.0396055 -0.00311508)
(1.11664 0.0889389 0.00043134)
(1.16049 0.00754542 0.00393609)
(1.11338 -0.0243667 0.00226494)
(1.09075 -0.000561044 -0.000659903)
(1.05133 0.00027104 -0.00286707)
(1.0557 0.0299679 -0.00240517)
(1.09024 0.00571693 -0.000272379)
(1.06086 0.00254526 0.000703432)
(1.05684 -0.0407085 -0.00111443)
(1.00225 -0.0544734 0.000344281)
(1.02426 -0.0252842 0.000257598)
(0.93834 -0.0517677 -0.00443658)
(0.841335 0.00818382 0.0005318)
(0.870982 0.0792143 0.00713324)
(0.894909 0.126471 0.00979359)
(0.975955 0.150894 0.0126955)
(1.02461 0.0712295 0.00668765)
(0.997864 0.00069644 0.000246773)
(1.00079 0.0178381 -0.000376016)
(1.03708 0.0431719 -0.000755636)
(1.06028 0.0317618 0.00046253)
(1.11166 0.00164577 0.00120448)
(1.06449 -0.0283149 0.000426815)
(1.06319 -0.0288402 -0.000683334)
(1.06111 -0.0340034 -0.000335499)
(1.04911 -0.0132756 0.000131298)
(1.05744 -0.0278307 -0.000102622)
(1.04363 -0.0328064 -0.00023485)
(1.04402 -0.0486557 0.000255276)
(0.971754 -0.0600697 2.91191e-05)
(0.968665 -0.0606922 0.000799017)
(0.913814 -0.104218 0.000193712)
(0.867948 -0.0508413 0.000649539)
(0.882621 -0.00365111 0.00242882)
(0.899565 0.00548618 0.00265958)
(0.964582 0.0225097 0.0027526)
(1.00383 0.000639536 0.0011358)
(1.0012 -0.000487607 5.6075e-05)
(0.997045 0.00897185 -0.000191624)
(1.03548 0.00060941 -9.43579e-05)
(1.05196 0.0137609 0.000314707)
(1.08932 0.0023741 0.000273931)
(1.06462 0.00310971 -3.12907e-05)
(1.06112 0.0118829 -0.000183042)
(1.0492 0.0132337 -8.55041e-05)
(1.03728 0.01842 -2.70954e-06)
(1.04529 0.015795 3.5731e-05)
(1.02758 0.0155682 -3.62239e-05)
(1.02839 0.0103926 -5.43755e-05)
(0.975653 0.0106905 -1.06849e-05)
(0.972748 0.0175637 3.17512e-05)
(0.920678 0.0249522 -0.000147523)
(0.875047 0.0273924 5.08639e-07)
(0.891463 0.0323062 0.000525435)
(0.905746 0.0401775 0.000724924)
(0.947171 0.0437435 0.000688492)
(0.980527 0.0296667 0.000288019)
(1.0078 -0.00345066 0.0001693)
(1.00057 -0.00394294 -2.41102e-05)
(1.03298 -0.0126357 -0.000475308)
(1.08074 -0.0200989 -0.00034001)
(1.07615 -0.0100605 0.000116663)
(1.07617 -0.00832382 0.000517374)
(1.03147 -0.00535712 0.000235492)
(1.02262 -0.0120045 -0.000179237)
(1.02301 -0.0013862 -0.000482924)
(0.96027 -0.00699378 -0.000556678)
(0.953282 -0.0147112 -0.000190917)
(0.969299 -0.0158198 0.000653924)
(1.00118 -0.0297584 0.00117376)
(1.04603 -0.029496 0.00111559)
(1.02774 -0.0291928 0.00039704)
(1.04583 -0.0148953 0.000273147)
(0.981454 -0.00300968 0.000141079)
(0.981117 -0.00247455 -0.000219522)
(0.939453 0.0154203 0.000205697)
(0.903585 0.00607719 -0.00029318)
(1.01048 -0.00696831 0.00034962)
(0.999603 -0.0112666 0.000192097)
(1.03071 -0.0576988 -0.00126002)
(1.09261 -0.00863921 -0.00130311)
(1.08635 0.014105 0.000458565)
(1.09051 0.0507155 0.00117124)
(1.03882 0.0452098 0.000416235)
(1.03054 0.0210466 -4.4602e-05)
(1.02944 0.0515513 -0.000668617)
(0.954864 0.058833 -0.0015231)
(0.956847 0.00438427 -0.00104143)
(0.967973 -0.0149732 0.00139881)
(1.00543 -0.0338607 0.00242177)
(1.05348 0.00513799 0.00281225)
(1.04423 0.0360044 0.0013664)
(1.08358 0.0501247 0.000780837)
(1.00509 0.0573953 0.000438633)
(1.0083 0.0374051 -0.00219552)
(0.949 0.043632 0.00146638)
(0.895152 0.0222784 0.000243536)
(1.01205 -0.0134111 0.00129133)
(0.999072 -0.0224832 -0.000447165)
(1.07342 -0.0947125 -0.00402611)
(1.12391 -0.0690789 -0.000717386)
(1.1288 0.0054803 0.00344579)
(1.14638 0.0285813 0.00468233)
(1.0565 0.045892 0.0025857)
(1.04855 -0.00517287 -0.000869354)
(1.05304 0.0587263 -0.003322)
(0.954812 0.0486848 -0.0050221)
(0.951545 -0.028433 -0.00735973)
(0.979834 -0.0470923 -0.00128275)
(1.02777 -0.102882 0.00572027)
(1.1188 -0.0621329 0.0112235)
(1.09292 -0.0524995 0.0029187)
(1.0727 0.0109992 0.0037666)
(0.968919 0.0582388 0.00333858)
(0.98268 0.0400231 0.00183067)
(0.949912 0.104623 0.00195054)
(0.914113 0.0511714 -0.00517592)
(1.00708 -0.0247357 0.00164057)
(1.02147 -0.0387753 -0.000875486)
(1.07625 -0.171505 -0.00728425)
(1.15461 -0.0312289 0.000218553)
(1.17356 0.00368639 0.0077465)
(1.1951 0.102534 0.00335199)
(1.10971 0.112031 0.00719785)
(1.09691 0.0330375 -0.00198585)
(1.06931 0.117885 -0.00240848)
(0.939983 0.136484 -0.00390094)
(0.986809 -0.0100634 -0.0297085)
(0.961995 -0.0564877 -0.0290214)
(1.05087 -0.147381 -0.0122338)
(1.16334 -0.0438485 0.00798981)
(1.12632 0.0941308 0.00974141)
(1.1567 0.14642 0.0162775)
(1.03035 0.137547 0.00378874)
(1.08494 0.0582168 -0.0123127)
(1.00295 0.0891296 0.00891383)
(0.882748 0.0593954 0.00885665)
(1.0224 -0.0420242 -0.00432568)
(0.995176 -0.0826888 0.00681541)
(1.16425 -0.20001 0.00100474)
(1.27949 -0.159581 -0.00332185)
(1.24873 0.0294979 -0.0152582)
(1.33934 0.0796311 0.0113588)
(1.18778 0.156612 0.0451356)
(1.16611 0.0316407 -0.0159504)
(1.13476 0.192996 -0.0123762)
(0.959185 0.108116 0.00580685)
(0.953369 -0.0437134 -0.042342)
(0.985863 -0.0843649 -0.0687782)
(1.10133 -0.286863 -0.0475717)
(1.20749 -0.124254 0.00804968)
(1.15764 -0.0531158 0.0133726)
(1.23295 0.0722591 -0.0143563)
(1.20657 0.124599 -0.0288991)
(1.10568 0.0692313 0.00147746)
(0.975562 0.256647 0.0194908)
(0.87683 0.149266 -0.00283598)
(0.979533 -0.0679368 -0.00963498)
(1.05748 -0.130672 0.0172051)
(1.269 -0.385561 0.0076536)
(1.36594 -0.0124912 -0.026797)
(1.46019 0.0125788 -0.0364502)
(1.44827 0.0600926 -0.0112583)
(1.3762 0.242211 -0.02227)
(1.31954 0.0879276 0.00543978)
(1.26746 0.231984 0.0415892)
(1.02003 0.297751 -0.0243411)
(0.967063 0.0126711 -0.067574)
(0.928642 -0.127797 -0.0672566)
(0.898892 -0.324952 -0.0101678)
(1.17106 -0.0316325 -0.0154777)
(1.33105 0.101994 -0.0144533)
(1.37174 0.104697 0.0124487)
(1.12075 0.272777 0.0382447)
(0.929866 0.233965 0.0324992)
(1.05416 0.267903 -0.0387481)
(1.04503 0.166372 -0.0247001)
(1.04689 -0.0550922 0.00156227)
(1.09079 -0.366176 0.0198872)
(1.54095 -0.346512 -0.0550714)
(1.43587 -0.136081 -0.0303529)
(1.63666 0.102222 -0.0302965)
(1.46398 0.165792 -0.0476805)
(1.47561 0.390356 0.033848)
(1.63098 0.0383056 0.0831974)
(1.31145 0.460662 0.0181705)
(0.91676 0.33979 -0.0776006)
(1.16635 0.0169462 -0.0740647)
(1.07848 -0.113158 -0.0342027)
(0.885377 -0.620419 0.0227917)
(1.08551 -0.432581 0.0634329)
(1.17405 -0.256472 0.102)
(1.42361 0.201671 0.0614171)
(1.2006 0.46248 0.0352232)
(1.06073 0.061739 0.00776355)
(1.16657 0.126654 -0.00474956)
(1.08637 0.163689 0.0164374)
(1.05184 -0.170276 0.0199191)
(1.12435 -0.434987 -0.128973)
(1.80882 -0.781739 0.0719977)
(1.87019 -0.646497 0.138748)
(1.90918 0.0872721 0.1102)
(1.57265 0.0885911 0.0368298)
(1.39473 0.0935726 -0.0549706)
(1.8937 0.230556 0.0211502)
(2.01811 0.83796 0.0781006)
(1.35529 0.4023 -0.0127738)
(1.44075 0.184596 -0.120701)
(1.47926 0.22635 -0.0194703)
(0.922559 -0.341537 0.147978)
(0.861705 -0.304314 0.117142)
(0.697805 -0.128299 0.0386302)
(0.938708 0.148942 0.0686709)
(1.3103 0.532222 0.0531418)
(1.52477 0.303803 -0.0291508)
(1.35313 0.256537 -0.006938)
(1.24852 0.253454 -0.00724465)
(1.54261 -0.0249789 0.0910918)
(0.657285 -1.18906 -0.263187)
(1.54566 -1.27659 0.101315)
(0.136374 0.135587 -0.347928)
(0.0560506 -0.325259 0.125042)
(0.962136 0.945204 -0.142682)
(0.978169 0.688253 -0.0899752)
(0.725765 0.210377 -0.0463092)
(0.384293 0.0720077 0.119209)
(0.137207 -0.437508 0.100495)
(0.482338 -0.270292 -0.025091)
(0.319162 -0.383427 -0.0275271)
(0.553334 -0.322845 0.0610074)
(1.04874 0.108064 -0.015034)
(1.22668 0.110394 -0.0036836)
(1.30516 0.281363 0.0203895)
(1.21606 0.21931 -0.0133283)
(0.625017 0.0324873 0.0562932)
(3.29986 -0.651912 -0.266019)
(0.714621 -0.59295 0.373238)
(-0.0873243 -0.0493706 2.08431e-05)
(0.380627 -0.714154 -0.0381917)
(0.484349 0.503154 -0.10466)
(0.696576 0.8359 -0.0110269)
(0.315818 0.625094 0.054676)
(0.29417 0.454263 0.032838)
(0.661129 -0.407281 -0.0799498)
(0.462381 -0.363352 -0.0998897)
(0.494669 -0.318036 -0.0801096)
(0.488992 -0.321424 -0.0387039)
(0.744936 0.0355735 0.0367498)
(0.965279 0.00275397 0.120892)
(1.26768 0.273084 0.0548707)
(1.11854 0.317267 -0.0146805)
(0.891816 0.132728 0.00654965)
(-0.0313363 -0.161532 0.0150199)
(-0.0730605 0.00642975 0.00634002)
(-0.216591 -1.19306 -0.130731)
(0.265946 0.761959 0.0366686)
(0.232849 0.941375 0.0506599)
(0.0606272 0.493733 -0.0787612)
(0.605555 0.0216616 -0.0240566)
(0.968688 -0.484855 0.0459668)
(0.850129 -0.353151 -0.0917592)
(1.19664 -0.614081 -0.0907908)
(0.858254 -0.587622 -0.0462467)
(0.762129 -0.323125 0.0834934)
(0.940963 -0.216414 0.0759761)
(0.954914 0.3254 -0.0209303)
(0.864685 0.302061 -0.0156852)
(1.683 0.157444 0.00239178)
(0.0284237 -0.104278 -0.0759059)
(0.857166 1.26708 0.269921)
(0.0292759 0.102221 0.0450469)
(0.0678326 -0.763597 0.0338663)
(0.101212 0.335939 -0.125224)
(0.62125 0.904462 0.0598917)
(0.768745 0.388183 -0.0381582)
(1.22505 -0.361526 -0.0644286)
(1.2908 -0.529793 0.0506575)
(0.994767 -0.293859 0.148845)
(1.4948 -0.437126 0.0548692)
(1.32385 -0.312632 -0.0577979)
(0.956401 -0.0125873 -0.0410145)
(0.813046 0.0731541 0.0336271)
(0.615191 0.436857 0.0278345)
(0.730084 0.296494 0.0252818)
(1.24164 0.132996 0.0828687)
(0.837224 0.314311 -0.0771053)
(1.05563 0.58144 0.0551813)
(-0.0903959 -0.220989 0.0735791)
(1.49277 -0.557979 -0.00198748)
(1.48656 -0.705099 0.04641)
(0.864259 0.113963 0.0851429)
(1.41421 0.172657 -0.0245007)
(1.41281 -0.0177785 0.0578734)
(1.58325 -0.238465 0.118662)
(1.79314 -0.619695 -0.126369)
(1.22433 -0.382405 -0.0703525)
(0.907212 -0.385867 0.109904)
(1.0973 -0.372233 0.143803)
(1.4534 -0.230952 0.00405967)
(1.2815 0.0909613 -0.0646805)
(0.849098 0.474133 0.0442202)
(0.855929 0.240862 0.0683921)
(0.994401 0.0190322 -0.0289926)
(1.07495 0.503538 0.0337052)
(1.30967 0.328842 -0.10817)
(1.83474 0.32765 -0.0891087)
(1.8845 -0.244202 0.00720606)
(1.48668 -0.284308 -0.0349836)
(1.45379 -0.354597 0.00476844)
(1.19576 -0.438749 -0.0593718)
(1.00845 0.290924 0.0928456)
(1.35759 0.403151 0.0568125)
(1.59159 -0.0222949 -0.135937)
(1.53066 -0.497615 -0.0273912)
(1.00224 -0.0994539 0.120813)
(0.890419 0.10937 0.0193361)
(1.13269 -0.407216 -0.0741309)
(0.976842 -0.514101 -0.0596384)
(0.933747 -0.153101 -0.0161495)
(0.784605 0.336842 -0.0449727)
(0.665114 0.74284 -0.00604565)
(0.899257 0.383106 0.010619)
(0.953348 0.0636889 -0.0134547)
(1.0925 0.0999361 -0.000974066)
(1.24152 0.349613 -0.0316949)
(1.43142 0.150889 0.01769)
(1.35204 -0.102243 -0.00871083)
(1.31837 -0.274744 -0.0742681)
(1.28921 -0.343522 -0.00721778)
(1.10672 -0.277273 0.0436703)
(1.07881 0.110332 -0.0213707)
(1.34988 -0.0282736 -0.0650938)
(1.51465 -0.0856383 -0.0280256)
(1.38572 -0.1399 -0.0193764)
(1.1652 -0.251178 0.0135904)
(1.2626 -0.281516 0.0388735)
(1.43158 -0.408689 0.031349)
(1.05456 -0.237144 -0.0607227)
(0.771379 -0.0585287 -0.070509)
(0.633666 0.196911 -0.0305178)
(0.729046 0.433482 -0.026402)
(1.03199 0.136461 -0.0158422)
(0.985602 0.00766131 0.00438896)
(1.07256 0.132154 -0.0141677)
(1.11841 0.136511 0.00628795)
(1.29214 0.240868 -0.0119367)
(1.32376 -0.016704 -0.00758043)
(1.24325 -0.0932571 0.0304839)
(1.21894 -0.0213749 0.0446718)
(1.03274 -0.0212861 0.0155869)
(1.0836 0.117191 -0.058353)
(1.21093 0.0113276 -0.0622913)
(1.18764 -0.0655114 -0.00739933)
(1.187 -0.172521 0.0229464)
(1.09844 -0.12539 0.0130906)
(1.0158 -0.118227 -0.0262835)
(0.892938 -0.250708 0.00582742)
(0.825117 -0.0750665 0.0314774)
(0.78417 0.0850636 0.00182404)
(0.688354 0.240117 0.00636219)
(0.909854 0.343042 0.00826667)
(1.06173 0.145144 0.00799942)
(0.979988 0.0117216 0.00238002)
(1.03625 0.0299211 -0.00316656)
(1.05873 0.153388 -0.00147752)
(1.14586 0.100499 -0.00825388)
(1.23149 -0.0189562 0.0091369)
(1.11437 -0.0862816 0.0274038)
(1.12146 -0.0891225 0.00475957)
(1.08043 -0.0812994 -0.0247627)
(1.10574 0.0189442 -0.0205774)
(1.17725 -0.044822 0.00499549)
(1.14122 -0.0693781 0.0108932)
(1.11324 -0.0884759 -0.00168818)
(1.01217 -0.0926287 -0.00689817)
(1.03699 -0.105008 0.00774041)
(0.934356 -0.22643 -0.00679029)
(0.811829 -0.101062 0.00461226)
(0.830694 0.0248255 0.0229186)
(0.831619 0.0492125 0.0147552)
(0.977135 0.0906741 0.0179133)
(1.08579 0.0198629 0.0123394)
(1.00469 -0.00417217 0.00144071)
(0.998727 0.0530433 -0.00175521)
(1.04775 0.0460412 -0.00515841)
(1.11871 0.0814758 0.0016212)
(1.15367 -0.00234479 0.00869108)
(1.111 -0.0258868 0.00358097)
(1.09484 0.00498424 -0.00504449)
(1.0552 0.00142577 -0.00788351)
(1.05715 0.028768 -0.00692578)
(1.08924 0.00745231 -0.00248265)
(1.06023 0.00428638 -0.000310701)
(1.05639 -0.0440019 -0.00182953)
(0.999269 -0.0542579 0.000245743)
(1.02211 -0.0331915 0.000358148)
(0.937656 -0.0534877 -0.00568916)
(0.846577 0.00339846 0.0011594)
(0.88248 0.0548498 0.0123911)
(0.906348 0.099196 0.0171845)
(0.972118 0.124156 0.0204649)
(1.0172 0.0615201 0.00993558)
(0.997453 0.000246216 0.000569298)
(1.001 0.0194725 -0.00107338)
(1.03852 0.0438877 -0.0013685)
(1.05953 0.028942 0.00134712)
(1.11004 -0.00028586 0.00248917)
(1.06484 -0.0277892 0.000666156)
(1.06455 -0.027244 -0.00161307)
(1.06111 -0.0333618 -0.00103696)
(1.04861 -0.0133486 -0.000182433)
(1.05773 -0.0281257 -0.000269247)
(1.04416 -0.0324739 -0.000502349)
(1.04409 -0.0480868 0.000198897)
(0.971653 -0.060058 -7.26929e-05)
(0.968473 -0.0607918 0.000993143)
(0.913458 -0.102291 0.000199975)
(0.869031 -0.0504534 0.000847171)
(0.883782 -0.0081991 0.00344296)
(0.899508 -0.00119179 0.00360101)
(0.96312 0.0160248 0.0035777)
(1.00288 -0.00193628 0.00140661)
(1.00114 -0.000532494 0.00013796)
(0.99711 0.00917895 -0.000464071)
(1.03563 0.000602096 -0.000131436)
(1.05185 0.0134882 0.000682458)
(1.08918 0.00223781 0.000564943)
(1.06467 0.00310073 -0.000133183)
(1.06124 0.0118763 -0.000531936)
(1.04917 0.0131957 -0.000256878)
(1.03722 0.0184352 -7.29046e-05)
(1.04529 0.0158885 -3.24336e-06)
(1.0276 0.0155701 -0.000152261)
(1.02843 0.0102939 -0.000110601)
(0.975649 0.0107796 -2.6436e-05)
(0.972729 0.0173672 -3.33287e-06)
(0.920656 0.0246595 -0.000175692)
(0.875284 0.0271052 -6.52837e-05)
(0.891732 0.0317793 0.000731312)
(0.905756 0.0398185 0.00104558)
(0.946958 0.0434092 0.000953954)
(0.980352 0.0295553 0.000367543)
(1.00782 -0.00344614 7.47859e-05)
(1.00042 -0.00375426 1.20317e-05)
(1.03296 -0.0129196 -0.000221425)
(1.08091 -0.0204959 -0.000211442)
(1.0763 -0.00995029 1.6875e-05)
(1.07613 -0.00819132 0.00023308)
(1.03127 -0.00536595 0.000134858)
(1.02244 -0.0120084 -8.75213e-05)
(1.02305 -0.00146381 -0.000233796)
(0.960409 -0.00723705 -0.000270664)
(0.953407 -0.0146984 -0.000138752)
(0.969354 -0.0155019 0.000278072)
(1.00106 -0.0294904 0.000534133)
(1.04578 -0.0292161 0.000548346)
(1.02751 -0.028982 0.000157991)
(1.04586 -0.0148692 0.000133251)
(0.98122 -0.00291054 8.22722e-05)
(0.981288 -0.00285414 -0.000137558)
(0.939461 0.0155542 0.000155182)
(0.903493 0.00606428 -0.000178159)
(1.01065 -0.00621428 0.000136354)
(0.998802 -0.011301 0.000166257)
(1.03071 -0.059739 -0.000578025)
(1.09391 -0.0102888 -0.000745316)
(1.08671 0.0143006 2.06011e-05)
(1.08982 0.0530471 0.000537186)
(1.03801 0.0465042 0.000254152)
(1.03014 0.0200384 -9.29526e-05)
(1.03007 0.0492701 -0.000313101)
(0.955828 0.0565194 -0.000632526)
(0.957179 0.00311162 -0.000593896)
(0.967062 -0.0126343 0.000602891)
(1.00374 -0.0291623 0.000986005)
(1.05147 0.0098118 0.00137959)
(1.04335 0.0371268 0.000609633)
(1.08318 0.0511994 0.00048289)
(1.00427 0.0580002 0.000150708)
(1.009 0.0364405 -0.00149658)
(0.948029 0.044902 0.000955194)
(0.894389 0.0206864 3.95472e-05)
(1.01267 -0.0116696 0.000577966)
(0.996536 -0.0205696 -5.28148e-05)
(1.07362 -0.102336 -0.00194717)
(1.12679 -0.0768096 -0.00104103)
(1.12966 0.00731382 0.00099086)
(1.14563 0.0339812 0.00180358)
(1.05249 0.0477523 0.00130632)
(1.0452 -0.00713773 -0.000151645)
(1.05628 0.0547811 -0.00139053)
(0.959246 0.0430686 -0.00277812)
(0.951245 -0.032484 -0.00448695)
(0.975333 -0.0401026 -0.000935913)
(1.02042 -0.093267 0.00279926)
(1.11093 -0.0504941 0.00541847)
(1.08738 -0.0475335 0.000890479)
(1.07185 0.0147931 0.00195029)
(0.96263 0.0589589 0.00184833)
(0.983244 0.0261724 0.00161442)
(0.955414 0.114535 0.000981463)
(0.912192 0.0514593 -0.00297792)
(1.00552 -0.0172763 0.00132836)
(1.02113 -0.0386942 -4.32485e-05)
(1.08103 -0.195993 -0.0059411)
(1.15645 -0.0427141 -0.000908542)
(1.17494 0.0141636 0.00222905)
(1.18949 0.12408 -0.000869592)
(1.093 0.126766 0.00367169)
(1.10146 0.0235108 -0.00229219)
(1.08481 0.0968986 -0.00181121)
(0.95726 0.112984 -0.00161592)
(0.996158 -0.0462808 -0.016739)
(0.947755 -0.0589388 -0.0152144)
(1.01827 -0.117029 -0.00498474)
(1.12983 0.00632566 0.00478368)
(1.09894 0.0969891 0.00583816)
(1.14454 0.164709 0.00773669)
(1.03072 0.153219 0.000443917)
(1.08241 0.0621662 -0.00636824)
(0.992981 0.10048 0.00345739)
(0.866382 0.0352144 0.0041492)
(1.01366 -0.0267231 -0.000660838)
(0.995194 -0.0847963 0.00577817)
(1.1907 -0.266176 -0.00712694)
(1.2797 -0.175072 -0.0102005)
(1.25078 0.0572891 -0.0132266)
(1.29659 0.090238 0.0122278)
(1.18074 0.185496 0.0230933)
(1.19566 -0.0166133 -0.00632216)
(1.13961 0.156892 -0.000877142)
(0.985969 0.0948239 0.0016962)
(0.966259 -0.180185 -0.0258561)
(0.976628 -0.191364 -0.0353138)
(1.03791 -0.316665 -0.0233046)
(1.13724 -0.0762413 0.00186011)
(1.14337 -0.0170444 0.00790512)
(1.25664 0.122181 -0.00555284)
(1.19297 0.125545 -0.0173719)
(1.03618 0.000489253 0.00189325)
(0.961184 0.307141 0.0101133)
(0.885736 0.19282 -0.00296448)
(0.9656 -0.0570091 -0.00747539)
(1.05998 -0.107644 0.0146723)
(1.2831 -0.472007 -0.0133607)
(1.35067 -0.0976245 -0.0377471)
(1.42753 -0.071545 -0.0203295)
(1.45106 0.180021 -0.0208556)
(1.28125 0.3986 -0.0094685)
(1.29306 0.00369144 0.00727588)
(1.43247 0.207048 0.0161005)
(1.14086 0.286789 -0.0251198)
(0.967726 -0.224278 -0.0423173)
(0.848744 -0.401721 -0.0204362)
(0.869826 -0.454271 -0.00456901)
(1.12263 -0.0238021 -0.0171531)
(1.22117 0.0800127 -0.00884474)
(1.27877 0.0612299 0.00808737)
(1.03927 0.202016 0.0297315)
(0.969494 0.262481 0.0283947)
(1.10312 0.314701 -0.0141553)
(1.02685 0.0972544 -0.0101337)
(0.998877 -0.073882 -0.0118982)
(1.21537 -0.285902 0.0026726)
(1.29194 -0.47274 -0.0317735)
(1.28384 -0.457573 -0.0800185)
(1.47826 -0.0656331 -0.0827587)
(1.36989 0.064017 -0.0305107)
(1.43126 0.28447 0.0436536)
(1.7952 -0.104038 0.0132463)
(1.58068 0.455768 0.0330696)
(1.12931 0.265866 -0.045742)
(0.997907 -0.300593 -0.0614285)
(0.712605 -0.418733 0.00537798)
(0.699462 -0.669567 0.0226657)
(0.87394 -0.444013 0.0231801)
(1.01391 -0.238656 0.0292978)
(1.35524 0.297649 0.0190143)
(1.21881 0.571941 0.0244314)
(1.16068 0.128059 -0.0119873)
(1.27473 0.0684083 -0.00896187)
(1.19146 0.156556 0.0125882)
(1.21261 -0.277486 -0.0197768)
(1.02265 -0.254822 -0.0636179)
(1.46549 -0.854727 -0.0572516)
(1.49929 -0.490187 0.150731)
(1.77288 0.253104 0.21135)
(1.55758 0.0125516 0.0448584)
(1.46581 0.363183 -0.090739)
(1.53736 0.151074 0.0567211)
(1.65885 0.876241 0.0312191)
(1.44453 0.343638 -0.0845494)
(0.872763 -0.229165 -0.0147761)
(0.544081 -0.227782 0.105684)
(0.606552 -0.385042 0.119167)
(0.836887 0.0358027 0.0528341)
(0.648962 0.078212 0.00841754)
(0.867074 0.137959 0.0168159)
(1.35679 0.546788 0.000679604)
(1.49718 0.233031 -0.02546)
(1.38984 0.233973 -0.00613429)
(1.29998 0.269848 -0.0106214)
(1.60401 -0.173515 0.0013129)
(0.519295 -0.910365 -0.165329)
(1.35515 -0.832625 0.149142)
(0.123475 0.113154 -0.229025)
(1.0011 -0.0553052 0.31743)
(1.4649 1.02991 -0.0495391)
(1.06912 0.469148 -0.0332024)
(0.330049 0.0218976 0.0230418)
(-0.0193109 0.0652144 0.0716575)
(0.284132 -0.21425 0.0308301)
(0.684314 0.0299859 -0.0303854)
(0.474884 -0.141557 -0.00856065)
(0.792569 -0.024167 0.0233641)
(1.12776 0.235966 -0.0168017)
(1.14347 -0.0606871 -0.00611713)
(1.3077 0.173173 -0.00977639)
(1.17794 0.162554 -0.0174876)
(1.38173 -0.125095 -0.0315481)
(1.49925 -0.462771 -0.116722)
(-0.0537897 -0.448909 0.607962)
(-0.0953344 -0.0950664 -0.0273542)
(0.933954 -0.333011 0.0703915)
(0.993912 0.289655 -0.0284)
(0.544399 0.7309 -0.00861605)
(0.328073 0.636748 0.0515322)
(0.362836 0.365014 -0.00282654)
(0.632578 -0.569743 -0.0604172)
(0.494459 -0.235452 -0.0362249)
(0.473725 -0.16464 -0.030412)
(0.579729 -0.0953982 -0.0414986)
(0.751752 0.139984 0.00223561)
(1.0882 0.041661 0.0465392)
(1.2578 0.27288 0.0144782)
(1.01819 0.267493 -0.00525544)
(0.399443 0.246368 -0.00351119)
(-0.452987 -0.0566471 0.305005)
(-0.0686115 0.0250919 0.0362308)
(-0.116425 -1.24072 -0.0972445)
(0.0762089 0.92516 0.0885956)
(0.352116 0.834712 0.0528943)
(0.234963 0.468357 -0.0142416)
(0.583108 -0.0741258 0.0253494)
(1.28156 -0.702732 0.031936)
(0.834235 -0.336064 -0.105225)
(0.838799 -0.51731 -0.0702431)
(0.59294 -0.493901 -0.0484515)
(0.620222 -0.11612 -0.0103186)
(1.02427 0.026954 0.00869009)
(0.930023 0.435691 -0.0179667)
(0.814271 0.256955 -0.0189842)
(1.60446 0.133491 0.0114815)
(1.12296 0.628687 -0.123562)
(0.706184 1.06086 0.0929777)
(0.0844523 0.15566 -0.00308571)
(0.306549 -0.85714 0.0209705)
(-0.300144 0.43539 -0.0180325)
(0.71853 0.936945 0.0754985)
(0.90355 0.251522 -0.0161922)
(0.911773 -0.501559 -0.0379873)
(1.01892 -0.535901 0.108535)
(1.26311 -0.520182 0.046458)
(1.51708 -0.45049 -0.0590801)
(1.04032 -0.187978 -0.0431198)
(0.796794 0.00910973 -0.046096)
(0.803898 0.05498 -0.0366076)
(0.656932 0.36001 -0.0311918)
(0.819318 0.229364 -0.0144402)
(1.3559 0.195076 0.00833365)
(1.01665 0.301799 -0.00470275)
(1.05412 0.370666 0.0307652)
(-0.215875 -0.189647 -0.0016116)
(1.24329 -0.511465 0.0290035)
(1.23407 -0.531875 0.0838625)
(0.732324 0.11149 0.0332703)
(1.10841 0.34243 0.0288441)
(1.24957 0.121277 0.0865219)
(1.90725 -0.401431 0.0232794)
(1.65322 -0.593651 -0.0722166)
(0.767273 -0.177841 0.0139096)
(0.775703 -0.299567 0.0428548)
(1.17735 -0.305821 0.0432336)
(1.5886 -0.187889 0.0261747)
(1.40909 0.100991 -0.0214942)
(0.940592 0.404345 -0.0363414)
(0.967643 0.173402 -0.00875591)
(0.864909 0.0754343 0.00560459)
(1.29259 0.545075 0.000618581)
(1.16543 0.475181 -0.0493918)
(1.66184 0.715196 -0.127364)
(2.04918 0.172326 0.0260293)
(1.52594 0.143292 0.0171384)
(1.61355 -0.00601642 0.00430344)
(1.25348 -0.0955286 -0.0353107)
(0.858313 0.685716 0.0437632)
(1.45536 0.582753 -0.00259638)
(1.24208 0.00305181 -0.0533557)
(0.856401 -0.426771 0.0711583)
(1.09639 -0.239255 0.0912988)
(1.19092 0.00258123 -0.00728804)
(1.20347 -0.375068 -0.0410616)
(0.874149 -0.321427 -0.0258849)
(0.838638 -0.0505294 0.00271131)
(0.792351 0.291273 -0.00982269)
(0.804249 0.685622 -0.0305748)
(1.00767 0.369323 -0.0183556)
(0.885012 0.0277479 -0.000200794)
(1.17668 0.219047 -0.00143372)
(1.25624 0.346032 -0.0261569)
(1.33074 0.171194 -0.00242871)
(1.46694 -0.146058 -0.0275654)
(1.43565 -0.157949 -0.0640819)
(1.33546 -0.249624 -0.0465369)
(1.20879 -0.219147 -0.0334268)
(1.12413 0.431193 -0.0268304)
(1.41464 0.264942 -0.0237261)
(1.54263 -0.000860377 -0.0230339)
(1.32114 -0.164876 -0.0222573)
(1.05921 -0.286544 0.020212)
(1.242 -0.206718 0.0297432)
(1.53821 -0.374045 0.020519)
(1.17616 -0.259341 -0.0240284)
(0.832129 -0.129317 -0.0254184)
(0.734218 0.00819618 -0.00820924)
(0.866152 0.182142 -0.0193176)
(1.09687 -0.0160826 -0.0133454)
(0.970378 -0.0148382 0.00472092)
(1.08839 0.186992 -0.0103767)
(1.13726 0.161706 0.000624443)
(1.30344 0.217278 -0.00796232)
(1.2555 -0.103879 -0.00303742)
(1.20116 -0.174824 -0.00440193)
(1.27733 0.00770942 0.00536983)
(1.12396 0.0847178 -0.00195699)
(1.13744 0.239286 -0.0395042)
(1.20104 0.0138497 -0.0400249)
(1.14647 -0.0791985 -0.0043442)
(1.22599 -0.135486 0.015288)
(1.15814 -0.0951715 0.0073302)
(1.06737 -0.143342 -0.0158296)
(0.847831 -0.195184 -0.0033482)
(0.854925 -0.0657617 0.0128646)
(0.851929 0.00138806 0.00703296)
(0.766949 0.125896 0.0125278)
(0.984291 0.209544 0.00894006)
(1.04343 0.0921057 0.00438113)
(0.976776 0.000164505 0.0020525)
(1.03714 0.0576231 -0.00365513)
(1.07313 0.171136 -0.00181144)
(1.15335 0.0745826 -0.00284483)
(1.19911 -0.0673632 0.00764096)
(1.09457 -0.0839484 0.015316)
(1.1585 -0.0334557 0.00144968)
(1.11534 -0.0323771 -0.0155104)
(1.10581 0.0574853 -0.0161585)
(1.17615 -0.0257362 0.000532374)
(1.14908 -0.0564056 0.00312821)
(1.12411 -0.0823105 -0.00455678)
(1.01368 -0.0937183 -0.00488859)
(1.0327 -0.104174 0.00218045)
(0.935671 -0.21091 -0.00627214)
(0.803589 -0.0996027 0.000720711)
(0.85643 -0.0216646 0.0117013)
(0.8774 -0.0261496 0.0073248)
(0.975168 0.0158981 0.00718252)
(1.07268 -0.00856015 0.00446437)
(1.00231 -0.00740907 0.0010594)
(0.999372 0.0617286 -0.0018963)
(1.05578 0.0503705 -0.00218997)
(1.11758 0.0700179 0.00119997)
(1.14542 -0.0126299 0.0048415)
(1.10755 -0.025222 0.00148176)
(1.10314 0.0125049 -0.00472081)
(1.06241 0.00609313 -0.00564129)
(1.05998 0.0325995 -0.00477157)
(1.08933 0.00974245 -0.00212041)
(1.06104 0.00625217 -0.0010437)
(1.05838 -0.0438942 -0.000856743)
(0.998331 -0.0530616 -4.55308e-05)
(1.02283 -0.0348451 0.000187377)
(0.938752 -0.0530298 -0.00147299)
(0.850944 0.00266398 0.000555606)
(0.890482 0.0446608 0.00514472)
(0.910178 0.0892149 0.00713106)
(0.967692 0.116843 0.00770227)
(1.0132 0.0597787 0.00338222)
(0.996896 -0.000413347 0.000327737)
(1.00157 0.0219636 -0.000703966)
(1.04 0.044053 -0.00062965)
(1.05839 0.0257712 0.000877944)
(1.10811 -0.00251366 0.00130787)
(1.06535 -0.0266637 0.000220236)
(1.06626 -0.023932 -0.000995969)
(1.06114 -0.0319011 -0.00073712)
(1.04826 -0.0127424 -0.000332781)
(1.05815 -0.0278551 -0.000179003)
(1.04466 -0.0312398 -0.000273403)
(1.04407 -0.0476288 -6.19643e-05)
(0.971386 -0.0601764 -0.000110059)
(0.968521 -0.060373 0.000201714)
(0.913217 -0.101755 -1.53266e-05)
(0.869685 -0.0494438 0.000194983)
(0.884642 -0.0098243 0.00110528)
(0.899283 -0.00413435 0.00106766)
(0.962204 0.0137796 0.000960101)
(1.00249 -0.00251992 0.000322327)
(1.00107 -0.000589612 8.22903e-05)
(0.997203 0.0094618 -0.000272949)
(1.0358 0.000563519 -3.82844e-05)
(1.0517 0.0130853 0.000367691)
(1.08901 0.0021007 0.000291851)
(1.06468 0.00313933 -0.000103147)
(1.06137 0.0118469 -0.000351915)
(1.04918 0.0132343 -0.00017262)
(1.03717 0.018571 -7.05057e-05)
(1.04528 0.0159821 -3.90504e-05)
(1.02764 0.0155055 -0.000116712)
(1.0285 0.0102911 -5.65852e-05)
(0.975614 0.0109008 -1.59477e-05)
(0.97275 0.0172824 -3.46167e-05)
(0.92062 0.0244852 -2.95401e-05)
(0.875417 0.0269311 -6.59529e-05)
(0.891915 0.0315407 0.00021328)
(0.905743 0.0397459 0.000329945)
(0.946845 0.0433955 0.000273131)
(0.980292 0.0295697 8.18242e-05)
(1.47155 -0.93134 0.0151431)
(1.39607 -1.11705 0.0279278)
(1.35112 -1.00857 -0.0334869)
(1.69119 -0.732778 0.110144)
(1.51194 -0.686527 0.116025)
(1.21559 -0.931701 0.143619)
(1.52991 -1.17376 -0.162923)
(2.08728 -0.375231 -0.00333455)
(1.90933 -0.974325 0.12205)
(2.19425 -0.241674 0.0385762)
(1.92245 0.577754 -0.00210804)
(1.88737 -0.00627928 0.0789336)
(1.90371 0.581695 0.0375908)
(2.08717 0.40318 0.0149847)
(0.331188 0.129328 0.0245309)
(0.375547 0.168875 0.000338173)
(1.63559 0.0225476 0.0302883)
(2.10786 0.440773 0.016303)
(0.353438 0.170983 0.15342)
(0.460517 0.193875 -0.0176477)
(1.30338 -0.557254 0.00946099)
(0.366848 -0.523933 -0.00152203)
(1.21634 -1.37789 -0.0327321)
(0.446874 -1.0841 -0.129583)
(1.00297 -0.175352 0.080283)
(-0.0627657 0.0599531 0.122187)
(1.22414 -0.997772 -0.203684)
(0.4018 -1.27776 -0.00961429)
(1.60006 -1.39634 0.111061)
(0.612693 -1.26549 0.00544086)
(-0.254592 -0.255298 -0.00430051)
(-0.0454519 -0.0601935 0.00301987)
(-0.111881 -0.260662 -0.0019751)
(-0.0150785 -0.0599886 0.00272233)
(0.958496 0.361352 -0.064233)
(0.0584187 0.176411 -0.0449543)
(0.49438 0.0531133 0.0279125)
(0.173532 0.138003 -0.259191)
(0.727746 0.244486 -0.121162)
(0.0463085 0.00492457 -0.0893861)
(0.379381 -0.0850523 0.119589)
(0.727502 -0.190632 -0.0906128)
(1.01268 0.889348 -0.274887)
(-0.0135184 -0.236865 0.124578)
(2.44079 -0.630393 -0.172354)
(1.95042 -0.332729 -0.13943)
(-0.47831 0.19901 -0.149997)
(-0.154733 -0.592177 0.318907)
(0.445762 -0.497958 0.0176252)
(-0.00446914 -0.0349057 0.0042452)
(0.00485447 -0.0492072 0.0110592)
(-0.0234767 -0.354716 0.0383498)
(-0.0778936 -0.0584265 -0.00415538)
(-0.0371231 -0.340174 0.0252451)
(-0.0924137 -0.0334699 0.00352325)
(-0.0761855 -0.384815 0.130118)
(-0.0622734 -0.0769386 -0.0163511)
(-0.0851847 -0.298249 0.0902373)
(-0.731008 -0.317878 -0.148922)
(1.522 0.738675 0.0914767)
(0.939543 0.402472 0.00807978)
(0.0578009 -0.57251 -0.0254902)
(0.465891 0.0254286 -0.438706)
(1.63207 0.716545 0.024811)
(0.875873 0.292467 0.010168)
(0.718829 0.395497 0.112577)
(0.547403 0.366275 0.552083)
(-0.000330243 -0.00934441 -0.000704269)
(-0.00335745 -0.00701314 0.00707604)
(-0.31728 -0.508044 -0.0125961)
(0.0409677 0.0333054 -0.00191072)
(-0.0373511 -0.245224 0.00582477)
(-0.0716422 0.00682373 -0.00391523)
(-0.443859 -0.531513 -0.010583)
(0.0266814 0.0436287 0.00948832)
(-0.120181 -0.285459 0.0272092)
(1.62365 0.845445 0.0329764)
(0.800231 0.958536 -0.0624439)
(1.15362 0.223 -0.0370014)
(0.261678 -0.28715 -0.0783145)
(1.22178 0.830878 -0.0283647)
(1.17185 0.990766 -0.157475)
(1.09559 0.149482 0.0274323)
(1.71937 1.79945 0.0168418)
(0.980045 1.40451 0.242818)
(1.53415 1.70889 0.100796)
(0.0148469 -0.0191432 0.00096019)
(0.331271 -0.233178 0.0036238)
(0.00276137 -0.0251309 0.0186581)
(0.419201 -0.256331 0.0197003)
(-0.160459 -0.509846 0.0228902)
(-0.0649531 0.0803291 0.00976895)
(0.908014 -0.36486 -0.0180542)
(-0.061574 0.0638796 0.00614796)
(-0.230623 -0.537491 0.103466)
(0.1824 -0.0583609 0.00255931)
(0.940138 -0.32907 0.0125458)
(1.41716 1.31906 -0.0651033)
(1.70129 1.04047 0.0416328)
(1.09927 0.854415 0.00919142)
(0.996487 0.853914 0.0662456)
(1.56839 1.26593 -0.206251)
(1.81305 0.909283 0.0817018)
(1.24232 0.658036 0.0514175)
(1.85789 0.986651 0.0115141)
(1.95709 0.107931 -0.0112223)
(2.0064 0.835129 0.051908)
(2.0396 0.240421 -0.0279205)
(1.83977 -0.322498 -0.00449271)
(1.9905 -0.516049 -0.0162147)
(1.94652 -0.165519 0.0221471)
(1.98309 -0.430171 -0.0226544)
(0.548967 -0.200555 0.00440542)
(1.8582 -0.503611 0.00616464)
(2.02643 -0.306281 0.0130476)
(-0.0430545 -0.238668 0.0685534)
(0.681735 -0.245161 0.0133654)
(1.83464 -0.477333 0.00404428)
(2.06741 -0.305423 0.0187044)
(1.61329 -0.393364 0.124599)
(1.06739 -0.491743 0.131133)
(1.61332 -1.23791 -0.162877)
(1.76745 -0.816124 0.0501888)
(1.54282 -0.385707 0.141769)
(0.911809 -0.158928 0.154323)
(1.5765 -1.28181 0.0221542)
(2.18859 -0.112994 0.0665964)
(1.65534 -0.367752 0.178148)
(2.05993 0.122121 0.192257)
(1.8859 0.571523 0.0624861)
(1.81838 0.271688 0.204683)
(1.84775 0.464553 0.127226)
(2.13757 0.46528 0.0342898)
(0.335424 0.180699 0.17557)
(0.624692 0.222344 0.0166623)
(1.50288 0.0565367 0.0403645)
(2.13386 0.464612 0.0295017)
(0.271956 0.170977 0.167135)
(0.804244 0.338887 0.0473773)
(0.926874 0.0470144 -0.032831)
(0.576396 -0.117388 -0.167372)
(1.26306 -0.520276 -0.199939)
(0.745171 -0.900004 -0.215757)
(0.545972 0.13454 -0.0167328)
(1.01686 -0.368047 -0.0547801)
(1.04611 -0.760801 -0.0895786)
(0.70667 -1.12373 0.065086)
(1.43061 -0.757923 0.136419)
(0.674886 -0.753056 0.269794)
(-0.013349 -0.203816 0.00534315)
(-0.0046111 -0.054532 -0.00758023)
(0.298963 -0.00954386 0.0828113)
(0.00991069 -0.0385784 -0.0318626)
(0.555049 0.166893 -0.0836058)
(0.0364029 -0.0550666 -0.07607)
(0.265735 -0.216149 0.181047)
(0.185112 0.138876 -0.361098)
(0.147128 -0.0132908 -0.0676473)
(-0.0108642 -0.098943 -0.0878873)
(0.41837 -0.10321 0.253804)
(2.00149 -0.427396 -0.0219618)
(0.176179 0.522577 -0.138368)
(0.0140915 -0.558706 0.0701687)
(1.45865 -0.395542 -0.32363)
(0.0342013 -0.663658 0.251954)
(0.13567 0.399251 -0.00537079)
(0.914654 -0.503866 -0.499371)
(0.0387409 -0.485324 0.779157)
(0.00941416 -0.0542553 0.00802265)
(0.0165116 -0.0649745 -0.00604487)
(-0.11387 -0.365452 0.145216)
(-0.0574178 -0.0833551 -0.0169391)
(-0.0979611 -0.280455 0.128517)
(-0.0891989 -0.0863093 -0.0261936)
(-0.112777 -0.350409 0.139366)
(-0.065 -0.0940901 -0.0176674)
(-0.0315999 -0.220023 0.15317)
(0.448515 -0.128194 -0.634681)
(1.47269 0.628952 0.0973363)
(0.693026 0.381444 -0.0617893)
(0.218808 -0.136245 0.257691)
(1.29373 -0.256933 -0.650874)
(1.88115 0.556438 0.15905)
(0.960509 0.328855 -0.00404704)
(0.418203 0.398612 0.665098)
(-0.0758627 0.41773 0.29494)
(-0.000682417 -0.00603913 0.0115415)
(0.00588113 -0.00896908 0.0124328)
(-0.380969 -0.565048 -0.0153285)
(0.0334102 0.049106 0.0182468)
(0.0598366 -0.317768 0.037576)
(-0.0736716 0.016797 0.032604)
(-0.308827 -0.536022 0.0240764)
(0.0539242 0.068614 0.0237996)
(0.232697 -0.319853 0.0330131)
(0.973346 0.615577 -0.106482)
(1.23853 0.935168 -0.256554)
(1.2594 0.166699 0.0765291)
(0.461779 0.29573 -0.0915491)
(1.26644 0.48413 -0.164361)
(0.865769 0.930028 -0.236687)
(1.00179 0.0158922 0.138482)
(1.53735 1.6774 0.135313)
(0.538435 1.04077 0.0970038)
(1.52294 1.37166 0.197259)
(0.0102812 -0.0278656 0.0260777)
(0.445308 -0.256123 0.0220458)
(0.0277853 -0.0329609 0.0244408)
(0.403539 -0.230597 0.0392844)
(0.0245818 -0.495806 0.11586)
(0.205334 -0.125853 -0.0132173)
(1.1242 -0.297101 0.0210781)
(0.0559348 0.170522 0.0217444)
(0.269276 -0.425528 0.101377)
(0.128505 -0.107675 -0.0204854)
(1.16511 -0.278427 0.0107763)
(1.60164 1.22302 -0.173982)
(1.95603 0.776357 0.0620099)
(1.3848 0.461372 0.0694527)
(1.01486 0.256708 0.108913)
(1.62404 1.21123 0.0474837)
(1.94191 0.778876 0.0394169)
(1.33658 0.351041 0.120758)
(2.088 0.668155 0.083595)
(2.07329 0.275015 -0.0187878)
(2.04926 0.400176 0.159819)
(2.03572 0.19466 0.091095)
(2.00408 -0.116808 0.0395776)
(1.97943 -0.368801 -0.00972669)
(2.04277 -0.129389 0.132095)
(1.98139 -0.198913 0.076114)
(0.770494 -0.268764 0.00136065)
(1.8187 -0.461224 0.0111335)
(1.99842 -0.273824 0.0121967)
(-0.22186 -0.187831 0.0226983)
(0.746133 -0.272612 -0.00243497)
(1.78605 -0.395699 0.0466297)
(1.92134 -0.23867 0.0490562)
(1.26869 -0.511305 0.0218021)
(0.855963 -0.214124 0.0472867)
(1.51541 -1.32351 0.064547)
(1.18614 -1.2198 -0.0502533)
(1.12921 -1.34277 0.0657706)
(0.860657 -0.972584 0.0637581)
(1.04758 -0.825237 0.00223341)
(2.01732 0.0763738 0.208359)
(1.59089 -1.45177 0.0454769)
(1.89752 -0.57856 0.0624746)
(1.87299 0.305226 0.120085)
(1.68422 -0.309981 0.074382)
(1.87521 -0.27495 0.0436163)
(1.96887 0.31439 0.00704417)
(0.370822 0.179233 0.151829)
(0.680486 0.212266 0.0222902)
(1.48562 -0.0892028 0.0233567)
(1.86564 0.36044 0.018766)
(0.626964 0.254147 0.020528)
(0.613384 0.202917 0.00725209)
(0.366246 -0.177029 -0.0506109)
(0.969172 -0.328845 -0.145988)
(0.872817 -1.06574 0.00750836)
(0.57775 -0.747802 -0.0752805)
(0.448964 -1.17714 0.0587595)
(0.908877 -0.59297 -0.031797)
(0.558096 -0.843914 0.0247789)
(0.603655 -0.772019 0.286784)
(1.09357 -1.7941 0.0581146)
(0.260846 -0.637299 0.073909)
(0.296848 -0.00677268 0.0884237)
(0.00655369 -0.0327329 -0.0327136)
(0.343084 0.0161483 0.0292446)
(-0.0176751 -0.0254676 -0.00794972)
(-0.607429 -0.505572 -0.0135818)
(0.0125228 -0.0253332 -0.0746462)
(0.24235 -0.227162 0.251448)
(0.0308752 0.0856587 -0.0931151)
(-0.675326 -0.682512 -0.062131)
(-0.0707709 -0.0844726 -0.0252704)
(0.00589226 -0.647228 0.0672059)
(-0.107358 -0.848108 0.253527)
(0.775644 0.599855 0.117613)
(1.18353 -0.795097 -0.508264)
(0.163695 -0.413191 0.0140789)
(0.151339 -1.43829 0.0522983)
(-0.16518 0.431981 0.150059)
(1.34219 -0.843618 -0.097899)
(-0.0887068 -0.41435 0.02669)
(0.0168985 -0.0661615 -0.00757245)
(0.0205208 -0.0622454 -0.00234491)
(-0.285198 -0.406641 0.136784)
(-0.0748713 -0.0948736 -0.0153359)
(-0.153454 -0.358091 0.125267)
(-0.0996423 -0.0951412 -0.00442265)
(-0.274969 -0.30908 0.069595)
(-0.0915523 -0.0897094 -0.00187846)
(-0.278231 -0.473604 0.0212944)
(1.471 -0.294066 -0.667812)
(1.76566 1.00773 0.0786514)
(0.907129 0.378969 0.0513141)
(0.843249 0.413267 0.17451)
(1.65949 -0.184366 -0.137709)
(1.56205 1.15772 -0.0370285)
(0.364549 0.865843 0.0303461)
(-0.0248644 0.339138 0.231916)
(0.0348878 0.595766 0.0963987)
(0.00592558 -0.0097997 0.00994565)
(0.00573599 -0.0119848 0.00147936)
(-0.177454 -0.435734 0.0311257)
(0.0575532 0.0690952 0.0201988)
(0.213403 -0.324778 0.00691397)
(-0.0485443 0.0473986 0.00892166)
(-0.00724592 -0.340971 0.0138618)
(0.0633337 0.074172 0.00312384)
(0.171751 -0.338969 -0.00449395)
(1.69236 0.848281 -0.0395596)
(0.743167 0.905887 -0.213776)
(0.921126 0.104307 0.0398319)
(1.1739 0.963906 -0.0468688)
(1.29892 0.828248 0.000355246)
(0.283562 0.992855 -0.0420774)
(0.767056 1.05639 0.118518)
(1.59242 1.30329 0.18345)
(0.354471 0.998246 0.0399639)
(1.3627 2.10193 0.071988)
(0.0225071 -0.0330532 0.0201143)
(0.33632 -0.19764 0.0394269)
(0.0166872 -0.0319014 0.00306504)
(0.221227 -0.130063 0.00752621)
(0.161641 -0.345555 0.077448)
(0.195654 -0.115416 -0.0175691)
(0.880398 -0.178622 0.00440479)
(0.0856587 0.140109 -0.000206212)
(0.0797749 -0.320196 0.0222834)
(0.177293 -0.100309 -0.00268892)
(0.77951 -0.143119 0.00249624)
(1.57812 1.25334 0.123491)
(1.72254 0.89179 -0.063192)
(1.23373 0.614555 0.0490698)
(1.16526 1.23044 0.0713811)
(1.13721 1.16678 0.0666527)
(1.33887 1.3417 -0.0205564)
(1.26007 1.52515 0.0789441)
(2.0428 0.622841 0.141399)
(2.04358 0.271664 0.122579)
(2.09196 1.64752 0.0466582)
(1.90151 0.657095 0.061103)
(2.04031 -0.058294 0.145652)
(1.99429 -0.170424 0.0994631)
(1.92336 0.275528 0.0547361)
(1.6688 -0.00344789 0.0392438)
(0.606115 -0.21082 -0.0171586)
(1.68277 -0.379515 0.0391275)
(1.88778 -0.158379 0.0312366)
(-0.166411 -0.203247 -0.00693266)
(0.325356 -0.158952 -0.00338935)
(1.64201 -0.471651 0.0104093)
(1.60302 -0.0816089 -0.00683273)
(1.85005 -0.249252 -0.000694062)
(1.75153 -0.535122 0.0211653)
(2.01554 -0.169934 0.0227331)
(1.48334 -0.302231 0.00429388)
(1.79272 -0.212702 -0.00422914)
(1.71472 -0.366909 0.0767838)
(1.99876 -0.0783005 0.090628)
(1.77457 0.019952 -0.0125699)
(1.9683 0.0564044 0.000205314)
(1.90964 0.15353 -0.0233284)
(1.695 0.0562536 -0.00931094)
(1.68477 0.0634875 -0.0272754)
(1.99337 0.0722252 0.0261768)
(1.81637 0.214557 -0.0266897)
(1.80561 -0.69017 -0.0673599)
(2.11034 -0.959865 0.0167499)
(2.30137 -1.26301 0.016654)
(1.91915 -1.28636 0.0488256)
(2.16024 -0.944073 0.0390665)
(2.36463 -1.25942 0.0274499)
(1.65163 -0.660829 -0.0298893)
(1.70989 0.0630493 -0.0149075)
(2.0432 0.250051 -0.000405437)
(1.76849 -0.182791 -0.0260082)
(1.77979 -0.0666027 0.0242097)
(2.04644 0.255174 0.0160936)
(1.83155 -0.19795 -0.0598628)
(1.68317 0.0731015 -0.00806014)
(0.529901 -1.02712 -0.0733399)
(1.41054 -1.27904 -0.019309)
(1.00242 -1.41377 0.0059594)
(1.90885 -1.6329 0.060067)
(1.50432 -1.30254 -0.0110793)
(1.12465 -1.42934 0.0416081)
(0.455586 -1.01049 -0.0471056)
(-0.201662 -0.165404 0.005856)
(-0.17649 -0.148932 0.0150194)
(0.144816 -0.41056 -0.16)
(0.0972132 0.0838674 0.0064279)
(0.167665 0.196465 -0.00893207)
(-0.0954582 -0.0187469 -0.000937172)
(-0.103882 0.00935154 0.0105008)
(0.153017 0.132009 -0.0093483)
(-0.0904005 -0.020777 -0.0010314)
(0.104584 0.123978 0.00184562)
(-0.0991426 0.030976 0.00408017)
(-0.0748463 -0.0491645 0.00644075)
(-0.0331975 0.103281 -0.00163204)
(-0.0561959 0.0187264 -0.0132331)
(-0.100406 -0.0637521 0.014989)
(-0.0371239 0.101545 -0.0069839)
(-0.0810277 0.044317 0.00318918)
(1.08109 1.41205 0.0311742)
(1.05637 1.5493 0.112649)
(1.11522 1.39876 0.0811565)
(1.48978 0.681644 -0.0248452)
(1.74631 1.34319 -0.0309634)
(1.86429 1.32356 -0.0710875)
(1.41333 0.661445 -0.0186198)
(1.47616 -0.466818 0.0541444)
(0.654138 -0.250311 0.0195585)
(0.616646 -0.173672 0.0116679)
(-0.0244364 -0.250976 0.0320983)
(0.678062 -0.267252 0.0581054)
(0.601392 -0.178066 0.0275028)
(1.46808 -0.462515 0.0206478)
(2.00843 0.162025 -0.0176593)
(1.74288 0.642573 0.00166072)
(1.92383 0.354357 0.00462021)
(1.86839 0.436309 -0.0457797)
(2.0552 0.0881334 -0.0554371)
(1.8218 0.680005 -0.0383342)
(1.9026 0.366896 0.0475697)
(2.07627 -0.235405 -0.0661922)
(1.4893 -0.0640776 -0.0413953)
(1.90656 -0.00303448 -0.0456477)
(1.93041 -0.239014 -0.0349866)
(1.87855 -0.317325 -0.143592)
(1.52481 -0.0295223 -0.0734111)
(1.69885 -0.286731 -0.127327)
(1.69723 -0.126508 -0.0629599)
(1.66225 -0.0499852 0.0785992)
(1.90549 0.122595 0.0906189)
(1.3855 -0.215006 -0.0483696)
(1.63744 -0.138482 -0.106037)
(1.6046 0.00196959 0.118713)
(1.85974 0.0473411 0.0873877)
(1.58327 0.0952703 -0.0552216)
(1.91815 0.213147 0.0380858)
(1.72036 0.227186 -0.0249146)
(1.57705 0.0485857 -0.0596184)
(1.60809 0.0576839 -0.064809)
(1.81129 0.152396 0.0531347)
(1.71123 0.0701855 -0.0507657)
(2.12975 -0.317249 -0.0746933)
(2.19186 -0.425986 0.12129)
(2.44303 -0.702232 0.0897741)
(1.82445 -0.481036 0.151462)
(2.12171 -0.381457 -0.108786)
(2.14482 -0.254508 0.14662)
(2.4251 -0.552749 0.115787)
(1.8555 0.131458 0.0165407)
(2.04697 0.342617 0.0854144)
(2.04632 -0.048094 -0.104022)
(1.90777 0.192335 0.1503)
(1.83085 0.0952328 -0.0167979)
(2.02441 0.416425 0.125336)
(2.07066 -0.0108499 -0.059877)
(0.652018 -0.932721 -0.075393)
(1.42842 -1.14286 -0.0714773)
(1.03722 -1.1014 0.081259)
(1.5967 -1.03684 0.114973)
(0.62102 -0.872348 -0.127506)
(1.45618 -1.03721 -0.0628096)
(1.10111 -1.0038 0.0978481)
(0.0739343 -0.0145224 -0.0140259)
(0.18241 0.0431631 -0.0447578)
(0.43092 -0.581587 0.788696)
(0.0904384 -0.0686232 -0.0376534)
(0.127204 -0.127632 -0.0418641)
(-0.079248 -0.0475821 -0.0155143)
(-0.0849595 -0.0630308 -0.00919468)
(0.0995489 -0.0416463 -0.0240178)
(0.131109 -0.167681 -0.0536935)
(-0.0765752 -0.0591337 -0.0247537)
(-0.159271 -0.0130957 0.0563612)
(-0.203693 -0.119208 0.0741315)
(-0.052634 0.0976818 0.00922154)
(-0.0741707 0.00784717 0.0163764)
(-0.158296 -0.0116067 0.048184)
(-0.212193 -0.120242 0.0858668)
(-0.052633 0.0981607 0.0162482)
(0.529544 1.33161 0.0904184)
(0.618543 1.17404 0.24847)
(0.396548 1.33082 0.0178494)
(1.64687 0.702223 -0.0266301)
(1.99398 1.14612 -0.0828659)
(1.60814 0.69524 -0.0343153)
(2.01702 1.1114 -0.0475766)
(1.49573 -0.466914 0.0769636)
(0.76545 -0.36524 0.099285)
(0.552003 -0.176586 0.0321569)
(-0.154416 -0.201967 0.0677977)
(1.47622 -0.457046 0.0946388)
(0.823788 -0.396867 0.0735328)
(0.48865 -0.155253 0.0283114)
(2.02655 -0.0873535 -0.0318123)
(1.66577 0.354548 -0.0551601)
(1.75418 0.179324 0.0490324)
(1.72788 0.326156 -0.0952249)
(2.02161 -0.160911 0.023471)
(1.56569 0.136442 -0.083473)
(1.84677 0.156369 0.0384275)
(1.80354 -0.353079 -0.123323)
(1.48507 -0.055847 -0.102242)
(1.56263 -0.476041 -0.178283)
(1.98693 -0.177009 0.0611468)
(1.90914 -0.120742 -0.0464755)
(1.60184 0.116574 -0.115239)
(1.63526 -0.304877 -0.16924)
(1.60763 -0.23576 -0.127851)
(1.60448 -0.355868 0.0210388)
(1.9335 -0.380901 0.00168103)
(1.3306 -0.606802 -0.0631291)
(1.63527 -0.435398 -0.0668265)
(1.74907 -0.922217 -0.0300641)
(2.01372 -0.984239 -0.00335886)
(1.66842 0.0214338 -0.0660907)
(1.80624 -0.241784 -0.0161661)
(1.79207 -0.13095 -0.099342)
(1.51945 -0.214497 -0.0449251)
(1.69511 -0.0719892 -0.0290501)
(1.92663 -0.697328 -0.0131337)
(1.83926 -0.376303 -0.0331862)
(1.93557 -0.493473 0.139306)
(1.89105 -0.207098 0.167896)
(2.14611 -0.568542 0.151202)
(1.47201 -0.598897 0.123681)
(1.99119 -0.372075 0.0858813)
(1.86117 -0.362122 0.142134)
(2.13085 -0.688063 0.177269)
(1.84948 -0.00642287 0.157492)
(1.95388 0.363567 0.191492)
(2.00904 -0.0661395 0.0849875)
(1.77844 0.117206 0.20847)
(1.85912 0.0867923 0.146772)
(1.99013 0.185074 0.182213)
(1.97115 -0.150319 0.109922)
(0.706568 -1.04637 0.140414)
(1.34516 -1.04933 0.104609)
(1.06276 -1.08935 0.154378)
(1.31242 -0.813156 0.144834)
(0.68344 -1.02593 0.0905622)
(1.34597 -1.10395 0.162227)
(1.0569 -1.1791 0.145257)
(0.169931 0.0518603 -0.147812)
(0.121604 0.0140675 -0.131858)
(-0.163973 -0.401351 0.368672)
(-0.0403901 -0.214629 -0.0454065)
(0.126642 -0.254061 -0.0743052)
(-0.0793474 -0.107273 -0.0397633)
(-0.0990806 -0.0958687 -0.017751)
(-0.0083718 -0.184169 -0.0605483)
(0.12041 -0.264268 -0.0482977)
(-0.084703 -0.123767 -0.0339923)
(-0.0681352 0.0217674 0.0505599)
(-0.159423 -0.0748639 0.100272)
(-0.0413334 0.100209 0.0284016)
(-0.0634198 0.0330128 0.0348907)
(-0.0971818 0.0142477 0.0592676)
(-0.129379 -0.0570158 0.0864331)
(-0.0356359 0.100587 0.0257228)
(0.768139 1.29877 -0.0129344)
(0.775412 1.08491 0.120469)
(0.818622 1.26529 0.0512745)
(1.80575 0.750761 0.136171)
(2.06544 1.01635 0.135162)
(1.77572 0.661536 0.109786)
(2.0482 1.13252 0.175659)
(1.34303 -0.408339 -0.0486326)
(0.776161 -0.302537 -0.0277398)
(0.263834 -0.0902934 0.00179689)
(-0.187651 -0.194548 -0.0152569)
(1.40299 -0.432579 -0.0200179)
(0.703518 -0.243315 -0.0431291)
(0.25615 -0.0986516 -0.00837956)
(1.94266 0.00103477 -0.0288394)
(1.45615 0.191939 -0.0890395)
(1.90659 0.193961 -0.0417654)
(1.78676 1.214 -0.0719698)
(1.88775 0.688429 0.0164634)
(1.4397 0.24711 -0.0807367)
(1.93225 0.481433 -0.0419447)
(1.96581 -0.0300876 -0.040316)
(1.67095 0.258769 -0.0997317)
(1.68934 -0.316287 -0.152511)
(2.05496 0.495563 0.00857452)
(2.0072 0.458998 0.0442381)
(1.75017 0.30563 -0.0408658)
(1.82065 0.00790145 -0.0645752)
(1.74989 -1.88558 -0.0369853)
(1.59998 -1.20357 -0.0310891)
(1.51983 -1.26739 -0.0367311)
(1.42041 -1.05389 -0.0698251)
(1.65377 -1.20263 -0.0749717)
(1.57146 -1.28851 -0.0749127)
(1.65447 -1.95355 -0.0124277)
(1.69498 -1.68456 -0.0516352)
(1.46044 -1.09523 -0.116211)
(1.63364 -1.08562 -0.14162)
(1.51702 -1.26004 -0.169097)
(1.61968 -1.16356 -0.117285)
(1.50944 -1.26774 -0.12177)
(1.71985 -1.39265 -0.0654571)
(1.87539 -0.544064 -0.0980026)
(1.78903 -0.70349 0.00217092)
(1.83157 -0.290177 -0.0388799)
(2.12156 -0.371751 0.00255219)
(1.85195 -0.702974 0.015871)
(1.92782 -0.315926 -0.0987855)
(1.75885 -0.519722 -0.0383725)
(1.35359 -0.818648 -0.283402)
(1.67383 -1.46496 -0.0435881)
(1.81276 -1.4637 -0.11102)
(1.14737 -0.782107 -0.105924)
(1.94545 -0.622186 -0.0974993)
(1.92235 -1.06704 0.107611)
(2.22787 -0.667826 0.101536)
(2.42514 -1.01062 0.0671901)
(2.20827 -0.787163 0.0810564)
(2.39686 -1.126 0.0645484)
(2.05129 -0.527765 -0.116385)
(1.98946 -0.492755 -0.142054)
(2.16869 -0.311989 0.0168308)
(1.99028 -0.517349 0.0630002)
(2.10881 -0.232444 -0.160915)
(1.9365 -0.604326 0.0422889)
(2.03187 -0.290786 -0.144276)
(2.07217 -0.407967 -0.166708)
(1.46989 -0.761712 -0.443106)
(1.94861 -1.20239 -0.250425)
(1.87623 -1.39649 -0.200115)
(1.54497 -0.652273 -0.472522)
(1.59254 0.0113274 0.00475575)
(1.77286 0.216772 0.00396898)
(2.01545 0.332234 0.00336216)
(1.92135 0.580251 0.00560194)
(1.78657 0.219927 0.0292324)
(2.01615 0.331646 0.0252493)
(1.57084 0.0149221 0.00063234)
(0.705452 0.202866 0.0135431)
(0.688452 0.208192 0.00414614)
(0.70472 0.213473 0.020827)
(0.681851 0.198397 0.000928473)
(1.75219 0.0557913 -0.0264923)
(1.8394 -0.0373067 0.0485485)
(2.06063 0.293498 0.0553651)
(1.98487 -0.133236 -0.10862)
(2.05822 0.267961 0.0314345)
(1.91637 -0.174236 -0.0912756)
(1.79472 0.0716571 -0.0248059)
(1.63328 0.0246399 0.0102311)
(1.91157 0.575836 0.00994133)
(1.81747 0.251914 0.0793034)
(2.02302 0.309918 0.0676484)
(1.80096 0.238152 0.0517635)
(2.02586 0.311295 0.0372947)
(1.67433 0.0299961 0.0168095)
(0.780084 0.211451 0.01608)
(0.825479 0.224624 0.0414551)
(0.742815 0.21541 0.0309131)
(0.861985 0.216912 0.0054196)
(0.343136 -0.134194 0.0557199)
(0.53055 0.121487 0.0190774)
(-0.0555715 -0.198403 0.0182909)
(0.333539 0.137408 0.0728121)
(0.540834 0.128218 0.0453129)
(-0.0284614 -0.180276 0.0531949)
(0.30723 -0.149477 0.0200935)
(0.420236 -0.109945 0.0895305)
(0.344874 0.152076 0.11758)
(0.608712 0.150745 0.0898058)
(0.124785 -0.0830644 0.102071)
(0.571427 0.138753 0.0710905)
(0.0221155 -0.145469 0.0809449)
(0.560256 -0.0626489 0.119444)
(1.33957 -1.55101 -0.0474308)
(1.43825 -1.5181 -0.0657841)
(0.675648 -1.29145 -0.0214628)
(0.531387 -1.27975 -0.0435653)
(0.746768 -1.29368 -0.0263828)
(0.502385 -0.96709 -0.0957912)
(1.72292 -1.48187 0.0800782)
(1.3693 -1.21437 -0.0571786)
(0.995098 -1.30331 0.0781449)
(1.41084 -1.26167 -0.0375389)
(1.04238 -1.36117 0.0620235)
(0.539714 -0.95921 -0.137406)
(1.37808 -1.35373 -0.141098)
(1.38696 -1.45047 -0.103821)
(0.584099 -1.26938 -0.0360694)
(0.67592 -1.21269 -0.0357564)
(0.703771 -1.2222 -0.0461701)
(-0.0332145 0.0452017 -0.00857626)
(-0.230114 -0.291635 -0.00739726)
(-0.183171 -0.0524071 -0.0111701)
(-0.235411 -0.265258 0.0105101)
(-0.191015 -0.265257 -0.0190938)
(-0.16525 -0.0607427 -0.0167299)
(-0.0434494 0.0497863 -0.00356989)
(-0.0603101 -0.0069733 -0.00212103)
(-0.0399569 -0.0607369 0.00963223)
(-0.0509092 -0.019369 -0.00752754)
(-0.0437982 -0.073719 0.00550171)
(-0.126473 -0.11875 0.0158146)
(-0.0115537 0.0433811 -0.016059)
(-0.178059 -0.279584 0.00916232)
(-0.0454361 -0.143634 -0.0262394)
(-0.0993234 -0.0630532 -0.0773427)
(-0.122612 -0.212024 -0.0261765)
(-0.127376 -0.071073 -0.0417824)
(0.0143311 0.0496364 -0.0221194)
(-0.0251735 -0.0633281 0.00901322)
(-0.0284735 -0.0611101 -0.0354152)
(-0.0339113 -0.0432051 -0.0194955)
(0.491773 0.254097 -0.394189)
(0.456128 -0.696415 -0.0349523)
(0.437726 0.157446 0.0551078)
(0.794223 -0.0927247 -0.25383)
(0.837586 -0.491803 -0.153019)
(0.371113 0.284628 0.142034)
(1.17382 -0.42312 -0.193161)
(-0.0999496 0.648816 -0.113717)
(0.0508472 0.221425 0.113177)
(1.20654 1.39252 0.0843472)
(0.0102905 -0.186331 0.330427)
(-0.180052 0.104584 0.26643)
(0.948973 1.29369 0.283896)
(0.954384 0.983873 -0.12078)
(0.534689 0.459475 -0.454509)
(1.53863 -0.247943 -0.257443)
(2.67742 -0.531984 -0.3396)
(0.109457 0.342145 0.233085)
(2.4103 -0.547007 -0.282146)
(0.285043 0.405349 0.177396)
(0.537619 0.213162 -0.398766)
(-0.861988 0.421771 -0.163038)
(-0.13238 -0.350841 0.422723)
(-0.392295 -0.47838 0.202415)
(-0.301422 0.702941 0.252178)
(-0.313865 -0.107272 0.272402)
(0.230866 1.036 0.373013)
(-1.04948 0.161464 -0.249305)
(0.276833 -0.461658 -0.217143)
(-0.00248156 -0.0375007 0.0104284)
(0.00293516 -0.0427267 0.0123983)
(0.191508 0.0764538 0.00535474)
(-0.11432 -0.0333505 -0.00252288)
(0.0579818 -0.0237262 0.00796428)
(-0.0738549 -0.062163 -0.0108968)
(-0.111268 -0.0372079 -0.00577884)
(0.0422989 -0.0418022 0.0233361)
(0.192019 0.105395 0.00224649)
(0.093149 0.0268135 0.00159731)
(-0.0995351 -0.016744 0.0102189)
(0.125031 -0.0675657 -0.031199)
(-0.081227 -0.0359948 -0.00811489)
(0.135929 0.0179471 -0.0182497)
(-0.0854129 -0.0291183 -0.00278756)
(0.0941557 -0.0129939 -0.00873463)
(0.19279 0.0295315 0.00443552)
(-0.0682827 -0.0693291 -0.0151998)
(-0.100715 -0.0557166 -0.014877)
(-0.0185987 -0.0997435 0.0597192)
(-0.10722 -0.0455998 -0.0100766)
(0.0135577 -0.0732606 0.0402973)
(0.187371 -0.0128974 0.00584332)
(-0.268291 0.307603 0.187567)
(0.730697 0.899287 0.144621)
(0.206222 1.02898 -0.159809)
(-0.240788 -0.0430231 -0.370341)
(0.807655 0.965044 0.380276)
(0.525132 0.746942 -0.315894)
(-0.367463 0.367013 0.059645)
(-0.497717 -0.0511837 0.196278)
(-1.0338 0.714375 -0.0625581)
(1.43862 0.774813 -0.00437351)
(0.936754 0.361395 0.0122864)
(-0.66419 0.500043 -0.174502)
(1.54131 0.67439 -0.0175222)
(-0.650512 -0.0517769 0.0720572)
(-0.401109 0.148549 0.26823)
(0.456258 0.152281 -0.371417)
(0.367453 0.701563 0.686716)
(0.461423 0.534276 -0.300211)
(0.625453 0.860527 0.565023)
(0.610435 0.616648 -0.305773)
(-0.716578 0.092564 0.358432)
(-0.246931 -0.091367 0.301138)
(0.955818 0.302633 0.0293885)
(-0.188438 -0.0933217 -0.197633)
(1.54559 0.404651 -0.0393989)
(-0.295253 0.194896 -0.211889)
(1.6717 0.526354 -0.032284)
(-0.0439887 -0.0808464 0.390311)
(0.67116 0.371491 0.254509)
(0.610394 0.385579 0.419104)
(-0.00094106 -0.00795071 -0.00243356)
(-0.00401135 -0.00759736 0.000230204)
(0.0617069 0.0939201 0.020368)
(0.00317961 0.109727 -0.000223339)
(0.0279279 -0.0390301 0.00663395)
(0.0359139 0.0351982 -0.0110361)
(0.000395887 0.108821 -0.00174441)
(0.00886029 -0.0516257 0.00724943)
(0.0769788 0.107534 0.00894674)
(-0.141611 0.00262847 0.0141487)
(-0.0657256 0.0113395 -0.0130827)
(-0.197418 -0.115395 0.0556419)
(-0.0514865 0.0972611 0.0016886)
(-0.160087 -0.0969599 0.0308912)
(-0.0462027 0.098688 -0.0057362)
(-0.162098 -0.0108477 0.0349599)
(0.0337036 0.065529 0.0376266)
(0.0268612 0.0388068 -0.00726373)
(-0.00721547 0.104345 0.0052571)
(-0.0345539 -0.0871278 0.0501824)
(-0.00413109 0.104981 2.36463e-05)
(-0.0220369 -0.0757424 0.020809)
(0.0131724 0.0492409 0.0610017)
(0.61707 1.09785 -0.0333508)
(1.26539 1.66904 0.0192625)
(1.40721 1.55112 -0.0163245)
(1.72957 1.75913 0.0538271)
(1.31537 1.65341 0.0590827)
(1.49449 1.55561 -0.0154505)
(0.551495 1.02446 -0.0242105)
(1.25883 1.44686 -0.0538932)
(1.3607 1.47633 -0.109558)
(1.00033 1.4941 0.202084)
(0.75465 1.36923 0.121498)
(0.897321 1.39385 0.127673)
(0.606424 1.09759 -0.0576936)
(1.59265 1.74883 0.0864141)
(1.07426 1.56111 0.077901)
(1.51218 1.4446 -0.0599347)
(1.17034 1.59798 0.0890444)
(1.49324 1.5264 -0.0357623)
(0.591093 1.11999 -0.109674)
(1.43808 1.46216 -0.181136)
(1.39532 1.49812 -0.158558)
(0.0297236 -0.0180174 0.00220526)
(0.0108531 -0.0198431 -0.00208213)
(0.0308744 -0.0184553 0.00438893)
(0.0983639 0.173495 0.00525183)
(0.132388 0.164408 0.0110905)
(-0.0218554 -0.0408899 0.0153703)
(0.11309 -0.0376814 0.0107818)
(-0.0693216 -0.0918322 -0.00787629)
(0.345443 -0.237014 0.0179804)
(0.12289 -0.0422239 0.0348587)
(-0.0486511 -0.0870709 -0.0181896)
(-0.0256588 -0.0378479 0.0051526)
(0.00231559 -0.0225873 0.0029958)
(0.0429187 -0.0180956 0.0283031)
(0.031253 -0.0147194 0.0122313)
(0.262684 0.114974 -0.0191564)
(0.186183 0.148652 0.00357947)
(-0.0124598 -0.0485237 0.0207393)
(0.383376 -0.249723 0.0233691)
(0.172888 -0.0571082 0.0525088)
(0.0255513 -0.0780589 -0.0279663)
(0.142286 -0.0471189 0.0509628)
(-0.00594217 -0.0828034 -0.025972)
(-0.00704614 -0.0559158 0.0194199)
(1.50442 1.42368 0.0047838)
(1.43158 1.41638 -0.0257668)
(1.5531 1.10964 -0.024721)
(1.50059 1.33561 -0.147622)
(1.53086 1.43071 -0.0620317)
(1.64745 1.09084 -0.0540838)
(1.41559 1.40463 0.00856547)
(1.56876 1.34062 0.0180436)
(1.5535 1.3016 -0.194274)
(1.64198 1.29859 -0.118082)
(1.71595 0.975327 -0.0723252)
(1.59337 1.36861 -0.0957629)
(1.67995 1.02758 -0.0707762)
(1.64985 1.30033 0.0184022)
(1.71466 0.528524 -0.0186842)
(2.25268 1.02167 -0.00168939)
(1.88515 0.673645 0.00351635)
(1.88766 0.984072 0.011919)
(2.29973 1.03088 -0.0164661)
(1.91078 0.687812 0.00719624)
(1.66639 0.48935 -0.0160572)
(2.05552 0.285608 0.0294956)
(1.80373 0.188516 0.0106799)
(1.82808 0.248324 -0.007047)
(1.97918 0.138221 -0.0196846)
(1.81323 0.211684 0.0512363)
(1.85382 0.288068 -0.0146436)
(2.0347 0.250353 0.00482292)
(1.53661 0.686065 -0.0357486)
(1.9681 1.20431 -0.100662)
(1.92234 1.26423 -0.0950663)
(1.58117 0.688693 -0.0369644)
(1.77504 0.538685 -0.0257265)
(1.97193 0.879328 0.0415237)
(2.3958 0.918019 -0.0132144)
(1.99581 0.656478 0.0534049)
(2.37143 0.946805 -0.0103108)
(1.97356 0.672236 0.0320942)
(1.80713 0.561857 -0.0269447)
(2.09075 0.318354 0.040209)
(2.0155 0.191731 -0.0258302)
(1.83748 0.277096 0.0877768)
(1.95813 0.386737 -0.00697921)
(1.83308 0.239864 0.072042)
(1.9091 0.342718 -0.0113246)
(2.10663 0.360217 0.0485451)
(1.2708 -0.32065 0.0047242)
(1.33802 -0.352243 0.01528)
(1.30796 -0.349437 0.0531099)
(1.30235 -0.321688 -0.00269323)
(1.65307 -0.155952 0.078425)
(2.07892 -0.184989 0.0176686)
(1.99331 -0.396347 -0.00819411)
(1.86046 -0.289428 0.00526393)
(2.08294 -0.16617 0.075641)
(2.00783 -0.372528 -0.00414961)
(1.65966 -0.167798 0.0202307)
(1.88939 -0.421528 0.0401915)
(1.82314 -0.249488 0.00948458)
(1.88974 -0.616816 -0.0168967)
(1.99168 -0.501014 -0.0192939)
(1.82846 -0.240067 0.0431773)
(1.89863 -0.598851 -0.0235113)
(1.89207 -0.429456 0.0128801)
(1.22912 -0.313059 0.0108539)
(1.20328 -0.333007 0.10632)
(1.25627 -0.342132 0.0826469)
(1.16864 -0.300903 0.024504)
(1.65137 -0.132647 0.116777)
(1.8993 -0.227877 0.00673329)
(2.09955 -0.0890678 0.135215)
(2.06025 -0.245133 -0.00184857)
(2.09404 -0.133403 0.110212)
(2.03573 -0.314428 -0.00823561)
(1.63849 -0.0953403 0.145311)
(1.88121 -0.397051 0.058287)
(1.97192 -0.482346 -0.0353367)
(1.83403 -0.18065 0.0898022)
(1.9193 -0.512403 -0.0273063)
(1.83664 -0.224999 0.0656941)
(1.89443 -0.562666 -0.0378871)
(1.87636 -0.363892 0.0744878)
(1.44887 -0.447539 0.0802342)
(-0.0152132 -0.249262 0.0512827)
(0.716276 -0.318807 0.100144)
(0.585882 -0.185866 0.0376908)
(0.669972 -0.278994 0.0876155)
(0.608455 -0.185296 0.0356038)
(1.46606 -0.447761 0.0910739)
(1.69635 -0.55898 0.0104353)
(1.60614 -0.895466 -0.119489)
(1.54252 -1.17679 -0.169963)
(1.62197 -1.26079 -0.11956)
(1.68782 -0.84036 -0.0346017)
(1.58672 -0.760302 -0.0661761)
(1.53962 -1.10882 -0.128879)
(1.65674 -0.272316 0.0551893)
(1.58633 -1.26144 -0.0627944)
(1.51972 -0.581955 0.0564522)
(1.44701 -1.00021 0.0220059)
(1.54314 -0.633808 -0.0127638)
(1.47498 -1.02935 -0.0672676)
(1.64332 -0.138965 0.107952)
(2.14529 -0.249658 -0.0977222)
(2.00286 -0.324737 0.08868)
(2.16133 -0.158999 -0.138099)
(2.1648 0.0154826 0.114389)
(2.13864 -0.289069 -0.150341)
(1.98278 -0.16499 0.1237)
(2.1705 -0.130802 -0.0834536)
(1.58238 -0.555052 -0.306572)
(1.98702 -0.98408 -0.22868)
(1.57827 -0.588928 -0.41113)
(1.98824 -0.846307 -0.1608)
(2.08875 -0.288866 -0.0295534)
(1.70569 -0.412151 0.158312)
(1.97938 -0.116604 0.178798)
(2.27387 -0.415128 0.171936)
(2.04539 -0.178786 0.157405)
(2.33248 -0.474047 0.135484)
(2.06591 -0.257023 0.040702)
(2.10617 -0.245475 -0.04127)
(2.11334 0.0692594 0.153747)
(1.84176 -0.0355676 0.174676)
(2.13022 -0.113263 0.0532529)
(1.90361 -0.0945478 0.145728)
(2.14609 -0.129505 -0.0257116)
(2.08404 -0.236194 0.0387968)
(1.59494 -0.537203 -0.183298)
(1.95869 -0.709089 0.019681)
(1.97123 -0.751186 -0.082076)
(1.59709 -0.524487 -0.0313343)
(1.73983 0.122522 0.0510255)
(1.80503 0.310439 0.109272)
(2.01968 0.276553 0.0964292)
(1.85595 0.589966 0.0983131)
(1.70973 0.0832741 0.0278577)
(1.79345 0.366648 0.134453)
(2.01421 0.299556 0.134946)
(1.02205 0.247561 -0.0489072)
(0.925547 0.236347 0.0446076)
(0.978877 0.236762 -0.021982)
(1.00345 0.254331 0.0528655)
(1.87146 0.136716 0.0577503)
(1.86766 0.232928 0.178518)
(1.96298 0.446189 0.187926)
(2.03309 -0.014372 0.0386745)
(1.99415 0.435382 0.157745)
(2.04853 -0.0167659 -0.0160028)
(1.87104 0.144618 0.104948)
(1.7197 0.118301 0.0736115)
(1.85408 0.541395 0.118045)
(1.71058 0.370916 0.155733)
(2.06694 0.27799 0.203764)
(1.7466 0.369537 0.147307)
(2.04628 0.303073 0.172972)
(1.70811 0.115896 0.0966449)
(1.00176 0.24469 -0.0785173)
(0.861713 0.228049 0.0793431)
(0.974237 0.247331 0.0651021)
(0.965939 0.23546 -0.0911828)
(0.874588 0.0487258 0.139681)
(0.633681 0.161524 0.102922)
(0.252973 -0.00345799 0.106613)
(0.266833 0.170373 0.177548)
(0.729413 0.00142632 0.133417)
(0.623378 0.167959 0.117572)
(0.391809 0.0726933 0.0910079)
(0.850598 0.0412294 0.113522)
(0.23852 0.167391 0.170709)
(0.625189 0.203367 0.145414)
(0.43793 0.126141 -0.0294936)
(0.62002 0.18846 0.135386)
(0.420965 0.0964794 0.0380966)
(0.78774 0.0460927 0.07682)
(1.44275 -1.31245 -0.147452)
(1.45839 -1.21658 -0.0870136)
(0.704799 -1.12165 -0.00802527)
(0.729756 -0.927528 0.184054)
(0.701284 -1.08219 0.0649541)
(0.659857 -0.980958 -0.0268294)
(1.48265 -0.906028 0.128563)
(1.36901 -0.9532 0.0439534)
(1.10523 -0.967009 0.13607)
(1.39011 -0.993879 -0.0273302)
(1.08092 -0.996968 0.123481)
(0.691208 -1.00853 0.0364167)
(1.36942 -1.197 0.0532452)
(1.40349 -1.22698 -0.01433)
(0.679437 -0.829189 0.25781)
(0.678682 -1.06746 0.138455)
(0.67941 -1.09186 0.119487)
(0.0765457 0.0738844 -0.0193459)
(0.0417135 -0.063607 -0.0135921)
(-0.0621043 -0.0448422 -0.0937974)
(0.0925689 -0.139859 0.0209031)
(0.0460134 0.0631381 -0.0227216)
(0.123528 0.00259553 0.00451617)
(-0.0382143 -0.0242517 -0.0928471)
(-0.028678 -0.0710457 -0.050486)
(0.00360912 -0.048591 -0.019157)
(-0.0306689 -0.0698916 -0.0618311)
(0.204105 0.0685784 -0.136712)
(0.216255 0.0674981 -0.0933888)
(0.0938636 0.0737631 -0.0116527)
(0.218963 -0.0586873 0.0483573)
(0.162445 0.0622134 0.0419869)
(-0.0339532 0.0151557 -0.0660218)
(0.181599 0.0592141 0.0249757)
(-0.0216561 -0.00336056 -0.0815369)
(0.0835263 0.0548938 -0.00187729)
(0.0133748 -0.0439425 -0.0282804)
(-0.0356479 -0.0489984 -0.0625181)
(-0.0281986 -0.0618061 -0.065559)
(0.36261 0.145746 0.0452645)
(2.87894 -0.535171 -0.296371)
(-0.0646035 0.182894 0.288742)
(1.06348 -0.43315 0.176261)
(1.05848 0.101521 -0.251305)
(1.92194 -0.436801 -0.0826822)
(-0.232398 -0.143034 0.442408)
(-0.900195 -0.149376 -0.26025)
(-0.361931 -0.933527 0.123766)
(-0.525483 0.410076 0.162742)
(0.345852 -0.192959 -0.135649)
(-1.0168 -0.0517916 -0.277067)
(-0.116953 -1.25864 -0.0264468)
(-0.585242 0.185722 0.125778)
(-0.504061 0.115355 0.243624)
(0.358269 -0.500502 0.23822)
(0.1601 -0.202644 0.0116466)
(0.0805087 -0.718169 0.41337)
(0.541311 -0.232047 0.0144058)
(-0.130856 -0.524423 0.490436)
(-0.677996 0.0133542 0.30741)
(-0.745224 -0.185807 -0.263009)
(0.680902 -0.138334 -0.33935)
(0.575834 -1.01749 -0.387413)
(-0.709117 -0.703636 -0.133713)
(0.290294 -1.20161 -0.259185)
(-0.820388 -0.213306 0.00508949)
(-0.538124 -0.201274 -0.22868)
(0.184757 -0.516831 0.874351)
(0.0116086 -0.0593421 0.00329063)
(0.0147788 -0.0630505 -0.00137676)
(0.158715 -0.0860083 0.00632689)
(-0.0928346 -0.0664134 -0.0208233)
(-0.0374807 -0.116134 0.0767133)
(-0.0556872 -0.0885055 -0.0173417)
(0.18261 -0.0500335 0.00442038)
(-0.0832405 -0.0770766 -0.0273299)
(-0.0609987 -0.126949 0.0896016)
(0.0672205 -0.101102 -0.0519274)
(-0.0850289 -0.0801025 -0.0150171)
(0.140061 -0.223878 -0.0823141)
(-0.0747246 -0.0904249 -0.0394345)
(0.138981 -0.201785 -0.0661255)
(-0.07439 -0.0740321 -0.0336082)
(0.0353262 -0.141366 -0.0653655)
(0.125552 -0.121878 0.00368228)
(-0.0576606 -0.0918054 -0.0178335)
(-0.0698068 -0.0992357 -0.0363037)
(-0.106156 -0.137403 0.0849998)
(-0.0742828 -0.0878716 -0.0329508)
(-0.0792131 -0.130554 0.0938029)
(0.077769 -0.161164 -0.0088491)
(-0.988347 -0.304323 0.356471)
(0.14201 0.437625 0.698993)
(0.198778 0.379701 -0.407242)
(0.826386 -0.161697 -0.603338)
(-1.02902 -0.0760785 0.360766)
(-0.089798 0.136744 0.751123)
(0.0953929 0.212489 -0.497997)
(0.254653 -0.15532 0.580435)
(-0.176347 -0.339253 -0.20553)
(1.22354 0.237979 -0.0118857)
(0.698441 0.382126 -0.143227)
(0.1004 -0.0931313 0.489486)
(-0.0713342 -0.427031 -0.220893)
(1.21149 0.129517 -0.038388)
(-0.435586 -0.661547 0.388661)
(1.07647 -0.210693 -0.620018)
(-1.01213 -0.361567 0.552906)
(0.198426 0.00757819 -0.478965)
(-0.750735 -0.0398112 0.645524)
(0.135165 0.100954 -0.498973)
(0.252714 -0.965662 0.445205)
(0.439824 -0.163115 0.641736)
(0.853894 0.336813 -0.101574)
(0.170223 -0.263254 -0.177709)
(1.42143 0.046598 0.0147347)
(0.0666471 -0.371115 -0.216084)
(1.43433 0.0393599 -0.0134677)
(0.674607 -0.158952 0.679976)
(0.102864 0.388222 0.691363)
(-0.156947 0.395967 0.472848)
(0.00183483 -0.00685459 0.0139362)
(0.00464981 -0.00792923 0.0142092)
(0.00900922 0.0557811 0.077235)
(-0.00743348 0.105907 0.0107467)
(-0.0179001 -0.0841795 0.0622555)
(0.0401626 0.056533 0.0252885)
(0.0109047 0.0535494 0.0746635)
(-0.00763605 0.108113 0.0149647)
(-0.00325146 -0.0772882 0.0641934)
(-0.144358 -0.00431757 0.0637673)
(-0.073299 0.0120363 0.025272)
(-0.195465 -0.103038 0.103218)
(-0.0476658 0.0993943 0.0269213)
(-0.200172 -0.109161 0.0983022)
(-0.0501662 0.0990978 0.0224316)
(-0.133968 -0.00195786 0.0636529)
(0.00891802 0.0720494 0.074011)
(0.0482901 0.0630633 0.0276537)
(-0.00504451 0.113027 0.0191479)
(0.0308229 -0.0441821 0.0378935)
(-0.00622046 0.1112 0.0179616)
(0.0128058 -0.0594505 0.05859)
(0.0133062 0.0810455 0.0569973)
(0.598129 1.06036 -0.191101)
(0.982714 1.46899 0.0764993)
(1.55116 1.35603 -0.0637905)
(1.56464 1.5981 0.172218)
(0.59489 1.06405 -0.151295)
(0.922158 1.42246 0.0690866)
(1.58263 1.27146 -0.0654331)
(1.4724 1.4538 -0.165611)
(1.50276 1.41269 -0.122147)
(0.470422 1.08135 0.148755)
(0.533058 1.28892 -0.0337586)
(0.455875 1.29933 -0.0294761)
(0.709228 1.03348 -0.180357)
(1.50642 1.5287 0.188916)
(1.11811 1.27189 0.0366117)
(1.6069 1.20486 -0.0125923)
(0.989011 1.31396 0.0583548)
(1.59883 1.21701 -0.0536204)
(0.779002 1.09887 -0.13893)
(1.52906 1.39539 0.0245903)
(1.52386 1.41957 -0.0616885)
(0.0590197 -0.0248758 0.0389452)
(0.0186158 -0.0302905 0.0270394)
(0.0742225 -0.0289782 0.0429088)
(0.314394 0.0835489 -0.0418572)
(0.322065 0.0721798 -0.0583023)
(-0.00550811 -0.0602178 0.00445006)
(0.19362 -0.0608365 0.0566274)
(0.0517727 -0.0850992 -0.0249263)
(0.450373 -0.253231 0.0245586)
(-0.00330485 -0.060945 0.0127077)
(0.212303 -0.0605582 0.0545194)
(0.0468074 -0.0943216 -0.0162498)
(0.0256678 -0.0323704 0.0272042)
(0.0825773 -0.0330877 0.0449369)
(0.0835542 -0.0334929 0.0458046)
(0.222211 0.109525 -0.0617751)
(0.287521 0.0842736 -0.0635823)
(-0.0108646 -0.0547013 -0.00435842)
(0.435062 -0.246859 0.0300468)
(0.215522 -0.0429708 0.0525901)
(-0.00696604 -0.119697 0.000157968)
(0.221303 -0.0565887 0.0534264)
(0.0226864 -0.106732 -0.00746308)
(-0.0140847 -0.0461379 -0.0107448)
(1.77224 1.10699 0.0402237)
(1.69175 1.21047 -0.112532)
(1.73469 0.904442 -0.0541387)
(1.59872 1.20646 -0.124339)
(1.7159 1.14688 0.0246995)
(1.71095 1.17606 -0.0959195)
(1.74973 0.876897 -0.0254843)
(1.79586 0.90379 0.0600337)
(1.61102 1.19353 -0.0513762)
(1.70389 1.12698 -0.000751993)
(1.74903 0.758154 0.0701776)
(1.71224 1.11682 -0.0552283)
(1.75028 0.790787 0.0131305)
(1.8072 0.81122 0.0941522)
(1.86704 0.556083 0.00772407)
(2.45565 0.79336 0.00891352)
(2.05468 0.58609 0.0887401)
(2.11341 0.610133 0.106733)
(1.85246 0.544504 -0.0170642)
(2.46444 0.763065 0.0463715)
(2.06289 0.548325 0.123574)
(2.16252 0.374693 0.0636247)
(1.84112 0.297081 0.0903328)
(2.03466 0.39474 0.0123151)
(2.067 0.280686 0.0132317)
(2.13875 0.360724 0.0519902)
(1.83636 0.332573 0.089338)
(2.06474 0.388949 0.0485514)
(1.69768 0.69401 -0.0172036)
(2.0581 0.969056 0.0769019)
(2.04429 1.03488 -0.00352138)
(1.73266 0.664182 0.0388033)
(1.8823 0.522062 0.0329174)
(2.07421 0.478482 0.142722)
(2.4488 0.562428 0.153435)
(2.01141 0.36232 0.182964)
(2.44486 0.652343 0.0940008)
(2.03728 0.458015 0.158966)
(1.90882 0.475862 0.0844424)
(2.19059 0.356533 0.0765179)
(2.04274 0.242267 0.0437534)
(1.86301 0.320019 0.0989521)
(2.06188 0.261326 0.121527)
(1.84032 0.343748 0.0835147)
(2.0609 0.332324 0.0839625)
(2.23616 0.309564 0.117576)
(1.01105 -0.27378 0.0542128)
(1.1663 -0.332726 0.120477)
(1.10457 -0.292284 0.0394913)
(1.14519 -0.337796 0.122125)
(1.58707 0.00850903 0.15535)
(2.11579 -0.0672175 0.143447)
(2.0816 -0.162575 0.00945882)
(2.03095 -0.0960193 0.0690386)
(1.61708 -0.0463664 0.156474)
(2.13171 -0.036594 0.144595)
(2.07707 -0.112801 0.0331173)
(1.85691 -0.294751 0.071274)
(1.8188 -0.122191 0.100628)
(1.93784 -0.4511 -0.0149654)
(1.98443 -0.305504 0.0312862)
(1.8698 -0.332856 0.0786228)
(1.78279 -0.0535979 0.108376)
(1.94559 -0.404596 0.00886731)
(0.891083 -0.247293 0.0614564)
(1.09957 -0.332287 0.0919759)
(1.12643 -0.339431 0.110922)
(0.812771 -0.231852 0.0573795)
(1.56045 0.0580158 0.138193)
(2.03422 -0.100833 0.0973976)
(2.18116 -0.0132134 0.145651)
(2.03693 -0.0794037 0.0892978)
(2.1471 -0.010711 0.139433)
(2.06051 -0.0843548 0.0545193)
(1.54846 0.0866087 0.126378)
(1.82749 -0.237309 0.0630324)
(1.99991 -0.239739 0.0588816)
(1.66098 0.0530281 0.0773661)
(1.91484 -0.331668 0.0388808)
(1.73361 0.00118164 0.0922299)
(1.93613 -0.348966 0.0295132)
(1.81367 -0.198255 0.0562144)
(1.48841 -0.462685 0.0536021)
(-0.209883 -0.189654 0.0477891)
(0.822045 -0.353066 -0.00329431)
(0.328551 -0.104101 0.0128031)
(0.852498 -0.391671 0.0376096)
(0.400759 -0.127357 0.0209232)
(1.45747 -0.453811 0.0122926)
(1.70786 -0.559267 0.170898)
(1.52346 -0.694706 0.114628)
(1.4327 -1.08306 0.0911754)
(1.46278 -1.30642 0.0757709)
(1.67031 -0.333781 0.129043)
(1.51372 -0.76402 0.167853)
(1.4536 -1.13359 0.136941)
(1.80378 -1.25843 0.168639)
(1.22737 -1.18752 0.0384233)
(1.47593 -0.935504 0.0835402)
(1.18064 -1.2524 0.0608227)
(1.53652 -0.871471 0.183119)
(1.37451 -1.31103 0.141926)
(1.6753 -1.78235 0.0595929)
(1.97832 -0.444193 0.138945)
(1.76271 -0.0964947 0.178222)
(2.10377 -0.195655 0.116231)
(2.00371 -0.0956469 0.199226)
(2.03082 -0.334203 0.0960121)
(1.73461 -0.257211 0.163102)
(2.07626 -0.308426 0.154459)
(1.55741 -0.695421 0.134072)
(1.96093 -0.848172 0.0963328)
(1.60585 -0.596487 0.10017)
(1.92805 -0.997279 0.137834)
(1.87671 -0.670198 0.135449)
(1.53632 -1.20309 0.110277)
(1.9025 -1.07874 0.0452763)
(2.15959 -1.2153 0.061981)
(1.89399 -0.79236 0.113627)
(2.17983 -1.13656 0.165477)
(1.78079 -0.67252 0.0574198)
(1.90803 -0.559438 0.12317)
(1.98154 -0.335356 0.15894)
(1.72471 -0.843101 0.0501227)
(1.83143 -0.367139 0.0483326)
(1.73404 -0.57375 0.128976)
(1.99248 -0.432691 0.130043)
(1.78991 -0.500273 0.048015)
(1.44685 -0.618655 0.0954662)
(1.71626 -1.00787 0.0449279)
(1.84488 -0.996141 0.129494)
(1.31832 -0.581061 0.0366677)
(1.71998 0.0100193 0.111641)
(1.70512 0.301612 0.143883)
(2.05404 0.198831 0.220647)
(1.93428 0.0720384 0.114026)
(1.7176 0.0798136 0.109565)
(1.7488 0.141802 0.130445)
(2.00947 0.0870352 0.21448)
(0.804592 0.190484 -0.0643467)
(0.700749 0.204677 0.0908124)
(0.907829 0.216385 -0.0819545)
(0.580475 0.203177 0.0784735)
(1.75478 -0.0482189 0.103647)
(1.772 -0.0904877 0.174513)
(1.92595 -0.262434 0.0649504)
(1.67145 -0.0860456 0.0284538)
(2.01665 -0.0418907 0.153001)
(1.85411 -0.205315 0.0819096)
(1.56728 0.0622066 0.0319864)
(1.58164 -0.0121673 0.0833025)
(1.95158 -0.128392 0.103536)
(1.66717 -0.22526 0.0464779)
(1.68364 0.179829 0.0718108)
(1.75603 -0.0624849 0.103848)
(1.86776 0.0862471 0.175101)
(1.36367 0.0757022 0.0316008)
(0.696637 0.186769 -0.0535094)
(0.594696 0.253719 0.0143562)
(0.562717 0.226565 0.0420518)
(0.624943 0.199156 -0.0184133)
(0.63369 0.0914268 0.0276071)
(0.631863 0.214976 0.136605)
(0.455767 0.160034 -0.0679366)
(0.494873 0.204506 0.118154)
(0.716608 0.093494 0.050284)
(0.642843 0.217022 0.109081)
(0.449369 0.148043 -0.0781046)
(0.593541 0.0997098 0.0138214)
(0.580265 0.233818 0.0688238)
(0.674574 0.219039 0.0189818)
(0.428434 0.115905 -0.0246492)
(0.651337 0.219317 0.0650362)
(0.441234 0.131872 -0.0596546)
(0.575456 0.0946843 0.00136325)
(1.35166 -1.18242 0.109568)
(1.35925 -1.17194 0.152426)
(0.628576 -1.08601 0.163745)
(0.550409 -0.812208 0.248245)
(0.602718 -1.05374 0.136354)
(0.484087 -0.88144 0.120566)
(1.30115 -1.37013 0.150702)
(1.00831 -1.25123 0.0633946)
(0.66664 -0.978093 0.0478827)
(1.21811 -1.25216 0.176567)
(0.863382 -1.23933 0.11561)
(0.411492 -0.549708 0.0415991)
(1.09582 -1.27651 0.0903931)
(1.27483 -1.14243 0.193275)
(0.391568 -0.850494 0.188523)
(0.458579 -1.08435 0.0313089)
(0.502338 -0.966716 0.0988563)
(0.0253169 0.0185122 0.0106961)
(0.0780978 0.011103 0.0508089)
(-0.0752796 0.0316574 -0.0529812)
(0.310681 -0.00792858 0.0884625)
(0.0537876 0.0295325 0.00715174)
(-0.0350028 -0.0519052 0.048728)
(-0.0955276 0.0472049 -0.0418151)
(-0.040674 -0.0371623 -0.0564804)
(-0.0031661 -0.0285514 -0.0325252)
(-0.051251 -0.0311809 -0.0497933)
(0.0423813 -0.0455594 -0.0328458)
(0.0742143 -0.0218077 -0.0918988)
(0.00434694 0.0208121 0.00843478)
(0.324071 0.00608952 0.0566188)
(-0.236825 -0.131205 0.0154353)
(-0.126829 0.0667806 -0.00721282)
(-0.156089 -0.101739 0.0388441)
(-0.120256 0.0598844 -0.0285572)
(-0.00407681 0.0276887 0.00360208)
(-0.0134272 -0.0267104 -0.0227745)
(-0.0656169 -0.0270014 -0.0120402)
(-0.0617588 -0.0292277 -0.0327243)
(-0.657188 -0.12325 0.380356)
(-0.277132 -0.16691 0.126087)
(0.375688 -0.810172 0.307409)
(-0.00179477 -1.06757 0.215184)
(-0.69109 -0.0974486 0.359105)
(-0.593326 -0.196285 0.173347)
(0.658379 -0.793065 0.20721)
(-0.0180233 0.0378374 -0.0039938)
(0.679238 -0.944853 -0.378276)
(-0.174446 -0.789693 -0.152252)
(1.39474 -0.818995 -0.405524)
(-0.204696 -0.0687065 -0.145394)
(0.73852 -0.994148 -0.310107)
(0.316085 -0.661016 -0.0263177)
(-0.538383 -0.13268 0.280112)
(0.239073 -1.31748 0.146853)
(-0.986884 -0.510193 0.0132377)
(0.644126 -0.705168 0.0178082)
(-0.927653 -0.341346 0.153971)
(0.740572 -0.710752 0.101965)
(-0.0436299 -0.205374 0.0662737)
(0.149157 0.0493966 0.0157165)
(1.48336 -0.833939 -0.237707)
(0.674764 -1.16267 -0.0728005)
(1.07442 -0.559035 -0.0145392)
(0.788302 -1.09202 -0.187559)
(0.810846 -0.557597 0.0341438)
(0.32267 -0.0481595 -0.0225219)
(-0.157842 -0.375358 0.136187)
(0.0180891 -0.0652997 -0.00610285)
(0.0200504 -0.062552 -0.00412108)
(-0.0177027 -0.226022 -0.0131372)
(-0.0723066 -0.110466 -0.0352381)
(-0.135689 -0.152685 0.0723828)
(-0.083295 -0.0936374 -0.0115506)
(0.0271347 -0.199213 -0.0112248)
(-0.0775704 -0.119987 -0.0299347)
(-0.156667 -0.160325 0.0569003)
(-0.0689891 -0.238555 -0.0304426)
(-0.0986883 -0.0949026 -0.0107607)
(0.11813 -0.270241 -0.00823267)
(-0.092504 -0.14495 -0.00744541)
(0.121555 -0.266535 -0.0307743)
(-0.0897844 -0.13799 -0.0226148)
(-0.0809727 -0.249117 -0.00705634)
(-0.0660556 -0.254691 -0.0119301)
(-0.0897825 -0.0915058 -0.00678775)
(-0.0880834 -0.130776 -0.00595229)
(-0.18299 -0.172 0.013201)
(-0.084962 -0.127736 -0.0197618)
(-0.179221 -0.170561 0.0333212)
(-0.0813467 -0.261881 -0.00166858)
(0.604973 -1.16947 0.176599)
(-0.767737 -0.830513 0.378999)
(0.295118 -0.0587021 -0.407326)
(1.57981 -0.316009 -0.61533)
(0.443205 -1.09321 0.393545)
(0.0270315 -1.08543 0.05763)
(0.43861 -0.113486 -0.297823)
(1.23334 0.124393 0.5411)
(0.262212 -0.169166 -0.208132)
(1.35748 0.287712 -0.00101971)
(0.894045 0.511165 0.113651)
(0.571113 -0.0807883 0.634017)
(0.493294 -0.0895243 -0.108455)
(1.13731 0.39858 -0.0390644)
(0.703254 -1.08366 0.0109855)
(1.81639 -0.243053 -0.3877)
(1.43196 -0.620809 0.0189087)
(0.472264 0.106388 -0.0627021)
(1.13224 -0.740264 -0.0328169)
(0.550084 -0.00128139 -0.194906)
(0.773573 -1.083 0.0534667)
(1.18043 0.206932 0.368603)
(0.541552 0.731962 0.112217)
(0.608978 0.0600894 -0.0193665)
(0.0644428 0.690153 -0.0259731)
(0.480796 -0.0172169 -0.0835508)
(0.362309 0.551112 -0.0360391)
(1.12313 0.347825 0.134674)
(0.106654 0.312263 0.213293)
(0.10916 0.350149 0.222055)
(0.0058392 -0.010534 0.00710793)
(0.00565291 -0.0112532 0.00418548)
(0.0331333 0.0971651 0.0280065)
(-0.00286024 0.113781 0.0187138)
(0.0480758 -0.032861 0.0246442)
(0.0607185 0.0714724 0.015099)
(0.0208264 0.0879529 0.0427089)
(0.000298358 0.114254 0.0159931)
(0.0646943 -0.0176275 0.0126196)
(-0.0266791 0.0402512 0.0350414)
(-0.0536947 0.0421705 0.0262184)
(-0.04485 -0.00912336 0.0190061)
(-0.0252817 0.101959 0.00551223)
(-0.0764452 -0.024269 0.0608109)
(-0.0285236 0.10146 0.0183689)
(-0.00495421 0.0480995 0.0100487)
(0.0456018 0.104971 0.016004)
(0.0624444 0.0731446 0.00910366)
(0.00550651 0.114581 0.00334064)
(0.0840699 0.00472213 0.00132398)
(0.00338174 0.114436 0.0109479)
(0.0765082 -0.00394603 0.00555511)
(0.0549772 0.112058 0.00426534)
(0.784627 1.18359 0.0334958)
(1.29749 1.35859 0.0284868)
(1.63158 1.27247 0.0287646)
(1.65678 1.22701 0.197406)
(0.832563 1.16631 -0.0715749)
(1.31828 1.42026 0.056494)
(1.61661 1.27897 0.110427)
(1.53768 1.39798 0.0927378)
(1.54637 1.41014 0.165716)
(0.565998 1.10096 0.125467)
(0.554461 1.36777 0.0177532)
(0.661031 1.24449 0.0752768)
(0.566611 1.05654 0.0459543)
(1.5523 1.70395 0.175153)
(0.913887 1.38152 0.0283975)
(1.28136 1.37832 0.0547809)
(1.07717 1.51175 0.0603652)
(1.42333 1.33358 0.130893)
(0.524522 0.732126 0.00762213)
(1.23876 1.41964 0.0815881)
(1.39699 1.35251 0.191708)
(0.0693811 -0.0309023 0.0399202)
(0.0198483 -0.0324631 0.0144372)
(0.0584033 -0.0287793 0.0301949)
(0.156814 0.132888 -0.0535863)
(0.0983347 0.154359 -0.0449147)
(-0.0143058 -0.0274163 -0.0111055)
(0.191143 -0.022205 0.0470396)
(-0.0470675 -0.125078 0.0024804)
(0.291413 -0.16945 0.0314816)
(-0.0149751 -0.0358409 -0.0131288)
(0.170664 -0.00534009 0.0342623)
(-0.0718869 -0.130767 0.00184486)
(0.0174873 -0.0320578 0.008769)
(0.0462255 -0.026719 0.00651147)
(0.0501134 -0.0275316 0.018666)
(0.0540735 0.166125 -0.0118509)
(0.0710502 0.159585 -0.0313825)
(-0.0150228 -0.0210155 -0.00688668)
(0.238157 -0.142011 0.0216355)
(0.148048 0.00947239 0.00655225)
(-0.12154 -0.126038 0.0014766)
(0.155488 0.00491462 0.0210345)
(-0.110605 -0.127171 0.00167524)
(-0.0141563 -0.0191963 -0.00252099)
(1.89979 1.0974 0.130226)
(1.70094 1.22151 0.0339052)
(1.78145 0.854504 0.111873)
(1.551 1.25691 0.172561)
(1.87862 0.936133 0.104165)
(1.68762 1.2805 0.06677)
(1.79014 0.932466 0.149435)
(1.99091 1.54322 0.109931)
(1.33709 1.29753 0.151622)
(1.3459 1.37839 0.0275416)
(1.58844 1.03757 0.0436989)
(1.5471 1.39986 0.0630659)
(1.75241 1.02284 0.132747)
(1.9102 1.78491 0.0252459)
(1.8187 0.62581 0.138198)
(2.39702 0.744083 0.163956)
(2.00722 0.464528 0.184821)
(2.06854 0.764524 0.113863)
(1.87552 0.556594 0.112796)
(2.36876 0.826463 0.18753)
(1.98396 0.585396 0.160253)
(2.24637 0.410366 0.169193)
(1.86348 0.328667 0.11223)
(2.07421 0.349091 0.144717)
(2.03304 0.372451 0.155098)
(2.2417 0.344686 0.148239)
(1.82587 0.365054 0.113076)
(2.08347 0.456753 0.159619)
(1.80883 0.740203 0.106757)
(1.78557 1.15508 0.051771)
(1.96556 1.13967 0.158703)
(1.71695 0.750673 0.0440005)
(1.69971 0.719913 0.120222)
(2.14672 1.45338 0.0968321)
(2.084 1.18403 0.0600943)
(1.77773 1.12375 0.0622289)
(2.27167 1.19402 0.168448)
(1.92385 0.960145 0.122829)
(1.54362 0.664418 0.047286)
(2.1953 0.498929 0.140006)
(2.00419 0.53063 0.146489)
(1.56264 0.222906 0.0276532)
(2.01247 0.913395 0.0588409)
(1.70621 0.368317 0.0770548)
(2.09092 0.735469 0.140058)
(2.08537 0.427202 0.0519995)
(0.697956 -0.205796 0.0210151)
(1.06003 -0.313652 0.0679097)
(0.726245 -0.2132 0.0448977)
(1.02949 -0.294647 0.0415964)
(1.54372 0.125025 0.0919555)
(2.18896 0.00421731 0.148395)
(2.03285 -0.0259595 0.109952)
(2.0352 0.0378595 0.152265)
(1.56385 0.106423 0.113554)
(2.19019 0.0361182 0.133651)
(2.01033 0.0535163 0.115963)
(1.75753 -0.0980323 0.0562147)
(1.63022 0.0820295 0.0657942)
(1.85733 -0.278193 0.0509972)
(1.95136 -0.122029 0.12221)
(1.77085 -0.143253 0.0544105)
(1.55271 0.0851003 0.0529007)
(1.81619 -0.209497 0.0714089)
(0.707359 -0.221804 -0.00970352)
(1.07148 -0.305611 0.000434328)
(1.03943 -0.289928 0.0107928)
(0.750687 -0.250324 -0.00666815)
(1.45827 0.0743282 0.0527833)
(2.00426 0.164158 0.131244)
(2.03928 -0.122589 0.0305677)
(1.85398 0.225107 0.0492578)
(2.12619 0.0190925 0.0819056)
(1.95791 0.136562 0.106609)
(1.35947 -0.0675787 0.0202031)
(1.72331 -0.122565 0.0425123)
(1.84078 -0.043254 0.116543)
(1.38863 -0.0520038 0.0177337)
(1.69917 -0.106624 0.025872)
(1.46971 0.0472059 0.0420985)
(1.75929 -0.158182 0.065653)
(1.69272 -0.204324 0.0158456)
(1.35497 -0.432418 -0.0499687)
(-0.182893 -0.200315 -0.0161071)
(0.676819 -0.204095 -0.0104602)
(0.317565 -0.152967 -0.00906418)
(0.706372 -0.223233 -0.0387984)
(0.27092 -0.132058 -0.0133629)
(1.3377 -0.426031 -0.0148973)
)
;

boundaryField
{
    inlet
    {
        type            fixedValue;
        value           uniform (1 0 0);
    }
    outlet
    {
        type            zeroGradient;
    }
    up
    {
        type            slip;
    }
    down
    {
        type            slip;
    }
    frontAndBack
    {
        type            slip;
    }
    cylinder
    {
        type            fixedValue;
        value           uniform (0 0 0);
    }
}


// ************************************************************************* //
