/*--------------------------------*- C++ -*----------------------------------*\
  =========                 |
  \\      /  F ield         | OpenFOAM: The Open Source CFD Toolbox
   \\    /   O peration     | Website:  https://openfoam.org
    \\  /    A nd           | Version:  8
     \\/     M anipulation  |
\*---------------------------------------------------------------------------*/
FoamFile
{
    version     2.0;
    format      ascii;
    class       volScalarField;
    location    "0.99";
    object      T;
}
// * * * * * * * * * * * * * * * * * * * * * * * * * * * * * * * * * * * * * //

dimensions      [0 0 0 1 0 0 0];

internalField   nonuniform List<scalar> 
10000
(
49.9427
4.68498
-4.66639
-1.17937
1.20978
0.389257
-0.357411
-0.310141
0.32984
-0.000582404
0.00345366
-0.173902
0.154241
-0.00320258
-0.0188626
-0.0365428
0.0107407
0.0670285
-0.0635502
0.0118299
-0.0113176
0.0366097
-0.00907476
-0.0340494
0.0249612
-0.000225802
0.0137
-0.024786
-0.00388973
0.0233514
-0.00512806
-0.00218761
-0.0151285
0.0099105
0.0146097
-0.011421
-0.00530305
-0.00314466
0.011581
0.00585741
-0.0133971
-0.00280479
0.00427333
0.00814901
6.39495e-05
-0.0118885
6.0072e-05
0.0074326
0.004218
-0.00300869
-0.0090308
0.00157557
0.00813134
0.00168594
-0.00447883
-0.00636934
0.00195356
0.0076528
0.000820335
-0.00508032
-0.00467979
0.00177373
0.00673122
0.00113281
-0.0049995
-0.00406686
0.00122546
0.00576259
0.00207064
-0.00428168
-0.00410279
0.000256559
0.00464029
0.00333256
-0.00290699
-0.00434135
-0.000881969
0.00297839
0.00425718
-0.000502463
-0.00439898
-0.00204706
0.00119475
0.00358493
0.00247284
-0.00287667
-0.00359199
-0.000139691
0.00173773
0.00331476
0.00101186
-0.00372741
-0.00230284
0.000697733
0.00144895
0.00304363
0.000374106
-0.00381909
-0.00139218
0.000794925
95.4413
49.9256
10.5226
-4.67778
-2.8072
1.21352
1.01346
-0.33393
-0.683909
0.36383
0.139332
0.0402074
-0.331659
0.170067
0.0668565
-0.0147843
-0.0917814
-0.0129728
0.132783
-0.0704729
-0.015789
-0.0298094
0.0672031
0.0126718
-0.0689123
0.016478
0.0119678
0.0367606
-0.0366442
-0.0297311
0.0361005
0.010963
0.000320012
-0.0351123
0.00189067
0.0352868
-0.00422746
-0.0156753
-0.017353
0.0162074
0.0243277
-0.0154905
-0.017033
-0.00132635
0.0183896
0.0126628
-0.01934
-0.0132228
0.00823737
0.0157486
0.00405431
-0.0183331
-0.00938971
0.0121704
0.012878
-0.00107907
-0.0157206
-0.00691793
0.0124404
0.0113445
-0.00314578
-0.0134989
-0.0058522
0.010851
0.0108402
-0.00264228
-0.0118843
-0.00631061
0.00848949
0.0107831
-0.000554773
-0.00983408
-0.00792169
0.00499156
0.0110105
0.0021669
-0.00695743
-0.00872663
-0.00036516
0.0100564
0.00591258
-0.00402417
-0.00734477
-0.00512833
0.00480986
0.00963222
0.000390243
-0.00570627
-0.00559321
-0.00259114
0.00703821
0.00744772
-0.00281596
-0.00487754
-0.00412047
-0.00184534
0.00755407
0.00581839
-0.00397749
-0.00331858
104.553
89.6148
49.9353
12.1412
-4.65745
-3.4648
1.23754
1.33611
-0.310686
-0.876188
0.375147
0.263159
0.0449081
-0.40529
0.155937
0.144991
-0.0203718
-0.127681
-0.0307042
0.176799
-0.0571108
-0.052864
-0.0370557
0.0846712
0.0377508
-0.093294
-0.00257117
0.028209
0.0534633
-0.0387008
-0.055946
0.0395122
0.0317819
0.00294354
-0.0492679
-0.0118791
0.0504179
0.0101897
-0.0246189
-0.031338
0.0146952
0.0413665
-0.00942257
-0.0312535
-0.0105389
0.0245672
0.0267923
-0.0193728
-0.0281835
0.00352124
0.0256501
0.0143679
-0.021742
-0.0229529
0.00992758
0.0241285
0.00656865
-0.0206984
-0.0184978
0.0107164
0.0224556
0.00378238
-0.0189902
-0.0157821
0.00856116
0.0204076
0.00530444
-0.0166276
-0.015581
0.00540966
0.0175453
0.00868365
-0.0116094
-0.0173169
0.000725298
0.0147741
0.0108553
-0.00380344
-0.0166947
-0.00725205
0.011409
0.0120719
0.00258307
-0.00966148
-0.014319
0.00233426
0.0136441
0.00616617
-0.00148932
-0.0108695
-0.0106077
0.00771802
0.0117016
0.0019534
-0.00183734
-0.0103715
-0.00855981
0.00963342
0.00921046
-3.6698e-05
101.298
104.527
88.0034
49.9168
12.7826
-4.65666
-3.82702
1.25982
1.47476
-0.270495
-1.05015
0.410337
0.308803
0.070484
-0.481137
0.145734
0.206512
-0.0327628
-0.144575
-0.0644257
0.225219
-0.0498859
-0.0813209
-0.0454977
0.0922418
0.0713119
-0.11865
-0.0192915
0.0380719
0.069446
-0.0320501
-0.0855334
0.0402816
0.049912
0.00979462
-0.0582889
-0.0320615
0.062754
0.0268128
-0.0289424
-0.0445016
0.00598241
0.057708
0.00189023
-0.0427369
-0.0221241
0.0246202
0.0423219
-0.0130468
-0.0425472
-0.0054315
0.0311646
0.0273747
-0.0187558
-0.0373328
0.00243197
0.0324937
0.0174524
-0.0195988
-0.0312997
0.00307479
0.0315071
0.0140226
-0.0187753
-0.0262795
-0.000137711
0.0277866
0.0164801
-0.0161747
-0.0238611
-0.00390312
0.0206858
0.0209575
-0.00874671
-0.0241271
-0.00786031
0.0125741
0.0211986
0.00410111
-0.021515
-0.0150292
0.00617784
0.0158213
0.014026
-0.0082321
-0.022183
-0.00335905
0.011268
0.0129595
0.00825994
-0.0139676
-0.0182813
0.00413834
0.0104523
0.00972011
0.00627096
-0.0155056
-0.0149808
0.00729042
0.00749964
98.6955
102.935
104.53
87.3695
49.9263
13.1243
-4.6399
-4.01399
1.28113
1.58631
-0.243156
-1.14948
0.426948
0.361624
0.08493
-0.529904
0.132077
0.258921
-0.0355711
-0.163958
-0.0896846
0.259696
-0.0338051
-0.108014
-0.0567226
0.0986743
0.101687
-0.134007
-0.0412559
0.0449154
0.0857901
-0.022199
-0.111074
0.0330733
0.0675954
0.0203966
-0.0642309
-0.0536669
0.0681665
0.0462405
-0.0281514
-0.0574408
-0.0069515
0.0699301
0.0181356
-0.0495707
-0.0362831
0.0197015
0.0566325
-0.00100849
-0.0534382
-0.0186487
0.031746
0.0413706
-0.00997782
-0.0494316
-0.00987661
0.0359651
0.030457
-0.0125337
-0.042709
-0.00925869
0.0356642
0.0261544
-0.0120531
-0.0354318
-0.0134568
0.0305029
0.028183
-0.00912381
-0.0292175
-0.017899
0.019167
0.0324369
-0.0009029
-0.0253428
-0.0195987
0.00446204
0.0300553
0.0143884
-0.019986
-0.0212588
-0.00574209
0.0159136
0.0265741
-0.00297137
-0.0243334
-0.011303
0.0015953
0.018788
0.0201408
-0.012863
-0.0212459
-0.00394772
0.00253892
0.0182173
0.0164498
-0.0165111
-0.0170456
-0.000344586
99.7006
98.6602
103.593
104.5
87.0314
49.916
13.2862
-4.62516
-4.17781
1.31362
1.6213
-0.199845
-1.25505
0.450766
0.391596
0.0970642
-0.564743
0.104557
0.316916
-0.0476898
-0.171348
-0.120153
0.288158
-0.0100853
-0.137794
-0.0630385
0.095991
0.135159
-0.142996
-0.0678942
0.0516377
0.0976795
-0.0054166
-0.134334
0.0188895
0.0853296
0.031762
-0.064298
-0.076915
0.0664011
0.0680715
-0.0236416
-0.0677682
-0.023779
0.0764902
0.0387894
-0.0516427
-0.0511495
0.0100373
0.0674962
0.0162418
-0.059409
-0.0348368
0.0271372
0.0541194
0.00394292
-0.0568332
-0.0258924
0.0334728
0.0437456
-0.000358439
-0.0500299
-0.0246033
0.0329658
0.038497
0.000489442
-0.0411441
-0.0286174
0.0264799
0.0378967
0.0044173
-0.0304439
-0.0333094
0.0124982
0.0391441
0.0115435
-0.0196904
-0.0321191
-0.00760301
0.0337081
0.0241981
-0.0103036
-0.024229
-0.0217941
0.0119783
0.0351443
0.00553802
-0.017936
-0.0198558
-0.0131814
0.0213182
0.0290924
-0.00629197
-0.0164804
-0.0150382
-0.0102006
0.0239713
0.0239259
-0.0111602
-0.0118234
100.298
99.0813
98.6598
103.959
104.499
86.8713
49.9201
13.4184
-4.60856
-4.27308
1.34011
1.6585
-0.161971
-1.33456
0.470585
0.417681
0.111828
-0.595004
0.0784575
0.36745
-0.054498
-0.177673
-0.150799
0.311573
0.0164091
-0.163769
-0.0717232
0.0901453
0.168259
-0.145813
-0.0959987
0.0543328
0.108438
0.0151936
-0.153685
-0.000763413
0.10029
0.045481
-0.0599187
-0.0998998
0.0577877
0.0897435
-0.0142898
-0.0754208
-0.0430947
0.0767864
0.0615666
-0.0476446
-0.0657581
-0.0036732
0.0736188
0.0368038
-0.058765
-0.0526281
0.0174421
0.0638986
0.021344
-0.0574127
-0.0440517
0.024647
0.0555027
0.0151318
-0.0508701
-0.0409232
0.0225328
0.0494152
0.0167609
-0.0414699
-0.0424571
0.0145729
0.0438474
0.0225547
-0.0270946
-0.0458896
0.000713942
0.0382683
0.0272484
-0.00812881
-0.0420508
-0.0205146
0.0290323
0.0311962
0.00680676
-0.02332
-0.0371813
0.00442822
0.0352351
0.0161081
-0.00331528
-0.0269267
-0.0281534
0.0186545
0.0304742
0.00536566
-0.00416166
-0.0260334
-0.0230115
0.0238143
0.0241672
0.00035944
100.357
100.255
98.7527
98.6229
104.145
104.476
86.7392
49.9193
13.4788
-4.58545
-4.3748
1.3747
1.66716
-0.120047
-1.40863
0.483875
0.445742
0.117706
-0.610922
0.0417707
0.420167
-0.0605161
-0.183294
-0.177993
0.32468
0.0515442
-0.190602
-0.0802255
0.0816058
0.198113
-0.13908
-0.128127
0.0550582
0.117248
0.037889
-0.166306
-0.0272598
0.11312
0.0605951
-0.0518175
-0.119974
0.0411514
0.110663
-0.00052433
-0.080215
-0.0626714
0.0694193
0.0851666
-0.0373058
-0.0792163
-0.0198161
0.0732831
0.0591282
-0.0506618
-0.0706645
0.00379132
0.0686522
0.0405878
-0.0498528
-0.0628111
0.0104603
0.0635016
0.031884
-0.0434276
-0.0565612
0.00523792
0.0571283
0.0337419
-0.0345868
-0.052586
-0.0048
0.0452648
0.0416562
-0.0189475
-0.0517626
-0.0157465
0.0292937
0.0436912
0.00666661
-0.0456076
-0.0314863
0.0147404
0.034358
0.0278645
-0.0186964
-0.0465152
-0.00612003
0.0249722
0.0273005
0.0158712
-0.0303858
-0.0378311
0.00982321
0.0225289
0.0202525
0.0120092
-0.0334633
-0.0305932
0.0162362
0.0157939
99.6534
100.728
100.254
98.6086
98.6143
104.304
104.465
86.6755
49.9201
13.54
-4.56396
-4.4526
1.40808
1.67084
-0.0756576
-1.47843
0.497289
0.469434
0.124622
-0.622514
0.000853349
0.471977
-0.0655409
-0.186474
-0.205573
0.331695
0.0915373
-0.216175
-0.0888333
0.0695157
0.225974
-0.124858
-0.162051
0.0531252
0.123537
0.0628139
-0.172581
-0.0588561
0.122697
0.0763014
-0.0396073
-0.13657
0.0174831
0.129273
0.0168553
-0.0810077
-0.0817022
0.054563
0.107851
-0.0212853
-0.0895911
-0.0376729
0.0658064
0.0816652
-0.035691
-0.0864726
-0.0129791
0.0667037
0.0604942
-0.0346213
-0.0797503
-0.00751889
0.0651457
0.0486078
-0.0275513
-0.0698678
-0.0163345
0.0591352
0.0487886
-0.0193969
-0.0579434
-0.0290328
0.0416025
0.0572201
-0.00545461
-0.0488357
-0.0355926
0.013957
0.0569608
0.0217993
-0.0394802
-0.0391071
-0.00781528
0.0335256
0.0474532
-0.0102574
-0.0456732
-0.0192738
0.00578136
0.037196
0.0342389
-0.0278174
-0.038509
-0.00536366
0.00690941
0.0353795
0.0270149
-0.0339163
-0.0299292
0.00100845
100.003
99.6143
100.911
100.215
98.492
98.5861
104.396
104.448
86.6107
49.924
13.574
-4.5372
-4.52961
1.44277
1.66963
-0.0332752
-1.53899
0.502585
0.498228
0.126893
-0.626748
-0.0442857
0.521041
-0.0652453
-0.191821
-0.229555
0.330609
0.136227
-0.238631
-0.100012
0.0567821
0.249287
-0.102625
-0.196288
0.0469288
0.128824
0.0878129
-0.171481
-0.0939928
0.127182
0.0931808
-0.0244171
-0.148506
-0.0117139
0.14315
0.0379642
-0.0775972
-0.0992917
0.0334757
0.12686
0.000143589
-0.0952409
-0.0568525
0.0519299
0.1019
-0.014794
-0.0971219
-0.0326111
0.0577455
0.0794067
-0.0134865
-0.0914162
-0.0280691
0.0585613
0.0644491
-0.00517392
-0.0783794
-0.0388954
0.0526287
0.0603772
0.00336766
-0.0581327
-0.0534609
0.0317821
0.0652198
0.013713
-0.0373656
-0.0557437
-0.00477389
0.0620862
0.0352066
-0.022113
-0.042941
-0.0342867
0.0282166
0.0594003
0.00266364
-0.0329487
-0.0339165
-0.0180896
0.0424307
0.0462588
-0.0166384
-0.0289233
-0.0253319
-0.0126493
0.0458591
0.0363508
-0.0239648
-0.0203197
100.016
99.8522
99.6195
101.071
100.199
98.4444
98.5657
104.489
104.43
86.5705
49.9254
13.6038
-4.50987
-4.60381
1.47925
1.66158
0.011719
-1.59797
0.504204
0.528468
0.126112
-0.624599
-0.0950287
0.569159
-0.0616306
-0.198061
-0.250544
0.321404
0.185647
-0.258325
-0.113107
0.0434243
0.267335
-0.0724185
-0.230124
0.0364843
0.133079
0.11171
-0.1624
-0.131409
0.125699
0.11101
-0.00718667
-0.154644
-0.0449904
0.150419
0.0625154
-0.0701537
-0.114248
0.00765987
0.139494
0.0265631
-0.0951779
-0.0765485
0.0331235
0.116813
0.0110099
-0.100216
-0.0546916
0.0428291
0.0948226
0.0112718
-0.0942807
-0.0502991
0.0435758
0.078155
0.0201588
-0.0789207
-0.0594423
0.0358903
0.0679366
0.0304195
-0.0526486
-0.0724424
0.0146046
0.0634466
0.0372661
-0.0198176
-0.0710647
-0.0236518
0.0546702
0.0456711
0.0046428
-0.0426229
-0.0576154
0.0175189
0.058513
0.0198995
-0.0101836
-0.0468355
-0.0400072
0.0387479
0.0472915
0.00358011
-0.0105502
-0.0449722
-0.0306067
0.0455646
0.035951
-0.00289511
100.146
99.9858
99.7217
99.5962
101.163
100.169
98.3997
98.5438
104.559
104.413
86.5343
49.9296
13.6278
-4.48054
-4.67373
1.51452
1.65434
0.0551761
-1.651
0.500045
0.561835
0.123685
-0.618462
-0.148179
0.613544
-0.0525133
-0.20617
-0.268592
0.30537
0.237501
-0.273185
-0.129213
0.0301908
0.279861
-0.0355894
-0.261473
0.020861
0.136734
0.133559
-0.145643
-0.169019
0.117115
0.12965
0.0111943
-0.154418
-0.0803889
0.149442
0.0899762
-0.0590983
-0.125456
-0.0210839
0.143482
0.057235
-0.0891584
-0.0954832
0.0112044
0.123551
0.0406444
-0.0946178
-0.0781493
0.0239847
0.103738
0.0375544
-0.0860787
-0.0733104
0.0221155
0.0876712
0.0444484
-0.0686962
-0.0760903
0.00974224
0.0713786
0.0564032
-0.0407089
-0.0814136
-0.0100655
0.0525846
0.0615181
-8.52754e-05
-0.0758874
-0.0401088
0.0334949
0.0527518
0.0348711
-0.0377808
-0.0702574
0.0011568
0.0434286
0.0392784
0.0164743
-0.0535652
-0.0526946
0.0239374
0.0360018
0.0290127
0.0110966
-0.0571434
-0.0401366
0.031486
0.0242503
99.8828
100.289
99.9898
99.6586
99.5884
101.252
100.14
98.3774
98.5177
104.627
104.392
86.503
49.9326
13.6457
-4.44924
-4.74549
1.5506
1.64447
0.0985263
-1.70019
0.489552
0.599273
0.118251
-0.60751
-0.204326
0.654097
-0.037377
-0.21696
-0.282793
0.282195
0.291147
-0.282411
-0.148855
0.0179749
0.286076
0.00722902
-0.289044
-0.000339714
0.140171
0.152285
-0.121368
-0.205198
0.100917
0.148755
0.0297853
-0.147325
-0.116282
0.139451
0.119386
-0.0450665
-0.131687
-0.0513703
0.137706
0.0909193
-0.0776806
-0.111736
-0.0125369
0.120364
0.0729616
-0.080858
-0.100805
0.00314136
0.103506
0.0641184
-0.0669427
-0.0956207
-0.00255132
0.090231
0.0649881
-0.0466883
-0.0883763
-0.0221214
0.0702634
0.0759394
-0.0213724
-0.0789954
-0.0404605
0.0358532
0.0811269
0.018511
-0.0665315
-0.0534346
0.00183224
0.056627
0.0607351
-0.027885
-0.0680345
-0.0203086
0.0182286
0.0574135
0.0389865
-0.0506316
-0.0524683
-0.000769679
0.0166706
0.0535834
0.0281774
-0.0571012
-0.0377643
0.00602974
99.9686
99.8764
100.362
99.9782
99.5996
99.5804
101.322
100.114
98.3627
98.4954
104.692
104.372
86.4777
49.936
13.6636
-4.41717
-4.81536
1.58574
1.63509
0.141432
-1.74576
0.473821
0.639527
0.111644
-0.593404
-0.26225
0.690156
-0.0163319
-0.229745
-0.293992
0.253011
0.345154
-0.285259
-0.17178
0.00646681
0.286392
0.0546361
-0.311499
-0.0269408
0.142848
0.167863
-0.0905032
-0.238316
0.077281
0.16707
0.048585
-0.133589
-0.151186
0.120727
0.148698
-0.0279358
-0.132163
-0.0823378
0.122606
0.125157
-0.0609968
-0.123144
-0.0379231
0.107424
0.105997
-0.0603532
-0.119276
-0.0191867
0.0929489
0.0902761
-0.0393646
-0.11427
-0.0276324
0.0829201
0.08135
-0.0145319
-0.0961204
-0.0543141
0.0626549
0.0858765
0.0060338
-0.067129
-0.0725298
0.0165516
0.0904072
0.0353523
-0.0426533
-0.0644592
-0.0339084
0.0564083
0.0759542
-0.0111807
-0.0518515
-0.0457495
-0.010189
0.0700463
0.0522405
-0.0354676
-0.0414686
-0.0324371
-0.00381994
0.0715513
0.0365916
-0.0427849
-0.0268775
100.05
99.8873
99.8902
100.425
99.9687
99.5561
99.5695
101.383
100.081
98.3522
98.4688
104.753
104.349
86.4528
49.9393
13.6785
-4.38346
-4.88607
1.62006
1.62642
0.183101
-1.78697
0.451783
0.683255
0.103975
-0.576774
-0.320823
0.720428
0.011435
-0.244655
-0.302446
0.218831
0.397736
-0.280442
-0.19813
-0.00447408
0.281386
0.104735
-0.326987
-0.0589833
0.144128
0.180699
-0.0547214
-0.266141
0.046333
0.182978
0.0682637
-0.114392
-0.182985
0.0938118
0.175067
-0.00666322
-0.127112
-0.112717
0.0994821
0.156119
-0.0383573
-0.128168
-0.065079
0.0865935
0.136079
-0.0340877
-0.129709
-0.0438417
0.0730343
0.114355
-0.00700511
-0.124455
-0.0520237
0.0638979
0.0942609
0.0233057
-0.0974338
-0.0813511
0.0451534
0.0858747
0.0403016
-0.0489916
-0.0994962
-0.00422373
0.0844077
0.0518837
-0.00736727
-0.0726168
-0.0660145
0.0482457
0.0770377
0.0144453
-0.0256789
-0.0712883
-0.0358774
0.0705266
0.0551615
-0.0061058
-0.023915
-0.0656317
-0.0215406
0.0755152
0.0374202
-0.0123048
100.016
100.051
99.8142
99.9072
100.472
99.966
99.5217
99.5677
101.441
100.05
98.3483
98.4436
104.815
104.325
86.4311
49.9421
13.6933
-4.34875
-4.95723
1.65352
1.61838
0.224161
-1.82463
0.423958
0.729855
0.0957476
-0.558017
-0.379585
0.744439
0.045829
-0.261277
-0.308472
0.180461
0.447425
-0.267171
-0.227655
-0.0150223
0.271561
0.155607
-0.333783
-0.0963115
0.143486
0.191074
-0.0159766
-0.286178
0.0082061
0.195059
0.0893197
-0.0914828
-0.208832
0.0591196
0.195723
0.0197793
-0.117732
-0.140052
0.0696291
0.179491
-0.00856314
-0.12662
-0.0928859
0.0604949
0.158035
-0.00219596
-0.129365
-0.0713204
0.0469112
0.13245
0.0265843
-0.120979
-0.0758337
0.0342876
0.103408
0.0599814
-0.0883769
-0.0989709
0.0155281
0.0777088
0.0760938
-0.0272468
-0.1127
-0.0269311
0.0611534
0.0683057
0.0321131
-0.0739049
-0.0862709
0.0275379
0.0631429
0.0469677
0.00470838
-0.0880104
-0.0536285
0.0519306
0.047719
0.0340818
-0.00311038
-0.0889246
-0.0341586
0.0571542
0.0309346
99.9988
100.069
100.051
99.7505
99.92
100.504
99.9563
99.4867
99.5634
101.492
100.017
98.3455
98.4173
104.877
104.299
86.4103
49.9449
13.7077
-4.3129
-5.02871
1.68562
1.61186
0.264131
-1.85835
0.390393
0.77891
0.0876654
-0.537907
-0.437524
0.761446
0.0867755
-0.279146
-0.312508
0.138975
0.492669
-0.244867
-0.259983
-0.0252744
0.257473
0.205322
-0.33053
-0.138552
0.140742
0.198973
0.0238065
-0.296267
-0.0367505
0.202609
0.111468
-0.0666377
-0.225851
0.017032
0.209029
0.0512644
-0.105679
-0.161019
0.0338971
0.192231
0.0286573
-0.11986
-0.118303
0.0313976
0.167164
0.0353664
-0.118356
-0.100066
0.0189946
0.139383
0.0590015
-0.101436
-0.0991859
-0.000753673
0.106616
0.0883616
-0.0654592
-0.105826
-0.0239242
0.0647338
0.104393
-0.00385981
-0.10581
-0.0515491
0.024949
0.0821126
0.0650822
-0.0635995
-0.0887772
-0.00575741
0.0382542
0.0781147
0.0307735
-0.086378
-0.0587269
0.014687
0.0320658
0.0728254
0.0150902
-0.0897462
-0.0371538
0.017303
99.9352
100.02
100.113
100.06
99.7012
99.9458
100.532
99.9531
99.4562
99.5648
101.542
99.9824
98.3454
98.3905
104.94
104.27
86.3904
49.9471
13.7218
-4.2759
-5.10122
1.71659
1.60661
0.303123
-1.88833
0.351176
0.830224
0.0799264
-0.516765
-0.494138
0.771157
0.134012
-0.297911
-0.314817
0.0951503
0.532501
-0.213519
-0.294587
-0.0352682
0.23953
0.252578
-0.316816
-0.184907
0.135903
0.204093
0.0634249
-0.295543
-0.0875835
0.205565
0.133594
-0.0407535
-0.232542
-0.0316548
0.214886
0.0860314
-0.0918573
-0.173072
-0.00727706
0.193993
0.0715687
-0.109641
-0.137551
9.59499e-05
0.161905
0.0778235
-0.0996795
-0.126342
-0.00743981
0.13155
0.0898513
-0.0683674
-0.121298
-0.0341708
0.100741
0.104907
-0.0284348
-0.104581
-0.0663316
0.0504118
0.117195
0.0206809
-0.0796521
-0.077473
-0.0141848
0.089934
0.082879
-0.0399181
-0.0751934
-0.0463099
0.0119765
0.0986605
0.0449597
-0.0639574
-0.0524669
-0.0315527
0.0163842
0.0969869
0.023282
-0.0661931
-0.0306726
100.053
99.8739
100.031
100.137
100.057
99.6497
99.9694
100.551
99.9482
99.4248
99.5692
101.588
99.9479
98.3463
98.3641
105.004
104.241
86.3713
49.9492
13.7365
-4.23794
-5.17444
1.74617
1.60299
0.341231
-1.91488
0.306758
0.883194
0.0732025
-0.495122
-0.549077
0.77363
0.186866
-0.316684
-0.316124
0.0497559
0.566419
-0.173704
-0.33028
-0.0457408
0.218367
0.296664
-0.293191
-0.23371
0.128181
0.206435
0.102523
-0.284672
-0.1422
0.203286
0.154537
-0.0133541
-0.229591
-0.0849927
0.213472
0.121333
-0.0751581
-0.176069
-0.0531593
0.186413
0.116341
-0.0957956
-0.14818
-0.0343658
0.144523
0.122538
-0.0764331
-0.145344
-0.0328142
0.10894
0.120066
-0.0277481
-0.139172
-0.061558
0.0824759
0.111783
0.0193247
-0.0992843
-0.10355
0.0345872
0.111768
0.0486593
-0.0414222
-0.10333
-0.0471597
0.0876418
0.0851898
-0.00297649
-0.0542788
-0.0875231
-0.00782777
0.10303
0.0488191
-0.0243664
-0.0440634
-0.07664
0.00806949
0.101701
0.0236952
-0.0255761
100.004
100.053
99.8353
100.055
100.163
100.06
99.6043
99.9993
100.565
99.9444
99.3924
99.5768
101.631
99.912
98.3475
98.3374
105.069
104.209
86.3523
49.951
13.7515
-4.19889
-5.24864
1.77416
1.60126
0.378391
-1.93798
0.257223
0.937282
0.0682643
-0.473567
-0.601836
0.768638
0.244692
-0.334244
-0.317468
0.00375904
0.593669
-0.125983
-0.365325
-0.0581444
0.195048
0.336631
-0.260283
-0.282491
0.115626
0.206701
0.140659
-0.264774
-0.197287
0.193565
0.173884
0.0165064
-0.218916
-0.139307
0.203361
0.154563
-0.0528249
-0.172066
-0.101301
0.170503
0.157746
-0.0751125
-0.15006
-0.0728064
0.118891
0.163885
-0.048676
-0.152411
-0.0606043
0.0748398
0.148489
0.0145275
-0.146181
-0.0832302
0.0493265
0.113505
0.0712277
-0.0898178
-0.128224
0.0117827
0.0897975
0.082094
0.000869635
-0.123074
-0.0707344
0.0682447
0.0777172
0.0458418
-0.032723
-0.120852
-0.0227492
0.0857235
0.0510132
0.0286568
-0.0390305
-0.112622
0.00207996
0.0840128
0.0280031
99.9942
100.039
100.037
99.7962
100.074
100.181
100.059
99.5611
100.033
100.576
99.9424
99.3593
99.5893
101.673
99.8761
98.349
98.3113
105.137
104.176
86.3334
49.9525
13.767
-4.15863
-5.32386
1.80037
1.60145
0.414684
-1.95753
0.202623
0.991912
0.0656761
-0.452451
-0.651782
0.755713
0.306853
-0.349465
-0.319621
-0.0417375
0.612989
-0.0707209
-0.39797
-0.0737676
0.170857
0.37068
-0.218229
-0.328611
0.0961476
0.206047
0.176166
-0.236231
-0.248968
0.173409
0.192052
0.0483405
-0.201877
-0.189456
0.181403
0.184095
-0.0230437
-0.163561
-0.146437
0.145006
0.190547
-0.0436345
-0.145009
-0.112573
0.0878793
0.1935
-0.0137652
-0.144838
-0.0927133
0.0349549
0.168697
0.0542109
-0.13406
-0.101501
0.00311268
0.111412
0.116672
-0.0706704
-0.134002
-0.0231127
0.055466
0.115693
0.0402334
-0.12429
-0.0842714
0.0264264
0.0642998
0.0973976
-0.0106487
-0.131668
-0.0378424
0.0417411
0.0540266
0.0855972
-0.0312595
-0.124948
-0.0112074
0.0378457
99.9775
100.007
100.076
100.022
99.7661
100.095
100.196
100.055
99.5184
100.07
100.581
99.9402
99.3239
99.6055
101.712
99.8399
98.35
98.2856
105.205
104.141
86.3145
49.9539
13.783
-4.11704
-5.40004
1.82475
1.60351
0.450054
-1.97329
0.143104
1.04662
0.0655957
-0.43194
-0.698196
0.734482
0.372713
-0.361807
-0.32276
-0.0856388
0.623084
-0.00833366
-0.427159
-0.0928494
0.146955
0.396602
-0.166992
-0.370259
0.0690963
0.205525
0.206198
-0.198701
-0.294243
0.14129
0.209844
0.0792581
-0.1785
-0.230639
0.145099
0.2098
0.0123807
-0.152018
-0.181781
0.1077
0.211903
-0.000858103
-0.13615
-0.146602
0.0527458
0.204077
0.030087
-0.124704
-0.125703
-0.00330017
0.171417
0.0885888
-0.0996591
-0.117728
-0.0465217
0.103207
0.143236
-0.0371276
-0.119161
-0.067061
0.0174958
0.136528
0.0686879
-0.0973466
-0.0869136
-0.0307613
0.0474396
0.132313
0.0107613
-0.107677
-0.0515806
-0.0202351
0.0531025
0.123694
-0.016516
-0.0985658
-0.0282196
100.001
99.9494
100.017
100.109
100.004
99.7437
100.119
100.211
100.05
99.4791
100.11
100.583
99.9394
99.2867
99.6265
101.748
99.8036
98.3503
98.2605
105.275
104.105
86.2954
49.955
13.7995
-4.07418
-5.47721
1.84747
1.60724
0.484479
-1.98534
0.0790317
1.1012
0.0678575
-0.412081
-0.74076
0.705211
0.441613
-0.371306
-0.326671
-0.127326
0.623657
0.0603545
-0.452718
-0.11466
0.123887
0.413296
-0.107166
-0.407013
0.035728
0.205424
0.228617
-0.152148
-0.332341
0.0986211
0.227626
0.10573
-0.148105
-0.261132
0.0951826
0.232763
0.0486035
-0.137308
-0.203226
0.057999
0.223333
0.0487372
-0.12649
-0.167591
0.0134159
0.194937
0.0814936
-0.0992455
-0.152622
-0.0340938
0.151733
0.118026
-0.0496506
-0.132759
-0.086035
0.0866153
0.14533
0.00973968
-0.0919176
-0.110343
-0.0118321
0.134666
0.0818397
-0.0463582
-0.0833415
-0.0847412
0.0340613
0.135647
0.0271899
-0.0555613
-0.0627192
-0.0753067
0.0505947
0.124098
-0.0015587
-0.0422009
100.036
99.9793
99.9277
100.025
100.136
99.9781
99.7243
100.14
100.223
100.04
99.4414
100.154
100.582
99.9391
99.2476
99.6522
101.781
99.7675
98.3499
98.2366
105.346
104.067
86.2762
49.956
13.8166
-4.03031
-5.55538
1.86862
1.61272
0.518077
-1.99418
0.0109314
1.15537
0.0726397
-0.392982
-0.779829
0.668817
0.51272
-0.37768
-0.331395
-0.167015
0.615782
0.133951
-0.474329
-0.138639
0.101153
0.421853
-0.040415
-0.438841
-0.00219406
0.204563
0.244156
-0.0977369
-0.364167
0.0487022
0.243917
0.126988
-0.110245
-0.283112
0.0356715
0.253057
0.0817473
-0.117308
-0.2127
-0.00196959
0.228796
0.0985485
-0.115529
-0.173662
-0.0318427
0.172781
0.136402
-0.0749633
-0.167484
-0.0588056
0.11258
0.146836
0.00422646
-0.145997
-0.108633
0.0590951
0.13029
0.0660086
-0.0656685
-0.144585
-0.0278989
0.109837
0.0875909
0.0155948
-0.0843565
-0.121873
0.027586
0.110908
0.0438979
0.00375659
-0.0796677
-0.106356
0.0518766
0.0945992
0.0156471
99.9794
100.068
99.9587
99.9162
100.039
100.163
99.9507
99.7127
100.162
100.235
100.027
99.4065
100.199
100.577
99.9388
99.2062
99.6828
101.812
99.7314
98.3482
98.2139
105.419
104.028
86.2565
49.957
13.8346
-3.98549
-5.63462
1.88784
1.62033
0.551078
-2.00023
-0.0608753
1.20846
0.0808109
-0.374829
-0.815935
0.626084
0.58483
-0.379498
-0.337524
-0.205336
0.600821
0.210565
-0.490128
-0.165321
0.0775281
0.424521
0.0306907
-0.463962
-0.0441924
0.200313
0.256065
-0.0380214
-0.389312
-0.00574063
0.254406
0.146218
-0.0655166
-0.299291
-0.0282135
0.266505
0.112006
-0.0884182
-0.215964
-0.0675196
0.228665
0.14323
-0.0968003
-0.168798
-0.0847073
0.144923
0.187768
-0.0501206
-0.166205
-0.0860237
0.0608181
0.17705
0.0539533
-0.149804
-0.118336
0.0152625
0.110319
0.126675
-0.0444174
-0.162465
-0.0414726
0.064312
0.0994024
0.0790322
-0.0904172
-0.139606
0.0143459
0.0685474
0.0748943
0.0589087
-0.102801
-0.117303
0.0422362
0.053077
99.9918
99.992
100.089
99.931
99.9055
100.051
100.187
99.918
99.7062
100.184
100.247
100.011
99.3748
100.247
100.571
99.9387
99.163
99.7184
101.84
99.6956
98.345
98.1927
105.493
103.987
86.236
49.958
13.8536
-3.93943
-5.71486
1.90455
1.63026
0.583624
-2.00326
-0.136365
1.25939
0.0933858
-0.357795
-0.848815
0.576964
0.656368
-0.374662
-0.345795
-0.242108
0.578852
0.288003
-0.496796
-0.195916
0.0525399
0.422158
0.103073
-0.478027
-0.0912235
0.190386
0.266839
0.0231581
-0.403524
-0.0637305
0.253671
0.167495
-0.0168587
-0.308006
-0.0916733
0.264848
0.142264
-0.049077
-0.21616
-0.130922
0.216201
0.179169
-0.0621104
-0.158078
-0.140977
0.112666
0.224013
-0.0161084
-0.14603
-0.121262
0.00396391
0.199338
0.0959832
-0.12958
-0.121337
-0.046343
0.0892677
0.178285
-0.0191813
-0.151957
-0.0653556
-0.000181393
0.115666
0.133928
-0.0825942
-0.132353
-0.0230912
0.0106464
0.1155
0.106964
-0.106241
-0.108424
-0.00138366
99.9957
99.9752
100.014
100.108
99.9049
99.9009
100.065
100.208
99.8813
99.705
100.205
100.259
99.9896
99.3465
100.297
100.562
99.9383
99.1179
99.7587
101.865
99.6602
98.3403
98.1728
105.568
103.945
86.2147
49.9587
13.8733
-3.89169
-5.7959
1.91852
1.64229
0.615474
-2.0024
-0.21555
1.30739
0.110485
-0.342048
-0.877117
0.520853
0.725981
-0.362174
-0.356493
-0.275592
0.548516
0.364332
-0.491927
-0.23104
0.0279048
0.41303
0.173846
-0.476704
-0.144149
0.175547
0.275406
0.0813002
-0.400583
-0.125241
0.239816
0.191593
0.0296513
-0.302892
-0.151037
0.241904
0.17454
-0.00443564
-0.210624
-0.182247
0.182748
0.204713
-0.011151
-0.144862
-0.187259
0.0731631
0.23334
0.0321057
-0.110145
-0.157571
-0.0473305
0.196463
0.126312
-0.0781219
-0.119444
-0.110958
0.0643676
0.198041
0.0165193
-0.105894
-0.0962682
-0.068763
0.118712
0.158976
-0.0456115
-0.0916034
-0.0763309
-0.0529786
0.135621
0.128924
-0.0674284
-0.0662987
100.017
99.9757
99.9582
100.035
100.12
99.8778
99.9003
100.081
100.227
99.8421
99.71
100.224
100.271
99.964
99.3225
100.347
100.551
99.9375
99.0713
99.8035
101.887
99.6254
98.3341
98.1541
105.645
103.902
86.1931
49.9592
13.8931
-3.84225
-5.87765
1.93032
1.65583
0.646229
-1.99721
-0.298134
1.35269
0.131049
-0.327698
-0.899684
0.457755
0.793376
-0.343249
-0.369261
-0.303779
0.508865
0.43877
-0.476408
-0.269981
0.00660132
0.394801
0.241601
-0.459757
-0.202415
0.159836
0.278279
0.133436
-0.378008
-0.190225
0.217336
0.215463
0.0676161
-0.278826
-0.205361
0.200379
0.208816
0.0347963
-0.194598
-0.215318
0.12691
0.222883
0.0450223
-0.132047
-0.209206
0.0251698
0.215244
0.090306
-0.0721961
-0.181347
-0.0812503
0.160368
0.144142
-0.00840529
-0.116495
-0.15301
0.0375843
0.174302
0.0580888
-0.0409816
-0.122758
-0.111146
0.100311
0.13933
0.0100708
-0.032806
-0.119062
-0.0893962
0.11956
0.104042
-0.00432992
100.008
100.028
99.9574
99.946
100.059
100.125
99.8498
99.9019
100.098
100.243
99.7997
99.7202
100.242
100.284
99.9337
99.3035
100.398
100.539
99.936
99.0238
99.853
101.905
99.5913
98.3267
98.1371
105.723
103.857
86.1714
49.9597
13.9133
-3.79174
-5.96026
1.94078
1.67062
0.675974
-1.98858
-0.383486
1.39613
0.154087
-0.314561
-0.917305
0.388965
0.859132
-0.319873
-0.383347
-0.326988
0.461206
0.511816
-0.453479
-0.311074
-0.0106855
0.367706
0.307267
-0.431616
-0.263959
0.146178
0.273456
0.18091
-0.340214
-0.258149
0.192995
0.235173
0.0965837
-0.237471
-0.257712
0.150256
0.243441
0.0620132
-0.165794
-0.234765
0.0562461
0.240886
0.0934494
-0.12012
-0.205573
-0.0315842
0.184556
0.151097
-0.046847
-0.185698
-0.0980919
0.10019
0.160225
0.0573796
-0.120418
-0.161318
0.010741
0.123946
0.104255
0.0110739
-0.144361
-0.113016
0.0682625
0.0956793
0.0693766
0.00522493
-0.145456
-0.0793587
0.0843976
0.0560757
99.9768
100.033
100.033
99.9405
99.9391
100.087
100.125
99.8241
99.9072
100.117
100.254
99.7556
99.736
100.258
100.297
99.8983
99.2899
100.448
100.525
99.933
98.9759
99.9073
101.92
99.5574
98.3176
98.1224
105.801
103.811
86.1493
49.9604
13.9349
-3.74082
-6.04392
1.94965
1.68722
0.705518
-1.97809
-0.471059
1.43756
0.180234
-0.30199
-0.932465
0.316249
0.923031
-0.291921
-0.397829
-0.348559
0.408505
0.583523
-0.424577
-0.352268
-0.0279765
0.335021
0.372423
-0.396565
-0.32532
0.131218
0.262306
0.228628
-0.294498
-0.326251
0.167417
0.247767
0.124632
-0.185634
-0.311218
0.0989599
0.272957
0.0829831
-0.123785
-0.252763
-0.0198241
0.260242
0.130579
-0.100713
-0.189413
-0.0995977
0.156551
0.208216
-0.0312677
-0.170655
-0.116178
0.0290305
0.186964
0.109648
-0.125918
-0.148332
-0.0295817
0.0733126
0.162173
0.0400487
-0.159765
-0.097392
0.0186595
0.065026
0.137304
0.0109306
-0.163229
-0.0552541
0.0344183
100.001
99.9661
100.057
100.03
99.9219
99.9343
100.116
100.117
99.7996
99.9148
100.137
100.261
99.7104
99.7571
100.273
100.31
99.8579
99.2823
100.499
100.511
99.928
98.9278
99.9663
101.932
99.5235
98.3065
98.1104
105.881
103.762
86.1258
49.9612
13.9582
-3.68914
-6.12856
1.95545
1.7064
0.735651
-1.96607
-0.560721
1.47497
0.211435
-0.289233
-0.946582
0.240406
0.982522
-0.25644
-0.411808
-0.371679
0.352882
0.65103
-0.38671
-0.391409
-0.05111
0.300243
0.435163
-0.353611
-0.381525
0.106469
0.247737
0.278657
-0.244096
-0.386859
0.132545
0.250877
0.160739
-0.129513
-0.360472
0.0451126
0.286175
0.110422
-0.0690771
-0.273939
-0.0941632
0.267154
0.160306
-0.0591678
-0.172544
-0.175991
0.129281
0.249241
-0.00483365
-0.133317
-0.151187
-0.0467368
0.213623
0.149531
-0.105385
-0.126486
-0.0987204
0.0273105
0.219803
0.0637909
-0.142373
-0.0903963
-0.065283
0.0492024
0.207289
0.0180359
-0.147373
-0.0555325
100.008
99.9823
99.9648
100.082
100.023
99.9055
99.9342
100.146
100.103
99.7774
99.9241
100.16
100.262
99.6646
99.7824
100.288
100.322
99.8125
99.2805
100.548
100.496
99.9208
98.8793
100.029
101.942
99.4898
98.2933
98.1002
105.962
103.713
86.1005
49.9618
13.9826
-3.63549
-6.21366
1.95694
1.72805
0.766036
-1.95067
-0.652458
1.50595
0.248673
-0.276368
-0.957701
0.161079
1.03376
-0.210665
-0.425088
-0.395141
0.294304
0.708677
-0.335233
-0.427181
-0.0811907
0.264689
0.488125
-0.297586
-0.427857
0.0667951
0.232274
0.324026
-0.186781
-0.429106
0.0799054
0.244385
0.202889
-0.0731335
-0.389499
-0.0163395
0.273167
0.149305
-0.00845472
-0.28613
-0.158225
0.241082
0.184316
0.00715347
-0.155052
-0.240441
0.0890858
0.254452
0.0454583
-0.0734867
-0.191355
-0.115284
0.20737
0.169434
-0.038983
-0.093282
-0.177783
-0.0202695
0.233815
0.0888673
-0.0662605
-0.0834252
-0.164158
0.0224014
0.228581
0.0441016
-0.0618074
100.01
100.008
99.9601
99.9678
100.105
100.011
99.8901
99.938
100.177
100.083
99.7587
99.935
100.185
100.258
99.6198
99.8116
100.3
100.335
99.7627
99.2847
100.595
100.481
99.9117
98.8309
100.096
101.949
99.457
98.2783
98.0911
106.044
103.664
86.0745
49.962
14.0068
-3.5791
-6.29876
1.95492
1.75103
0.795151
-1.92976
-0.745937
1.53045
0.290406
-0.264767
-0.962023
0.0779747
1.0752
-0.155585
-0.438976
-0.413525
0.231882
0.752488
-0.269449
-0.460823
-0.11197
0.228082
0.523441
-0.225669
-0.464251
0.0171386
0.21847
0.352264
-0.119915
-0.448002
0.0105785
0.234397
0.237108
-0.0205346
-0.384708
-0.0862236
0.238599
0.191799
0.0416287
-0.272186
-0.203185
0.177751
0.203228
0.0764924
-0.134396
-0.264727
0.0316779
0.218538
0.108603
-0.0120734
-0.208916
-0.152073
0.151801
0.160449
0.051281
-0.0556376
-0.218861
-0.0548771
0.177594
0.0984177
0.0399538
-0.0648557
-0.213903
-0.00800234
0.163519
0.0589699
99.993
100.029
100.005
99.9394
99.9771
100.125
99.9946
99.8756
99.9454
100.207
100.057
99.7436
99.9469
100.211
100.248
99.5772
99.8441
100.312
100.347
99.7092
99.2954
100.64
100.467
99.9008
98.7834
100.166
101.952
99.4255
98.2622
98.0834
106.127
103.613
86.0492
49.9619
14.0301
-3.52096
-6.38415
1.95185
1.77437
0.82198
-1.9038
-0.840724
1.55148
0.333957
-0.255767
-0.958536
-0.00831028
1.10998
-0.0954953
-0.455297
-0.423168
0.165569
0.78511
-0.194266
-0.4957
-0.136041
0.189853
0.541545
-0.141287
-0.497058
-0.0317717
0.208137
0.358361
-0.0439577
-0.452055
-0.0656854
0.230845
0.25168
0.0268645
-0.351024
-0.162376
0.2026
0.227941
0.0677964
-0.229297
-0.232719
0.0968463
0.225444
0.120946
-0.114059
-0.244126
-0.0358844
0.168522
0.168082
0.0180514
-0.195186
-0.148737
0.0681048
0.143111
0.12392
-0.0433205
-0.202709
-0.0597479
0.0848299
0.0996797
0.113053
-0.0630976
-0.186046
-0.0109513
0.0589269
99.9849
100.001
100.045
99.998
99.9209
99.993
100.142
99.9759
99.8635
99.9575
100.235
100.025
99.733
99.9599
100.239
100.231
99.5381
99.8795
100.322
100.357
99.6526
99.3135
100.683
100.451
99.8873
98.7381
100.24
101.951
99.3945
98.2452
98.0787
106.21
103.559
86.0246
49.9622
14.0542
-3.46299
-6.4708
1.94905
1.79854
0.847923
-1.87617
-0.936804
1.57181
0.378577
-0.248212
-0.951459
-0.0968372
1.14282
-0.0334953
-0.473142
-0.427771
0.0959891
0.814108
-0.115511
-0.532396
-0.154094
0.148434
0.55298
-0.0508751
-0.532012
-0.0749959
0.197735
0.352553
0.0396553
-0.456126
-0.140363
0.234602
0.249864
0.076891
-0.308955
-0.244491
0.179732
0.254117
0.0796607
-0.169076
-0.267042
0.0203809
0.259036
0.137726
-0.0903708
-0.207983
-0.114172
0.138836
0.222219
0.0147192
-0.162182
-0.139763
-0.0186605
0.155912
0.169749
-0.0634931
-0.159625
-0.0654266
0.00456512
0.13573
0.139484
-0.0968662
-0.130536
-0.0140892
100.01
99.9653
100.013
100.056
99.9862
99.9037
100.014
100.153
99.9544
99.8532
99.9743
100.26
99.9889
99.727
99.9746
100.268
100.206
99.503
99.9178
100.332
100.364
99.5928
99.3391
100.722
100.436
99.8699
98.6957
100.317
101.947
99.3629
98.2263
98.0783
106.293
103.503
85.9988
49.9632
14.0816
-3.4058
-6.5591
1.94422
1.82498
0.87608
-1.84964
-1.03427
1.58952
0.4265
-0.238186
-0.946441
-0.186903
1.17328
0.0318723
-0.487079
-0.435908
0.0237625
0.842667
-0.0345637
-0.563726
-0.17571
0.101012
0.567415
0.0411563
-0.563103
-0.118114
0.176632
0.350612
0.129367
-0.462472
-0.210611
0.228496
0.2442
0.142262
-0.272075
-0.327963
0.158698
0.266103
0.10609
-0.100323
-0.318729
-0.0484705
0.287685
0.148714
-0.0410068
-0.185092
-0.209164
0.126502
0.26593
0.019979
-0.108263
-0.166288
-0.110523
0.193759
0.204397
-0.064044
-0.110839
-0.12367
-0.0664337
0.205974
0.158885
-0.105727
-0.0872982
100.009
100
99.9516
100.03
100.065
99.9718
99.89
100.04
100.159
99.9312
99.8446
99.9961
100.281
99.9482
99.725
99.9907
100.298
100.174
99.4721
99.9579
100.343
100.368
99.53
99.3713
100.761
100.42
99.8482
98.6552
100.398
101.94
99.3301
98.2047
98.0813
106.378
103.446
85.9695
49.9641
14.112
-3.3473
-6.64782
1.9332
1.85435
0.907595
-1.82247
-1.1323
1.59842
0.48031
-0.222923
-0.943679
-0.277327
1.19339
0.104479
-0.491239
-0.451523
-0.0492192
0.86263
0.0510903
-0.578235
-0.209013
0.0478239
0.580432
0.132216
-0.572529
-0.169028
0.136799
0.355879
0.2177
-0.452944
-0.273665
0.190635
0.241012
0.220828
-0.233239
-0.393001
0.113141
0.253681
0.161474
-0.0254199
-0.365151
-0.114646
0.272223
0.166932
0.0484803
-0.169483
-0.299369
0.0949309
0.267706
0.0675056
-0.0185491
-0.213633
-0.202727
0.19482
0.212532
0.00593732
-0.0354633
-0.215483
-0.146921
0.227366
0.168249
-0.0195866
100
100.021
99.9848
99.9416
100.05
100.068
99.9546
99.88
100.069
100.159
99.9074
99.8377
100.023
100.297
99.9048
99.7267
100.008
100.329
100.135
99.446
99.9987
100.354
100.37
99.4648
99.4091
100.796
100.406
99.8232
98.6157
100.482
101.932
99.2976
98.1808
98.0852
106.465
103.39
85.9374
49.9641
14.1423
-3.28459
-6.73518
1.91498
1.88536
0.939153
-1.78942
-1.22918
1.59461
0.539503
-0.20528
-0.93639
-0.365812
1.19499
0.185439
-0.486889
-0.468319
-0.118309
0.860689
0.142899
-0.572525
-0.251037
-0.00287309
0.575566
0.218743
-0.547909
-0.228307
0.0869154
0.355695
0.288691
-0.406988
-0.325003
0.121441
0.238094
0.285051
-0.178524
-0.414642
0.0340941
0.216848
0.223298
0.0427641
-0.363717
-0.170382
0.195289
0.183528
0.146459
-0.140144
-0.332645
0.0283743
0.203659
0.135533
0.0834614
-0.225434
-0.246971
0.121766
0.159706
0.112686
0.0607529
-0.252735
-0.19123
0.143544
0.11364
99.99
100.014
100.03
99.9664
99.9375
100.071
100.067
99.9352
99.874
100.102
100.153
99.884
99.8327
100.053
100.308
99.8606
99.7322
100.026
100.36
100.09
99.4262
100.039
100.365
100.369
99.3989
99.4522
100.828
100.393
99.7962
98.5778
100.567
101.922
99.2671
98.1559
98.0886
106.552
103.334
85.9062
49.9633
14.1692
-3.21765
-6.82113
1.89425
1.91603
0.965839
-1.74782
-1.32412
1.58242
0.600652
-0.192235
-0.918131
-0.450763
1.18014
0.271514
-0.48379
-0.476204
-0.179146
0.833782
0.239381
-0.558627
-0.291173
-0.0393388
0.542638
0.299061
-0.499258
-0.291129
0.050004
0.337535
0.33142
-0.326528
-0.368358
0.0495863
0.236384
0.305466
-0.107317
-0.394252
-0.059993
0.182648
0.256939
0.080768
-0.302118
-0.207931
0.0935861
0.197221
0.194437
-0.101503
-0.286332
-0.0492721
0.113216
0.184766
0.129434
-0.185828
-0.2072
0.01699
0.0770488
0.179979
0.101112
-0.203976
-0.142858
0.0196577
99.9942
99.9848
100.029
100.034
99.9463
99.9402
100.092
100.063
99.915
99.8737
100.135
100.14
99.8622
99.8303
100.087
100.311
99.8169
99.7418
100.044
100.389
100.039
99.4143
100.078
100.376
100.364
99.3343
99.5015
100.854
100.381
99.7673
98.5441
100.654
101.906
99.2391
98.1312
98.0937
106.639
103.275
85.8789
49.9628
14.1941
-3.15034
-6.90813
1.87688
1.94611
0.987465
-1.7019
-1.41905
1.57115
0.661295
-0.186639
-0.891317
-0.534377
1.16139
0.358926
-0.489883
-0.473327
-0.234423
0.795532
0.339295
-0.553073
-0.323416
-0.0610689
0.491088
0.379624
-0.451716
-0.355136
0.0383394
0.302981
0.358648
-0.23502
-0.419857
0.00184164
0.240316
0.287822
-0.0270106
-0.369765
-0.149828
0.182605
0.256941
0.0897206
-0.215163
-0.249065
0.0201726
0.228349
0.178413
-0.0688785
-0.211902
-0.125834
0.0713402
0.220987
0.0941174
-0.133492
-0.139838
-0.0706985
0.057765
0.204672
0.0435
-0.136771
-0.0637317
100.012
99.9765
99.9849
100.044
100.033
99.9248
99.9492
100.111
100.053
99.8941
99.8799
100.168
100.121
99.842
99.8314
100.125
100.306
99.7745
99.7557
100.065
100.415
99.9822
99.4109
100.117
100.387
100.353
99.2719
99.558
100.876
100.367
99.7347
98.517
100.742
101.884
99.2108
98.1061
98.1051
106.723
103.211
85.8528
49.9636
14.2228
-3.08638
-6.99866
1.86229
1.97756
1.01082
-1.65902
-1.517
1.56401
0.722517
-0.180992
-0.865934
-0.62178
1.14813
0.446761
-0.498671
-0.468829
-0.294868
0.762728
0.44251
-0.55553
-0.351073
-0.0863877
0.440284
0.470563
-0.417087
-0.418341
0.0327132
0.260718
0.400473
-0.150391
-0.48726
-0.0284081
0.239455
0.272815
0.0659102
-0.375294
-0.235202
0.204656
0.244185
0.114756
-0.138608
-0.326577
-0.0202587
0.274644
0.150968
-0.0184907
-0.17785
-0.227196
0.0875887
0.264971
0.0521099
-0.0749417
-0.140545
-0.165969
0.119977
0.238475
-0.0174278
-0.082329
100.005
100.013
99.9602
99.9916
100.059
100.026
99.9041
99.9652
100.128
100.039
99.8728
99.8931
100.199
100.096
99.8233
99.8365
100.166
100.291
99.7334
99.7732
100.089
100.436
99.9191
99.415
100.156
100.398
100.334
99.2109
99.6212
100.896
100.352
99.6963
98.496
100.833
101.86
99.1789
98.0789
98.1237
106.808
103.144
85.8219
49.9654
14.2591
-3.02436
-7.09154
1.8421
2.01199
1.04314
-1.62091
-1.6175
1.5518
0.786706
-0.163056
-0.848404
-0.714077
1.13344
0.535013
-0.491382
-0.472146
-0.367707
0.735332
0.544322
-0.543039
-0.378699
-0.136163
0.397754
0.567741
-0.377948
-0.469331
-0.00195181
0.212352
0.467817
-0.0689699
-0.544569
-0.0707205
0.204901
0.288897
0.1775
-0.39308
-0.314191
0.190378
0.225065
0.196498
-0.0678587
-0.421089
-0.0661746
0.277175
0.158389
0.0937242
-0.178001
-0.349867
0.08521
0.273782
0.0847563
0.040856
-0.201823
-0.292276
0.151783
0.251418
0.0332412
99.9938
100.021
100.006
99.9451
100.003
100.072
100.014
99.8851
99.9874
100.142
100.021
99.8516
99.9134
100.228
100.065
99.8057
99.8452
100.21
100.268
99.6943
99.7927
100.116
100.454
99.851
99.4249
100.196
100.411
100.309
99.1502
99.6891
100.916
100.336
99.6524
98.4774
100.928
101.837
99.1438
98.0481
98.1451
106.897
103.079
85.7834
49.9663
14.2991
-2.95808
-7.1819
1.80872
2.04832
1.08244
-1.58033
-1.71455
1.52115
0.853775
-0.130424
-0.833416
-0.802676
1.09887
0.621303
-0.456942
-0.482164
-0.442724
0.694783
0.63271
-0.492881
-0.405248
-0.20577
0.353401
0.644189
-0.307427
-0.491893
-0.075335
0.15703
0.527901
0.0179413
-0.546363
-0.137807
0.124917
0.317344
0.28408
-0.368239
-0.360668
0.102078
0.185144
0.304121
0.0119108
-0.452566
-0.129296
0.18219
0.17916
0.241977
-0.15004
-0.409281
0.0141492
0.177499
0.160386
0.205993
-0.214941
-0.362126
0.0708333
0.145813
99.9923
99.9993
100.035
99.9941
99.9333
100.019
100.082
99.997
99.8689
100.014
100.151
100.001
99.8312
99.94
100.253
100.032
99.7899
99.8567
100.255
100.237
99.6591
99.8126
100.146
100.469
99.7802
99.4403
100.233
100.426
100.281
99.0903
99.7593
100.933
100.324
99.606
98.4587
101.023
101.814
99.1101
98.0151
98.1632
106.989
103.018
85.7424
49.965
14.3336
-2.88333
-7.26648
1.76553
2.08399
1.11681
-1.52846
-1.80204
1.47067
0.921493
-0.0973538
-0.809494
-0.875244
1.03528
0.703577
-0.408839
-0.490074
-0.496591
0.625346
0.699487
-0.41122
-0.430136
-0.261211
0.296412
0.67324
-0.202167
-0.489159
-0.155519
0.108044
0.533126
0.104262
-0.481478
-0.213312
0.0392075
0.319947
0.335922
-0.277137
-0.355527
-0.0228493
0.135701
0.354963
0.0771546
-0.372051
-0.177657
0.0342443
0.176663
0.318194
-0.0835975
-0.332658
-0.0754975
0.0148374
0.191313
0.292515
-0.142592
-0.272143
-0.0446522
100.001
99.9812
100.01
100.046
99.9776
99.9266
100.037
100.09
99.9763
99.8577
100.044
100.155
99.9795
99.8131
99.972
100.271
99.997
99.7771
99.8714
100.299
100.2
99.6307
99.8328
100.176
100.478
99.7098
99.4627
100.265
100.442
100.25
99.0351
99.8313
100.944
100.314
99.5596
98.4423
101.117
101.787
99.0825
97.9825
98.1779
107.081
102.956
85.7081
49.9628
14.3589
-2.80387
-7.34876
1.72583
2.11833
1.13691
-1.46583
-1.88246
1.41591
0.989414
-0.081455
-0.7726
-0.931135
0.956332
0.786063
-0.374767
-0.491239
-0.518747
0.533622
0.755826
-0.330817
-0.460784
-0.27418
0.229272
0.664915
-0.0856951
-0.494002
-0.204092
0.0856367
0.478226
0.182718
-0.399523
-0.283807
0.00845335
0.290636
0.318926
-0.156224
-0.337019
-0.114774
0.127708
0.315739
0.0976237
-0.237579
-0.209407
-0.0540396
0.178462
0.263204
-0.0333086
-0.187453
-0.132946
-0.0666017
0.187401
0.212389
-0.0745982
-0.0998905
100.011
99.9886
99.9738
100.023
100.053
99.9576
99.9258
100.057
100.092
99.9525
99.8534
100.076
100.153
99.9565
99.7995
100.009
100.28
99.961
99.7684
99.8908
100.338
100.155
99.6104
99.8547
100.207
100.479
99.6413
99.4945
100.293
100.456
100.212
98.9888
99.9067
100.947
100.304
99.5127
98.4349
101.208
101.751
99.0593
97.952
98.1974
107.168
102.886
85.6829
49.9624
14.3834
-2.72877
-7.43673
1.69829
2.15353
1.14954
-1.40337
-1.96731
1.37375
1.05971
-0.0811891
-0.731258
-0.987853
0.885695
0.876768
-0.364545
-0.488926
-0.530973
0.441239
0.826831
-0.274895
-0.5027
-0.259886
0.158065
0.666115
0.0219565
-0.535497
-0.221135
0.0816009
0.412144
0.270831
-0.360582
-0.359491
0.0367623
0.252671
0.295533
-0.0472851
-0.374779
-0.159792
0.178251
0.245714
0.113425
-0.147666
-0.285069
-0.0462278
0.22702
0.164092
0.00196582
-0.120222
-0.212397
-0.00822547
0.228597
0.0797955
-0.0441433
100.001
100.018
99.9748
99.9722
100.038
100.053
99.9358
99.9319
100.077
100.089
99.926
99.8572
100.109
100.143
99.9316
99.7917
100.052
100.28
99.9234
99.7637
99.9173
100.373
100.101
99.5973
99.8804
100.239
100.468
99.5739
99.5354
100.32
100.466
100.166
98.9519
99.9875
100.945
100.289
99.4617
98.4404
101.299
101.708
99.0323
97.9221
98.23
107.249
102.809
85.6567
49.9649
14.4202
-2.66219
-7.53344
1.67432
2.19144
1.17401
-1.35056
-2.06454
1.34118
1.13219
-0.0715109
-0.696273
-1.06438
0.829778
0.97405
-0.352963
-0.485115
-0.569969
0.359464
0.920057
-0.228995
-0.540379
-0.266881
0.0769875
0.709198
0.124508
-0.591212
-0.240316
0.0478187
0.381017
0.394002
-0.36012
-0.44138
0.0499377
0.206991
0.343226
0.0570068
-0.469615
-0.202584
0.207913
0.20919
0.211508
-0.111883
-0.425374
-0.0317859
0.262314
0.143498
0.116406
-0.153657
-0.368154
0.0563956
0.27349
0.0719354
99.9915
100.015
100.018
99.9597
99.9763
100.055
100.047
99.9137
99.9452
100.097
100.08
99.8973
99.8696
100.141
100.128
99.9043
99.7897
100.1
100.271
99.8844
99.7613
99.9514
100.402
100.04
99.5888
99.9097
100.276
100.448
99.5057
99.5828
100.351
100.476
100.109
98.9201
100.074
100.945
100.267
99.404
98.4542
101.394
101.666
98.9951
97.8894
98.2733
107.333
102.731
85.6168
49.9678
14.4717
-2.5967
-7.63092
1.63435
2.23025
1.22075
-1.30347
-2.16535
1.29466
1.20062
-0.029246
-0.667789
-1.15497
0.768411
1.05925
-0.303778
-0.474571
-0.643489
0.278933
1.00309
-0.157911
-0.542508
-0.321907
-0.0211947
0.764427
0.230363
-0.594145
-0.280864
-0.0520828
0.373396
0.531047
-0.330503
-0.486905
-0.021113
0.124504
0.448356
0.176648
-0.518464
-0.258178
0.116794
0.186317
0.389391
-0.0556373
-0.519855
-0.0876599
0.161041
0.185249
0.33245
-0.156109
-0.487321
-0.00359069
0.161162
99.9956
99.9909
100.03
100.011
99.945
99.9856
100.072
100.034
99.8925
99.9644
100.115
100.067
99.8674
99.8895
100.172
100.109
99.8752
99.7927
100.152
100.254
99.8456
99.7596
99.9915
100.429
99.9735
99.5836
99.9397
100.317
100.42
99.4369
99.6327
100.382
100.487
100.046
98.8884
100.162
100.948
100.245
99.3408
98.4666
101.494
101.63
98.9521
97.852
98.3144
107.425
102.662
85.5631
49.9677
14.523
-2.51983
-7.71697
1.56998
2.26635
1.27496
-1.24798
-2.24899
1.21543
1.25882
0.036632
-0.636522
-1.22652
0.677464
1.11284
-0.212786
-0.455319
-0.711274
0.187425
1.02892
-0.0488922
-0.500746
-0.394648
-0.118139
0.763465
0.327256
-0.507112
-0.326178
-0.179617
0.343021
0.60647
-0.226841
-0.45176
-0.150169
0.0129448
0.504865
0.275504
-0.428161
-0.280686
-0.069907
0.129178
0.505957
0.0405383
-0.43631
-0.161264
-0.065246
0.178076
0.483616
-0.0600125
-0.392311
-0.111707
100.004
99.9829
99.9965
100.044
99.9994
99.933
99.9995
100.087
100.016
99.8747
99.9878
100.131
100.049
99.8388
99.9159
100.199
100.087
99.8465
99.8005
100.203
100.232
99.8109
99.7582
100.034
100.45
99.9071
99.5835
99.9665
100.359
100.389
99.372
99.6835
100.409
100.502
99.9825
98.8582
100.249
100.949
100.23
99.2767
98.4741
101.594
101.595
98.9164
97.8119
98.3434
107.525
102.598
85.5119
49.9639
14.5561
-2.42868
-7.78995
1.49758
2.29986
1.30828
-1.17598
-2.30589
1.11388
1.31169
0.0880092
-0.597214
-1.25222
0.558045
1.14235
-0.11834
-0.440999
-0.723692
0.0885
0.992911
0.0740299
-0.456779
-0.430925
-0.175071
0.678498
0.399293
-0.380035
-0.360685
-0.242821
0.27675
0.573558
-0.0829471
-0.372381
-0.246647
-0.0493596
0.44312
0.294244
-0.244256
-0.258289
-0.202465
0.0754675
0.442398
0.100041
-0.221009
-0.178197
-0.219923
0.122664
0.401826
0.0238908
-0.131126
100.008
99.9974
99.972
100.007
100.055
99.983
99.9254
100.017
100.099
99.9933
99.863
100.014
100.142
100.028
99.8147
99.9482
100.218
100.063
99.8207
99.8151
100.249
100.201
99.783
99.7595
100.079
100.461
99.8434
99.5923
99.9895
100.399
100.352
99.3178
99.7368
100.427
100.517
99.9187
98.8384
100.33
100.939
100.222
99.2157
98.4854
101.686
101.551
98.8957
97.7737
98.3669
107.619
102.529
85.4804
49.9604
14.5722
-2.33572
-7.86454
1.44377
2.33601
1.31133
-1.09591
-2.35471
1.02208
1.37457
0.0986309
-0.555014
-1.2488
0.436138
1.18497
-0.0605939
-0.449079
-0.682047
-0.00808703
0.952758
0.183051
-0.466876
-0.41714
-0.184244
0.561301
0.467597
-0.304526
-0.403371
-0.203331
0.205486
0.495299
0.0431453
-0.356747
-0.273765
-0.00471774
0.31985
0.265238
-0.10292
-0.279782
-0.191663
0.107487
0.274119
0.101886
-0.0763744
-0.205457
-0.165747
0.141879
0.182629
0.0214507
99.999
100.018
99.987
99.9654
100.021
100.06
99.9634
99.9241
100.036
100.104
99.9666
99.8597
100.042
100.146
100.003
99.7979
99.9868
100.227
100.035
99.7991
99.8395
100.288
100.162
99.7615
99.7673
100.125
100.456
99.7821
99.6117
100.013
100.433
100.302
99.2775
99.7963
100.438
100.524
99.8513
98.8373
100.409
100.918
100.212
99.1574
98.5144
101.768
101.494
98.8806
97.7405
98.4041
107.698
102.445
85.4642
49.9615
14.5958
-2.25671
-7.95773
1.41448
2.37845
1.31114
-1.02372
-2.42745
0.958302
1.45476
0.089826
-0.51512
-1.26832
0.331906
1.26792
-0.0337172
-0.470393
-0.646845
-0.10928
0.971098
0.280307
-0.527864
-0.393514
-0.202911
0.485177
0.580631
-0.305186
-0.47224
-0.140134
0.139849
0.493712
0.152783
-0.451261
-0.285278
0.0703481
0.234114
0.319248
-0.0531398
-0.418605
-0.127979
0.18228
0.182451
0.17471
-0.0945313
-0.358265
-0.0324854
0.229696
0.0871118
99.9915
100.01
100.022
99.9737
99.9645
100.038
100.058
99.9421
99.93
100.058
100.102
99.9362
99.8659
100.073
100.143
99.9718
99.7895
100.032
100.227
100.002
99.7809
99.8759
100.321
100.112
99.7432
99.7836
100.176
100.437
99.7201
99.6394
100.045
100.461
100.238
99.2466
99.8638
100.451
100.52
99.7752
98.8527
100.492
100.894
100.187
99.0976
98.5642
101.847
101.431
98.8514
97.7106
98.4659
107.769
102.351
85.4375
49.9668
14.6496
-2.19187
-8.06707
1.3826
2.42185
1.34673
-0.963962
-2.5315
0.902841
1.53468
0.114325
-0.471573
-1.34127
0.236958
1.36521
0.00980366
-0.463323
-0.67297
-0.232973
1.03575
0.383753
-0.557646
-0.398225
-0.301504
0.457491
0.739848
-0.304033
-0.525177
-0.168258
0.0384424
0.598724
0.285531
-0.547703
-0.323614
0.019632
0.186875
0.512782
-0.00555596
-0.571384
-0.14464
0.12104
0.204026
0.414001
-0.13041
-0.547127
-0.0371298
0.166631
99.9977
99.9878
100.024
100.019
99.9588
99.9696
100.057
100.049
99.92
99.9427
100.081
100.093
99.903
99.8808
100.105
100.134
99.9353
99.7884
100.083
100.221
99.9643
99.764
99.9227
100.35
100.056
99.7247
99.8063
100.233
100.406
99.6553
99.6703
100.084
100.489
100.162
99.217
99.9369
100.473
100.508
99.6895
98.8718
100.583
100.878
100.148
99.0314
98.6205
101.937
101.375
98.7998
97.6781
98.5393
107.849
102.264
85.3795
49.9706
14.7256
-2.12222
-8.16765
1.31406
2.45578
1.42298
-0.904007
-2.63134
0.81689
1.58392
0.19745
-0.41549
-1.43136
0.128706
1.41076
0.103664
-0.398168
-0.742127
-0.370929
1.05814
0.487805
-0.478271
-0.419616
-0.465508
0.416984
0.858525
-0.214752
-0.487148
-0.296727
-0.118254
0.689713
0.419947
-0.488685
-0.340614
-0.190263
0.102606
0.698189
0.106307
-0.531428
-0.217995
-0.143571
0.196445
0.659119
-0.0356383
-0.508676
-0.15647
100.005
99.9855
99.9906
100.038
100.01
99.9444
99.9803
100.076
100.033
99.8994
99.9605
100.104
100.078
99.8695
99.9022
100.136
100.122
99.8958
99.7936
100.135
100.21
99.926
99.7472
99.9756
100.374
99.9974
99.7067
99.8297
100.295
100.371
99.5912
99.7001
100.125
100.521
100.082
99.1858
100.009
100.499
100.501
99.5988
98.8845
100.678
100.868
100.11
98.9581
98.6652
102.039
101.328
98.7425
97.6379
98.5973
107.951
102.195
85.3019
49.9679
14.7866
-2.02885
-8.2374
1.20844
2.47846
1.49568
-0.829287
-2.68061
0.687086
1.59622
0.300909
-0.354668
-1.46396
0.00198075
1.37119
0.227314
-0.30822
-0.777742
-0.47604
0.969415
0.565351
-0.318559
-0.424526
-0.580124
0.320588
0.843261
-0.0504644
-0.362931
-0.411753
-0.250088
0.632323
0.468718
-0.269016
-0.285786
-0.38826
-0.0121505
0.668813
0.20465
-0.267696
-0.225417
-0.400169
0.0930295
0.632863
0.098358
-0.184346
100.006
100.002
99.9735
99.999
100.05
99.997
99.9326
99.9955
100.093
100.012
99.8833
99.9818
100.124
100.058
99.8399
99.9288
100.161
100.108
99.8574
99.8056
100.183
100.194
99.892
99.7329
100.03
100.389
99.9432
99.6938
99.8503
100.354
100.332
99.5371
99.7288
100.159
100.555
100.003
99.1622
100.073
100.517
100.503
99.5103
98.8962
100.764
100.855
100.091
98.8827
98.6977
102.139
101.282
98.7078
97.5915
98.6294
108.062
102.131
85.2429
49.9606
14.8056
-1.91605
-8.28646
1.10686
2.50366
1.51469
-0.741388
-2.67834
0.544376
1.60883
0.358467
-0.312773
-1.41022
-0.126308
1.29958
0.331874
-0.272441
-0.73281
-0.513869
0.808026
0.619474
-0.20207
-0.418969
-0.550889
0.198218
0.725757
0.100405
-0.279742
-0.419966
-0.247515
0.448736
0.417988
-0.0609447
-0.236915
-0.392721
-0.0413056
0.433775
0.205612
-0.0193584
-0.186583
-0.387051
0.0362256
0.333267
0.107907
99.9979
100.016
99.9941
99.9644
100.012
100.058
99.9802
99.926
100.014
100.103
99.9866
99.8751
100.005
100.137
100.033
99.8187
99.9606
100.178
100.089
99.8241
99.828
100.221
100.17
99.8639
99.7267
100.084
100.388
99.8948
99.6909
99.8718
100.404
100.282
99.501
99.7604
100.184
100.581
99.9255
99.16
100.129
100.522
100.507
99.4289
98.9253
100.831
100.828
100.087
98.814
98.7393
102.216
101.223
98.7032
97.5477
98.6584
108.155
102.051
85.2264
49.9565
14.8021
-1.81068
-8.35352
1.05033
2.54725
1.48474
-0.655643
-2.68327
0.431314
1.66903
0.351502
-0.29767
-1.33249
-0.246392
1.29224
0.400113
-0.324843
-0.646471
-0.526494
0.685149
0.704916
-0.210012
-0.440882
-0.432652
0.0954445
0.663999
0.197909
-0.353152
-0.363227
-0.14016
0.287672
0.410312
-0.00116214
-0.330971
-0.248375
0.043342
0.23357
0.215901
-0.00849143
-0.274896
-0.156628
0.123382
0.0956581
99.9924
100.007
100.022
99.9825
99.961
100.028
100.058
99.9612
99.9268
100.036
100.104
99.9583
99.8769
100.032
100.143
100.001
99.8089
99.9984
100.185
100.062
99.7975
99.8642
100.249
100.136
99.8392
99.7344
100.14
100.368
99.8483
99.6989
99.9031
100.442
100.216
99.4813
99.8011
100.209
100.586
99.8433
99.1833
100.183
100.519
100.493
99.354
98.9836
100.885
100.788
100.073
98.7577
98.8118
102.267
101.147
98.7003
97.5159
98.72
108.215
101.946
85.2288
49.9611
14.8293
-1.73388
-8.46466
1.02972
2.60481
1.47219
-0.580643
-2.75605
0.352796
1.77353
0.337669
-0.276563
-1.32575
-0.374243
1.37725
0.462357
-0.390795
-0.596521
-0.610077
0.656904
0.860549
-0.27521
-0.482136
-0.391546
-0.00865612
0.765839
0.2944
-0.513615
-0.34294
-0.12108
0.22436
0.589179
-0.0192138
-0.533977
-0.167602
0.0540035
0.230121
0.42354
-0.138298
-0.507132
-0.0298193
0.150046
99.9987
99.9877
100.018
100.021
99.9685
99.9644
100.047
100.05
99.9408
99.9357
100.06
100.096
99.9269
99.8888
100.062
100.139
99.9618
99.81
100.043
100.184
100.026
99.7759
99.9145
100.271
100.091
99.8127
99.7569
100.201
100.331
99.7975
99.714
99.9501
100.47
100.135
99.4667
99.8535
100.245
100.572
99.7515
99.2198
100.25
100.52
100.451
99.2787
99.0616
100.946
100.747
100.026
98.7092
98.9116
102.32
101.066
98.6609
97.4954
98.8216
108.265
101.834
85.1964
49.9702
14.9168
-1.67451
-8.59667
0.987025
2.64892
1.5373
-0.506751
-2.88319
0.268819
1.85357
0.391224
-0.203134
-1.40775
-0.525
1.46189
0.548015
-0.348663
-0.604959
-0.799117
0.656698
1.02522
-0.249508
-0.4625
-0.514297
-0.169454
0.933789
0.428532
-0.541646
-0.362523
-0.326426
0.172747
0.864303
0.0433707
-0.594804
-0.235954
-0.197572
0.294749
0.764778
-0.133053
-0.590873
-0.148819
100.006
99.9875
99.9897
100.031
100.014
99.9537
99.9748
100.066
100.034
99.9204
99.9516
100.086
100.079
99.894
99.9085
100.095
100.13
99.9166
99.8192
100.092
100.179
99.9823
99.7566
99.975
100.29
100.04
99.7823
99.788
100.267
100.287
99.7414
99.7295
100.009
100.498
100.044
99.447
99.9123
100.292
100.551
99.6494
99.2516
100.331
100.53
100.396
99.1936
99.1357
101.031
100.714
99.9543
98.6541
99.0093
102.401
100.996
98.5813
97.473
98.9278
108.344
101.742
85.1041
49.9735
15.028
-1.59673
-8.69269
0.876003
2.65805
1.65933
-0.420419
-2.97439
0.140643
1.84209
0.51674
-0.0806345
-1.48521
-0.674665
1.42048
0.642081
-0.173714
-0.617367
-0.989857
0.577026
1.0721
-0.078705
-0.331405
-0.690399
-0.358659
0.950718
0.532827
-0.323347
-0.331059
-0.622525
0.0447707
0.949003
0.189091
-0.341393
-0.306628
-0.577019
0.220329
0.885859
0.0532584
-0.282636
100.005
100.004
99.9758
99.9979
100.044
100.002
99.9401
99.9908
100.083
100.013
99.9023
99.9719
100.111
100.056
99.8633
99.9326
100.126
100.116
99.8702
99.8346
100.139
100.172
99.9376
99.7392
100.038
100.304
99.9913
99.7507
99.8197
100.334
100.241
99.6887
99.7404
100.067
100.531
99.9525
99.4262
99.9647
100.342
100.541
99.5434
99.2747
100.41
100.548
100.355
99.0964
99.1932
101.126
100.689
99.8964
98.5806
99.0804
102.511
100.939
98.5051
97.433
98.9938
108.466
101.678
84.9928
49.966
15.0898
-1.47851
-8.72443
0.719874
2.64846
1.74491
-0.325777
-2.95519
-0.0233237
1.76096
0.637644
0.0178815
-1.44964
-0.775592
1.2421
0.712535
0.00355846
-0.582195
-1.02853
0.401521
0.964289
0.129759
-0.180197
-0.731718
-0.449489
0.73696
0.525134
-0.0197852
-0.239234
-0.717501
-0.083933
0.703693
0.270708
0.0353103
-0.257017
-0.701116
0.0539063
0.582817
0.182445
99.9978
100.015
99.9959
99.9663
100.011
100.052
99.9856
99.9305
100.01
100.095
99.9891
99.8903
99.9946
100.131
100.029
99.8405
99.9593
100.151
100.099
99.8294
99.857
100.177
100.162
99.8979
99.7288
100.098
100.306
99.9515
99.7249
99.8502
100.391
100.192
99.6529
99.7474
100.117
100.559
99.8686
99.4206
100
100.384
100.539
99.446
99.3049
100.464
100.561
100.339
98.9999
99.2472
101.197
100.666
99.8789
98.4953
99.134
102.608
100.881
98.4821
97.3755
99.018
108.596
101.615
84.935
49.9546
15.0734
-1.34007
-8.73489
0.595972
2.66634
1.72618
-0.241397
-2.86235
-0.177968
1.72022
0.68014
0.0210646
-1.30424
-0.825642
1.06435
0.771687
0.0238263
-0.519906
-0.89809
0.217301
0.846285
0.239088
-0.178318
-0.598359
-0.382278
0.461363
0.477912
0.100346
-0.229089
-0.514984
-0.0860471
0.357954
0.261973
0.15337
-0.216654
-0.41947
0.0152407
0.153702
99.9932
100.006
100.021
99.9849
99.962
100.026
100.054
99.9682
99.9281
100.032
100.097
99.9639
99.888
100.019
100.141
99.9981
99.8308
99.9889
100.166
100.075
99.7999
99.8901
100.201
100.143
99.8646
99.7344
100.15
100.289
99.9196
99.7118
99.887
100.427
100.136
99.6399
99.7592
100.16
100.564
99.7936
99.4433
100.024
100.412
100.524
99.3695
99.3615
100.487
100.562
100.325
98.9261
99.3238
101.221
100.633
99.8839
98.425
99.2067
102.65
100.81
98.5085
97.3222
99.052
108.679
101.518
84.9542
49.9518
15.0393
-1.2268
-8.80326
0.553165
2.73645
1.64715
-0.171802
-2.82416
-0.296361
1.80376
0.658888
-0.0417901
-1.17181
-0.900634
1.03103
0.872359
-0.109449
-0.482162
-0.779042
0.0922113
0.911789
0.249738
-0.35489
-0.444483
-0.307115
0.343117
0.585983
-0.0119482
-0.391724
-0.259836
-0.0384265
0.263396
0.363012
-0.0776006
-0.363908
-0.0699062
0.0825209
99.9987
99.9889
100.016
100.021
99.972
99.9654
100.042
100.046
99.9505
99.9355
100.055
100.088
99.9379
99.8977
100.046
100.137
99.9616
99.836
100.024
100.168
100.04
99.7836
99.9368
100.213
100.111
99.8344
99.7624
100.199
100.252
99.8862
99.7142
99.9402
100.44
100.065
99.6404
99.7885
100.206
100.535
99.7211
99.4898
100.057
100.43
100.472
99.313
99.4466
100.505
100.549
100.277
98.8859
99.4334
101.221
100.586
99.8603
98.3928
99.3234
102.647
100.722
98.5199
97.2986
99.1495
108.701
101.385
84.9853
49.962
15.0839
-1.15976
-8.95607
0.549315
2.82171
1.63191
-0.0925599
-2.9244
-0.4008
1.95612
0.661815
-0.0417202
-1.16115
-1.07878
1.12155
1.02237
-0.203574
-0.458136
-0.8687
-0.0126185
1.15854
0.280848
-0.496871
-0.417052
-0.455566
0.383357
0.896643
-0.122306
-0.550898
-0.245683
-0.198948
0.44928
0.697183
-0.307574
-0.551737
-0.0792526
100.005
99.9886
99.9912
100.027
100.014
99.9588
99.9772
100.058
100.03
99.9331
99.9528
100.078
100.067
99.9111
99.9183
100.077
100.122
99.9192
99.8536
100.066
100.162
99.9915
99.7767
99.9966
100.22
100.065
99.8025
99.8099
100.249
100.2
99.8422
99.7283
100.012
100.44
99.9803
99.6383
99.8397
100.262
100.482
99.6393
99.5415
100.118
100.448
100.387
99.2574
99.5432
100.552
100.525
100.185
98.8601
99.56
101.247
100.525
99.7786
98.3886
99.4677
102.659
100.627
98.4555
97.3052
99.3021
108.717
101.254
84.9336
49.975
15.231
-1.10723
-9.12157
0.486301
2.85077
1.75141
0.0219104
-3.09144
-0.530346
2.01446
0.748041
0.114661
-1.23972
-1.32348
1.15694
1.13369
-0.0795619
-0.375749
-1.13701
-0.167316
1.33433
0.392622
-0.356423
-0.471767
-0.830463
0.381132
1.15046
-0.0178518
-0.408589
-0.442769
-0.631112
0.580549
1.00333
-0.191293
-0.396043
100.005
100.002
99.9787
100
100.037
100
99.947
99.9964
100.071
100.007
99.9169
99.9775
100.101
100.038
99.8847
99.9459
100.111
100.099
99.8734
99.8786
100.112
100.152
99.9355
99.774
100.064
100.225
100.012
99.7664
99.866
100.304
100.145
99.7899
99.7433
100.095
100.443
99.8863
99.6266
99.8991
100.329
100.429
99.5421
99.5843
100.197
100.475
100.298
99.1801
99.6323
100.634
100.503
100.081
98.8107
99.6777
101.326
100.461
99.6695
98.3677
99.5973
102.74
100.538
98.3317
97.3075
99.4387
108.804
101.164
84.7819
49.9757
15.3875
-1.01407
-9.19375
0.316421
2.79935
1.93032
0.155716
-3.15271
-0.687329
1.88258
0.879593
0.351825
-1.2656
-1.48135
0.996004
1.11065
0.210897
-0.221573
-1.32026
-0.341503
1.19792
0.502628
0.0276041
-0.459314
-1.11357
0.218217
1.0321
0.219482
0.0380738
-0.555039
-0.98107
0.410708
0.870529
0.152116
99.9985
100.013
99.9937
99.9709
100.014
100.044
99.982
99.9384
100.02
100.081
99.9801
99.9045
100.006
100.121
100.005
99.863
99.9753
100.142
100.072
99.8309
99.9069
100.153
100.142
99.8802
99.7749
100.128
100.228
99.9645
99.7291
99.9209
100.356
100.093
99.7433
99.7494
100.176
100.45
99.7979
99.6146
99.9431
100.401
100.39
99.4423
99.6196
100.262
100.515
100.233
99.0831
99.7092
100.71
100.501
100.009
98.7213
99.7769
101.421
100.414
99.5974
98.2941
99.6891
102.87
100.461
98.2384
97.2657
99.4985
108.967
101.111
84.6274
49.9614
15.4303
-0.862429
-9.15325
0.105635
2.73605
2.01131
0.255066
-3.02108
-0.835675
1.66451
0.970133
0.469928
-1.14948
-1.44524
0.703092
0.998931
0.420311
-0.111603
-1.20469
-0.42651
0.823765
0.527838
0.305602
-0.36155
-0.99578
0.0161056
0.597568
0.35463
0.36801
-0.444137
-0.836359
0.111374
0.331876
99.9939
100.007
100.018
99.9816
99.9678
100.03
100.045
99.9633
99.936
100.043
100.083
99.9549
99.8995
100.033
100.131
99.9719
99.852
100.003
100.164
100.043
99.8013
99.9375
100.181
100.129
99.8342
99.786
100.177
100.221
99.93
99.7003
99.9727
100.387
100.048
99.7169
99.7494
100.244
100.444
99.7321
99.6179
99.9619
100.465
100.354
99.3695
99.6595
100.285
100.561
100.185
99.0037
99.7827
100.732
100.52
99.9745
98.6275
99.8692
101.459
100.392
99.5911
98.1883
99.7646
102.959
100.395
98.2469
97.1814
99.5038
109.125
101.045
84.5902
49.9463
15.347
-0.697507
-9.11093
-0.0266548
2.76314
1.92616
0.291951
-2.81426
-0.956421
1.58316
0.990572
0.361611
-0.957471
-1.31587
0.483249
0.988884
0.379222
-0.168034
-0.889787
-0.415739
0.564056
0.550033
0.194913
-0.324452
-0.585372
-0.0710901
0.30832
0.362218
0.189323
-0.315744
-0.308108
-0.0129288
99.998
99.9907
100.016
100.018
99.9693
99.9718
100.044
100.039
99.947
99.9431
100.063
100.074
99.9336
99.9063
100.059
100.127
99.9414
99.8572
100.031
100.17
100.008
99.792
99.9732
100.191
100.107
99.8021
99.8172
100.208
100.197
99.9036
99.6936
100.027
100.384
100.005
99.7128
99.7626
100.297
100.405
99.6935
99.6446
99.9746
100.505
100.293
99.3449
99.7147
100.279
100.589
100.125
98.9842
99.8635
100.7
100.536
99.9386
98.5924
99.9717
101.413
100.381
99.606
98.123
99.8665
102.939
100.328
98.3216
97.1095
99.5477
109.179
100.922
84.6755
49.9473
15.2733
-0.583702
-9.20359
-0.0382882
2.89704
1.78897
0.317684
-2.7521
-1.08317
1.73665
0.998585
0.17106
-0.829877
-1.34064
0.448738
1.20569
0.19849
-0.318823
-0.700835
-0.485531
0.658408
0.726672
-0.156378
-0.407136
-0.35521
-0.132566
0.518207
0.465629
-0.319159
-0.367806
-0.027091
100.004
99.9889
99.9937
100.025
100.01
99.9595
99.9842
100.055
100.023
99.9349
99.9617
100.079
100.051
99.9162
99.9275
100.083
100.104
99.9116
99.8797
100.062
100.158
99.9646
99.8032
100.019
100.187
100.065
99.7828
99.8724
100.228
100.153
99.873
99.7164
100.091
100.351
99.9515
99.7203
99.8094
100.337
100.328
99.6638
99.692
100.015
100.512
100.196
99.3526
99.7905
100.288
100.573
100.029
99.0223
99.9602
100.667
100.509
99.8607
98.6389
100.092
101.339
100.34
99.567
98.1509
100.013
102.849
100.245
98.3429
97.1095
99.6963
109.131
100.756
84.7438
49.9649
15.362
-0.533118
-9.43523
-0.0232338
3.02297
1.79069
0.42433
-2.91563
-1.25764
1.95495
1.05484
0.179427
-0.813454
-1.63913
0.491056
1.50601
0.149059
-0.305693
-0.820748
-0.79481
0.934781
1.01772
-0.294398
-0.410272
-0.606666
-0.397136
0.996512
0.745365
-0.524551
-0.407824
100.004
100
99.9819
100.004
100.031
99.9954
99.9538
100.005
100.06
99.9983
99.9269
99.9911
100.091
100.017
99.9016
99.9614
100.107
100.067
99.8805
99.9159
100.099
100.132
99.9113
99.8276
100.076
100.176
100.006
99.7691
99.9463
100.249
100.091
99.83
99.7603
100.168
100.308
99.8768
99.7272
99.8882
100.377
100.232
99.6145
99.7512
100.094
100.501
100.075
99.3474
99.8871
100.344
100.519
99.904
99.0607
100.08
100.69
100.427
99.741
98.7097
100.23
101.33
100.242
99.4513
98.2343
100.18
102.816
100.132
98.232
97.1747
99.9082
109.102
100.61
84.6468
49.9807
15.6061
-0.485322
-9.64279
-0.121288
3.00117
1.98933
0.632963
-3.12952
-1.4551
1.94999
1.13835
0.493162
-0.814291
-2.01159
0.415524
1.56974
0.347574
0.0227755
-1.07011
-1.2098
0.986973
1.12666
0.0181614
-0.110301
-1.07541
-0.827243
1.13783
0.890928
-0.0868774
99.9998
100.011
99.9903
99.9786
100.019
100.033
99.975
99.9528
100.031
100.061
99.9681
99.9229
100.027
100.099
99.9763
99.8895
100.002
100.131
100.023
99.8493
99.958
100.139
100.101
99.8526
99.8564
100.139
100.164
99.9394
99.7526
100.027
100.275
100.024
99.7788
99.8042
100.256
100.27
99.7889
99.7269
99.9719
100.432
100.14
99.5393
99.8093
100.186
100.507
99.9533
99.3006
99.9939
100.426
100.475
99.7768
99.0417
100.219
100.762
100.337
99.6178
98.7142
100.382
101.41
100.116
99.3176
98.2639
100.33
102.918
100.002
98.0503
97.2204
100.066
109.217
100.53
84.3992
49.9762
15.8153
-0.367625
-9.6543
-0.36395
2.83284
2.22496
0.836598
-3.12575
-1.59074
1.63454
1.18024
0.875487
-0.728951
-2.10081
0.175872
1.26154
0.623831
0.450761
-1.11483
-1.35651
0.64895
0.846489
0.50275
0.343097
-1.21057
-1.01224
0.682517
0.577562
99.9949
100.009
100.012
99.9769
99.9799
100.036
100.03
99.9535
99.9566
100.058
100.056
99.9385
99.9234
100.062
100.101
99.9374
99.8823
100.041
100.15
99.9786
99.8249
99.9973
100.174
100.072
99.7988
99.886
100.192
100.155
99.8811
99.7342
100.102
100.296
99.9716
99.7313
99.8337
100.342
100.238
99.7171
99.7183
100.033
100.501
100.059
99.471
99.8493
100.253
100.55
99.8445
99.2404
100.083
100.483
100.488
99.6638
98.9771
100.351
100.816
100.31
99.5238
98.6303
100.535
101.497
100.036
99.2456
98.1712
100.45
103.087
99.8893
97.9512
97.1624
100.103
109.456
100.491
84.1942
49.9539
15.804
-0.176161
-9.49144
-0.625567
2.69605
2.27423
0.895224
-2.83995
-1.62834
1.26006
1.17636
0.958325
-0.580845
-1.7941
-0.0829866
0.863304
0.73578
0.549406
-0.862764
-1.05501
0.193002
0.429669
0.687051
0.459997
-0.834879
-0.664493
0.0561711
99.9965
99.9942
100.019
100.009
99.9645
99.9864
100.05
100.021
99.9363
99.9665
100.078
100.046
99.9162
99.9311
100.091
100.094
99.9078
99.885
100.072
100.157
99.9403
99.8177
100.029
100.193
100.044
99.764
99.9192
100.22
100.145
99.8393
99.7291
100.16
100.293
99.9424
99.6996
99.8579
100.401
100.197
99.6887
99.7081
100.069
100.554
99.987
99.4545
99.8632
100.283
100.6
99.752
99.2303
100.126
100.489
100.544
99.568
98.9487
100.434
100.796
100.364
99.4575
98.5477
100.658
101.483
100.05
99.2491
98.0233
100.558
103.153
99.8277
98.0173
97.0185
100.082
109.65
100.415
84.2118
49.9366
15.609
0.0122421
-9.38488
-0.7477
2.77389
2.09707
0.808376
-2.5146
-1.66357
1.17954
1.21588
0.654846
-0.476168
-1.41916
-0.226156
0.835479
0.664873
0.172538
-0.559885
-0.647371
-0.00839092
0.424948
0.475589
2.10354e-05
-0.359914
-0.153088
100.003
99.9882
99.9986
100.027
100.001
99.9576
99.9981
100.057
100.007
99.9281
99.984
100.087
100.027
99.9051
99.9501
100.107
100.071
99.8906
99.9033
100.094
100.142
99.9091
99.8346
100.055
100.19
100.009
99.7589
99.9616
100.221
100.121
99.813
99.7569
100.197
100.258
99.9245
99.6943
99.901
100.415
100.138
99.6984
99.7165
100.106
100.548
99.9178
99.4988
99.8727
100.297
100.594
99.678
99.302
100.135
100.465
100.562
99.4913
99.0251
100.461
100.719
100.417
99.3979
98.5859
100.731
101.354
100.106
99.2612
97.9779
100.675
103.03
99.8038
98.154
96.9165
100.146
109.641
100.257
84.407
49.9438
15.4897
0.11814
-9.54574
-0.714428
3.03296
1.9042
0.763687
-2.46296
-1.84461
1.45355
1.35776
0.314543
-0.434087
-1.44417
-0.306591
1.28836
0.614018
-0.266633
-0.46165
-0.72094
0.0599887
1.02118
0.245004
-0.56304
-0.251764
100.005
99.9979
99.9841
100.008
100.028
99.988
99.9591
100.015
100.053
99.9865
99.9313
100.01
100.083
99.9977
99.9058
99.983
100.112
100.033
99.8835
99.9405
100.112
100.103
99.8815
99.8751
100.087
100.164
99.9603
99.7815
100.019
100.205
100.071
99.7962
99.8231
100.225
100.195
99.8911
99.7205
99.977
100.391
100.055
99.7103
99.7679
100.163
100.478
99.8413
99.5637
99.9239
100.32
100.502
99.6151
99.4165
100.17
100.45
100.475
99.433
99.1805
100.486
100.652
100.359
99.3339
98.7588
100.784
101.215
100.08
99.2087
98.1173
100.808
102.827
99.7492
98.1722
96.9721
100.361
109.476
100.055
84.5188
49.9695
15.6682
0.148382
-9.91286
-0.685266
3.20948
1.94759
0.958417
-2.72078
-2.18007
1.73646
1.50501
0.389214
-0.334717
-1.94466
-0.472354
1.76093
0.711003
-0.163574
-0.506053
-1.41344
0.0728535
1.65948
0.325907
-0.428744
100.001
100.007
99.9886
99.9866
100.021
100.021
99.9708
99.9695
100.037
100.04
99.9602
99.9445
100.043
100.07
99.9596
99.9154
100.028
100.108
99.9811
99.8811
99.9934
100.129
100.047
99.8516
99.9316
100.127
100.12
99.8977
99.8166
100.094
100.187
99.9936
99.7801
99.9113
100.263
100.118
99.8285
99.7671
100.077
100.365
99.949
99.6947
99.8616
100.239
100.392
99.7386
99.6029
100.039
100.359
100.37
99.5332
99.5054
100.287
100.456
100.311
99.3691
99.3148
100.594
100.637
100.176
99.2629
98.9404
100.89
101.181
99.9025
99.0905
98.3328
100.958
102.759
99.6002
97.9912
97.1479
100.634
109.389
99.9007
84.3319
49.9863
16.0645
0.196804
-10.1681
-0.834021
3.06979
2.24095
1.35227
-2.97134
-2.46417
1.61588
1.47861
0.922633
-0.0922719
-2.43764
-0.720228
1.65378
0.82271
0.571185
-0.431693
-2.10458
-0.15831
1.53139
0.55682
99.9968
100.01
100.004
99.9773
99.9956
100.035
100.008
99.9525
99.9866
100.059
100.021
99.9321
99.9637
100.078
100.051
99.9187
99.9293
100.076
100.101
99.9244
99.8808
100.051
100.146
99.9855
99.8186
99.9924
100.172
100.076
99.829
99.8484
100.177
100.172
99.9125
99.7546
99.9983
100.319
100.038
99.755
99.8041
100.181
100.369
99.8276
99.6595
99.9541
100.326
100.344
99.6018
99.6121
100.174
100.409
100.281
99.4017
99.5445
100.458
100.473
100.184
99.2572
99.362
100.795
100.652
99.9967
99.1703
98.9895
101.095
101.25
99.6676
98.9712
98.4101
101.13
102.914
99.3812
97.7458
97.2573
100.799
109.572
99.8382
83.934
49.9742
16.3322
0.34771
-10.0558
-1.15591
2.69762
2.51914
1.6443
-2.86205
-2.46893
1.07512
1.25892
1.43623
0.1616
-2.35039
-0.855054
0.921162
0.761938
1.28108
-0.193667
-1.99777
-0.402453
0.548224
99.9953
100
100.019
99.9949
99.9673
100.009
100.047
99.9916
99.9374
100.007
100.077
100
99.9088
99.9851
100.108
100.029
99.8851
99.9442
100.119
100.092
99.8757
99.8844
100.098
100.161
99.9314
99.7929
100.044
100.207
100.045
99.7667
99.8755
100.246
100.161
99.8549
99.719
100.072
100.37
99.9757
99.7032
99.8075
100.276
100.387
99.724
99.6368
99.9923
100.416
100.337
99.4666
99.6237
100.245
100.475
100.267
99.2415
99.5728
100.574
100.499
100.173
99.0907
99.3625
100.979
100.652
99.9679
99.0398
98.9103
101.333
101.301
99.5645
98.9047
98.2595
101.316
103.132
99.2114
97.6616
97.1467
100.796
109.942
99.8128
83.6719
49.9436
16.2082
0.581385
-9.69371
-1.45625
2.47039
2.50653
1.56859
-2.39753
-2.24072
0.562648
1.09902
1.40373
0.179689
-1.67462
-0.771784
0.230477
0.626167
1.19994
-0.0809019
-1.06247
-0.363866
100.001
99.9887
100.008
100.024
99.9838
99.9627
100.022
100.051
99.9751
99.9314
100.026
100.084
99.9804
99.8978
100.007
100.123
100.007
99.8683
99.9613
100.145
100.074
99.848
99.8968
100.126
100.164
99.8912
99.7914
100.076
100.219
100.024
99.7288
99.9086
100.274
100.148
99.8286
99.6955
100.129
100.377
99.9444
99.6888
99.7936
100.346
100.372
99.6791
99.6455
99.9758
100.492
100.315
99.4012
99.6621
100.219
100.545
100.266
99.1386
99.6363
100.554
100.537
100.229
98.9448
99.4131
101.01
100.625
100.087
98.899
98.8628
101.461
101.227
99.6772
98.8823
98.0471
101.475
103.149
99.1943
97.8116
96.8856
100.748
110.179
99.7208
83.8014
49.9263
15.8318
0.787092
-9.51259
-1.54954
2.68071
2.22298
1.23256
-1.97228
-2.1426
0.540647
1.28888
0.846517
-0.0571446
-1.06324
-0.706691
0.300803
0.752203
0.347061
-0.28654
-0.232734
100.005
99.9938
99.9869
100.017
100.023
99.9737
99.9673
100.034
100.045
99.9612
99.9395
100.042
100.075
99.9624
99.9051
100.029
100.115
99.9826
99.8732
99.9866
100.147
100.042
99.8458
99.9249
100.136
100.139
99.8666
99.8245
100.095
100.202
99.9955
99.7322
99.9577
100.257
100.121
99.819
99.7195
100.171
100.324
99.9315
99.7046
99.8149
100.374
100.296
99.6935
99.6837
99.9701
100.514
100.231
99.4357
99.7251
100.167
100.572
100.197
99.1653
99.7373
100.449
100.557
100.214
98.9252
99.5559
100.887
100.582
100.177
98.8288
98.9948
101.408
101.052
99.8533
98.8625
98.0511
101.562
102.884
99.2837
98.0148
96.7411
100.846
110.049
99.521
84.1761
49.9418
15.661
0.877906
-9.82039
-1.46529
3.16978
1.98846
1.09297
-1.96934
-2.49873
0.966463
1.76344
0.378633
-0.18127
-1.17331
-1.03657
1.07264
1.22712
-0.35825
-0.470207
100.002
100.005
99.9871
99.9926
100.023
100.012
99.9666
99.983
100.042
100.026
99.9506
99.9632
100.056
100.049
99.9445
99.9324
100.055
100.086
99.9524
99.8987
100.025
100.127
99.993
99.862
99.9751
100.136
100.081
99.8522
99.8876
100.118
100.154
99.9448
99.7755
100.026
100.222
100.058
99.8098
99.8031
100.204
100.235
99.8941
99.7413
99.9056
100.358
100.175
99.7068
99.7519
100.039
100.461
100.094
99.5058
99.8136
100.192
100.507
100.049
99.2782
99.8563
100.412
100.499
100.064
99.04
99.7417
100.782
100.515
100.062
98.8813
99.2745
101.293
100.894
99.8265
98.8291
98.3596
101.595
102.555
99.2863
98.0107
96.9133
101.137
109.69
99.2854
84.3385
49.9751
16.0074
0.888211
-10.4201
-1.43269
3.40773
2.09492
1.49945
-2.33317
-3.16634
1.28734
2.03585
0.582163
0.216832
-1.91545
-1.74428
1.6634
1.5675
-0.0302387
99.9988
100.008
99.9972
99.9832
100.006
100.026
99.9924
99.9636
100.008
100.046
99.9951
99.9432
99.999
100.068
100.009
99.926
99.9742
100.083
100.043
99.9148
99.9381
100.075
100.095
99.9305
99.8844
100.046
100.132
100.003
99.8349
99.9681
100.157
100.084
99.8761
99.831
100.116
100.194
99.9556
99.7957
99.9138
100.254
100.145
99.802
99.7927
100.038
100.344
100.047
99.6533
99.8547
100.17
100.382
99.948
99.5033
99.9444
100.316
100.378
99.8828
99.3321
99.9984
100.528
100.352
99.8511
99.1435
99.9066
100.876
100.398
99.7768
98.9804
99.5197
101.348
100.831
99.5065
98.7945
98.735
101.676
102.477
99.0476
97.7415
97.2844
101.465
109.531
99.1295
83.9848
49.9905
16.651
0.944966
-10.7322
-1.64403
3.02832
2.48206
2.24153
-2.59217
-3.5554
1.00686
1.6716
1.34864
1.02105
-2.4645
-2.21523
1.27088
1.15116
99.996
100.006
100.01
99.9843
99.983
100.024
100.025
99.9683
99.9645
100.038
100.046
99.9603
99.9386
100.04
100.077
99.9647
99.9088
100.02
100.112
99.9957
99.8759
99.9798
100.126
100.064
99.8629
99.906
100.119
100.132
99.925
99.8064
100.051
100.205
100.017
99.8032
99.868
100.22
100.179
99.8481
99.7714
100.003
100.339
100.065
99.686
99.8357
100.151
100.387
99.9242
99.5454
99.9638
100.288
100.372
99.8092
99.4019
100.105
100.447
100.305
99.7472
99.2337
100.176
100.708
100.218
99.7037
99.0669
100.047
101.142
100.257
99.5463
98.9538
99.5973
101.66
100.824
99.1265
98.75
98.8319
101.908
102.715
98.6533
97.4391
97.479
101.62
109.858
99.0886
83.3412
49.9693
16.9882
1.13539
-10.3825
-2.04134
2.29712
2.77634
2.64443
-2.34425
-3.21407
0.241793
0.87844
1.92965
1.49962
-2.10848
-1.81361
0.097133
99.9972
99.9946
100.016
100.009
99.9702
99.9869
100.042
100.02
99.9461
99.9698
100.064
100.042
99.9302
99.9384
100.075
100.081
99.9279
99.8974
100.058
100.134
99.9548
99.8486
100.012
100.168
100.039
99.8081
99.9263
100.171
100.138
99.8639
99.7791
100.118
100.236
99.9819
99.7383
99.8859
100.311
100.163
99.7873
99.7301
100.057
100.432
99.9968
99.6188
99.8335
100.219
100.476
99.8113
99.4745
100.012
100.348
100.458
99.6739
99.3051
100.216
100.493
100.377
99.6314
99.0715
100.341
100.781
100.235
99.655
98.8274
100.189
101.334
100.191
99.5482
98.7205
99.5673
102.021
100.786
99.039
98.6558
98.5758
102.244
102.982
98.4028
97.3963
97.2405
101.566
110.456
99.0727
83.0097
49.9316
16.6448
1.40925
-9.67659
-2.36251
1.95355
2.67701
2.24559
-1.70453
-2.43229
-0.35392
0.490778
1.70939
1.00979
-1.05896
-0.768968
100.003
99.9891
99.9972
100.025
100.003
99.9605
99.9946
100.053
100.011
99.933
99.9803
100.079
100.033
99.9128
99.947
100.096
100.073
99.9073
99.899
100.083
100.135
99.9278
99.845
100.032
100.186
100.015
99.788
99.947
100.188
100.14
99.8263
99.7824
100.151
100.234
99.9764
99.699
99.9122
100.342
100.14
99.7884
99.6901
100.098
100.462
99.9521
99.6364
99.7895
100.261
100.519
99.7385
99.5094
99.9696
100.369
100.542
99.5698
99.3369
100.202
100.462
100.52
99.5231
99.0427
100.398
100.685
100.404
99.6299
98.663
100.312
101.246
100.271
99.7098
98.4427
99.6033
102.097
100.694
99.3274
98.513
98.2894
102.477
102.917
98.5149
97.6488
96.7581
101.498
110.749
98.956
83.3567
49.9165
15.9494
1.62482
-9.3971
-2.41321
2.46555
2.28912
1.40503
-1.21719
-2.13194
-0.26595
1.15375
0.897841
-0.116136
-0.301286
100.004
99.9998
99.9845
100.003
100.028
99.9943
99.9604
100.006
100.052
99.9976
99.9346
99.997
100.076
100.015
99.9127
99.9689
100.097
100.049
99.9041
99.9219
100.094
100.107
99.9154
99.8703
100.048
100.169
99.983
99.8118
99.9748
100.175
100.112
99.817
99.8333
100.148
100.2
99.9659
99.7126
99.9663
100.298
100.106
99.8124
99.7055
100.14
100.387
99.9351
99.7006
99.7797
100.289
100.436
99.7327
99.6191
99.9156
100.379
100.485
99.549
99.4974
100.111
100.423
100.536
99.463
99.2322
100.33
100.534
100.517
99.5663
98.7954
100.365
100.951
100.394
99.7848
98.4138
99.7899
101.795
100.593
99.658
98.4222
98.3834
102.436
102.481
98.8409
97.9117
96.5542
101.641
110.387
98.7117
84.0486
49.9411
15.7053
1.69708
-10.0128
-2.28187
3.41777
2.03502
1.11558
-1.29096
-2.9577
0.306742
2.44286
0.36406
-0.567398
100
100.006
99.9935
99.9872
100.012
100.02
99.9829
99.9721
100.02
100.037
99.9788
99.9522
100.02
100.058
99.9857
99.93
100.005
100.081
100.007
99.9136
99.9699
100.094
100.052
99.9083
99.9239
100.073
100.114
99.9412
99.8651
100.024
100.144
100.039
99.8325
99.9205
100.145
100.129
99.9203
99.7878
100.043
100.226
100.036
99.817
99.8129
100.179
100.254
99.9
99.7564
99.8838
100.291
100.257
99.746
99.7249
99.9837
100.362
100.274
99.593
99.67
100.119
100.399
100.321
99.4826
99.5041
100.289
100.467
100.358
99.4925
99.1584
100.379
100.748
100.332
99.6297
98.7323
100.043
101.436
100.494
99.5911
98.5028
98.9042
102.217
102.034
98.933
97.8653
96.9589
102.01
109.689
98.4475
84.2849
49.9804
16.3779
1.69285
-11.0696
-2.26003
3.76422
2.21521
2.01946
-1.74618
-4.40584
0.621677
2.96829
0.7295
99.9981
100.006
100.001
99.986
99.9983
100.022
100.003
99.9704
99.9941
100.037
100.011
99.9568
99.9812
100.049
100.028
99.9487
99.9587
100.051
100.057
99.9513
99.9295
100.035
100.09
99.981
99.8951
99.9983
100.107
100.042
99.8871
99.9244
100.103
100.104
99.9402
99.8484
100.023
100.173
100.025
99.8492
99.8828
100.137
100.183
99.9063
99.8036
99.9674
100.226
100.147
99.7832
99.7989
100.075
100.279
100.097
99.6702
99.804
100.196
100.308
100.054
99.5725
99.7727
100.333
100.351
100.016
99.4977
99.6556
100.467
100.487
99.9755
99.446
99.4266
100.504
100.833
99.9817
99.3583
99.1139
100.243
101.466
100.336
99.069
98.7158
99.434
102.175
101.979
98.4901
97.5034
97.6814
102.379
109.43
98.297
83.607
49.9922
17.4917
1.76681
-11.4868
-2.53857
2.86678
2.67674
3.54793
-1.97549
-5.02123
0.167635
1.67317
99.9962
100.003
100.012
99.9903
99.9793
100.015
100.03
99.9811
99.959
100.021
100.052
99.9806
99.9354
100.014
100.078
99.9939
99.9119
99.9887
100.099
100.032
99.8933
99.9462
100.099
100.091
99.9082
99.8772
100.073
100.142
99.9793
99.8213
99.9775
100.189
100.069
99.8504
99.8358
100.129
100.222
99.9197
99.7813
99.9348
100.256
100.174
99.7535
99.7899
100.072
100.321
100.091
99.6026
99.8457
100.224
100.323
100.015
99.4745
99.8889
100.404
100.289
99.9551
99.3825
99.8431
100.628
100.292
99.8667
99.3557
99.6517
100.841
100.493
99.6946
99.3656
99.3632
100.839
101.075
99.5731
99.1929
99.1285
100.384
101.958
100.098
98.5436
98.8156
99.502
102.574
102.318
97.7572
97.1647
97.9945
102.507
110.06
98.2769
82.4942
49.9619
17.9505
1.99952
-10.6316
-2.99729
1.34443
2.95468
4.19447
-1.57729
-3.76238
-0.768126
99.9988
99.9919
100.012
100.016
99.9769
99.976
100.032
100.034
99.9601
99.9527
100.046
100.061
99.9545
99.9206
100.043
100.098
99.966
99.8858
100.012
100.136
100.01
99.8526
99.958
100.145
100.095
99.8506
99.8681
100.121
100.172
99.9406
99.7631
100.021
100.242
100.06
99.7886
99.8038
100.218
100.248
99.8708
99.7251
99.9336
100.375
100.159
99.6715
99.764
100.09
100.457
100.04
99.4834
99.8692
100.247
100.462
99.96
99.2956
99.9678
100.441
100.398
99.9469
99.1219
99.9388
100.739
100.323
99.9388
99.051
99.6434
101.112
100.455
99.7795
99.1601
99.1042
101.227
101.165
99.4983
99.2012
98.686
100.549
102.45
99.9074
98.5382
98.578
99.1042
103.229
102.614
97.3935
97.1894
97.4645
102.402
111.111
98.2622
82.0394
49.9191
17.1273
2.30767
-9.15792
-3.31942
0.74131
2.75681
2.93207
-0.798119
-1.37027
100.004
99.9915
99.991
100.021
100.015
99.9669
99.9784
100.044
100.032
99.9469
99.956
100.06
100.059
99.9391
99.9203
100.061
100.099
99.9501
99.8798
100.029
100.146
99.991
99.8444
99.9665
100.164
100.086
99.8284
99.8787
100.131
100.185
99.9171
99.7509
100.046
100.239
100.073
99.7565
99.8032
100.252
100.228
99.8929
99.6848
99.9369
100.421
100.119
99.708
99.7168
100.081
100.533
99.9772
99.5269
99.8292
100.201
100.591
99.8827
99.3128
99.9703
100.329
100.577
99.9074
99.0461
100.018
100.572
100.481
100.045
98.8306
99.7503
101.003
100.453
100.104
98.9032
99.025
101.333
100.972
99.8671
99.2486
98.2315
100.731
102.385
99.9418
99.0653
98.1204
98.7581
103.568
102.434
97.8151
97.5491
96.525
102.325
111.514
98.1137
82.8636
49.9084
15.6946
2.52616
-8.63382
-3.32208
2.07187
2.28386
0.556046
-0.296455
100.003
100.003
99.9866
99.995
100.024
100.008
99.9654
99.988
100.044
100.019
99.9466
99.9717
100.059
100.042
99.9367
99.9412
100.065
100.075
99.9446
99.9015
100.043
100.12
99.975
99.8695
99.985
100.149
100.051
99.8494
99.912
100.117
100.156
99.9022
99.8056
100.051
100.196
100.062
99.7671
99.8673
100.212
100.176
99.9245
99.701
99.99
100.343
100.075
99.7946
99.7105
100.113
100.445
99.9365
99.6765
99.7837
100.194
100.535
99.8203
99.524
99.9058
100.239
100.605
99.8113
99.2757
100.015
100.331
100.593
99.9838
98.9651
99.9137
100.618
100.502
100.248
98.8522
99.3154
101.028
100.676
100.275
99.215
98.3386
100.808
101.735
100.16
99.5458
97.9109
98.9823
103.195
101.822
98.636
97.8536
96.2068
102.522
110.654
97.8264
84.2921
49.9415
15.2309
2.58112
-10.0637
-3.15658
4.49943
2.03399
-0.453885
99.9992
100.005
99.998
99.9881
100.004
100.019
99.9944
99.9746
100.005
100.033
99.9966
99.9598
99.9996
100.047
100.008
99.9467
99.9827
100.058
100.029
99.9427
99.953
100.056
100.063
99.9537
99.9207
100.026
100.1
99.9925
99.8939
99.9747
100.104
100.071
99.8972
99.902
100.068
100.129
99.9887
99.8319
99.9728
100.152
100.092
99.8985
99.8149
100.071
100.204
100.013
99.8293
99.835
100.165
100.237
99.9116
99.7821
99.8772
100.232
100.278
99.8089
99.7275
99.9392
100.264
100.344
99.7425
99.609
100.016
100.287
100.414
99.7833
99.3857
100.031
100.394
100.437
99.9682
99.1501
99.7644
100.656
100.519
100.152
99.1642
99.0569
100.741
101.118
100.213
99.3864
98.3171
99.7235
102.435
101.288
98.8842
97.7506
97.118
102.961
109.19
97.5412
84.7498
49.9842
16.7333
2.57181
-12.5831
-3.15897
5.52332
2.28237
99.9984
100.005
100.002
99.9891
99.9973
100.017
100.004
99.9773
99.9927
100.028
100.012
99.9673
99.982
100.036
100.026
99.962
99.9644
100.036
100.048
99.9676
99.9406
100.023
100.07
99.9936
99.918
99.9889
100.084
100.037
99.9206
99.9314
100.072
100.091
99.9565
99.8874
100
100.133
100.038
99.8781
99.9122
100.084
100.149
99.9537
99.8293
99.9788
100.152
100.125
99.8698
99.8076
100.063
100.2
100.08
99.803
99.7936
100.147
100.244
100.025
99.7543
99.7689
100.209
100.319
99.9747
99.706
99.7277
100.222
100.45
99.9716
99.6221
99.666
100.162
100.622
100.11
99.4893
99.5338
100.023
100.758
100.5
99.4235
99.2124
99.7509
100.751
101.191
99.7646
98.6411
99.0904
100.364
102.184
101.286
97.9584
97.3083
98.6286
103.351
108.681
97.4001
83.2445
49.9906
19.3232
2.67097
-13.6787
-3.499
2.78187
99.9965
100.002
100.012
99.9925
99.9794
100.012
100.03
99.9856
99.9598
100.015
100.051
99.987
99.9382
100.006
100.074
100.003
99.917
99.9815
100.09
100.041
99.9042
99.9392
100.087
100.091
99.9276
99.8751
100.056
100.138
99.9917
99.8401
99.955
100.176
100.08
99.8665
99.8452
100.089
100.225
99.9446
99.7891
99.9346
100.204
100.2
99.7891
99.7777
100.07
100.262
100.135
99.6537
99.8011
100.226
100.265
100.062
99.5593
99.8022
100.402
100.25
99.9768
99.5262
99.727
100.577
100.312
99.8368
99.5558
99.5806
100.651
100.582
99.6557
99.5435
99.4791
100.459
101.078
99.6906
99.2526
99.5055
100.02
101.444
100.434
98.7158
99.2722
99.7143
101.135
101.909
98.9798
98.02
99.4245
100.35
103.035
101.72
96.4434
96.9643
99.2117
103.441
110.117
97.3953
80.6554
49.9521
20.4826
2.94396
-11.0017
-3.9955
99.9996
99.9912
100.01
100.018
99.9808
99.9726
100.027
100.039
99.9681
99.9479
100.035
100.066
99.9671
99.9172
100.027
100.1
99.9839
99.8867
99.9927
100.13
100.033
99.8618
99.9376
100.128
100.113
99.8771
99.8496
100.095
100.177
99.9753
99.7702
99.977
100.234
100.088
99.8206
99.7822
100.165
100.274
99.9093
99.738
99.8897
100.325
100.223
99.7064
99.7484
100.039
100.414
100.14
99.5112
99.8158
100.205
100.422
100.085
99.3328
99.8608
100.417
100.364
100.072
99.2089
99.7664
100.705
100.326
100.024
99.2289
99.4447
100.971
100.539
99.8162
99.4039
99.0273
100.85
101.252
99.6152
99.3963
98.9199
100.007
102.118
100.271
98.7702
99.0897
98.9742
101.821
102.487
98.5602
98.1682
98.7362
99.8048
104.464
102.01
95.822
97.0747
97.8761
103.292
112.631
97.3719
79.497
49.9071
17.8708
3.27684
-4.29973
100.004
99.9933
99.9888
100.018
100.019
99.9724
99.9723
100.036
100.039
99.9576
99.9479
100.046
100.067
99.9564
99.9138
100.039
100.103
99.9745
99.8801
100.001
100.14
100.021
99.8569
99.9379
100.141
100.114
99.8602
99.8572
100.092
100.193
99.9664
99.7549
99.9948
100.22
100.114
99.8023
99.7666
100.192
100.247
99.9534
99.7067
99.8649
100.373
100.18
99.7689
99.7063
99.9872
100.505
100.08
99.5768
99.7835
100.098
100.576
100.026
99.356
99.8825
100.225
100.565
100.086
99.1114
99.8749
100.46
100.469
100.239
98.9723
99.557
100.826
100.452
100.287
99.1664
98.8705
100.978
100.938
100.066
99.6192
98.3182
100.167
102.021
100.217
99.5874
98.6404
98.3711
102.223
102.194
99.0778
98.949
97.476
99.4365
105.044
101.696
97.0888
97.5294
95.4619
103.222
113.721
97.1875
82.107
49.9021
11.2444
3.49239
100.002
100.005
99.9892
99.9916
100.02
100.013
99.9721
99.981
100.035
100.027
99.9588
99.9632
100.044
100.05
99.9559
99.9352
100.041
100.078
99.9715
99.9032
100.014
100.111
100.006
99.8865
99.955
100.123
100.075
99.8866
99.8942
100.073
100.162
99.951
99.8192
99.9991
100.166
100.106
99.8147
99.8425
100.144
100.181
99.9978
99.7248
99.9285
100.281
100.12
99.8825
99.6985
100.023
100.4
100.018
99.7711
99.7333
100.082
100.512
99.9326
99.6275
99.821
100.096
100.602
99.9531
99.4
99.9087
100.135
100.596
100.163
99.1306
99.814
100.333
100.464
100.485
99.0914
99.28
100.628
100.475
100.58
99.6044
98.4604
100.349
101.115
100.396
100.291
98.3789
98.715
101.786
101.173
100.169
99.5296
96.9993
99.8116
103.776
100.934
99.4433
97.8506
94.453
103.475
111.047
96.8635
88.7296
49.9421
3.53625
99.9991
100.004
100
99.9912
100
100.014
99.9997
99.9816
99.9989
100.024
100.003
99.9721
99.9926
100.032
100.014
99.9647
99.9796
100.035
100.03
99.9665
99.9579
100.031
100.05
99.9817
99.9378
100.004
100.073
100.009
99.9327
99.9611
100.066
100.066
99.9397
99.9259
100.019
100.101
100.016
99.8813
99.9664
100.079
100.095
99.9528
99.8501
100.035
100.121
100.054
99.9035
99.8393
100.108
100.152
99.9893
99.8781
99.8379
100.162
100.198
99.9072
99.8627
99.8511
100.169
100.285
99.836
99.8079
99.9023
100.118
100.395
99.8586
99.6477
99.9741
100.07
100.426
100.078
99.4218
99.897
100.168
100.304
100.413
99.4372
99.4268
100.334
100.291
100.494
100
98.8414
99.8649
100.776
100.371
100.561
99.2397
98.3125
100.732
101.407
100.36
100.429
97.6882
97.196
103.965
104.353
96.5664
96.4349
49.9852
)
;

boundaryField
{
    left
    {
        type            fixedValue;
        value           uniform 100;
    }
    right
    {
        type            zeroGradient;
    }
    up
    {
        type            zeroGradient;
    }
    down
    {
        type            fixedValue;
        value           uniform 0;
    }
    frontAndBack
    {
        type            empty;
    }
}


// ************************************************************************* //
