/*--------------------------------*- C++ -*----------------------------------*\
  =========                 |
  \\      /  F ield         | OpenFOAM: The Open Source CFD Toolbox
   \\    /   O peration     | Website:  https://openfoam.org
    \\  /    A nd           | Version:  8
     \\/     M anipulation  |
\*---------------------------------------------------------------------------*/
FoamFile
{
    version     2.0;
    format      ascii;
    class       volScalarField;
    location    "0.6";
    object      T;
}
// * * * * * * * * * * * * * * * * * * * * * * * * * * * * * * * * * * * * * //

dimensions      [0 0 0 1 0 0 0];

internalField   nonuniform List<scalar> 
10000
(
50
4.65014
-4.65003
-1.17818
1.17766
0.448523
-0.447
-0.21748
0.214078
0.125594
-0.119191
-0.083733
0.0730392
0.0630559
-0.0467553
-0.0522168
0.0291975
0.0459124
-0.0155819
-0.0412081
0.00387429
0.0362485
0.00650503
-0.0298421
-0.015225
0.0214222
0.0213841
-0.011162
-0.0238745
8.17211e-05
0.0218546
0.0100063
-0.0152901
-0.0168561
0.00540218
0.0185004
0.00523988
-0.0141862
-0.0132388
0.00516888
0.0155681
0.00517442
-0.0111207
-0.0123547
0.00182468
0.012844
0.00763258
-0.00633235
-0.0119515
-0.00336527
0.00850137
0.0100283
0.000342963
-0.00907344
-0.00810756
0.00137024
0.00877358
0.00667364
-0.00200346
-0.00807928
-0.00583853
0.00182348
0.00720357
0.00550262
-0.00104359
-0.00616189
-0.00544618
-0.000161085
0.00486312
0.00537114
0.001583
-0.00321467
-0.00494442
-0.00290354
0.00124433
0.0038965
0.0036742
0.000782163
-0.00218878
-0.00345071
-0.002323
0.000169478
0.00211684
0.00273754
0.00144686
-0.00020015
-0.001774
-0.00190852
-0.00125627
8.52932e-05
0.00103801
0.00141246
0.00104174
0.000274719
-0.000385392
-0.00090564
-0.000726596
-0.000592946
-3.0272e-05
0.000315318
95.3499
50
10.4783
-4.64966
-2.80424
1.17638
1.11284
-0.443941
-0.556979
0.208132
0.328381
-0.10907
-0.219781
0.0574151
0.162134
-0.0244794
-0.127648
-0.000393165
0.103287
0.021123
-0.0821869
-0.0384972
0.0606601
0.051578
-0.0371969
-0.058529
0.0122214
0.05742
0.0120173
-0.0471742
-0.0318221
0.0285569
0.0429661
-0.00487412
-0.0422094
-0.018109
0.0291022
0.03346
-0.00732993
-0.0356001
-0.0154101
0.0233087
0.0297495
-0.0016457
-0.0289361
-0.019014
0.013226
0.0276138
0.00863141
-0.0191088
-0.0232276
-0.00095289
0.0209076
0.018498
-0.00362954
-0.0204193
-0.0147983
0.00559668
0.0189178
0.0125409
-0.00559868
-0.0170367
-0.0115918
0.00416208
0.0148978
0.0115252
-0.00167564
-0.0123063
-0.0117304
-0.00147317
0.00897564
0.0114655
0.00471666
-0.00480429
-0.00998401
-0.00720524
0.000185058
0.00683744
0.00794517
0.00382091
-0.00233978
-0.00627848
-0.00577558
-0.0020995
0.00256365
0.00479685
0.00440813
0.00144024
-0.00157933
-0.00345177
-0.0032563
-0.00161746
0.000543588
0.00189626
0.0023797
0.00161061
0.000381188
-0.000433037
-0.00150719
-0.000964949
104.65
89.5217
49.9999
12.1043
-4.6489
-3.46849
1.17406
1.45232
-0.43896
-0.759889
0.199172
0.464788
-0.0947452
-0.319562
0.0364683
0.238704
0.00392011
-0.186641
-0.0362686
0.146322
0.0632823
-0.108924
-0.0842086
0.0702852
0.0964967
-0.0297525
-0.0970711
-0.0102289
0.083736
0.0446293
-0.0567126
-0.0670192
0.0199195
0.0716657
0.018694
-0.0562824
-0.0484993
0.0245111
0.0595329
0.0133365
-0.0471309
-0.0426932
0.0158351
0.0505715
0.0202699
-0.0328613
-0.0428367
-0.00113974
0.0391784
0.0315024
-0.0116232
-0.0388442
-0.0212292
0.0183813
0.0355825
0.0139737
-0.0207058
-0.0317691
-0.0100343
0.0200962
0.0284668
0.00895173
-0.0175199
-0.025786
-0.00998995
0.0134345
0.0232346
0.0122614
-0.00804889
-0.0200085
-0.0146685
0.00170079
0.0153169
0.0158773
0.00475581
-0.00884231
-0.0145565
-0.00976154
0.00127884
0.0100377
0.0114064
0.00540386
-0.00318579
-0.00858857
-0.00854749
-0.00332743
0.00254
0.00656273
0.00626093
0.00299035
-0.00110684
-0.0042166
-0.004509
-0.0029647
-0.000515559
0.0020971
0.00251747
0.00274067
0.00132892
-0.000415035
101.178
104.65
87.8957
49.9998
12.7685
-4.6476
-3.80803
1.17045
1.65547
-0.431683
-0.896859
0.186766
0.565618
-0.0758026
-0.397813
0.00992413
0.300099
0.0384112
-0.232772
-0.0778975
0.176641
0.109692
-0.122186
-0.131306
0.065879
0.138672
-0.00895572
-0.128027
-0.0432822
0.0979866
0.082689
-0.051553
-0.100621
-0.00272666
0.0914139
0.0514755
-0.056169
-0.0798633
0.0051137
0.0773959
0.0435725
-0.0441726
-0.0697587
-0.00594049
0.0610277
0.048887
-0.0214911
-0.0616723
-0.0268018
0.036818
0.0542515
0.0095308
-0.0427896
-0.0449312
0.00135241
0.0430684
0.0370821
-0.00648035
-0.0404531
-0.031908
0.0071091
0.0364514
0.0292879
-0.00439399
-0.0314791
-0.0283496
-0.000708861
0.0252757
0.0277571
0.00719068
-0.0174148
-0.0259076
-0.0136345
0.00791206
0.0213078
0.0180476
0.00215613
-0.0133109
-0.0182514
-0.0103858
0.00306152
0.0130617
0.0137539
0.00611195
-0.0038612
-0.01059
-0.0100543
-0.00483311
0.00272149
0.00713391
0.00766551
0.00450341
-0.000627152
-0.00368281
-0.00557571
-0.00395324
-0.00124883
0.000628593
0.00351237
0.0023091
98.8222
102.804
104.649
87.2315
49.9996
13.1081
-4.64563
-4.0114
1.16528
1.79303
-0.421759
-0.998852
0.17052
0.645815
-0.0519013
-0.462096
-0.0223677
0.350098
0.0787778
-0.267775
-0.124513
0.194952
0.158901
-0.122426
-0.177655
0.0483085
0.175525
0.0233515
-0.148915
-0.0838119
0.0986049
0.121934
-0.0319424
-0.128
-0.036709
0.0985833
0.088523
-0.0408182
-0.106238
-0.0265153
0.0823253
0.0775272
-0.0256759
-0.0896918
-0.0381931
0.0566469
0.0768504
0.00421378
-0.0686057
-0.0572254
0.0187017
0.0685879
0.0391846
-0.0310107
-0.0631612
-0.026316
0.0353998
0.0565638
0.019237
-0.0344947
-0.0507204
-0.0171808
0.030019
0.0458621
0.0188574
-0.0228174
-0.0411434
-0.0226888
0.013311
0.0351656
0.0267205
-0.00215672
-0.026571
-0.0285852
-0.00908938
0.0148779
0.025928
0.01768
-0.0014419
-0.0175715
-0.0203322
-0.0101322
0.00508688
0.0152119
0.015185
0.00664424
-0.00446994
-0.0112305
-0.0116475
-0.00543994
0.00155355
0.00745841
0.00830284
0.00540828
0.00135573
-0.00385537
-0.00457602
-0.00519072
-0.00275536
0.000765144
99.5516
98.8233
103.468
104.648
86.8919
49.9995
13.3116
-4.64287
-4.14945
1.1583
1.8961
-0.408855
-1.08099
0.150085
0.713153
-0.0227802
-0.516406
-0.0604281
0.390601
0.124621
-0.292394
-0.175129
0.201532
0.209253
-0.110068
-0.221026
0.0187125
0.20462
0.0648893
-0.157757
-0.128305
0.0849322
0.158063
0.000677769
-0.145137
-0.078225
0.0909333
0.124369
-0.0111339
-0.122287
-0.0659497
0.0715555
0.108585
0.00665552
-0.0967058
-0.0748532
0.0359127
0.0966082
0.0398793
-0.0592677
-0.0842481
-0.0128556
0.0680222
0.0692686
-0.00398908
-0.0680376
-0.0568499
0.0117953
0.0637145
0.0487838
-0.0125971
-0.057384
-0.0448223
0.00821363
0.0496521
0.0435769
-0.000118151
-0.0400574
-0.0429513
-0.0101506
0.0278683
0.0404272
0.020418
-0.0130371
-0.0336188
-0.0275985
-0.00280192
0.0213983
0.0282917
0.0158656
-0.00539094
-0.020604
-0.0213147
-0.0092804
0.00655677
0.0164395
0.0159128
0.00701825
-0.00415796
-0.0114983
-0.0118157
-0.00704237
0.00100029
0.00592174
0.00861141
0.00642097
0.00196234
-0.000833344
-0.00543841
-0.00379249
100.447
98.8872
98.8253
103.808
104.647
86.6883
49.9992
13.45
-4.63917
-4.25335
1.14928
1.97994
-0.392661
-1.15124
0.125154
0.771847
0.0117393
-0.56284
-0.104148
0.422462
0.175366
-0.306847
-0.228565
0.196502
0.258941
-0.0856737
-0.259188
-0.0214194
0.223791
0.112965
-0.153208
-0.173011
0.0572875
0.187
0.0437546
-0.148924
-0.122656
0.0678171
0.153568
0.0301239
-0.123927
-0.107466
0.0446533
0.130313
0.0486113
-0.0870889
-0.108631
0.000573776
0.101862
0.0785497
-0.0328177
-0.0998785
-0.0518378
0.0495204
0.0908142
0.0332401
-0.0549609
-0.0807113
-0.0233149
0.0530705
0.0722003
0.0207765
-0.0463238
-0.0654831
-0.0237115
0.0358423
0.0592369
0.0298701
-0.0220854
-0.0513414
-0.0364818
0.00582255
0.0396935
0.0401377
0.0108675
-0.0233861
-0.0373444
-0.0240863
0.00411851
0.0261911
0.0289438
0.0130967
-0.00869069
-0.0223998
-0.0214448
-0.00828083
0.00717952
0.0167901
0.0160875
0.00734441
-0.00312659
-0.0108815
-0.0117485
-0.00742677
-0.00135587
0.00552684
0.00659131
0.00711916
0.00364264
-0.00103131
100.217
100.444
98.5476
98.8286
104.012
104.644
86.5499
49.999
13.5543
-4.63442
-4.33847
1.13798
2.05268
-0.372887
-1.21402
0.0954703
0.8242
0.0517525
-0.60242
-0.153289
0.445945
0.230271
-0.311096
-0.283472
0.179998
0.306067
-0.0500446
-0.290001
-0.0702253
0.231253
0.164549
-0.134649
-0.214121
0.0169735
0.205155
0.0937907
-0.13742
-0.164957
0.0302501
0.17125
0.0786263
-0.108808
-0.144745
0.00360111
0.137377
0.0940729
-0.0598368
-0.132228
-0.0445955
0.0887913
0.112
0.007771
-0.0980588
-0.0897791
0.0143724
0.0961816
0.0722132
-0.0240373
-0.0892497
-0.0613408
0.0242887
0.0803253
0.0565622
-0.0176423
-0.0700486
-0.0558601
0.00598183
0.0575707
0.0563246
0.00880279
-0.0416227
-0.0544463
-0.0239543
0.0218035
0.046777
0.0353549
1.13463e-05
-0.0314149
-0.0381973
-0.0188793
0.0101294
0.0293909
0.0280644
0.0103567
-0.0110017
-0.0232562
-0.0206759
-0.00802387
0.00752383
0.0160278
0.0158492
0.0081701
-0.00249198
-0.00871077
-0.0117214
-0.00776611
-0.00198061
0.00201757
0.00749139
0.00468023
99.7857
100.557
100.44
98.3444
98.8334
104.15
104.641
86.4455
49.9987
13.6402
-4.62849
-4.41303
1.12418
2.11889
-0.349264
-1.27182
0.06082
0.871435
0.0972705
-0.635535
-0.207487
0.46098
0.288442
-0.305008
-0.338368
0.152275
0.348699
-0.0042744
-0.311499
-0.125483
0.225703
0.216373
-0.102251
-0.247968
-0.0337734
0.209669
0.146575
-0.110016
-0.200071
-0.0191563
0.173604
0.12891
-0.0766189
-0.171636
-0.0474039
0.126314
0.135864
-0.016897
-0.13955
-0.0925169
0.0568562
0.132276
0.0561426
-0.0760517
-0.117532
-0.0318789
0.0810002
0.102996
0.0196654
-0.0771519
-0.0917372
-0.0174085
0.0676972
0.0836986
0.022505
-0.0538662
-0.0769073
-0.0321053
0.0359054
0.0683492
0.0427352
-0.0143882
-0.0549312
-0.0499796
-0.00839706
0.0349612
0.0490325
0.0275953
-0.0100729
-0.0367748
-0.0366111
-0.0135486
0.0149775
0.0306725
0.0267131
0.00795213
-0.0121964
-0.0229137
-0.0203321
-0.00728801
0.00601299
0.0156007
0.0149608
0.00855997
0.000102614
-0.00856824
-0.0088657
-0.00916419
-0.00345424
0.00229988
99.8745
99.7913
100.76
100.433
98.2066
98.8399
104.254
104.637
86.3596
49.9984
13.7157
-4.62126
-4.48173
1.10766
2.18125
-0.321549
-1.32608
0.0210411
0.914121
0.148216
-0.662197
-0.266252
0.467326
0.348842
-0.288467
-0.391668
0.113786
0.384935
0.0502222
-0.321984
-0.18465
0.206401
0.265058
-0.0570002
-0.27122
-0.0918841
0.198616
0.197462
-0.067523
-0.223366
-0.0763868
0.158301
0.174922
-0.0291999
-0.182917
-0.102405
0.0960942
0.166751
0.0369901
-0.126764
-0.134904
0.00908245
0.133225
0.103617
-0.0352269
-0.127221
-0.0804063
0.0454455
0.116542
0.0670477
-0.0441345
-0.104792
-0.0622904
0.034513
0.0924035
0.0633759
-0.0187028
-0.0778785
-0.0665607
-0.00132872
0.0590965
0.0672926
0.0225329
-0.0349081
-0.0608424
-0.0399337
0.00700017
0.0440711
0.047184
0.0188053
-0.0182572
-0.0394329
-0.0336877
-0.0087627
0.0179473
0.0308854
0.0247484
0.00683698
-0.012505
-0.0218426
-0.0193166
-0.00841228
0.00562423
0.0124819
0.0152916
0.00889933
0.00112127
-0.00398226
-0.0106038
-0.00596646
100.119
99.6715
99.7999
100.897
100.423
98.1033
98.8484
104.339
104.632
86.284
49.9981
13.7858
-4.61261
-4.54739
1.08822
2.24137
-0.289521
-1.37757
-0.0239756
0.952426
0.204423
-0.68219
-0.32897
0.464674
0.410307
-0.261453
-0.441723
0.0652241
0.412964
0.111708
-0.320099
-0.244931
0.17324
0.307261
-0.000687387
-0.281087
-0.153613
0.171179
0.241703
-0.0121638
-0.231056
-0.136343
0.124788
0.210651
0.0295704
-0.174981
-0.154376
0.0484014
0.180508
0.0948539
-0.0930688
-0.163605
-0.0482356
0.111793
0.140739
0.0189004
-0.114059
-0.120826
-0.00540953
0.107
0.106945
0.00451205
-0.0943996
-0.0984747
-0.0128703
0.0773332
0.0926005
0.0271747
-0.0554863
-0.0852419
-0.0434544
0.0288197
0.0720379
0.0564181
0.000594685
-0.0500423
-0.0598216
-0.0272256
0.0202229
0.0488144
0.0426539
0.01051
-0.0241048
-0.0396474
-0.0304598
-0.00496769
0.0191583
0.02977
0.023403
0.00578191
-0.0106737
-0.0207539
-0.0180965
-0.00877271
0.0020713
0.0121528
0.0114603
0.0110326
0.00309314
-0.00369134
100.084
100.11
99.5348
99.8119
101
100.411
98.0192
98.8591
104.414
104.625
86.2139
49.9977
13.8532
-4.60242
-4.61174
1.06566
2.3002
-0.252986
-1.42664
-0.0742846
0.986265
0.265634
-0.695175
-0.394913
0.452719
0.471572
-0.224092
-0.486866
0.00754897
0.431142
0.178147
-0.304917
-0.303369
0.126782
0.339843
0.0641526
-0.27551
-0.214758
0.127748
0.274809
0.0525542
-0.220576
-0.193284
0.0744361
0.230793
0.0941212
-0.146385
-0.196086
-0.0124391
0.1729
0.148434
-0.0410439
-0.172027
-0.106432
0.0688487
0.159099
0.0774766
-0.0776477
-0.143422
-0.0623569
0.0734511
0.1288
0.0587989
-0.0601068
-0.11514
-0.0632046
0.0396966
0.0999963
0.0710465
-0.0138742
-0.0800413
-0.076774
-0.0144336
0.0528861
0.0742469
0.0396753
-0.0194254
-0.0586366
-0.0539068
-0.0141202
0.0299603
0.0499532
0.0367972
0.00355563
-0.0272791
-0.038581
-0.0267637
-0.00311835
0.0193689
0.0275935
0.0217574
0.00661679
-0.009806
-0.01676
-0.018158
-0.00889273
0.000446469
0.00655974
0.0131821
0.00665597
99.9266
100.22
100.096
99.4336
99.8277
101.082
100.395
97.9461
98.8723
104.483
104.617
86.1463
49.9973
13.9198
-4.59058
-4.67589
1.03979
2.35831
-0.211778
-1.47341
-0.129886
1.01539
0.331507
-0.70075
-0.46325
0.431218
0.531299
-0.17669
-0.525466
-0.0580107
0.438054
0.247256
-0.275987
-0.356968
0.0682641
0.36003
0.134355
-0.253309
-0.270915
0.0699382
0.292908
0.122081
-0.19087
-0.241355
0.0104852
0.23137
0.157755
-0.0981373
-0.221039
-0.0799084
0.142422
0.189374
0.0235587
-0.156355
-0.155858
0.00929359
0.15306
0.129878
-0.0224025
-0.141367
-0.113874
0.020533
0.125389
0.106279
-0.00772151
-0.105697
-0.103255
-0.0125316
0.0809962
0.0995512
0.0361195
-0.0501126
-0.0893381
-0.0571565
0.0142784
0.0679798
0.0679403
0.0208599
-0.035068
-0.0613853
-0.0451864
-0.00254393
0.0361968
0.0483114
0.030975
-0.00168893
-0.0283129
-0.0362308
-0.0241329
-0.0014469
0.0170624
0.026071
0.0195715
0.0072002
-0.00611771
-0.0160523
-0.0134795
-0.0116886
-0.00098924
0.00557869
99.9369
99.9419
100.32
100.077
99.353
99.8477
101.153
100.376
97.8794
98.8882
104.549
104.608
86.0796
49.9969
13.9868
-4.57698
-4.74055
1.01044
2.416
-0.165756
-1.5178
-0.190729
1.03947
0.401619
-0.6985
-0.53306
0.400011
0.588099
-0.11975
-0.555963
-0.129971
0.432568
0.316563
-0.233374
-0.402798
-0.000441585
0.365559
0.206276
-0.214277
-0.317758
0.000515356
0.29305
0.191156
-0.142527
-0.275123
-0.0622032
0.210199
0.213351
-0.0336912
-0.224331
-0.146051
0.0906554
0.210455
0.0925299
-0.116348
-0.187483
-0.0585725
0.120997
0.165699
0.0430503
-0.112392
-0.14856
-0.0422724
0.0948061
0.135035
0.0517971
-0.0698822
-0.121429
-0.0665189
0.0384287
0.102879
0.0801055
-0.00262326
-0.0752602
-0.0849926
-0.0320016
0.037958
0.074189
0.056159
0.00319266
-0.0454783
-0.0598479
-0.0355299
0.00637529
0.0393146
0.0452401
0.0255058
-0.00442767
-0.0283098
-0.0329769
-0.021959
-0.00191481
0.0160065
0.0214299
0.0200893
0.00671346
-0.00361069
-0.0105204
-0.0157567
-0.00642934
100.047
99.8374
99.9625
100.399
100.054
99.285
99.8723
101.216
100.353
97.8165
98.907
104.614
104.597
86.0124
49.9964
14.055
-4.56151
-4.80618
0.977427
2.47338
-0.114802
-1.55962
-0.256711
1.05807
0.475472
-0.68802
-0.603344
0.359054
0.64056
-0.0539809
-0.576912
-0.206611
0.413875
0.38347
-0.177673
-0.438114
-0.0768778
0.354801
0.275958
-0.15923
-0.351301
-0.0767425
0.273461
0.254181
-0.0778125
-0.290078
-0.13753
0.16721
0.254107
0.0413186
-0.203325
-0.202417
0.0222313
0.206694
0.156287
-0.0555875
-0.194424
-0.124276
0.0658407
0.176732
0.107306
-0.0595425
-0.157592
-0.10245
0.0412511
0.136606
0.10477
-0.0142206
-0.11102
-0.107886
-0.0178842
0.0779327
0.104428
0.0491547
-0.0369838
-0.087608
-0.0707312
-0.00685737
0.0546856
0.0729364
0.04224
-0.0112831
-0.0511977
-0.0552115
-0.0271562
0.0130129
0.0393867
0.0417211
0.0215661
-0.0063126
-0.0254437
-0.0313519
-0.0191442
-0.00327175
0.0122406
0.0207908
0.01505
0.0113121
-0.00290011
-0.00839377
100.052
100.025
99.7603
99.9888
100.464
100.025
99.2257
99.9016
101.275
100.326
97.7558
98.9288
104.678
104.584
85.944
49.9959
14.1249
-4.54406
-4.87307
0.940597
2.53045
-0.0588239
-1.59858
-0.327674
1.07076
0.552484
-0.668945
-0.673026
0.308435
0.687267
0.0196895
-0.587022
-0.28599
0.381532
0.445322
-0.110021
-0.460459
-0.158075
0.326862
0.339314
-0.0900049
-0.368154
-0.157238
0.233726
0.305632
-0.000572937
-0.283087
-0.208655
0.104575
0.274287
0.11957
-0.158123
-0.241086
-0.0555748
0.176191
0.205184
0.0187952
-0.173217
-0.176782
-0.00509601
0.158656
0.15818
0.0090328
-0.136779
-0.146962
-0.0254688
0.108237
0.137954
0.049137
-0.0723258
-0.124535
-0.073403
0.0296761
0.100364
0.0895623
0.0150123
-0.0624113
-0.0882169
-0.0516047
0.014933
0.0638779
0.0669683
0.0285112
-0.0216682
-0.0527584
-0.0497792
-0.0196377
0.0156958
0.0388087
0.0370571
0.0192875
-0.00567441
-0.0238582
-0.0260273
-0.0207071
-0.0026466
0.00816992
0.0153517
0.0181725
0.00560141
99.9704
100.128
99.9969
99.6982
100.021
100.519
99.9905
99.1725
99.9359
101.33
100.294
97.6963
98.954
104.743
104.569
85.8739
49.9954
14.1969
-4.5245
-4.94139
0.899795
2.58713
0.00223825
-1.63435
-0.403403
1.07707
0.631998
-0.640972
-0.740973
0.2484
0.726834
0.100115
-0.5852
-0.365988
0.335509
0.49949
-0.032093
-0.467793
-0.24065
0.28168
0.39234
-0.00943017
-0.365782
-0.235816
0.174917
0.340498
0.0839763
-0.252772
-0.268606
0.0266615
0.269921
0.192766
-0.0917617
-0.255731
-0.133612
0.120657
0.230946
0.0969401
-0.124674
-0.206347
-0.0810607
0.112183
0.185028
0.0813001
-0.0878575
-0.165089
-0.091704
0.0540589
0.141878
0.10506
-0.0132083
-0.110199
-0.112658
-0.0296023
0.0672268
0.105367
0.0649433
-0.0160997
-0.0772483
-0.0804152
-0.0315754
0.0312236
0.066971
0.0582107
0.0171157
-0.0283558
-0.05114
-0.0440497
-0.0147836
0.0173265
0.0346849
0.0349417
0.0160688
-0.00313846
-0.0195786
-0.0250273
-0.015477
-0.00929386
0.00790059
0.0112526
99.9539
99.9999
100.188
99.9625
99.6474
100.059
100.566
99.9506
99.1244
99.9754
101.382
100.258
97.6374
98.9826
104.81
104.553
85.8017
49.9949
14.2713
-4.50275
-5.01122
0.854881
2.64327
0.0684133
-1.66656
-0.483627
1.07657
0.713288
-0.603884
-0.806013
0.17936
0.757941
0.185939
-0.570599
-0.444353
0.27621
0.543476
0.0539348
-0.458599
-0.320951
0.220077
0.431349
0.0787967
-0.342726
-0.307099
0.0996052
0.354733
0.169617
-0.199765
-0.310955
-0.0602774
0.239379
0.252542
-0.0100598
-0.242571
-0.201975
0.0454491
0.228051
0.167619
-0.0541022
-0.206341
-0.149551
0.0433531
0.181019
0.143532
-0.0186313
-0.151089
-0.142867
-0.0153375
0.113622
0.139213
0.0524358
-0.0667929
-0.123792
-0.0834784
0.0133203
0.0903901
0.0967342
0.0368987
-0.0403164
-0.0824939
-0.0679297
-0.0134352
0.0415461
0.0656234
0.0489109
0.0080838
-0.0307727
-0.0486285
-0.0377509
-0.0122412
0.0163654
0.0318485
0.0290552
0.0181651
-0.0038044
-0.0136492
-0.0200612
-0.0185299
-0.00339723
100.016
99.8958
100.036
100.235
99.9221
99.6061
100.103
100.607
99.9052
99.0807
100.02
101.432
100.217
97.5788
99.0149
104.877
104.534
85.7271
49.9943
14.3482
-4.4787
-5.08259
0.805727
2.69865
0.139702
-1.6948
-0.568023
1.06881
0.795572
-0.557555
-0.866959
0.101894
0.779368
0.275624
-0.542651
-0.518764
0.20448
0.574999
0.145454
-0.43198
-0.395213
0.143753
0.453196
0.170294
-0.298749
-0.365854
0.0117416
0.345633
0.249616
-0.126756
-0.330494
-0.148645
0.183695
0.291443
0.0789319
-0.201028
-0.251322
-0.0409701
0.194743
0.219943
0.0292914
-0.174627
-0.198506
-0.0372752
0.144776
0.183088
0.0583366
-0.105839
-0.166865
-0.0851025
0.0579986
0.14199
0.108177
-0.00434575
-0.102399
-0.116285
-0.0462909
0.0480691
0.0995876
0.0793722
0.0107225
-0.0565117
-0.0805857
-0.0536348
0.000529313
0.0474651
0.0606915
0.0409552
0.00180779
-0.0311824
-0.0433712
-0.0347275
-0.00853623
0.0124124
0.0278918
0.027135
0.0134198
0.00431904
-0.0146389
-0.0136738
100.042
99.9792
99.852
100.078
100.271
99.876
99.5733
100.152
100.641
99.8541
99.0413
100.07
101.48
100.172
97.5204
99.0509
104.946
104.514
85.6499
49.9937
14.4279
-4.45223
-5.15549
0.752209
2.75307
0.216079
-1.71866
-0.656222
1.0534
0.878017
-0.501959
-0.922625
0.0167426
0.790017
0.367475
-0.501082
-0.586896
0.121587
0.592085
0.239505
-0.387704
-0.45973
0.0552301
0.455458
0.260222
-0.234896
-0.407357
-0.0835747
0.312102
0.317262
-0.03835
-0.323772
-0.230199
0.106577
0.303809
0.16578
-0.133955
-0.274139
-0.128059
0.133491
0.245064
0.113694
-0.114144
-0.218471
-0.116368
0.0809053
0.191036
0.128175
-0.0369499
-0.15699
-0.139534
-0.0133324
0.111171
0.139443
0.0615087
-0.0529851
-0.117943
-0.0942902
-0.00953957
0.0717637
0.0973094
0.0588281
-0.0109921
-0.0648173
-0.074426
-0.0402293
0.0107545
0.0483061
0.0560776
0.0326189
-0.000198416
-0.0301468
-0.0390579
-0.0289758
-0.0115062
0.0134676
0.0199743
0.0243887
0.0161844
-0.000837052
99.9959
100.083
99.9367
99.8209
100.125
100.296
99.8248
99.5488
100.207
100.669
99.7977
99.0063
100.126
101.526
100.121
97.4623
99.091
105.017
104.491
85.5699
49.993
14.5104
-4.42327
-5.22988
0.694212
2.80625
0.297496
-1.73773
-0.74781
1.02997
0.959746
-0.437169
-0.97183
-0.0751966
0.78893
0.459662
-0.44593
-0.646458
0.029207
0.593123
0.332864
-0.326239
-0.511001
-0.0422271
0.436586
0.343525
-0.153492
-0.427703
-0.180387
0.254806
0.366386
0.0592268
-0.289494
-0.296805
0.014174
0.286469
0.240667
-0.0474725
-0.265788
-0.204494
0.0508479
0.237576
0.186386
-0.0326855
-0.204332
-0.180056
-0.00059141
0.164052
0.176609
0.0425815
-0.113625
-0.165613
-0.0844272
0.0527421
0.137267
0.113592
0.0120418
-0.0869319
-0.11619
-0.0654036
0.0212679
0.0843589
0.0876735
0.0386593
-0.0262487
-0.0677218
-0.0653696
-0.0298707
0.0171807
0.0468657
0.0492636
0.029294
-0.00384103
-0.0241936
-0.0359086
-0.026483
-0.0083764
0.00347087
0.0225794
0.0155541
99.9633
100.039
100.111
99.8898
99.8018
100.176
100.312
99.7692
99.5328
100.266
100.69
99.736
98.976
100.187
101.569
100.066
97.4044
99.1351
105.089
104.465
85.4871
49.9923
14.5957
-4.39168
-5.30568
0.631629
2.85791
0.383873
-1.75156
-0.842319
0.998216
1.03983
-0.363375
-1.01342
-0.172861
0.775313
0.550239
-0.377565
-0.69526
-0.070594
0.576946
0.422127
-0.248783
-0.545884
-0.144709
0.396029
0.415182
-0.0580836
-0.424108
-0.272229
0.176238
0.391881
0.158537
-0.228774
-0.341201
-0.0853817
0.239242
0.294464
0.0495414
-0.225271
-0.25961
-0.0431849
0.196528
0.235625
0.0580448
-0.156443
-0.216338
-0.0858084
0.105389
0.192858
0.116744
-0.0445344
-0.156111
-0.138542
-0.0201583
0.100843
0.137603
0.0753603
-0.0310477
-0.104684
-0.102423
-0.0362715
0.0440142
0.0872267
0.0749608
0.0212011
-0.0355983
-0.0655873
-0.0574625
-0.0203055
0.0179161
0.0447411
0.0431787
0.0243464
0.000375019
-0.0248263
-0.0258617
-0.0266782
-0.0106638
0.00642233
99.9936
99.9381
100.085
100.125
99.8398
99.7945
100.23
100.317
99.7101
99.5255
100.33
100.704
99.6696
98.9506
100.253
101.609
100.005
97.347
99.1836
105.163
104.438
85.4013
49.9916
14.684
-4.35738
-5.3828
0.564367
2.90774
0.475096
-1.75973
-0.93923
0.957859
1.11732
-0.280892
-1.04629
-0.275029
0.748575
0.637183
-0.29671
-0.731274
-0.175391
0.542898
0.503828
-0.157266
-0.561768
-0.247804
0.334348
0.4705
0.0466836
-0.395178
-0.352545
0.0806702
0.390195
0.251484
-0.145222
-0.357789
-0.182664
0.165192
0.319854
0.146327
-0.155647
-0.284906
-0.136325
0.125917
0.252577
0.144067
-0.080993
-0.217394
-0.159285
0.0247384
0.172117
0.169751
0.0363147
-0.111693
-0.162163
-0.0900399
0.0383028
0.126258
0.119269
0.0343246
-0.0624784
-0.108689
-0.0823932
-0.0107975
0.0576227
0.0844609
0.0603853
0.00928422
-0.0409112
-0.0605129
-0.0490327
-0.0165067
0.0203592
0.0364145
0.0407746
0.020897
-1.64841e-05
-0.0136853
-0.0294577
-0.0153222
100.03
99.9479
99.928
100.133
100.125
99.7884
99.799
100.286
100.311
99.6486
99.5273
100.397
100.711
99.5987
98.9306
100.324
101.646
99.9386
97.2902
99.2364
105.238
104.407
85.3126
49.9909
14.7753
-4.32026
-5.46112
0.492346
2.95544
0.571016
-1.76184
-1.03798
0.908706
1.19122
-0.190165
-1.06939
-0.380333
0.70835
0.718438
-0.20444
-0.752717
-0.282464
0.490902
0.57458
-0.0543174
-0.556738
-0.346797
0.253255
0.505428
0.155293
-0.341108
-0.415178
-0.0260602
0.359752
0.330002
-0.0447739
-0.343323
-0.267883
0.0705156
0.312346
0.231478
-0.0639232
-0.275416
-0.215671
0.0344262
0.232989
0.211366
0.0106854
-0.181387
-0.206951
-0.0633131
0.117041
0.189611
0.111628
-0.0413382
-0.148646
-0.139487
-0.0348633
0.0817644
0.131067
0.0904665
-0.00201468
-0.0817291
-0.102307
-0.0615047
0.00917236
0.0637551
0.077249
0.0486573
-0.000838316
-0.0392562
-0.056709
-0.0406524
-0.0132058
0.0153714
0.0359818
0.0290738
0.0246778
0.000659078
-0.0130773
100.015
100.038
99.902
99.932
100.18
100.113
99.7375
99.8151
100.342
100.295
99.5858
99.5385
100.466
100.709
99.5238
98.9166
100.401
101.68
99.8674
97.2343
99.2937
105.315
104.374
85.2209
49.9901
14.8695
-4.28023
-5.54054
0.415499
3.00069
0.67146
-1.75748
-1.13796
0.85063
1.26056
-0.0917619
-1.08181
-0.487291
0.654516
0.79197
-0.102169
-0.75811
-0.388878
0.421476
0.631213
0.0568237
-0.529696
-0.436905
0.155574
0.516828
0.261676
-0.263747
-0.454857
-0.13694
0.301196
0.386795
0.0647497
-0.297382
-0.331932
-0.0359942
0.270993
0.294378
0.0396756
-0.230616
-0.269612
-0.0656829
0.178149
0.248342
0.103905
-0.113115
-0.219026
-0.142075
0.0375052
0.171084
0.164713
0.0395713
-0.100285
-0.155832
-0.0998924
0.0154743
0.107202
0.120952
0.0586228
-0.029878
-0.0899471
-0.090744
-0.0415885
0.0214204
0.0657471
0.0675158
0.0388377
-0.00477193
-0.0394514
-0.0462523
-0.0393679
-0.00868425
0.0119143
0.0254382
0.0332302
0.0117934
99.978
100.06
100.031
99.8587
99.9495
100.225
100.089
99.6889
99.8428
100.397
100.268
99.523
99.5594
100.537
100.7
99.4456
98.9089
100.482
101.71
99.7909
97.1795
99.3556
105.394
104.338
85.1262
49.9893
14.9668
-4.23719
-5.62091
0.333764
3.04315
0.776232
-1.74629
-1.23855
0.783569
1.32435
0.013636
-1.08269
-0.594325
0.587191
0.855806
0.00838637
-0.746324
-0.491565
0.335737
0.670896
0.172423
-0.480431
-0.513498
0.0451279
0.50269
0.359563
-0.16654
-0.467599
-0.244266
0.217417
0.415998
0.174295
-0.22252
-0.367364
-0.143819
0.198638
0.326543
0.142915
-0.154675
-0.289559
-0.160317
0.0948841
0.247837
0.183121
-0.0233574
-0.192031
-0.196101
-0.0512762
0.116986
0.183353
0.112855
-0.0279243
-0.134438
-0.139941
-0.0551373
0.0542106
0.116709
0.101568
0.0303003
-0.049411
-0.0891393
-0.0774396
-0.0261425
0.029932
0.0607289
0.0615652
0.0285476
-0.00506104
-0.034278
-0.0441328
-0.0274864
-0.016739
0.0136933
0.0198221
99.9782
99.9871
100.099
100.01
99.8206
99.9794
100.265
100.053
99.6447
99.8815
100.449
100.231
99.4615
99.5902
100.609
100.682
99.3647
98.9081
100.567
101.735
99.7092
97.1262
99.4223
105.473
104.3
85.0284
49.9885
15.0671
-4.19104
-5.7021
0.247082
3.0825
0.885109
-1.7279
-1.33908
0.707526
1.38161
0.125234
-1.07131
-0.699773
0.506741
0.908063
0.125225
-0.716608
-0.587394
0.235381
0.691235
0.288359
-0.409664
-0.572308
-0.0734004
0.462277
0.442823
-0.0543818
-0.451025
-0.340156
0.113438
0.413714
0.274306
-0.124158
-0.369198
-0.241741
0.101756
0.322708
0.23299
-0.05608
-0.271253
-0.235527
-0.00530203
0.208441
0.234513
0.0728674
-0.129604
-0.214213
-0.131687
0.0377275
0.162613
0.161615
0.0515718
-0.0799161
-0.144506
-0.111006
-0.0134161
0.0789266
0.114133
0.0796275
0.00656667
-0.0585108
-0.0855529
-0.0622469
-0.0164604
0.0329343
0.0571994
0.0496823
0.0290505
-0.0100928
-0.0257777
-0.0362538
-0.0314793
-0.00440025
100.012
99.9411
100.01
100.131
99.9772
99.7903
100.02
100.297
100.007
99.6069
99.9306
100.496
100.183
99.4027
99.631
100.681
100.654
99.2817
98.9146
100.656
101.756
99.6225
97.0746
99.4938
105.554
104.258
84.9275
49.9876
15.1704
-4.14168
-5.78396
0.155406
3.11838
0.997837
-1.70196
-1.43885
0.622581
1.43138
0.242118
-1.04707
-0.801897
0.413796
0.946986
0.246075
-0.668636
-0.673241
0.122684
0.690378
0.400246
-0.319078
-0.60963
-0.194632
0.396242
0.505816
0.0665833
-0.404615
-0.417094
-0.00383845
0.37845
0.355517
-0.0102592
-0.335548
-0.318966
-0.0100418
0.281619
0.29807
0.0532178
-0.215571
-0.279526
-0.10772
0.135009
0.248365
0.15872
-0.0421683
-0.191808
-0.187116
-0.0505713
0.106226
0.174005
0.119232
-0.00544058
-0.112059
-0.13662
-0.0770204
0.019077
0.0920864
0.102932
0.0595228
-0.0101823
-0.0624845
-0.0756646
-0.0539749
-0.00564366
0.0286746
0.0519269
0.0451978
0.0190749
0.00227493
-0.029943
-0.0245319
100.024
99.988
99.9138
100.044
100.153
99.9347
99.7699
100.07
100.32
99.951
99.5772
99.9892
100.536
100.126
99.3482
99.6817
100.751
100.618
99.1976
98.9288
100.749
101.772
99.5308
97.025
99.5701
105.636
104.213
84.8236
49.9867
15.2768
-4.089
-5.86632
0.0587081
3.15045
1.11412
-1.66818
-1.5371
0.528902
1.47271
0.363246
-1.00954
-0.898912
0.309263
0.971
0.368429
-0.602559
-0.74609
0.000470244
0.667131
0.503585
-0.211325
-0.622551
-0.312715
0.30671
0.543773
0.189262
-0.329895
-0.468519
-0.126032
0.311431
0.409817
0.109246
-0.268057
-0.36633
-0.124885
0.206487
0.328885
0.159172
-0.128779
-0.284608
-0.196593
0.038287
0.221025
0.218505
0.0545743
-0.132152
-0.205555
-0.129146
0.0261837
0.14639
0.158536
0.0700291
-0.0506591
-0.124968
-0.11833
-0.0446896
0.0418892
0.0939615
0.0906932
0.0398211
-0.0177829
-0.0625629
-0.0668014
-0.0420078
-0.00789271
0.0327248
0.0380176
0.0417331
0.0212851
-0.00655408
99.9998
100.049
99.9545
99.8987
100.085
100.163
99.8852
99.7615
100.127
100.331
99.8879
99.5575
100.056
100.569
100.059
99.2994
99.7421
100.818
100.572
99.113
98.9512
100.845
101.782
99.4342
96.9777
99.6514
105.719
104.165
84.7165
49.9857
15.3862
-4.03292
-5.94902
-0.0430245
3.17837
1.23365
-1.62626
-1.63309
0.426753
1.5047
0.487469
-0.958436
-0.989022
0.194327
0.97877
0.489598
-0.519031
-0.803147
-0.12795
0.621061
0.593965
-0.0899725
-0.609165
-0.421622
0.197258
0.553179
0.306043
-0.230474
-0.489427
-0.243892
0.21669
0.431124
0.223336
-0.171972
-0.377474
-0.22993
0.10489
0.320181
0.247509
-0.0219484
-0.248673
-0.257599
-0.0665964
0.156012
0.240735
0.142515
-0.0461983
-0.182548
-0.1807
-0.059831
0.0849684
0.159585
0.126994
0.0235817
-0.0799589
-0.124896
-0.0938154
-0.0198251
0.0563922
0.0893647
0.0756306
0.029267
-0.0267188
-0.05275
-0.0618743
-0.0343473
-0.00259586
0.0179823
0.0438771
0.0241782
99.9774
100.033
100.059
99.9152
99.8975
100.131
100.159
99.8318
99.7664
100.188
100.33
99.8195
99.5493
100.13
100.591
99.9841
99.2577
99.8119
100.882
100.516
99.029
98.9819
100.944
101.785
99.3329
96.9332
99.7378
105.802
104.114
84.6064
49.9847
15.4986
-3.97334
-6.03189
-0.149793
3.20179
1.35606
-1.57599
-1.72603
0.31648
1.52651
0.613549
-0.893685
-1.07046
0.070427
0.969248
0.606792
-0.419212
-0.841951
-0.258892
0.552547
0.667266
0.0406304
-0.568724
-0.515491
0.0727637
0.53207
0.40931
-0.111878
-0.476861
-0.348061
0.100846
0.416089
0.320999
-0.0557558
-0.349744
-0.31291
-0.0119914
0.271633
0.305809
0.0905016
-0.175812
-0.280393
-0.162639
0.0636705
0.220533
0.204846
0.0493733
-0.122327
-0.19369
-0.132505
0.004424
0.121768
0.151253
0.0903815
-0.0145023
-0.0950379
-0.114722
-0.0720649
0.0016885
0.0586623
0.0847956
0.0607438
0.0197182
-0.0229396
-0.0541861
-0.0437429
-0.0373724
-0.00126215
0.0197432
99.9898
99.9702
100.069
100.054
99.8744
99.9112
100.178
100.14
99.7778
99.7855
100.251
100.316
99.7481
99.5538
100.209
100.603
99.9018
99.2245
99.8906
100.94
100.451
98.9464
99.0215
101.045
101.783
99.2271
96.8917
99.8292
105.887
104.059
84.4932
49.9837
15.6141
-3.91018
-6.11476
-0.261597
3.22038
1.481
-1.51716
-1.81515
0.198504
1.53737
0.740177
-0.815381
-1.14152
-0.0607728
0.941685
0.717177
-0.304739
-0.860448
-0.388412
0.462779
0.719831
0.175528
-0.501703
-0.588936
-0.0608287
0.480201
0.491953
0.0187813
-0.430208
-0.429836
-0.0273947
0.364509
0.392328
0.0697082
-0.284606
-0.363614
-0.130682
0.188054
0.325318
0.192849
-0.0758177
-0.260435
-0.233824
-0.040612
0.160737
0.2294
0.13556
-0.0368823
-0.165214
-0.175149
-0.0761906
0.0544085
0.137293
0.131168
0.0538236
-0.0392
-0.1012
-0.0987287
-0.0529939
0.0125532
0.0622251
0.0693843
0.0568775
0.00950498
-0.020442
-0.0400118
-0.0498079
-0.016569
100.016
99.9555
99.9788
100.104
100.034
99.8365
99.9394
100.221
100.107
99.7269
99.819
100.312
100.287
99.6761
99.5719
100.291
100.603
99.8137
99.201
99.9773
100.991
100.377
98.8663
99.07
101.147
101.773
99.117
96.8536
99.9257
105.971
104.001
84.3769
49.9827
15.7325
-3.84331
-6.19746
-0.37843
3.23379
1.60808
-1.44958
-1.89965
0.0733241
1.53658
0.865972
-0.723797
-1.20057
-0.197398
0.895652
0.817926
-0.177702
-0.857051
-0.512405
0.35375
0.748606
0.309329
-0.409821
-0.637317
-0.196782
0.399122
0.547813
0.153223
-0.351324
-0.481863
-0.157877
0.279448
0.429493
0.192127
-0.187634
-0.375107
-0.236963
0.0789311
0.302209
0.270278
0.0371255
-0.199831
-0.267769
-0.139051
0.0716109
0.210865
0.19504
0.0562453
-0.101485
-0.177565
-0.13823
-0.0250315
0.0885956
0.135421
0.106343
0.0244995
-0.0562802
-0.0946676
-0.0878145
-0.0335425
0.0161683
0.057008
0.0659414
0.0377159
0.0198829
-0.0260308
-0.0313223
100.017
100.005
99.9255
100.002
100.133
100
99.8058
99.9809
100.257
100.061
99.6823
99.8665
100.368
100.244
99.6062
99.6041
100.374
100.589
99.7214
99.1885
100.071
101.036
100.294
98.7896
99.1277
101.25
101.756
99.0028
96.8193
100.027
106.056
103.94
84.2576
49.9816
15.8541
-3.77266
-6.2798
-0.500275
3.2417
1.73688
-1.37313
-1.97871
-0.0584771
1.52347
0.989481
-0.619399
-1.24605
-0.337365
0.831063
0.906267
-0.0406336
-0.830704
-0.626702
0.228242
0.751282
0.436379
-0.296043
-0.656994
-0.327858
0.292193
0.57211
0.282462
-0.244538
-0.498757
-0.27974
0.167147
0.427569
0.298931
-0.0681151
-0.34466
-0.317513
-0.0425406
0.23828
0.311014
0.146303
-0.107179
-0.257966
-0.214322
-0.0308445
0.151988
0.215754
0.137137
-0.0161193
-0.139209
-0.166991
-0.0958928
0.0171015
0.103962
0.126925
0.0781501
0.00547828
-0.0638388
-0.0886995
-0.0683877
-0.0314758
0.0267763
0.0443252
0.0561746
0.0413248
0.000906731
99.9942
100.044
99.981
99.9045
100.037
100.151
99.9557
99.7862
100.033
100.282
100.003
99.6475
99.9267
100.417
100.187
99.5413
99.6505
100.455
100.562
99.6265
99.188
100.171
101.071
100.202
98.7173
99.1947
101.353
101.732
98.8849
96.789
100.134
106.141
103.874
84.1351
49.9804
15.9786
-3.69809
-6.36158
-0.627094
3.24373
1.86695
-1.28772
-2.05152
-0.196216
1.4975
1.10919
-0.502868
-1.27652
-0.4784
0.748224
0.979546
0.103507
-0.780966
-0.7272
0.0898015
0.726449
0.550983
-0.164551
-0.645599
-0.446667
0.164537
0.561852
0.397376
-0.116528
-0.477684
-0.382285
0.0366827
0.385221
0.378543
0.0617102
-0.274359
-0.361582
-0.16096
0.141109
0.308175
0.234888
0.00344225
-0.205291
-0.252489
-0.127843
0.0638179
0.19318
0.188038
0.0723931
-0.0699066
-0.154625
-0.140932
-0.0576249
0.0467141
0.108517
0.10875
0.0608874
-0.0142395
-0.0579571
-0.0820348
-0.0583772
-0.0164391
0.0102653
0.0531685
0.0357752
99.9806
100.019
100.059
99.9467
99.8965
100.081
100.156
99.9033
99.7806
100.094
100.293
99.9354
99.6253
99.9977
100.454
100.117
99.4841
99.7109
100.533
100.52
99.5309
99.2004
100.276
101.096
100.101
98.6505
99.2709
101.456
101.7
98.7635
96.7632
100.246
106.226
103.805
84.0095
49.9792
16.1062
-3.61954
-6.44259
-0.758825
3.23958
1.9978
-1.19329
-2.11725
-0.339112
1.45824
1.22353
-0.375104
-1.29075
-0.618074
0.647858
1.03533
0.251395
-0.70809
-0.810025
-0.0573376
0.673741
0.647678
-0.0206256
-0.602277
-0.546121
0.0228388
0.516197
0.489386
0.024041
-0.418796
-0.455981
-0.100695
0.305106
0.421746
0.187863
-0.171189
-0.362587
-0.260724
0.0233662
0.261084
0.288795
0.11437
-0.118098
-0.246013
-0.201298
-0.0360036
0.131296
0.198309
0.143694
0.0134846
-0.103747
-0.150452
-0.113177
-0.0218869
0.0592496
0.107682
0.0904276
0.0415462
-0.0139741
-0.0648277
-0.0593929
-0.0566302
-0.014547
0.0202767
99.9946
99.9693
100.051
100.059
99.9077
99.904
100.128
100.145
99.8478
99.7913
100.159
100.289
99.8621
99.6184
100.077
100.479
100.037
99.4371
99.7843
100.605
100.464
99.4366
99.2262
100.385
101.111
99.9939
98.5901
99.3563
101.557
101.659
98.639
96.7421
100.363
106.311
103.732
83.8809
49.978
16.2368
-3.5369
-6.52264
-0.895397
3.22892
2.12892
-1.08989
-2.17511
-0.48631
1.40536
1.33096
-0.237219
-1.2877
-0.753868
0.531107
1.07151
0.39944
-0.613044
-0.871708
-0.208407
0.593915
0.721531
0.129585
-0.527825
-0.619895
-0.125021
0.436639
0.551169
0.167131
-0.325401
-0.493445
-0.232596
0.193809
0.422888
0.296218
-0.0463526
-0.31928
-0.328204
-0.0989314
0.175733
0.299183
0.20726
-0.0107542
-0.195898
-0.236986
-0.127538
0.0426539
0.166731
0.180405
0.0923
-0.0290114
-0.12219
-0.134304
-0.0844441
-0.00122221
0.0718538
0.0902669
0.0829069
0.0250996
-0.0183405
-0.046396
-0.0684054
-0.0274938
100.015
99.9649
99.9738
100.084
100.044
99.8697
99.9278
100.173
100.117
99.7939
99.8192
100.223
100.266
99.7865
99.6283
100.162
100.488
99.9475
99.4028
99.8697
100.668
100.395
99.3457
99.266
100.495
101.114
99.8798
98.5373
99.4507
101.657
101.61
98.5117
96.7262
100.486
106.396
103.655
83.7492
49.9767
16.3703
-3.45009
-6.60154
-1.03673
3.21146
2.25981
-0.977581
-2.22434
-0.636889
1.33868
1.42994
-0.0905033
-1.26655
-0.883225
0.399501
1.08631
0.543883
-0.497493
-0.909312
-0.358279
0.488843
0.768388
0.279357
-0.424701
-0.662848
-0.270441
0.326986
0.577251
0.302103
-0.203782
-0.490191
-0.346692
0.0612894
0.380602
0.374207
0.0860012
-0.236081
-0.353674
-0.20884
0.0641863
0.263752
0.266607
0.0985719
-0.111412
-0.227384
-0.193305
-0.0532513
0.100083
0.17445
0.148825
0.0481617
-0.0614031
-0.119802
-0.120883
-0.0550636
0.0112117
0.0683625
0.0885269
0.05468
0.0338485
-0.0272405
-0.0402686
100.014
100.008
99.9372
99.994
100.112
100.013
99.8383
99.9669
100.21
100.073
99.7466
99.8641
100.283
100.226
99.7129
99.6563
100.249
100.48
99.852
99.3834
99.9653
100.72
100.312
99.2604
99.32
100.606
101.104
99.7599
98.4929
99.554
101.753
101.552
98.382
96.7158
100.613
106.479
103.574
83.6144
49.9754
16.5069
-3.359
-6.67908
-1.18276
3.18689
2.38994
-0.856453
-2.26418
-0.789869
1.25811
1.51896
0.0635832
-1.22674
-1.00358
0.254935
1.07837
0.68088
-0.363766
-0.920527
-0.501625
0.361469
0.785058
0.421677
-0.296939
-0.67132
-0.404591
0.193171
0.564445
0.418495
-0.0627692
-0.445106
-0.431858
-0.0800015
0.298038
0.412312
0.210318
-0.122515
-0.33283
-0.290748
-0.0571989
0.187136
0.282648
0.190481
-0.00751397
-0.174309
-0.220612
-0.135046
0.0116374
0.130043
0.167738
0.109509
0.0155894
-0.0778607
-0.116416
-0.0934885
-0.0479579
0.0298986
0.0563989
0.0741152
0.0589648
0.00454526
99.9944
100.038
99.9863
99.918
100.027
100.129
99.9692
99.8189
100.019
100.236
100.015
99.7108
99.9244
100.333
100.169
99.6454
99.7025
100.334
100.454
99.7535
99.3807
100.069
100.759
100.217
99.1827
99.3881
100.716
101.081
99.6354
98.4579
99.6659
101.846
101.485
98.2504
96.7113
100.745
106.562
103.489
83.4765
49.974
16.6466
-3.26352
-6.75506
-1.3334
3.15489
2.51875
-0.726655
-2.2939
-0.944195
1.16369
1.59651
0.223404
-1.16793
-1.11237
0.0996648
1.04676
0.806563
-0.214836
-0.903759
-0.633067
0.215763
0.769477
0.54952
-0.150046
-0.643399
-0.518886
0.0429928
0.512165
0.506767
0.0868433
-0.360702
-0.479183
-0.216258
0.182759
0.405184
0.311405
0.00782684
-0.267677
-0.332288
-0.170498
0.0809475
0.252463
0.248157
0.0976257
-0.0892744
-0.202667
-0.18645
-0.0784319
0.059332
0.142274
0.144244
0.0827276
-0.0168532
-0.0754182
-0.108802
-0.0791554
-0.0233409
0.011774
0.0702254
0.0483609
99.9835
100.016
100.05
99.9542
99.9123
100.069
100.132
99.9177
99.8156
100.08
100.245
99.9462
99.6905
99.9973
100.37
100.097
99.5885
99.7662
100.412
100.409
99.6552
99.3958
100.178
100.784
100.112
99.1147
99.47
100.823
101.045
99.5073
98.4332
99.7859
101.934
101.409
98.1173
96.7129
100.883
106.644
103.399
83.3355
49.9726
16.7892
-3.16354
-6.82923
-1.48852
3.11518
2.64564
-0.588393
-2.31276
-1.09873
1.05558
1.66114
0.387138
-1.09006
-1.2071
-0.0636903
0.991071
0.917132
-0.054303
-0.858241
-0.747341
0.0566583
0.720889
0.65617
0.00916281
-0.579143
-0.605519
-0.114241
0.422637
0.55909
0.233018
-0.243128
-0.482929
-0.333625
0.0462868
0.352344
0.37646
0.138535
-0.166303
-0.326485
-0.25878
-0.0374779
0.179981
0.261767
0.184017
0.0105682
-0.141969
-0.19909
-0.146374
-0.0239156
0.0820908
0.144132
0.118695
0.0525301
-0.0211376
-0.0881747
-0.0793636
-0.0751255
-0.0180572
0.0281807
99.9946
99.975
100.045
100.047
99.9178
99.9232
100.114
100.116
99.8639
99.831
100.143
100.235
99.8723
99.6892
100.079
100.389
100.013
99.546
99.8457
100.482
100.345
99.5607
99.4297
100.29
100.791
99.997
99.0585
99.565
100.925
100.994
99.3769
98.4196
99.9135
102.017
101.324
97.9831
96.721
101.025
106.725
103.306
83.1914
49.9711
16.9349
-3.05895
-6.90137
-1.648
3.06747
2.77001
-0.441946
-2.32009
-1.25226
0.93413
1.71146
0.552792
-0.993411
-1.28539
-0.232172
0.911436
1.00898
0.113657
-0.784146
-0.839532
-0.110068
0.639999
0.735586
0.172826
-0.480755
-0.658034
-0.268243
0.300954
0.570132
0.36339
-0.101819
-0.441412
-0.419559
-0.0970239
0.258655
0.396855
0.252248
-0.0417222
-0.273794
-0.307891
-0.148811
0.0767328
0.229983
0.233342
0.107425
-0.053564
-0.169737
-0.175874
-0.102959
0.00934179
0.102811
0.121492
0.106892
0.0265965
-0.0298902
-0.0660693
-0.0916315
-0.03461
100.012
99.9683
99.9828
100.074
100.028
99.8843
99.9515
100.154
100.083
99.8143
99.8659
100.205
100.204
99.7985
99.7087
100.165
100.388
99.9194
99.5214
99.9386
100.537
100.265
99.4737
99.4826
100.403
100.781
99.8753
99.016
99.6724
101.02
100.929
99.2456
98.418
100.048
102.094
101.23
97.8484
96.736
101.173
106.804
103.207
83.0443
49.9696
17.0835
-2.94968
-6.97124
-1.81168
3.0115
2.89121
-0.287662
-2.31527
-1.40352
0.79985
1.74621
0.718236
-0.878598
-1.34504
-0.402551
0.808618
1.07883
0.284415
-0.682657
-0.905316
-0.278018
0.529055
0.782806
0.332451
-0.352603
-0.671869
-0.408483
0.154891
0.537669
0.466433
0.0512045
-0.357468
-0.464237
-0.231714
0.134342
0.36909
0.333608
0.0892814
-0.182081
-0.308848
-0.235891
-0.0381442
0.157829
0.236228
0.183282
0.0401282
-0.100896
-0.166335
-0.154314
-0.0582056
0.0292738
0.100993
0.118071
0.0672973
0.0364867
-0.0458855
-0.0566481
100.013
100.002
99.9457
100.006
100.096
99.9936
99.8604
99.9952
100.184
100.032
99.7752
99.9191
100.257
100.153
99.7306
99.7498
100.249
100.365
99.8222
99.5173
100.041
100.576
100.169
99.3978
99.554
100.511
100.752
99.7491
98.9887
99.791
101.106
100.85
99.1148
98.4289
100.189
102.164
101.126
97.7137
96.7581
101.325
106.881
103.104
82.894
49.968
17.2352
-2.83562
-7.03863
-1.9794
2.94704
3.00862
-0.125938
-2.29774
-1.55123
0.653399
1.76426
0.881258
-0.746565
-1.38414
-0.571408
0.683984
1.12388
0.453042
-0.555953
-0.941183
-0.440451
0.391785
0.794274
0.479393
-0.20102
-0.64477
-0.52498
-0.00559918
0.462862
0.532655
0.202297
-0.238144
-0.462003
-0.342824
-0.00624509
0.295373
0.37197
0.207672
-0.0641323
-0.261389
-0.284827
-0.14293
0.0561453
0.19604
0.219527
0.12131
-0.0086175
-0.125141
-0.158397
-0.114129
-0.0448176
0.0579282
0.0835256
0.101197
0.0689749
-0.00311229
99.998
100.031
99.9785
99.9341
100.041
100.104
99.9485
99.8521
100.05
100.197
99.9696
99.7526
99.9872
100.294
100.085
99.6746
99.8115
100.326
100.32
99.726
99.5357
100.15
100.594
100.061
99.3363
99.6428
100.613
100.704
99.6207
98.9783
99.9193
101.182
100.757
98.9859
98.4531
100.336
102.226
101.013
97.5795
96.7877
101.482
106.957
102.997
82.7406
49.9664
17.3899
-2.71667
-7.1033
-2.151
2.87386
3.12162
0.0427874
-2.26702
-1.69407
0.495572
1.76463
1.03958
-0.598561
-1.40104
-0.735207
0.539472
1.14184
0.614455
-0.407149
-0.944574
-0.590557
0.233261
0.768054
0.605317
-0.0339504
-0.577032
-0.608964
-0.169151
0.35034
0.555414
0.337458
-0.094032
-0.4123
-0.417173
-0.147001
0.184381
0.361891
0.295809
0.0639211
-0.174799
-0.285222
-0.221122
-0.0552091
0.122401
0.205426
0.179405
0.0775214
-0.0555212
-0.119733
-0.147338
-0.0885968
-0.0119385
0.0358583
0.104094
0.0615278
99.9861
100.02
100.036
99.9475
99.9385
100.08
100.094
99.8992
99.8633
100.109
100.189
99.9
99.7509
100.065
100.311
100.003
99.6359
99.8913
100.389
100.253
99.6364
99.5772
100.26
100.591
99.944
99.2925
99.7475
100.705
100.636
99.493
98.9858
100.056
101.246
100.65
98.8606
98.491
100.487
102.279
100.891
97.4464
96.8251
101.643
107.031
102.884
82.5841
49.9647
17.5476
-2.59272
-7.16503
-2.32631
2.79174
3.22953
0.218029
-2.22262
-1.83071
0.3273
1.74646
1.19088
-0.436136
-1.39441
-0.890335
0.377577
1.13104
0.763531
-0.240243
-0.913989
-0.721705
0.0597557
0.703959
0.702646
0.139395
-0.471558
-0.653495
-0.323783
0.208071
0.531366
0.443896
0.0612066
-0.319395
-0.445304
-0.271723
0.0506512
0.302914
0.341989
0.181975
-0.0630352
-0.235339
-0.26243
-0.150141
0.0244897
0.149576
0.200717
0.134404
0.0346652
-0.0643736
-0.134214
-0.103239
-0.085981
0.00319597
0.0513868
99.9918
99.9855
100.046
100.024
99.9169
99.9605
100.117
100.065
99.8534
99.8953
100.166
100.159
99.8309
99.7726
100.147
100.305
99.9117
99.6192
99.9851
100.435
100.167
99.5586
99.6414
100.366
100.564
99.8214
99.2689
99.8656
100.783
100.55
99.3689
99.0122
100.198
101.296
100.531
98.7404
98.5429
100.643
102.323
100.759
97.315
96.8706
101.809
107.102
102.767
82.4245
49.9629
17.7084
-2.46363
-7.22355
-2.50516
2.70046
3.3317
0.399238
-2.16416
-1.95976
0.149671
1.70904
1.33276
-0.261159
-1.36325
-1.03314
0.201346
1.09046
0.895225
-0.0600622
-0.849115
-0.827688
-0.12144
0.603663
0.765008
0.308922
-0.333747
-0.654152
-0.457548
0.0467313
0.46109
0.511174
0.211854
-0.191653
-0.423699
-0.364503
-0.0889576
0.201845
0.340839
0.269043
0.0594283
-0.147511
-0.257081
-0.210637
-0.0818063
0.0729997
0.169677
0.162019
0.11445
-0.00722207
-0.0688876
-0.108786
-0.115004
-0.0286333
100.007
99.9699
100.001
100.067
99.9959
99.8949
99.9987
100.144
100.019
99.8192
99.9465
100.212
100.107
99.7699
99.818
100.224
100.274
99.8191
99.6274
100.087
100.459
100.065
99.4979
99.7267
100.463
100.513
99.6977
99.2676
99.9944
100.846
100.447
99.2515
99.0581
100.345
101.33
100.399
98.6269
98.6092
100.801
102.356
100.619
97.1858
96.9245
101.979
107.17
102.644
82.2617
49.9611
17.8722
-2.3293
-7.2786
-2.68731
2.5998
3.4274
0.585783
-2.09129
-2.07981
-0.0360521
1.65188
1.46283
-0.0758353
-1.30699
-1.16003
0.0143772
1.01986
1.00473
0.127822
-0.750964
-0.903002
-0.302285
0.470827
0.787624
0.464252
-0.1714
-0.609535
-0.559355
-0.121223
0.34978
0.531637
0.342545
-0.0419081
-0.354685
-0.41197
-0.218198
0.0745718
0.290179
0.312282
0.173598
-0.0412198
-0.199439
-0.234384
-0.165985
-0.0127355
0.0930935
0.16547
0.145483
0.0601841
0.00858687
-0.0970508
-0.081458
100.013
99.9907
99.9571
100.029
100.075
99.9569
99.8886
100.048
100.152
99.9605
99.8033
100.012
100.24
100.038
99.7246
99.8852
100.29
100.218
99.7319
99.6621
100.192
100.457
99.9527
99.4586
99.8303
100.547
100.44
99.5777
99.29
100.13
100.889
100.327
99.1437
99.1235
100.493
101.348
100.257
98.5218
98.6901
100.961
102.379
100.47
97.0595
96.9869
102.153
107.236
102.517
82.0957
49.9592
18.0391
-2.18961
-7.32989
-2.87251
2.48962
3.51592
0.776958
-2.00378
-2.18944
-0.228434
1.5747
1.57871
0.117314
-1.22551
-1.26753
-0.179239
0.919863
1.08769
0.317236
-0.62193
-0.943197
-0.474341
0.311074
0.767691
0.595505
0.00544249
-0.521296
-0.62036
-0.282077
0.206695
0.501521
0.440336
0.112562
-0.24437
-0.408336
-0.319924
-0.0594304
0.193791
0.310185
0.254029
0.0701762
-0.103452
-0.220159
-0.201448
-0.104606
0.00873147
0.129153
0.127739
0.129759
0.0493851
-0.0352269
100.004
100.021
99.9656
99.9594
100.063
100.065
99.9143
99.9023
100.101
100.139
99.897
99.8106
100.086
100.245
99.9563
99.7014
99.9694
100.337
100.139
99.6574
99.7227
100.292
100.427
99.8356
99.4443
99.9482
100.611
100.344
99.4662
99.3368
100.27
100.911
100.194
99.0484
99.2083
100.64
101.348
100.105
98.4267
98.7854
101.121
102.39
100.313
96.9369
97.0583
102.332
107.299
102.384
81.9266
49.9572
18.209
-2.04447
-7.37718
-3.06051
2.36979
3.59658
0.971997
-1.90153
-2.2873
-0.425895
1.47748
1.67816
0.315501
-1.11923
-1.35248
-0.375029
0.791991
1.14043
0.501624
-0.465749
-0.945222
-0.629126
0.131657
0.704844
0.693849
0.185257
-0.394221
-0.63507
-0.421509
0.0434313
0.42312
0.494331
0.253972
-0.103591
-0.356348
-0.376449
-0.185082
0.0693138
0.262753
0.283755
0.175174
-0.000657356
-0.157252
-0.193664
-0.178948
-0.0542651
0.0408181
0.100431
0.151644
0.0622712
99.9906
100.026
100.013
99.9403
99.9791
100.093
100.037
99.8769
99.9369
100.148
100.103
99.8377
99.8431
100.159
100.223
99.8705
99.7048
100.064
100.36
100.044
99.6026
99.8068
100.38
100.371
99.7201
99.4575
100.075
100.654
100.23
99.3679
99.4077
100.408
100.91
100.049
98.9687
99.3119
100.784
101.328
99.9442
98.3431
98.8951
101.282
102.388
100.148
96.8184
97.1387
102.514
107.358
102.246
81.7542
49.9551
18.382
-1.89378
-7.42021
-3.25106
2.24019
3.66869
1.1701
-1.78448
-2.37203
-0.626744
1.36044
1.75903
0.515731
-0.98905
-1.41205
-0.568268
0.638642
1.16002
0.674336
-0.287424
-0.907562
-0.758597
-0.058909
0.601375
0.751874
0.356288
-0.236674
-0.601012
-0.526858
-0.126305
0.304524
0.496078
0.368619
0.0489288
-0.261003
-0.379024
-0.288041
-0.0570684
0.168188
0.268584
0.247287
0.0901767
-0.0506133
-0.16513
-0.193132
-0.108725
-0.0595271
0.0756287
0.0940286
99.9889
100.001
100.043
99.9897
99.924
100.014
100.111
99.9919
99.8539
99.9893
100.18
100.046
99.7917
99.8993
100.222
100.175
99.7896
99.7369
100.161
100.354
99.9373
99.5732
99.91
100.45
100.288
99.6131
99.4992
100.206
100.67
100.101
99.2874
99.5018
100.542
100.885
99.8968
98.907
99.4331
100.922
101.29
99.7773
98.2727
99.0189
101.44
102.374
99.976
96.7049
97.2286
102.699
107.414
102.102
81.5787
49.953
18.5581
-1.73741
-7.45871
-3.44388
2.10072
3.73157
1.37041
-1.65269
-2.44236
-0.829182
1.22403
1.81935
0.714829
-0.836359
-1.44382
-0.754066
0.463042
1.14446
0.82886
-0.0931351
-0.830239
-0.855728
-0.250942
0.461815
0.764518
0.506974
-0.0600114
-0.518627
-0.589455
-0.285706
0.155752
0.444538
0.444564
0.19137
-0.128733
-0.334015
-0.346449
-0.170072
0.0413278
0.220186
0.257558
0.173415
0.0556574
-0.109985
-0.14269
-0.166299
-0.104946
0.0126183
99.9997
99.9767
100.023
100.048
99.9567
99.9242
100.057
100.109
99.9382
99.852
100.053
100.191
99.9748
99.7674
99.9744
100.266
100.102
99.7227
99.7969
100.252
100.318
99.8283
99.5732
100.026
100.495
100.184
99.5213
99.5688
100.335
100.658
99.9605
99.2286
99.6169
100.665
100.835
99.7395
98.8657
99.5706
101.051
101.231
99.6058
98.2169
99.1564
101.595
102.346
99.7964
96.5969
97.328
102.888
107.466
101.953
81.4
49.9508
18.7373
-1.57522
-7.4924
-3.63871
1.95129
3.7845
1.57203
-1.50629
-2.49701
-1.03129
1.06896
1.85732
0.90946
-0.663036
-1.44586
-0.927419
0.269172
1.09277
0.958913
0.110063
-0.71504
-0.914751
-0.434029
0.292595
0.730043
0.625686
0.123668
-0.393418
-0.603323
-0.418068
-0.0116439
0.348312
0.468
0.310075
0.0217051
-0.249912
-0.343894
-0.265311
-0.0796964
0.131707
0.214209
0.237048
0.119143
-0.00621489
-0.0828664
-0.180763
-0.0954788
100.01
99.9794
99.9793
100.05
100.035
99.9228
99.9444
100.1
100.085
99.8849
99.8751
100.118
100.174
99.898
99.7704
100.061
100.283
100.012
99.6785
99.8811
100.326
100.253
99.7254
99.6048
100.148
100.511
100.062
99.4509
99.6644
100.454
100.616
99.8149
99.1951
99.7503
100.775
100.759
99.5813
98.8469
99.7223
101.168
101.152
99.4316
98.1771
99.3069
101.745
102.304
99.6103
96.4953
97.4372
103.081
107.514
101.798
81.2179
49.9485
18.9196
-1.40708
-7.52096
-3.83521
1.79182
3.82677
1.77398
-1.3455
-2.53474
-1.23103
0.896176
1.87129
1.09616
-0.471493
-1.41676
-1.08335
0.0617781
1.00514
1.05865
0.314529
-0.565833
-0.931051
-0.598211
0.102755
0.649299
0.702449
0.301965
-0.236486
-0.563503
-0.512801
-0.179106
0.217221
0.432465
0.396762
0.160088
-0.126277
-0.291827
-0.322489
-0.169607
0.00197071
0.155639
0.234902
0.156013
0.112277
-0.0473409
-0.102507
100.009
100.004
99.9601
99.9983
100.071
100.005
99.8982
99.9835
100.132
100.04
99.8428
99.9225
100.174
100.13
99.8263
99.8033
100.148
100.27
99.9136
99.6633
99.9829
100.377
100.162
99.6377
99.6675
100.266
100.495
99.9299
99.4074
99.7823
100.558
100.546
99.6696
99.1895
99.8984
100.866
100.66
99.4261
98.8522
99.8861
101.271
101.053
99.257
98.1545
99.4697
101.89
102.247
99.4184
96.4006
97.5563
103.276
107.557
101.637
81.0326
49.9461
19.1051
-1.23285
-7.54408
-4.03306
1.62229
3.85766
1.9752
-1.1707
-2.55442
-1.42624
0.70696
1.85993
1.27139
-0.264695
-1.35572
-1.21712
-0.153579
0.882817
1.12324
0.511919
-0.388134
-0.901912
-0.734388
-0.0961004
0.524816
0.731923
0.459777
-0.059622
-0.471338
-0.562993
-0.323788
0.0578046
0.34982
0.433389
0.269696
0.0247232
-0.213542
-0.309108
-0.240528
-0.122181
0.0858962
0.154057
0.199541
0.161217
0.012437
99.9984
100.023
99.9843
99.9514
100.03
100.077
99.9628
99.8916
100.036
100.143
99.9792
99.8213
99.989
100.21
100.063
99.7707
99.8644
100.225
100.225
99.8163
99.681
100.093
100.397
100.051
99.5734
99.7586
100.373
100.446
99.7951
99.3947
99.9174
100.64
100.448
99.5308
99.2136
100.057
100.935
100.538
99.2781
98.8826
100.059
101.357
100.935
99.0842
98.1502
99.6439
102.027
102.175
99.2212
96.3137
97.6855
103.473
107.596
101.47
80.844
49.9436
19.2938
-1.05243
-7.56146
-4.23186
1.44272
3.87649
2.17458
-0.982402
-2.555
-1.61468
0.502868
1.82224
1.43156
-0.0460549
-1.26274
-1.32424
-0.370815
0.728308
1.14907
0.693374
-0.188473
-0.827808
-0.833394
-0.29252
0.363227
0.711881
0.581612
0.126705
-0.339162
-0.557779
-0.433553
-0.112498
0.235595
0.402301
0.353873
0.160239
-0.104879
-0.233202
-0.293676
-0.184501
-0.029219
0.0635663
0.208412
0.128836
99.99
100.017
100.024
99.958
99.9598
100.064
100.062
99.9184
99.9082
100.091
100.129
99.9129
99.8271
100.066
100.219
99.9795
99.7406
99.9482
100.281
100.151
99.7317
99.7323
100.202
100.382
99.9297
99.5391
99.8727
100.459
100.365
99.6658
99.4155
100.063
100.695
100.326
99.4046
99.268
100.22
100.979
100.396
99.1414
98.9388
100.238
101.424
100.798
98.9157
98.1653
99.8284
102.155
102.088
99.0195
96.2352
97.8249
103.674
107.63
101.297
80.652
49.9409
19.4856
-0.86569
-7.57278
-4.43125
1.25316
3.88258
2.37097
-0.781237
-2.53555
-1.79409
0.285761
1.75756
1.57319
0.180608
-1.13867
-1.40057
-0.583741
0.54577
1.13336
0.85086
0.0247782
-0.711462
-0.887251
-0.476283
0.176936
0.639386
0.659605
0.305557
-0.180029
-0.491076
-0.506399
-0.260464
0.0888307
0.318524
0.399001
0.24821
0.0444062
-0.148242
-0.278377
-0.203808
-0.164953
0.0197194
0.111767
99.9924
99.9936
100.036
100.007
99.9356
99.9864
100.092
100.028
99.8829
99.9481
100.137
100.088
99.853
99.8626
100.14
100.196
99.8911
99.7426
100.045
100.308
100.054
99.6701
99.8141
100.299
100.333
99.8072
99.5397
100.002
100.518
100.257
99.5505
99.4703
100.213
100.719
100.183
99.2972
99.3521
100.383
100.994
100.237
99.0203
99.0208
100.42
101.469
100.643
98.7539
98.2006
100.022
102.273
101.986
98.8142
96.166
97.9746
103.876
107.659
101.117
80.4566
49.9382
19.6806
-0.672509
-7.57774
-4.63085
1.05369
3.8753
2.56319
-0.567957
-2.49529
-1.96219
0.0577804
1.66555
1.69305
0.410968
-0.984954
-1.44282
-0.785802
0.340478
1.07457
0.977677
0.240869
-0.555856
-0.892959
-0.634511
-0.0219646
0.516171
0.691344
0.453544
0.00142935
-0.378376
-0.527511
-0.368071
-0.0835496
0.215962
0.367075
0.309183
0.186254
-0.067353
-0.170098
-0.236563
-0.218359
-0.0360147
100.002
99.9783
100.011
100.046
99.978
99.927
100.027
100.102
99.9776
99.8668
100.006
100.164
100.026
99.8114
99.9248
100.201
100.142
99.8103
99.7791
100.144
100.3
99.945
99.64
99.9197
100.372
100.25
99.6945
99.5771
100.138
100.544
100.126
99.4572
99.5577
100.358
100.709
100.026
99.214
99.4642
100.54
100.979
100.065
98.9186
99.128
100.602
101.491
100.473
98.6014
98.2566
100.223
102.379
101.868
98.606
96.1067
98.1348
104.079
107.682
100.932
80.2579
49.9353
19.8789
-0.472737
-7.57601
-4.83026
0.844396
3.85402
2.75003
-0.343401
-2.43356
-2.11668
-0.178752
1.54631
1.78804
0.640396
-0.803671
-1.44872
-0.969851
0.117845
0.973962
1.06661
0.449776
-0.366952
-0.85073
-0.752611
-0.225574
0.356419
0.667394
0.559922
0.190901
-0.240624
-0.475617
-0.446915
-0.234592
0.0908071
0.263643
0.357876
0.249333
0.0595465
-0.0516001
-0.244097
-0.164621
100.009
99.9855
99.9768
100.037
100.04
99.9439
99.9389
100.071
100.089
99.9231
99.8771
100.071
100.162
99.9509
99.7978
100.006
100.235
100.062
99.7497
99.8478
100.232
100.256
99.8351
99.6468
100.04
100.414
100.141
99.602
99.6504
100.271
100.532
99.9813
99.3931
99.6744
100.491
100.664
99.8616
99.1598
99.6014
100.685
100.933
99.8838
98.84
99.2592
100.779
101.488
100.289
98.4607
98.3338
100.43
102.472
101.735
98.396
96.0581
98.3054
104.285
107.699
100.739
80.0557
49.9324
20.0805
-0.266221
-7.56723
-5.02907
0.625411
3.81808
2.9302
-0.108556
-2.34984
-2.25519
-0.421315
1.40051
1.85506
0.864381
-0.598237
-1.4162
-1.12952
-0.115375
0.834663
1.11058
0.643842
-0.157068
-0.757749
-0.82459
-0.419262
0.174778
0.579649
0.628568
0.352085
-0.0737679
-0.367535
-0.488746
-0.32482
-0.0792837
0.157143
0.334997
0.255967
0.217071
-0.00180092
-0.128788
100.007
100.006
99.967
99.9918
100.059
100.015
99.9165
99.9719
100.106
100.051
99.8766
99.9152
100.131
100.129
99.8766
99.8177
100.093
100.237
99.9667
99.7198
99.9416
100.296
100.178
99.7374
99.6922
100.162
100.417
100.013
99.5391
99.7553
100.389
100.482
99.8311
99.3636
99.8148
100.603
100.585
99.6961
99.1384
99.7594
100.812
100.856
99.6984
98.7877
99.4124
100.947
101.459
100.092
98.3343
98.4323
100.642
102.55
101.586
98.185
96.0209
98.4866
104.491
107.71
100.54
79.85
49.9293
20.2855
-0.0528077
-7.55103
-5.22682
0.396911
3.76685
3.10243
0.135398
-2.24366
-2.37553
-0.666943
1.22901
1.89158
1.07808
-0.372929
-1.34365
-1.25997
-0.349689
0.65867
1.10768
0.812065
0.0623343
-0.614219
-0.851446
-0.578436
-0.0278502
0.44584
0.645823
0.465309
0.122142
-0.247059
-0.446134
-0.38448
-0.243348
0.0672922
0.20157
0.28712
0.277932
0.0536076
99.9979
100.02
99.9895
99.9576
100.02
100.067
99.9758
99.9066
100.02
100.122
99.9947
99.8506
99.9762
100.172
100.069
99.8172
99.8705
100.172
100.201
99.8694
99.7271
100.049
100.326
100.073
99.6643
99.7733
100.274
100.381
99.8773
99.513
99.885
100.483
100.395
99.6857
99.3724
99.9719
100.687
100.473
99.5377
99.1524
99.9331
100.915
100.748
99.5143
98.7643
99.5851
101.103
101.403
99.8871
98.2247
98.5521
100.855
102.612
101.422
97.9742
95.9958
98.6783
104.698
107.714
100.334
79.6408
49.926
20.4937
0.167644
-7.52702
-5.42301
0.159106
3.69975
3.26528
0.387197
-2.11483
-2.47552
-0.912387
1.03297
1.89591
1.27573
-0.131543
-1.2322
-1.35512
-0.576585
0.450189
1.05937
0.939786
0.286742
-0.435196
-0.823134
-0.693333
-0.240814
0.291165
0.583873
0.551088
0.294164
-0.107238
-0.321449
-0.440586
-0.312016
-0.0771145
0.0583403
0.299789
0.205696
99.9916
100.014
100.02
99.9656
99.9649
100.053
100.054
99.9337
99.9209
100.073
100.11
99.9313
99.8538
100.049
100.183
99.9893
99.7852
99.9498
100.23
100.132
99.7847
99.7733
100.157
100.317
99.9547
99.6259
99.8833
100.364
100.306
99.747
99.5279
100.03
100.543
100.277
99.5552
99.421
100.137
100.738
100.333
99.3944
99.2028
100.116
100.991
100.612
99.3368
98.772
99.7741
101.243
101.319
99.6755
98.1342
98.6927
101.07
102.657
101.243
97.7646
95.9836
98.8804
104.905
107.711
100.121
79.428
49.9224
20.7054
0.395236
-7.4948
-5.61713
-0.0876986
3.61629
3.41731
0.645505
-1.9636
-2.5527
-1.1547
0.814765
1.86611
1.45231
0.121028
-1.08461
-1.40791
-0.791002
0.221032
0.961451
1.02233
0.503614
-0.235884
-0.727583
-0.773525
-0.423197
0.105452
0.461377
0.603754
0.394784
0.0891986
-0.20038
-0.41767
-0.315493
-0.266204
0.00596016
0.162198
99.9935
99.9951
100.03
100.005
99.9459
99.9905
100.077
100.021
99.9014
99.9597
100.116
100.07
99.8752
99.8891
100.12
100.16
99.9048
99.7888
100.044
100.254
100.038
99.7266
99.8542
100.249
100.266
99.8354
99.6287
100.011
100.42
100.197
99.6343
99.5846
100.178
100.565
100.133
99.4496
99.508
100.301
100.75
100.17
99.2735
99.2893
100.302
101.034
100.451
99.1719
98.812
99.9758
101.363
101.209
99.4606
98.0651
98.8536
101.283
102.683
101.049
97.5574
95.9849
99.0931
105.112
107.702
99.9012
79.2116
49.9187
20.9206
0.630079
-7.45396
-5.80874
-0.343102
3.51587
3.55726
0.908635
-1.79015
-2.60511
-1.39073
0.577496
1.80005
1.6047
0.376577
-0.90109
-1.41715
-0.983433
-0.0185856
0.811529
1.06369
0.686139
-0.0115057
-0.585038
-0.80381
-0.554209
-0.118771
0.332368
0.561289
0.467875
0.282754
-0.104123
-0.261471
-0.36133
-0.337918
-0.0575658
100.001
99.9823
100.012
100.037
99.9775
99.9412
100.028
100.083
99.9731
99.8907
100.016
100.136
100.009
99.8406
99.9518
100.173
100.103
99.8312
99.8305
100.137
100.239
99.9319
99.7056
99.9601
100.313
100.179
99.7302
99.6747
100.144
100.434
100.064
99.5509
99.6802
100.318
100.543
99.9742
99.3773
99.6297
100.453
100.722
99.9928
99.1822
99.4097
100.483
101.042
100.27
99.0249
98.8849
100.186
101.459
101.073
99.2459
98.0194
99.0339
101.491
102.69
100.841
97.3538
96.0005
99.3161
105.318
107.684
99.6735
78.9917
49.9147
21.1394
0.872358
-7.40411
-5.9973
-0.606796
3.39801
3.6838
1.17475
-1.59453
-2.63152
-1.61607
0.322928
1.69831
1.72772
0.628493
-0.683342
-1.38506
-1.13867
-0.268825
0.625405
1.05119
0.826498
0.231031
-0.42381
-0.747172
-0.665901
-0.318788
0.180566
0.425556
0.55042
0.363186
0.0678909
-0.101185
-0.388841
-0.252318
100.007
99.9862
99.984
100.034
100.027
99.9479
99.9574
100.067
100.064
99.9243
99.9083
100.075
100.125
99.938
99.8382
100.031
100.195
100.022
99.7837
99.9052
100.212
100.183
99.8306
99.7273
100.077
100.338
100.065
99.6534
99.7605
100.266
100.404
99.9199
99.5062
99.8078
100.437
100.478
99.811
99.345
99.7798
100.584
100.652
99.8092
99.1261
99.5604
100.652
101.012
100.072
98.9013
98.9903
100.399
101.528
100.912
99.0349
97.999
99.2323
101.694
102.676
100.62
97.1552
96.031
99.5493
105.523
107.659
99.4383
78.7681
49.9104
21.3618
1.12218
-7.34478
-6.18213
-0.878494
3.26252
3.79502
1.44249
-1.37797
-2.62972
-1.82709
0.0538553
1.56273
1.81381
0.874755
-0.442374
-1.30433
-1.25366
-0.518887
0.41708
0.96704
0.940491
0.444199
-0.222219
-0.626227
-0.750247
-0.440824
-0.0499441
0.303222
0.538422
0.379907
0.302436
-0.0529993
-0.223077
100.007
100.002
99.9721
100.001
100.049
99.9999
99.9289
99.9932
100.092
100.022
99.889
99.953
100.124
100.083
99.8745
99.8714
100.11
100.179
99.93
99.7734
100.001
100.256
100.095
99.7504
99.7908
100.189
100.318
99.9372
99.6159
99.878
100.364
100.33
99.7776
99.5063
99.9574
100.524
100.373
99.6558
99.3569
99.9496
100.685
100.544
99.6288
99.1096
99.7358
100.8
100.944
99.8649
98.8061
99.1268
100.611
101.567
100.727
98.8314
98.0055
99.4474
101.888
102.639
100.387
96.9629
96.0771
99.7927
105.727
107.626
99.1951
78.541
49.9056
21.5881
1.37952
-7.27545
-6.36286
-1.15749
3.10903
3.88949
1.71021
-1.14247
-2.59684
-2.02246
-0.222519
1.39093
1.8626
1.1066
-0.186371
-1.16934
-1.33502
-0.738234
0.173363
0.835712
1.00658
0.608252
0.03395
-0.50505
-0.723061
-0.549295
-0.279821
0.205324
0.364507
0.466451
0.386836
0.034068
100
100.015
99.985
99.9696
100.028
100.048
99.9636
99.9307
100.039
100.094
99.9667
99.8797
100.016
100.146
100.016
99.8343
99.936
100.172
100.126
99.8462
99.8049
100.103
100.258
99.9864
99.7055
99.8886
100.279
100.253
99.8122
99.6245
100.015
100.425
100.218
99.6524
99.5534
100.116
100.569
100.235
99.5206
99.414
100.129
100.747
100.401
99.4612
99.1355
99.9294
100.922
100.838
99.6545
98.7434
99.2921
100.817
101.575
100.522
98.639
98.0401
99.6774
102.071
102.581
100.141
96.7783
96.1393
100.046
105.928
107.584
98.9436
78.3102
49.9003
21.8184
1.64465
-7.19555
-6.53912
-1.44317
2.93664
3.9667
1.97493
-0.887624
-2.53321
-2.19788
-0.501957
1.18209
1.87721
1.30807
0.0909621
-0.99794
-1.36519
-0.92371
-0.10101
0.687317
0.976955
0.771078
0.26506
-0.348452
-0.594708
-0.684812
-0.376372
-0.00695329
0.20579
0.521049
0.296974
99.9941
100.014
100.01
99.9661
99.9841
100.052
100.027
99.9312
99.9569
100.081
100.067
99.9133
99.9023
100.081
100.134
99.9397
99.829
100.019
100.201
100.043
99.7875
99.8746
100.191
100.216
99.875
99.705
100.007
100.332
100.152
99.7069
99.6802
100.155
100.44
100.079
99.5578
99.6449
100.27
100.568
100.073
99.4168
99.5144
100.306
100.766
100.23
99.3162
99.2044
100.133
101.01
100.697
99.4482
98.7169
99.4829
101.01
101.549
100.299
98.4618
98.1036
99.9201
102.24
102.499
99.8853
96.6027
96.2181
100.309
106.126
107.533
98.6837
78.0757
49.8943
22.0526
1.91791
-7.10467
-6.70945
-1.73566
2.74566
4.02403
2.23465
-0.614135
-2.43939
-2.34527
-0.786282
0.946364
1.84548
1.4796
0.379898
-0.79993
-1.32029
-1.09893
-0.350202
0.480336
0.8845
0.914566
0.419179
-0.0790442
-0.497632
-0.699196
-0.432281
-0.299644
0.176364
0.322719
99.9933
100.002
100.024
99.9909
99.957
100.013
100.063
99.9886
99.9163
100.002
100.104
100.016
99.8782
99.9541
100.132
100.087
99.8715
99.8628
100.104
100.19
99.9471
99.7672
99.9715
100.25
100.135
99.7793
99.7512
100.13
100.339
100.025
99.6364
99.7782
100.281
100.406
99.9266
99.5052
99.7737
100.405
100.518
99.8993
99.3538
99.6527
100.468
100.738
100.04
99.2025
99.3147
100.338
101.059
100.525
99.2535
98.7293
99.6951
101.185
101.487
100.062
98.3036
98.1966
100.173
102.393
102.393
99.6201
96.4378
96.3141
100.582
106.32
107.473
98.415
77.838
49.8873
22.291
2.1987
-7.00238
-6.87308
-2.03417
2.53755
4.05796
2.48971
-0.32916
-2.30983
-2.4658
-1.06577
0.688746
1.75884
1.62939
0.644338
-0.549993
-1.23215
-1.22755
-0.561243
0.197379
0.79915
0.922739
0.591616
0.186324
-0.407066
-0.520657
-0.59698
-0.393714
0.0397276
99.998
99.9889
100.018
100.021
99.9668
99.9659
100.045
100.051
99.9467
99.9277
100.054
100.098
99.9546
99.8738
100.023
100.153
100.015
99.8293
99.9304
100.171
100.137
99.8567
99.7917
100.078
100.265
100.027
99.7166
99.8389
100.237
100.297
99.8903
99.6117
99.9075
100.378
100.324
99.777
99.5018
99.9288
100.506
100.421
99.7285
99.3382
99.8204
100.605
100.664
99.8419
99.128
99.4629
100.534
101.066
100.327
99.0777
98.7819
99.9237
101.336
101.391
99.8152
98.1681
98.3195
100.434
102.528
102.264
99.3468
96.2853
96.4279
100.865
106.511
107.404
98.1369
77.5972
49.8795
22.5346
2.48707
-6.88782
-7.03122
-2.33699
2.31046
4.07038
2.73704
-0.0343341
-2.14303
-2.56478
-1.32401
0.396314
1.64125
1.73269
0.890679
-0.256901
-1.13107
-1.25271
-0.801458
-0.0522165
0.654114
0.834016
0.80868
0.294471
-0.14444
-0.40267
-0.686908
-0.314582
100.004
99.9857
99.9981
100.032
100.002
99.9497
99.9933
100.068
100.017
99.9162
99.9651
100.096
100.061
99.9
99.9045
100.092
100.135
99.934
99.8255
100.018
100.203
100.053
99.7915
99.8584
100.175
100.233
99.9095
99.6989
99.9555
100.312
100.21
99.7666
99.6381
100.053
100.432
100.202
99.6472
99.5499
100.096
100.564
100.285
99.5746
99.3732
100.006
100.705
100.545
99.6461
99.0983
99.643
100.712
101.028
100.109
98.928
98.8749
100.163
101.46
101.259
99.5624
98.0587
98.4715
100.7
102.641
102.11
99.0666
96.1464
96.5596
101.156
106.696
107.325
97.8489
77.3522
49.8704
22.7826
2.78498
-6.76056
-7.18126
-2.64512
2.06269
4.06053
2.96984
0.278151
-1.94825
-2.62454
-1.57051
0.0781437
1.49355
1.76434
1.15442
0.0165025
-0.945844
-1.23325
-1.0335
-0.240143
0.355894
0.812974
0.868596
0.425424
0.201556
-0.42298
-0.463209
100.006
99.9938
99.981
100.017
100.033
99.9739
99.9506
100.031
100.068
99.9708
99.9102
100.019
100.112
100.002
99.8696
99.9645
100.141
100.082
99.8647
99.8634
100.106
100.192
99.9533
99.7665
99.956
100.242
100.157
99.8043
99.7314
100.083
100.341
100.09
99.672
99.7141
100.196
100.435
100.054
99.5525
99.6466
100.258
100.571
100.119
99.4515
99.4582
100.198
100.76
100.387
99.4651
99.1172
99.847
100.863
100.944
99.8801
98.8112
99.0071
100.406
101.55
101.095
99.309
97.979
98.6517
100.967
102.731
101.933
98.7819
96.0232
96.7089
101.457
106.875
107.236
97.5513
77.1048
49.8591
23.0342
3.09126
-6.62132
-7.31828
-2.95961
1.80185
4.0176
3.19094
0.595078
-1.72308
-2.63337
-1.81147
-0.224971
1.27103
1.76521
1.37107
0.279621
-0.660956
-1.22715
-1.10289
-0.509049
0.0745264
0.74509
0.718628
0.717702
0.296252
-0.196996
100.004
100.006
99.9797
99.9905
100.036
100.016
99.949
99.9732
100.064
100.043
99.9282
99.9343
100.073
100.094
99.9368
99.8748
100.039
100.155
100.004
99.8254
99.9362
100.174
100.137
99.8597
99.789
100.066
100.264
100.049
99.7303
99.8105
100.201
100.317
99.9521
99.6215
99.8311
100.317
100.384
99.8943
99.5051
99.7833
100.399
100.524
99.9379
99.3709
99.5885
100.38
100.764
100.2
99.3105
99.186
100.066
100.978
100.817
99.6476
98.7334
99.1766
100.645
101.603
100.899
99.0601
97.9324
98.8595
101.232
102.794
101.732
98.4939
95.9181
96.8774
101.765
107.045
107.137
97.2425
76.8561
49.8469
23.2926
3.40326
-6.46928
-7.44816
-3.27663
1.52902
3.94421
3.40735
0.89743
-1.45186
-2.62744
-2.00867
-0.531929
1.00269
1.75878
1.47797
0.610368
-0.435246
-1.11769
-1.10115
-0.820449
-0.0259695
0.429636
0.704265
0.828244
0.254417
99.9986
100.013
99.9937
99.9729
100.012
100.043
99.9854
99.9406
100.012
100.077
99.998
99.9056
99.9833
100.108
100.045
99.8858
99.9166
100.107
100.128
99.9205
99.8282
100.028
100.203
100.049
99.7931
99.8562
100.166
100.237
99.9296
99.7021
99.9242
100.29
100.243
99.818
99.6239
99.9743
100.4
100.284
99.7433
99.512
99.9469
100.504
100.426
99.7574
99.3412
99.7554
100.54
100.715
99.9935
99.1927
99.3026
100.288
101.05
100.649
99.4209
98.6987
99.3792
100.875
101.616
100.674
98.8203
97.9207
99.0928
101.493
102.829
101.507
98.203
95.8314
97.065
102.084
107.209
107.027
96.9211
76.6018
49.834
23.5578
3.72776
-6.30158
-7.57173
-3.59616
1.22847
3.85208
3.60074
1.21457
-1.14727
-2.59691
-2.15419
-0.894202
0.756334
1.6461
1.59361
0.940579
-0.239234
-0.835953
-1.2363
-0.933628
-0.263969
0.0894606
0.827633
0.607808
99.9949
100.01
100.011
99.9766
99.9813
100.036
100.029
99.954
99.9559
100.052
100.063
99.948
99.9137
100.043
100.111
99.9789
99.8658
99.9852
100.148
100.065
99.8545
99.8743
100.116
100.187
99.9473
99.7694
99.9556
100.236
100.163
99.8197
99.7266
100.054
100.332
100.129
99.7082
99.6807
100.125
100.433
100.146
99.6192
99.5744
100.12
100.56
100.284
99.5943
99.3671
99.9463
100.663
100.614
99.782
99.1209
99.462
100.502
101.074
100.448
99.2105
98.7104
99.6088
101.086
101.587
100.427
98.5962
97.9455
99.3478
101.744
102.836
101.263
97.9128
95.7646
97.2685
102.411
107.365
106.909
96.5896
76.3429
49.8165
23.8213
4.06669
-6.12225
-7.66778
-3.92376
0.915525
3.71906
3.75691
1.54764
-0.840389
-2.46483
-2.29803
-1.21165
0.45958
1.41844
1.72721
1.10188
0.150215
-0.596452
-1.22136
-0.888631
-0.736545
0.0127752
0.476186
99.9952
99.9999
100.019
99.9966
99.9666
100.004
100.048
99.9989
99.9365
99.9923
100.078
100.024
99.9117
99.9526
100.092
100.079
99.9149
99.8851
100.062
100.15
99.9819
99.8241
99.9539
100.179
100.125
99.8543
99.7957
100.067
100.259
100.055
99.7411
99.8012
100.177
100.321
99.9921
99.6406
99.7855
100.261
100.408
99.9868
99.5385
99.6872
100.284
100.559
100.111
99.4646
99.4489
100.147
100.738
100.466
99.5791
99.1022
99.6576
100.695
101.045
100.22
99.0264
98.7717
99.8596
101.271
101.512
100.16
98.3946
98.0107
99.6222
101.981
102.808
100.998
97.6276
95.7232
97.4905
102.742
107.506
106.781
96.2472
76.0896
49.7976
24.091
4.40569
-5.93639
-7.74636
-4.25633
0.619774
3.53485
3.92017
1.82481
-0.503777
-2.30196
-2.42354
-1.41235
0.0610089
1.28924
1.67028
1.24221
0.52546
-0.523981
-0.859834
-1.0493
-0.809771
-0.0487435
99.9988
99.9913
100.013
100.017
99.9764
99.9727
100.032
100.04
99.9629
99.9433
100.037
100.076
99.9711
99.9039
100.011
100.115
100.019
99.874
99.9401
100.124
100.11
99.9005
99.8389
100.048
100.2
100.032
99.7921
99.8677
100.167
100.23
99.9336
99.7098
99.9136
100.272
100.255
99.853
99.6269
99.9243
100.363
100.329
99.8251
99.512
99.839
100.421
100.5
99.9221
99.3811
99.5813
100.341
100.759
100.28
99.3983
99.1393
99.8798
100.858
100.963
99.9735
98.8758
98.8822
100.125
101.425
101.392
99.8771
98.2184
98.1172
99.9159
102.202
102.744
100.71
97.3443
95.7077
97.7363
103.085
107.636
106.633
95.8864
75.8295
49.7832
24.3783
4.75801
-5.72932
-7.83683
-4.58809
0.286366
3.3398
4.08217
2.09018
-0.0892796
-2.19497
-2.44436
-1.71595
-0.302481
1.15821
1.50067
1.60768
0.640319
-0.18922
-0.684426
-1.31591
-0.625099
100.003
99.9894
99.9988
100.024
100.001
99.9625
99.9956
100.051
100.012
99.9374
99.9749
100.072
100.045
99.9249
99.9299
100.069
100.1
99.9493
99.8705
100.015
100.152
100.037
99.8438
99.8967
100.132
100.172
99.9297
99.7764
99.9704
100.233
100.153
99.8234
99.7332
100.044
100.321
100.145
99.7354
99.6706
100.077
100.416
100.203
99.6831
99.5447
100.012
100.515
100.388
99.7374
99.3535
99.7532
100.511
100.721
100.069
99.2533
99.231
100.115
100.979
100.832
99.7209
98.7664
99.0373
100.395
101.541
101.232
99.588
98.0714
98.26
100.221
102.406
102.651
100.408
97.0635
95.7124
97.9948
103.439
107.762
106.482
95.5142
75.5499
49.7617
24.652
5.14625
-5.50292
-7.88036
-4.92116
-0.094731
3.11381
4.13371
2.42149
0.301581
-1.93584
-2.38678
-2.06
-0.573762
0.676467
1.44003
1.7112
0.838216
0.465148
-0.689333
-0.887272
100.005
99.9947
99.9868
100.014
100.023
99.9783
99.9656
100.026
100.048
99.9736
99.9358
100.02
100.081
99.9936
99.9032
99.9827
100.107
100.051
99.8937
99.9077
100.089
100.136
99.9517
99.8288
99.9834
100.184
100.101
99.8423
99.8125
100.081
100.25
100.043
99.7472
99.8087
100.168
100.313
100.009
99.6598
99.7671
100.219
100.41
100.047
99.5806
99.6351
100.187
100.551
100.232
99.5761
99.3877
99.9508
100.641
100.625
99.8485
99.158
99.3753
100.348
101.048
100.654
99.476
98.7091
99.2348
100.657
101.609
101.031
99.3034
97.9656
98.4416
100.527
102.579
102.521
100.097
96.8011
95.7479
98.2621
103.788
107.864
106.33
95.1392
75.2897
49.7335
24.913
5.52546
-5.29565
-7.86217
-5.26508
-0.388611
2.81162
4.1714
2.66907
0.589743
-1.54121
-2.42247
-2.05455
-0.915502
0.316683
1.36709
1.33872
1.23456
0.439901
-0.348925
100.003
100.003
99.9846
99.9965
100.027
100.006
99.9609
99.9876
100.05
100.023
99.942
99.9615
100.062
100.059
99.9416
99.9162
100.045
100.109
99.9827
99.8706
99.9752
100.137
100.079
99.878
99.861
100.076
100.189
100.003
99.7914
99.8931
100.176
100.212
99.922
99.7209
99.9228
100.262
100.248
99.8685
99.6394
99.9025
100.332
100.343
99.8819
99.5318
99.7741
100.343
100.525
100.047
99.4541
99.4828
100.159
100.719
100.474
99.6321
99.1198
99.5672
100.568
101.058
100.433
99.2462
98.7082
99.4741
100.907
101.624
100.786
99.0224
97.9049
98.67
100.843
102.719
102.343
99.7643
96.554
95.8251
98.5653
104.142
107.94
106.138
94.7372
75.0378
49.7251
25.2281
5.89942
-5.06665
-7.90901
-5.62361
-0.696584
2.49074
4.33865
2.82753
1.04851
-1.34252
-2.43941
-2.10133
-1.45244
0.362999
1.01197
1.54756
1.51973
0.265682
99.9999
100.008
99.9922
99.9826
100.014
100.028
99.9811
99.9607
100.02
100.053
99.984
99.9327
100.006
100.081
100.013
99.9089
99.9606
100.093
100.074
99.9182
99.8888
100.052
100.145
99.9985
99.8378
99.9321
100.15
100.145
99.9029
99.7905
99.9996
100.232
100.128
99.8162
99.7506
100.053
100.309
100.138
99.7494
99.6781
100.055
100.395
100.226
99.7303
99.5433
99.9432
100.462
100.44
99.8528
99.3842
99.6285
100.358
100.74
100.283
99.4366
99.1397
99.7915
100.763
101.013
100.184
99.0411
98.7585
99.7414
101.138
101.595
100.512
98.7489
97.8786
98.9309
101.164
102.841
102.135
99.4139
96.2997
95.9199
98.889
104.524
108.032
105.932
94.3124
74.7173
49.711
25.5253
6.35947
-4.76463
-7.91752
-5.94611
-1.1949
2.16381
4.27752
3.10288
1.61501
-1.03637
-2.04838
-2.4689
-1.74832
-0.195426
0.406127
1.82902
1.27331
99.9971
100.008
100.004
99.981
99.9938
100.029
100.011
99.9609
99.9809
100.047
100.031
99.9485
99.952
100.051
100.068
99.9586
99.9098
100.021
100.11
100.011
99.8801
99.944
100.114
100.108
99.9172
99.8444
100.023
100.184
100.063
99.8276
99.8412
100.106
100.234
100.015
99.7497
99.8319
100.173
100.296
100.003
99.6745
99.7715
100.198
100.397
100.076
99.617
99.6171
100.12
100.524
100.303
99.6749
99.3791
99.8116
100.524
100.695
100.068
99.2844
99.2221
100.03
100.91
100.909
99.9246
98.8831
98.8642
100.018
101.327
101.514
100.224
98.5098
97.8997
99.2075
101.461
102.924
101.91
99.0821
96.0735
96.0335
99.1876
104.892
108.1
105.769
93.9106
74.4242
49.6672
25.729
6.81128
-4.53938
-7.7363
-6.24931
-1.5065
1.79359
4.00858
3.33237
1.69625
-0.420902
-1.80624
-2.30942
-1.54787
-0.901818
0.448426
0.926628
99.9963
100.003
100.012
99.9908
99.9794
100.014
100.031
99.9843
99.9581
100.014
100.054
99.993
99.9334
99.9937
100.077
100.027
99.9188
99.9455
100.076
100.087
99.9437
99.8822
100.019
100.139
100.036
99.86
99.897
100.108
100.166
99.963
99.7964
99.9325
100.188
100.182
99.898
99.7375
99.9499
100.258
100.225
99.8654
99.658
99.9066
100.311
100.335
99.9104
99.5583
99.7472
100.285
100.519
100.125
99.5303
99.4437
100.021
100.642
100.582
99.8387
99.1879
99.3712
100.277
100.999
100.739
99.6576
98.7831
99.0383
100.31
101.464
101.361
99.9104
98.3116
97.9945
99.5281
101.736
102.936
101.623
98.7415
95.908
96.2173
99.5317
105.224
108.092
105.538
93.4788
74.2219
49.6703
26.0662
7.1819
-4.35076
-7.7069
-6.6713
-1.66235
1.36429
4.21562
3.42053
1.95003
-0.0463214
-2.15917
-1.97279
-2.16248
-0.725816
0.648499
99.9977
99.9968
100.012
100.005
99.9784
99.9919
100.031
100.014
99.9617
99.9767
100.044
100.036
99.9548
99.947
100.04
100.072
99.9729
99.9095
100.003
100.104
100.032
99.8945
99.9242
100.088
100.121
99.9532
99.8441
99.9798
100.164
100.104
99.8721
99.8167
100.041
100.226
100.087
99.8023
99.7809
100.079
100.294
100.111
99.7505
99.7009
100.059
100.376
100.22
99.7549
99.5598
99.9135
100.418
100.452
99.9272
99.4313
99.5663
100.236
100.708
100.415
99.6116
99.1451
99.5696
100.52
101.036
100.52
99.389
98.7271
99.2621
100.614
101.569
101.159
99.5676
98.1243
98.1313
99.8945
102.028
102.93
101.282
98.3538
95.717
96.4356
99.951
105.623
108.132
105.22
92.9781
73.8493
49.6878
26.46
7.72055
-3.90373
-7.76024
-6.99595
-2.33681
0.844015
4.16379
3.51664
2.92441
0.292837
-1.44014
-2.11076
-2.97046
-1.02984
100
99.993
100.005
100.015
99.9899
99.9771
100.013
100.033
99.987
99.9567
100.009
100.054
100
99.9355
99.9847
100.071
100.037
99.929
99.9358
100.06
100.093
99.966
99.8824
99.9918
100.128
100.064
99.8857
99.8757
100.067
100.172
100.014
99.817
99.884
100.137
100.209
99.9741
99.753
99.871
100.189
100.27
99.9772
99.6845
99.7962
100.198
100.377
100.074
99.6397
99.624
100.088
100.494
100.331
99.7431
99.3971
99.7305
100.422
100.707
100.219
99.4221
99.1664
99.7908
100.723
101.013
100.282
99.1601
98.7269
99.5034
100.882
101.625
100.939
99.2559
97.9769
98.2833
100.23
102.288
102.917
100.975
98.0095
95.5168
96.6195
100.278
106.039
108.199
105.053
92.5469
73.4363
49.6131
26.5299
8.30469
-3.59323
-7.35623
-7.07868
-2.79502
0.514718
3.29833
3.58931
2.74964
0.791839
-0.388299
-1.93768
-1.57517
100.002
99.9937
99.9967
100.015
100.005
99.9771
99.9907
100.03
100.016
99.9637
99.9743
100.04
100.039
99.9616
99.9454
100.031
100.072
99.9854
99.9139
99.9886
100.094
100.047
99.9123
99.9132
100.062
100.124
99.9855
99.8555
99.9467
100.134
100.128
99.9198
99.8137
99.983
100.196
100.137
99.8676
99.7635
99.9915
100.256
100.186
99.8482
99.683
99.9325
100.3
100.309
99.9129
99.5851
99.7511
100.25
100.495
100.16
99.5921
99.4438
99.9327
100.559
100.623
99.9925
99.2908
99.2745
100.038
100.862
100.898
100.014
98.9931
98.8242
99.7868
101.097
101.577
100.657
98.9805
97.9368
98.526
100.558
102.45
102.775
100.64
97.7246
95.4802
96.886
100.603
106.304
108.077
104.849
92.119
73.3638
49.6151
26.821
8.62995
-3.61025
-7.15781
-7.60478
-2.60083
0.177611
3.48746
3.89597
2.28159
1.36256
-1.51814
-1.74229
100.003
99.9974
99.9909
100.008
100.016
99.9887
99.9764
100.013
100.032
99.988
99.9577
100.007
100.052
100.003
99.9394
99.9808
100.065
100.041
99.9386
99.9337
100.047
100.092
99.9818
99.8899
99.9752
100.112
100.078
99.9109
99.8707
100.035
100.161
100.048
99.8472
99.8606
100.088
100.207
100.031
99.7904
99.8281
100.117
100.271
100.063
99.745
99.7409
100.086
100.355
100.187
99.7583
99.5904
99.9207
100.388
100.432
99.9582
99.4782
99.5556
100.158
100.653
100.473
99.7446
99.203
99.4497
100.313
100.964
100.714
99.7055
98.8502
98.9915
100.132
101.313
101.467
100.291
98.6636
97.9341
98.8624
100.984
102.626
102.565
100.154
97.341
95.4475
97.281
101.159
106.648
108.004
104.317
91.5075
73.0029
49.6999
27.5099
9.2086
-2.93395
-7.39357
-8.11311
-3.43052
-0.853679
3.77293
3.73301
3.92692
2.24955
-0.852098
100.002
100.002
99.9904
99.997
100.017
100.005
99.9756
99.9906
100.031
100.016
99.9644
99.9735
100.037
100.04
99.9654
99.945
100.025
100.07
99.993
99.9177
99.9798
100.086
100.055
99.9255
99.9077
100.044
100.123
100.008
99.8674
99.9252
100.109
100.141
99.9568
99.819
99.9421
100.166
100.167
99.9226
99.7642
99.9272
100.211
100.23
99.9327
99.694
99.8419
100.217
100.349
100.043
99.6469
99.6519
100.092
100.47
100.323
99.7718
99.4235
99.7028
100.357
100.69
100.298
99.5294
99.1687
99.6428
100.554
101.019
100.519
99.4289
98.7453
99.1624
100.446
101.499
101.367
99.959
98.3743
97.8987
99.1498
101.368
102.848
102.448
99.7409
96.9553
95.2371
97.564
101.565
107.194
108.131
104.089
91.0104
72.2667
49.5755
27.3833
10.0113
-2.27196
-6.76444
-7.57803
-4.28921
-1.11397
2.0502
2.95494
3.73061
1.73164
100
100.005
99.9951
99.9897
100.009
100.016
99.9882
99.9765
100.013
100.032
99.9895
99.9595
100.004
100.049
100.006
99.9445
99.9774
100.057
100.043
99.9489
99.9334
100.034
100.088
99.9967
99.9003
99.961
100.094
100.087
99.9373
99.872
100.004
100.144
100.075
99.8827
99.8478
100.038
100.193
100.08
99.8391
99.8025
100.042
100.249
100.134
99.8232
99.716
99.9751
100.296
100.269
99.8944
99.6096
99.7784
100.239
100.465
100.161
99.6311
99.4645
99.8903
100.493
100.624
100.089
99.3888
99.244
99.8688
100.714
100.954
100.281
99.2346
98.7749
99.3978
100.686
101.535
101.166
99.6763
98.2477
98.0133
99.446
101.581
102.879
102.205
99.4846
96.7757
95.3142
97.8131
101.75
107.395
107.898
104.106
90.6455
72.4013
49.5325
27.3723
10.2667
-2.83858
-6.21754
-8.13254
-3.55644
-0.655351
1.97599
4.1877
1.90914
99.9985
100.005
100.001
99.9885
99.9986
100.018
100.003
99.976
99.9928
100.03
100.014
99.9664
99.9768
100.035
100.036
99.9685
99.9504
100.022
100.063
99.9958
99.9267
99.9785
100.074
100.053
99.9386
99.9139
100.03
100.11
100.019
99.8872
99.9206
100.083
100.134
99.9837
99.8421
99.923
100.127
100.167
99.9678
99.7937
99.8933
100.153
100.23
100
99.745
99.8009
100.125
100.323
100.13
99.75
99.6378
99.958
100.367
100.385
99.952
99.522
99.5866
100.125
100.592
100.47
99.8263
99.283
99.4159
100.166
100.851
100.784
99.9444
99.0344
98.9077
99.7659
100.983
101.491
100.798
99.2652
98.1313
98.3093
99.9444
101.925
102.775
101.719
98.9248
96.53
95.6255
98.4047
102.437
107.474
107.575
103.26
89.8993
72.3196
49.7259
28.7316
10.7914
-1.97553
-6.75107
-9.46794
-4.34279
-2.86795
3.01966
4.2192
99.9978
100.003
100.006
99.9923
99.9895
100.012
100.016
99.9857
99.9774
100.015
100.031
99.9872
99.9607
100.007
100.048
100.005
99.946
99.9792
100.055
100.042
99.9514
99.9355
100.031
100.085
100
99.9056
99.9575
100.086
100.089
99.9485
99.875
99.9908
100.134
100.086
99.9016
99.8452
100.013
100.18
100.103
99.8689
99.7949
100.001
100.229
100.169
99.8742
99.7138
99.9123
100.248
100.304
99.9817
99.6445
99.7055
100.132
100.451
100.277
99.7584
99.4529
99.7275
100.34
100.659
100.307
99.5832
99.199
99.5862
100.446
100.981
100.632
99.6255
98.8241
99
100.105
101.306
101.52
100.502
98.8214
97.9134
98.4468
100.432
102.38
102.92
101.42
98.2743
96.0745
95.4045
98.9519
103.077
108.251
107.815
102.708
89.2473
70.8871
49.5525
28.4934
11.8971
-0.25615
-5.99977
-7.62603
-5.87019
-3.55259
0.455295
99.9983
99.9993
100.007
100
99.9872
99.9995
100.018
100.003
99.9761
99.9934
100.029
100.013
99.9683
99.9772
100.032
100.035
99.9725
99.9521
100.017
100.06
100.001
99.9327
99.973
100.065
100.057
99.9515
99.9146
100.015
100.102
100.035
99.904
99.9103
100.057
100.132
100.014
99.861
99.8987
100.09
100.172
100.016
99.8199
99.8551
100.095
100.232
100.071
99.7963
99.7584
100.03
100.295
100.218
99.8587
99.631
99.8241
100.252
100.435
100.135
99.6424
99.4918
99.8874
100.458
100.609
100.134
99.4542
99.2436
99.768
100.598
100.96
100.454
99.4419
98.7991
99.1499
100.316
101.396
101.433
100.294
98.658
97.9147
98.5754
100.655
102.436
102.962
101.205
98.2262
95.9165
95.4262
99.0256
102.977
108.593
107.559
103.323
89.0119
71.1489
49.3975
27.4936
12.1267
-1.96434
-4.88976
-7.61831
-4.5846
-0.269907
99.9994
99.9973
100.005
100.005
99.9911
99.9917
100.012
100.013
99.9854
99.982
100.015
100.025
99.9867
99.9677
100.008
100.04
100.002
99.9548
99.9843
100.046
100.034
99.9596
99.9469
100.025
100.07
100.002
99.9232
99.9619
100.067
100.076
99.9641
99.8964
99.983
100.105
100.081
99.9314
99.8679
99.9921
100.142
100.104
99.9145
99.8239
99.9673
100.172
100.167
99.939
99.7652
99.8767
100.159
100.273
100.059
99.747
99.7045
100.011
100.341
100.316
99.9249
99.57
99.6484
100.122
100.525
100.424
99.8675
99.372
99.4439
100.077
100.724
100.768
100.095
99.2349
98.9417
99.5493
100.643
101.366
101.041
99.8228
98.5031
98.1875
99.1671
101.054
102.438
102.41
100.531
97.8721
96.046
96.3122
99.6229
103.651
107.982
106.803
102.219
88.1582
72.0457
49.726
30.1127
12.4793
-1.47561
-5.69113
-11.6571
-4.969
100.001
99.9961
100.002
100.008
99.9968
99.9867
100.004
100.019
99.9973
99.976
99.9994
100.029
100.007
99.9667
99.9845
100.035
100.027
99.9678
99.9587
100.023
100.055
99.9932
99.9356
99.9824
100.065
100.048
99.9483
99.923
100.021
100.096
100.026
99.9067
99.9196
100.058
100.123
100.009
99.8684
99.906
100.085
100.162
100.017
99.8319
99.8596
100.083
100.22
100.078
99.8168
99.7638
100.008
100.271
100.226
99.8958
99.6526
99.7969
100.199
100.419
100.185
99.711
99.4989
99.8098
100.367
100.607
100.244
99.58
99.2501
99.6232
100.415
100.924
100.628
99.7122
98.9141
98.9732
99.9392
101.106
101.545
100.736
99.2652
98.0096
98.2387
99.6582
101.829
102.885
102.225
99.8541
96.7745
95.6863
96.2476
100.837
104.773
108.926
107.127
100.618
87.2263
69.3321
49.5442
30.3657
13.9088
3.18192
-5.01669
-7.22345
100.001
99.9971
99.997
100.007
100.005
99.9891
99.9918
100.014
100.012
99.9839
99.9819
100.016
100.025
99.986
99.9672
100.008
100.04
100.002
99.9546
99.9826
100.046
100.036
99.962
99.9444
100.02
100.071
100.009
99.925
99.9537
100.061
100.083
99.9763
99.8945
99.9666
100.098
100.096
99.9504
99.8611
99.9644
100.131
100.13
99.946
99.8157
99.9232
100.148
100.201
99.9949
99.771
99.815
100.099
100.294
100.149
99.8045
99.6515
99.8922
100.289
100.405
100.076
99.6193
99.5204
99.9273
100.467
100.591
100.123
99.4644
99.2467
99.7363
100.55
100.966
100.541
99.5684
98.8152
99.0091
100.055
101.265
101.584
100.707
99.1022
97.8762
98.162
99.6524
102.056
102.954
102.603
99.6817
96.8754
95.1802
95.8746
100.703
104.341
110.096
107.036
102.415
87.144
69.097
49.2148
26.5345
14.2382
-0.820922
-3.23275
100.001
99.9992
99.996
100.003
100.007
99.9961
99.9896
100.004
100.014
99.9965
99.9818
100.001
100.022
100.004
99.9749
99.9893
100.026
100.02
99.9761
99.9695
100.017
100.04
99.9963
99.9529
99.9848
100.046
100.038
99.9656
99.9415
100.009
100.07
100.027
99.9368
99.9341
100.032
100.093
100.022
99.9108
99.9172
100.044
100.122
100.038
99.891
99.8765
100.028
100.16
100.096
99.9001
99.8088
99.9491
100.17
100.208
99.9974
99.7636
99.7802
100.055
100.302
100.239
99.9012
99.6277
99.7201
100.123
100.451
100.361
99.8927
99.4652
99.5002
100.02
100.598
100.706
100.19
99.4238
99.0446
99.4273
100.35
101.146
101.127
100.245
98.9654
98.31
98.714
100.213
101.814
102.456
101.683
99.2893
97.2709
95.8272
97.4432
100.572
104.683
108.122
105.705
101.663
86.2792
72.8157
49.658
31.5343
14.3458
-4.06395
100.001
100
99.9953
100
100.008
100
99.988
99.9985
100.016
100.004
99.9812
99.9915
100.021
100.015
99.9788
99.9776
100.018
100.031
99.9884
99.9607
99.9998
100.044
100.017
99.9565
99.9633
100.033
100.056
99.9887
99.9321
99.979
100.065
100.058
99.9592
99.9124
99.9944
100.094
100.064
99.9359
99.8863
99.9952
100.124
100.093
99.9291
99.844
99.9607
100.144
100.158
99.9676
99.7957
99.8629
100.11
100.252
100.103
99.8118
99.707
99.9317
100.264
100.34
100.045
99.6624
99.5942
99.9499
100.406
100.506
100.106
99.5433
99.3495
99.7531
100.453
100.829
100.514
99.6782
99.0134
99.0725
99.9467
100.989
101.407
100.8
99.4041
98.3358
98.1184
99.4964
101.176
102.71
102.446
100.597
98.1212
95.6434
96.3154
97.9478
103.125
106.489
108.565
105.942
97.107
84.9638
67.7108
49.5386
35.6626
16.0052
100
100.003
99.997
99.9948
100.006
100.008
99.9926
99.9879
100.008
100.017
99.9924
99.9783
100.005
100.027
100.001
99.9687
99.9908
100.033
100.021
99.9685
99.9657
100.023
100.048
99.9922
99.9433
99.9846
100.057
100.043
99.9573
99.9302
100.012
100.084
100.033
99.9244
99.9192
100.036
100.112
100.031
99.895
99.8945
100.045
100.15
100.058
99.8758
99.8403
100.015
100.191
100.139
99.9007
99.7598
99.9034
100.185
100.276
100.046
99.7314
99.6907
100.002
100.352
100.355
99.9663
99.5613
99.5692
100.032
100.526
100.557
100.033
99.4034
99.2537
99.7948
100.603
100.988
100.544
99.5471
98.7989
98.909
100.007
101.179
101.759
100.884
99.3921
97.8852
97.7634
99.2456
101.248
103.458
102.763
101.586
97.4189
95.4917
94.7488
96.8368
103.373
105.884
112.464
106.209
101.168
84.9572
63.5569
49.0116
16.5846
99.9995
100.002
100
99.9959
99.9996
100.006
100.001
99.9913
99.9975
100.011
100.005
99.9877
99.9917
100.013
100.013
99.9882
99.982
100.008
100.023
99.9979
99.9728
99.9927
100.028
100.019
99.9764
99.9683
100.012
100.041
100.006
99.9566
99.9712
100.033
100.05
99.9914
99.9386
99.9727
100.052
100.063
99.9837
99.9181
99.9618
100.065
100.09
99.9941
99.8949
99.9248
100.058
100.132
100.044
99.8892
99.8538
99.9953
100.161
100.154
99.9628
99.7902
99.837
100.076
100.262
100.185
99.8958
99.678
99.7686
100.111
100.391
100.319
99.9236
99.5426
99.5378
99.9656
100.485
100.662
100.265
99.604
99.1312
99.3509
100.078
100.92
101.16
100.545
99.5078
98.425
98.6212
99.2911
101.234
102.05
102.309
100.893
98.2535
97.2374
95.3839
98.8839
100.46
105.509
107.944
104.327
104.195
84.2064
82.4968
49.4887
)
;

boundaryField
{
    left
    {
        type            fixedValue;
        value           uniform 100;
    }
    right
    {
        type            zeroGradient;
    }
    up
    {
        type            zeroGradient;
    }
    down
    {
        type            fixedValue;
        value           uniform 0;
    }
    frontAndBack
    {
        type            empty;
    }
}


// ************************************************************************* //
