/*--------------------------------*- C++ -*----------------------------------*\
  =========                 |
  \\      /  F ield         | OpenFOAM: The Open Source CFD Toolbox
   \\    /   O peration     | Website:  https://openfoam.org
    \\  /    A nd           | Version:  8
     \\/     M anipulation  |
\*---------------------------------------------------------------------------*/
FoamFile
{
    version     2.0;
    format      ascii;
    class       volScalarField;
    location    "0.749";
    object      T;
}
// * * * * * * * * * * * * * * * * * * * * * * * * * * * * * * * * * * * * * //

dimensions      [0 0 0 1 0 0 0];

internalField   nonuniform List<scalar> 
2500
(
50
4.65367
-4.65321
-1.18547
1.18333
0.460128
-0.453865
-0.234046
0.220169
0.1475
-0.121815
-0.110541
0.0689492
0.0928836
-0.0327411
-0.0811739
0.00316295
0.0680422
0.0218884
-0.049407
-0.0401178
0.0243284
0.0475718
0.0033819
-0.0401654
-0.0271172
0.0195296
0.0371272
0.00726622
-0.0277434
-0.0284234
0.00533133
0.0283154
0.0196768
-0.00929603
-0.0278864
-0.0130151
0.00874147
0.0245435
0.014231
-0.010328
-0.0174075
-0.0172959
0.00371119
0.0190772
0.0115635
0.00784053
-0.0118686
-0.0189396
-0.00370984
95.3464
49.9998
10.4921
-4.65171
-2.82846
1.1781
1.14751
-0.441472
-0.60134
0.196428
0.379923
-0.0825294
-0.273201
0.0111796
0.208669
0.043321
-0.155298
-0.0859983
0.0992334
0.112403
-0.0370334
-0.115084
-0.0247991
0.0889625
0.0713787
-0.0364652
-0.0880734
-0.0229169
0.0626408
0.0661057
-0.00798612
-0.0683558
-0.0428498
0.0215752
0.063639
0.0313864
-0.0294725
-0.0509218
-0.0322838
0.0283137
0.0473171
0.0252586
-0.00706546
-0.0499626
-0.028051
0.00265509
0.0211398
0.0476019
0.00834395
-0.0168347
104.653
89.508
49.9995
12.1349
-4.6486
-3.51578
1.16872
1.51525
-0.421531
-0.835234
0.161384
0.545603
-0.0287615
-0.393903
-0.0621892
0.289502
0.132332
-0.193942
-0.180174
0.0934131
0.194594
0.0095665
-0.166369
-0.0957085
0.0935622
0.141175
0.00390522
-0.125888
-0.0865118
0.0488185
0.119651
0.0419887
-0.072447
-0.0974725
-0.0219648
0.0811439
0.0785074
0.0123297
-0.0669742
-0.0822342
-0.0028129
0.0453878
0.0745975
0.0314356
-0.0494013
-0.0480045
-0.0503079
0.00288718
0.0669725
0.0301162
101.185
104.653
87.8651
49.9991
12.8223
-4.64334
-3.88422
1.15419
1.75115
-0.392769
-1.00506
0.113901
0.673209
0.039796
-0.48453
-0.149697
0.339735
0.230302
-0.199166
-0.272248
0.0536075
0.2602
0.0823832
-0.186386
-0.17588
0.0603263
0.197761
0.0711109
-0.127459
-0.155953
-0.000564058
0.146785
0.107209
-0.0333715
-0.138988
-0.082764
0.053889
0.111935
0.0823905
-0.050562
-0.105323
-0.0633082
0.00432321
0.106661
0.0702312
0.00137296
-0.0394235
-0.106624
-0.028889
0.0329483
98.8163
102.828
104.65
87.1776
49.9985
13.1913
-4.6354
-4.12194
1.13356
1.92521
-0.35406
-1.14033
0.0531558
0.775491
0.122832
-0.549873
-0.249128
0.360919
0.332192
-0.172366
-0.354945
-0.0157964
0.301865
0.171405
-0.169977
-0.253171
-0.00517411
0.226077
0.153474
-0.088802
-0.213372
-0.0733399
0.130154
0.173021
0.0375159
-0.145002
-0.138855
-0.0205648
0.119662
0.145227
0.00381915
-0.0811845
-0.131999
-0.0544643
0.0882671
0.0849801
0.0885151
-0.00634706
-0.1188
-0.0528647
99.5401
98.8206
103.516
104.646
86.8086
49.9978
13.4301
-4.62428
-4.29944
1.10592
2.06766
-0.304432
-1.25465
-0.0213212
0.857992
0.219459
-0.591408
-0.357529
0.353622
0.432099
-0.115061
-0.421719
-0.107954
0.312635
0.266721
-0.117194
-0.314455
-0.0935916
0.214589
0.238683
-0.0173487
-0.237329
-0.1575
0.067347
0.221307
0.117328
-0.0964075
-0.17709
-0.118527
0.0915727
0.165018
0.0918738
-0.0182224
-0.171213
-0.101975
0.00525999
0.0692033
0.165712
0.0346822
-0.055973
100.454
98.8525
98.8289
103.885
104.64
86.5695
49.997
13.6096
-4.60948
-4.44748
1.07045
2.19289
-0.243059
-1.3544
-0.109598
0.922651
0.328351
-0.609285
-0.470969
0.317908
0.524215
-0.0303032
-0.466197
-0.214646
0.287435
0.358838
-0.034142
-0.344897
-0.196365
0.16203
0.309344
0.0750457
-0.210851
-0.242552
-0.0245384
0.226246
0.188358
0.00569981
-0.189259
-0.197622
0.0168275
0.129857
0.188081
0.055321
-0.141191
-0.121883
-0.118163
0.0317499
0.175884
0.0685166
100.234
100.443
98.4842
98.8421
104.123
104.63
86.3898
49.996
13.7609
-4.59054
-4.58102
1.02636
2.30805
-0.169324
-1.44235
-0.211428
0.969641
0.447619
-0.603116
-0.584766
0.25386
0.603433
0.0763391
-0.481251
-0.328781
0.226742
0.43544
0.0717386
-0.333574
-0.303971
0.0777244
0.341906
0.181346
-0.135491
-0.309332
-0.122265
0.165557
0.244526
0.1295
-0.160045
-0.223389
-0.10317
0.0580054
0.243855
0.114793
-0.0285359
-0.115363
-0.220714
-0.0165037
0.0884042
99.779
100.602
100.425
98.2475
98.8612
104.301
104.617
86.2382
49.9949
13.8991
-4.567
-4.70785
0.972921
2.41677
-0.0828496
-1.5192
-0.326403
0.998524
0.574422
-0.571828
-0.694649
0.163287
0.663914
0.19879
-0.46149
-0.443228
0.136296
0.481034
0.196035
-0.2813
-0.398094
-0.0294066
0.319234
0.29492
-0.0322635
-0.325594
-0.215433
0.0437761
0.277522
0.22744
-0.0687596
-0.193164
-0.235734
-0.0216001
0.209801
0.15455
0.131131
-0.088206
-0.23451
-0.0713995
99.8526
99.8015
100.837
100.397
98.0723
98.8871
104.45
104.6
86.0996
49.9937
14.0325
-4.53838
-4.83224
0.909478
2.52069
0.0166606
-1.5847
-0.453686
1.00838
0.705378
-0.514237
-0.796898
0.0503405
0.698084
0.333057
-0.407509
-0.545841
0.0202227
0.485243
0.331672
-0.197506
-0.452241
-0.159319
0.246777
0.392856
0.0793841
-0.265265
-0.30488
-0.0995948
0.260644
0.270223
0.0859882
-0.131538
-0.317607
-0.0962617
0.0737891
0.17946
0.260829
-0.0357751
-0.130256
100.123
99.619
99.8353
101.008
100.36
97.9284
98.9208
104.585
104.579
85.9658
49.9923
14.1656
-4.50422
-4.95656
0.835482
2.62017
0.129523
-1.63826
-0.591513
0.997281
0.837838
-0.431119
-0.885908
-0.0815374
0.700441
0.473923
-0.323663
-0.620354
-0.122019
0.450797
0.457984
-0.0849665
-0.450077
-0.308115
0.146976
0.434191
0.200312
-0.137843
-0.37668
-0.215875
0.159795
0.265973
0.260149
-0.0588357
-0.289085
-0.173647
-0.115513
0.180976
0.283737
0.0540724
100.111
100.085
99.4517
99.8817
101.145
100.312
97.8014
98.9629
104.713
104.553
85.8321
49.9908
14.3013
-4.46415
-5.08192
0.750335
2.7151
0.255525
-1.6787
-0.73783
0.963328
0.969346
-0.325405
-0.95363
-0.231719
0.672281
0.608429
-0.209254
-0.658162
-0.284554
0.385495
0.545542
0.0648709
-0.402243
-0.445444
0.0302159
0.39106
0.336705
0.00985447
-0.386424
-0.286819
-0.025714
0.240206
0.372847
0.0324276
-0.143064
-0.254932
-0.265655
0.128337
0.175718
99.9298
100.275
100.032
99.322
99.9415
101.262
100.252
97.6841
99.0144
104.839
104.521
85.6958
49.9891
14.4414
-4.41798
-5.20875
0.653325
2.80552
0.393539
-1.70378
-0.89194
0.907179
1.0947
-0.197789
-0.995551
-0.396688
0.616559
0.720421
-0.0584479
-0.66515
-0.443538
0.283353
0.582364
0.248783
-0.330201
-0.522575
-0.119048
0.282165
0.463666
0.134885
-0.288329
-0.33394
-0.235674
0.195168
0.360429
0.163827
0.0545178
-0.306959
-0.299411
-0.00694271
99.9065
99.987
100.398
99.9636
99.2172
100.015
101.364
100.179
97.5728
99.0758
104.966
104.484
85.5551
49.9872
14.5871
-4.36521
-5.33749
0.543964
2.89079
0.543063
-1.71146
-1.05316
0.830281
1.20672
-0.0453657
-1.01387
-0.563927
0.526655
0.805567
0.123651
-0.644872
-0.570755
0.12645
0.585352
0.428527
-0.227561
-0.517035
-0.310553
0.156603
0.517424
0.241774
-0.0878873
-0.376761
-0.378632
0.0921506
0.230883
0.327476
0.20743
-0.264063
-0.21356
100.034
99.7884
100.06
100.491
99.8804
99.1317
100.104
101.455
100.093
97.4659
99.1478
105.094
104.44
85.4088
49.985
14.739
-4.30495
-5.46822
0.422233
2.96846
0.705169
-1.7019
-1.21632
0.729167
1.30297
0.128747
-1.00681
-0.720011
0.391843
0.871132
0.310323
-0.577173
-0.663068
-0.0789802
0.565931
0.551322
-0.0597454
-0.457703
-0.499999
0.035843
0.442208
0.364592
0.139191
-0.379157
-0.397558
-0.106172
0.0594599
0.446747
0.25816
-0.0734773
100.082
99.9575
99.7049
100.149
100.56
99.783
99.0637
100.206
101.536
99.9942
97.363
99.2306
105.224
104.39
85.2569
49.9819
14.8976
-4.23763
-5.59942
0.287763
3.0372
0.878626
-1.67538
-1.37421
0.598832
1.38699
0.309012
-0.960291
-0.866474
0.222072
0.912089
0.475523
-0.437849
-0.742348
-0.280409
0.494624
0.605274
0.175217
-0.390059
-0.598924
-0.11027
0.259557
0.498087
0.291645
-0.267508
-0.317601
-0.357508
-0.0629311
0.410334
0.220312
99.996
100.159
99.8674
99.652
100.25
100.604
99.6727
99.0134
100.321
101.605
99.8815
97.2648
99.3249
105.357
104.332
85.0996
49.9783
15.0642
-4.16505
-5.72956
0.138782
3.10019
1.05814
-1.62796
-1.52862
0.44423
1.45686
0.485619
-0.864158
-1.01542
0.048134
0.900102
0.630752
-0.24485
-0.811368
-0.4302
0.328987
0.638127
0.409742
-0.311562
-0.565224
-0.321087
0.0700735
0.571998
0.339879
-0.015558
-0.235944
-0.542896
-0.10824
0.183575
99.9303
100.087
100.2
99.7672
99.6286
100.36
100.625
99.5509
98.9815
100.45
101.663
99.7544
97.1715
99.432
105.492
104.265
84.935
49.9743
15.2403
-4.08563
-5.86021
-0.0263147
3.15745
1.24329
-1.55404
-1.68601
0.274489
1.49681
0.672589
-0.73034
-1.15556
-0.124134
0.812847
0.805563
-0.0482654
-0.817454
-0.552626
0.0761552
0.679401
0.56292
-0.14845
-0.453669
-0.571699
-0.0616475
0.48769
0.364732
0.315338
-0.200242
-0.547009
-0.168037
99.9781
99.8971
100.184
100.207
99.6617
99.6341
100.478
100.621
99.4199
98.9685
100.591
101.709
99.6134
97.0828
99.5506
105.632
104.19
84.7629
49.9674
15.425
-3.99482
-5.99137
-0.204864
3.19701
1.4411
-1.45777
-1.83142
0.0837317
1.49513
0.87606
-0.578521
-1.23841
-0.328377
0.674748
0.966094
0.13347
-0.699348
-0.697469
-0.179216
0.654087
0.6117
0.143339
-0.342206
-0.720792
-0.173706
0.202698
0.42278
0.561687
-0.124293
-0.303808
100.051
99.8846
99.9015
100.28
100.181
99.5573
99.6681
100.596
100.593
99.2841
98.9758
100.739
101.741
99.4607
97.0018
99.6779
105.775
104.107
84.5891
49.9548
15.617
-3.89796
-6.1162
-0.391945
3.2139
1.6501
-1.35542
-1.93606
-0.142071
1.47608
1.0564
-0.407476
-1.24557
-0.573063
0.549988
1.02254
0.334432
-0.502473
-0.843739
-0.333811
0.472431
0.620781
0.447559
-0.269589
-0.634503
-0.323362
-0.130692
0.477593
0.53954
0.0496732
100.041
100.04
99.799
99.9411
100.366
100.124
99.4609
99.7314
100.71
100.538
99.1475
99.0075
100.894
101.755
99.2953
96.934
99.8169
105.917
104.008
84.4163
49.941
15.8225
-3.80657
-6.23415
-0.593087
3.22812
1.86105
-1.24815
-2.01139
-0.403452
1.47356
1.18253
-0.184913
-1.2436
-0.813609
0.445633
0.969601
0.607386
-0.351504
-0.919703
-0.426676
0.167914
0.705263
0.618843
-0.17911
-0.407761
-0.57251
-0.300443
0.473357
0.348132
99.9742
100.119
99.9922
99.73
100.013
100.436
100.037
99.3774
99.8249
100.817
100.453
99.0097
99.0661
101.058
101.751
99.1115
96.8774
99.9732
106.066
103.891
84.2324
49.9277
16.0482
-3.70619
-6.35721
-0.820199
3.23828
2.07971
-1.10263
-2.09156
-0.684908
1.44067
1.29272
0.11176
-1.25735
-1.00483
0.245631
0.890997
0.927301
-0.223896
-0.842521
-0.622244
-0.172656
0.792883
0.660133
0.122281
-0.187181
-0.853937
-0.367224
0.200228
99.9503
100.025
100.174
99.9157
99.6842
100.11
100.486
99.925
99.3098
99.9432
100.914
100.346
98.8718
99.146
101.227
101.736
98.912
96.826
100.136
106.23
103.767
84.0368
49.9
16.2788
-3.57079
-6.48246
-1.0516
3.18952
2.31498
-0.920279
-2.13793
-0.953468
1.29285
1.41786
0.39655
-1.16443
-1.1255
-0.0865788
0.81168
1.09217
0.0185794
-0.592616
-0.861281
-0.411569
0.599994
0.577327
0.570851
0.000945021
-0.774638
-0.367863
99.997
99.9054
100.099
100.198
99.8223
99.6684
100.221
100.508
99.7988
99.2668
100.078
100.99
100.222
98.7467
99.2448
101.386
101.71
98.7101
96.7926
100.289
106.397
103.634
83.8619
49.8561
16.4999
-3.43108
-6.59728
-1.2422
3.07482
2.56787
-0.792724
-2.091
-1.20289
1.1051
1.53752
0.537487
-0.915122
-1.24566
-0.338438
0.736296
0.999786
0.355011
-0.422966
-0.929846
-0.406773
0.187167
0.526938
0.747763
-0.0179144
-0.328624
100.043
99.926
99.8989
100.183
100.183
99.7238
99.6922
100.338
100.489
99.6629
99.262
100.23
101.032
100.073
98.6461
99.3788
101.53
101.651
98.5011
96.7988
100.453
106.55
103.462
83.7057
49.8285
16.7464
-3.32513
-6.72749
-1.42868
2.97513
2.8609
-0.727257
-2.00845
-1.52319
1.00466
1.64765
0.657192
-0.632258
-1.50832
-0.442081
0.614254
0.958537
0.762011
-0.498525
-0.882002
-0.489383
-0.188259
0.796013
0.733284
0.00582053
100.028
100.039
99.8521
99.9347
100.265
100.126
99.6258
99.7586
100.461
100.429
99.5129
99.2943
100.408
101.045
99.889
98.5546
99.557
101.68
101.56
98.2553
96.8254
100.657
106.719
103.256
83.4995
49.8158
17.0353
-3.16945
-6.89122
-1.69028
2.86643
3.17396
-0.5384
-1.94297
-1.91417
0.836482
1.67917
0.985809
-0.328763
-1.71885
-0.643912
0.216565
1.06931
1.18123
-0.338942
-0.642145
-0.946662
-0.631349
0.822511
0.646685
99.9791
100.094
99.9957
99.7885
100.006
100.336
100.036
99.5364
99.855
100.58
100.342
99.3589
99.3462
100.598
101.047
99.6941
98.4568
99.7487
101.837
101.484
97.9826
96.8389
100.852
106.934
103.076
83.2544
49.7657
17.2721
-2.89015
-7.04362
-1.91728
2.61489
3.40506
-0.225185
-1.83728
-2.09631
0.437523
1.57824
1.27053
-0.0270642
-1.46863
-0.913527
-0.253846
0.943515
1.14252
0.201448
-0.172047
-1.07823
-0.731774
0.139605
99.9596
100.024
100.138
99.9256
99.7527
100.097
100.376
99.929
99.4793
99.9689
100.667
100.235
99.2356
99.422
100.762
101.018
99.5222
98.3921
99.9302
101.948
101.418
97.7444
96.8828
100.982
107.132
102.907
83.0913
49.7097
17.4225
-2.63184
-7.20809
-1.95369
2.29412
3.62333
-0.0870186
-1.74471
-2.03324
0.0265067
1.64514
1.20157
0.118101
-1.10262
-1.16034
-0.167297
0.702235
0.811959
0.554436
-0.286183
-0.78381
-0.285611
99.9933
99.9313
100.09
100.14
99.841
99.7648
100.201
100.362
99.8034
99.4785
100.112
100.7
100.082
99.1577
99.5602
100.9
100.914
99.3463
98.405
100.152
101.999
101.276
97.5306
97.0166
101.149
107.254
102.645
82.9606
49.7422
17.6642
-2.47904
-7.46754
-2.03385
2.07435
4.03215
-0.0415046
-1.69831
-2.22266
-0.325729
1.96655
1.18548
0.447671
-1.15427
-1.64199
-0.00764813
0.481548
1.16815
1.00163
-0.739242
-0.717761
100.03
99.9298
99.9479
100.166
100.095
99.747
99.8276
100.321
100.298
99.6508
99.5237
100.298
100.699
99.8724
99.0897
99.7625
101.061
100.752
99.1149
98.4421
100.457
102.072
101.059
97.2396
97.165
101.446
107.405
102.342
82.6481
49.7956
18.0192
-2.18272
-7.69983
-2.4107
1.82349
4.37855
0.352241
-1.45923
-2.62938
-0.808957
1.81022
1.41911
1.21299
-1.0297
-1.8374
-0.594616
-0.270337
1.5448
1.48037
-0.0315882
100.032
100.008
99.8677
100.003
100.236
100.016
99.6588
99.9191
100.439
100.211
99.4961
99.5837
100.49
100.694
99.6587
99.0129
99.9618
101.237
100.612
98.8719
98.4322
100.758
102.191
100.911
96.8915
97.2345
101.703
107.669
102.17
82.2527
49.7476
18.17
-1.6606
-7.77761
-2.68091
1.43315
4.25924
0.903109
-1.16568
-2.49639
-1.15966
1.09184
1.45743
1.41842
-0.428769
-1.16418
-1.06272
-0.735621
0.875414
0.809975
99.9932
100.078
99.9553
99.8326
100.078
100.27
99.9226
99.614
100.023
100.507
100.107
99.3967
99.669
100.626
100.647
99.5005
98.9935
100.125
101.326
100.495
98.7153
98.4615
100.95
102.239
100.823
96.6681
97.3312
101.779
107.876
102.022
82.1109
49.7142
18.1387
-1.29674
-7.96506
-2.52511
1.13506
4.16515
1.12795
-1.34941
-2.01154
-1.33158
0.961039
1.55914
0.785961
-0.0838474
-1.01554
-1.04653
0.10326
0.405591
99.9686
100.045
100.083
99.8875
99.8515
100.164
100.238
99.8146
99.6449
100.155
100.494
99.952
99.3741
99.8336
100.705
100.49
99.3622
99.0991
100.329
101.292
100.281
98.621
98.6606
101.137
102.157
100.576
96.5749
97.5879
101.939
107.892
101.642
82.0676
49.8239
18.451
-1.18538
-8.37917
-2.58259
0.901248
4.69486
1.34042
-1.5335
-2.0919
-2.0394
1.33516
1.94248
0.954317
0.414215
-1.97471
-1.52068
0.169274
99.9786
99.9771
100.105
100.035
99.8132
99.9288
100.262
100.144
99.6822
99.7375
100.331
100.429
99.7305
99.3807
100.082
100.794
100.244
99.1659
99.2679
100.639
101.254
99.9393
98.4539
98.9384
101.488
102.082
100.164
96.3389
97.8831
102.394
107.952
101.197
81.6326
49.8971
19.0468
-0.825452
-8.51295
-3.26471
0.432338
5.03737
1.8939
-0.787513
-2.37379
-2.90274
0.810235
1.53791
2.00493
1.48751
-1.78611
-1.47811
100.01
99.9274
100.028
100.158
99.9523
99.7484
100.035
100.352
100.027
99.5521
99.8447
100.509
100.362
99.5058
99.3771
100.324
100.91
100.019
98.9502
99.3737
100.965
101.283
99.6543
98.1952
99.1088
101.874
102.141
99.8886
95.9039
98.0407
102.755
108.297
101.018
81.0282
49.7823
19.1528
-0.109792
-8.24543
-3.69685
0.0108698
4.34999
2.32394
0.00723601
-2.0204
-2.52522
-0.260565
0.577341
1.95962
1.39209
-0.20977
100.033
99.9644
99.9027
100.095
100.174
99.8668
99.7308
100.136
100.384
99.9169
99.4927
99.9518
100.604
100.277
99.3737
99.417
100.476
100.943
99.8666
98.8589
99.4463
101.149
101.249
99.5469
98.0363
99.24
101.99
102.208
99.7955
95.6794
98.1651
102.69
108.645
100.866
80.9839
49.6979
18.856
0.340411
-8.40464
-3.32578
0.00586812
3.77317
2.55098
-0.561243
-1.6165
-1.76933
-0.534913
1.19497
1.15054
0.193843
100.013
100.036
99.9137
99.9319
100.152
100.12
99.7956
99.8003
100.229
100.312
99.7956
99.5523
100.104
100.58
100.099
99.3429
99.5981
100.583
100.79
99.6863
98.9379
99.6734
101.196
101.007
99.4075
98.1303
99.5607
101.943
102.027
99.5155
95.8507
98.4875
102.716
108.561
100.304
81.2426
49.8296
19.2624
0.375183
-9.15887
-3.23893
-0.265147
4.47793
3.20349
-1.19438
-1.6297
-2.85919
-0.746597
2.58167
1.32343
99.9905
100.056
99.986
99.8773
100.023
100.194
99.9927
99.7325
99.9537
100.333
100.149
99.6324
99.6964
100.336
100.496
99.8056
99.3183
99.9149
100.754
100.527
99.3576
99.0535
100.089
101.329
100.631
99.0198
98.2778
100.073
102.18
101.638
98.9464
95.8487
98.9969
103.339
108.354
99.636
80.7333
49.9316
20.32
0.741015
-9.23327
-4.18979
-1.32822
5.02332
3.81882
0.142113
-1.09507
-4.43526
-1.63663
1.23072
99.9712
100.04
100.077
99.899
99.8633
100.146
100.217
99.8383
99.6794
100.13
100.437
99.9723
99.4566
99.8397
100.585
100.439
99.499
99.247
100.211
100.991
100.331
98.9795
99.0587
100.462
101.639
100.341
98.6016
98.1409
100.541
102.641
101.476
98.4856
95.2861
99.413
103.91
108.75
99.422
79.6744
49.7776
20.4617
1.67759
-8.29497
-4.90327
-1.9038
3.80431
3.38609
1.80114
-0.310424
-3.22804
-1.56412
99.9827
99.9644
100.101
100.064
99.8224
99.885
100.241
100.199
99.7246
99.6784
100.258
100.473
99.8432
99.3726
99.9492
100.715
100.388
99.326
99.2308
100.355
101.129
100.216
98.8238
99.0087
100.641
101.799
100.251
98.4782
97.9042
100.799
102.703
101.709
98.303
94.9458
99.5174
103.707
109.457
99.3354
79.5947
49.636
19.5709
2.33248
-8.22355
-4.35281
-1.09257
2.47136
3.18747
0.997669
-1.07565
-0.914135
100.014
99.9435
99.9977
100.126
100.005
99.8031
99.9656
100.263
100.1
99.6869
99.7902
100.323
100.36
99.7407
99.4688
100.091
100.661
100.212
99.3144
99.4177
100.441
100.991
100.019
98.9282
99.1838
100.756
101.522
100.134
98.5325
98.1765
100.938
102.32
101.673
98.0835
95.5468
99.5823
103.488
109.295
98.6713
80.4491
49.7855
19.8278
2.332
-9.74395
-3.92373
-1.0095
3.14874
5.0369
-0.46187
-1.88543
100.02
99.9719
99.9481
100.071
100.093
99.898
99.8524
100.114
100.218
99.9069
99.7013
100.025
100.372
100.103
99.597
99.7079
100.35
100.503
99.8514
99.3166
99.8137
100.662
100.666
99.6044
98.9965
99.7158
101.014
101.132
99.5966
98.4532
98.8807
101.337
102.207
100.831
97.6274
96.1189
100.218
104.253
108.4
97.7427
80.0908
49.9544
21.7748
2.60169
-10.1621
-4.97699
-3.39859
4.12942
6.46468
1.0135
100.022
100.006
99.9091
99.9999
100.161
100.014
99.7705
99.9404
100.289
100.146
99.6785
99.723
100.298
100.439
99.8163
99.4056
99.9475
100.677
100.389
99.4422
99.1981
100.23
100.996
100.479
99.0455
98.8839
100.202
101.495
101.055
98.821
98.1867
99.1359
102.217
102.501
100.108
96.9933
95.5244
101.263
105.195
108.572
97.4091
78.1288
49.7973
22.4337
3.69589
-7.85896
-6.1085
-5.0424
2.71031
3.69213
99.9954
100.064
99.9595
99.864
100.07
100.218
99.9287
99.6899
100.029
100.403
100.073
99.529
99.7547
100.478
100.472
99.639
99.28
100.091
100.87
100.364
99.1934
99.0961
100.415
101.228
100.489
98.7001
98.785
100.23
101.97
101.065
98.6285
97.8418
98.8704
102.877
102.552
100.589
96.3406
94.8709
101.504
104.976
110.089
97.4214
77.519
49.5688
20.3349
4.66466
-6.563
-5.56805
-2.22431
0.468426
99.9754
100.034
100.066
99.914
99.8828
100.124
100.186
99.8634
99.7279
100.109
100.369
99.9771
99.5469
99.865
100.486
100.357
99.5943
99.3843
100.181
100.781
100.261
99.1999
99.2742
100.392
101.157
100.325
98.8537
98.9113
100.19
101.883
100.773
99.0541
97.756
99.144
102.451
102.214
101.11
96.1561
95.8199
100.733
104.362
110.307
96.7622
79.5913
49.6858
19.4636
4.74398
-9.88971
-4.64344
0.68194
99.9864
99.9954
100.058
100.002
99.8979
99.9887
100.145
100.041
99.8175
99.904
100.202
100.178
99.8144
99.7199
100.112
100.376
100.035
99.5769
99.7485
100.359
100.488
99.8745
99.3481
99.7459
100.557
100.725
99.8249
99.0805
99.4303
100.644
101.253
100.21
98.8966
98.4078
100.127
101.921
101.775
99.8694
96.5908
97.2503
101.019
105.043
108.017
95.5556
80.3764
49.9356
23.3237
4.84761
-13.0494
-5.46477
99.9895
99.9745
100.065
100.047
99.8866
99.917
100.152
100.14
99.8301
99.7806
100.152
100.315
99.9208
99.5949
99.9379
100.447
100.277
99.6025
99.4928
100.171
100.706
100.185
99.3387
99.325
100.327
101.017
100.308
99.1912
98.7836
100.237
101.285
101.172
99.3789
97.928
99.1426
100.846
103.021
101.174
98.1478
96.3371
96.9125
103.456
106.407
106.914
94.9577
76.4866
49.8315
26.9281
5.96661
-6.98666
100.015
99.9372
99.9972
100.14
100.007
99.7819
99.9608
100.29
100.112
99.6573
99.7674
100.348
100.397
99.725
99.4274
100.081
100.708
100.236
99.3027
99.3634
100.432
101.018
100.063
98.9871
99.083
100.741
101.326
100.421
98.6067
98.4119
100.509
101.685
101.918
98.5719
97.5865
98.4852
101.213
104.53
100.874
98.5985
94.4342
95.7832
104.853
106.407
110.263
95.026
72.8967
49.5175
21.3182
7.29576
100.025
99.9892
99.9103
100.038
100.159
99.9551
99.7654
100.02
100.312
100.05
99.6256
99.8266
100.394
100.349
99.6677
99.4578
100.139
100.707
100.171
99.3094
99.3747
100.487
100.94
100.121
98.9479
99.1428
100.654
101.269
100.617
98.4975
98.6956
99.9329
101.911
101.865
98.8478
98.1424
97.3903
101.61
103.581
101.683
100.046
93.3762
96.7103
102.068
105.37
113.305
94.5007
78.4711
49.5414
7.63094
100.005
100.023
99.96
99.9547
100.07
100.077
99.9096
99.8798
100.093
100.175
99.9315
99.7653
100.005
100.283
100.102
99.7144
99.7506
100.22
100.389
99.9612
99.5247
99.7704
100.412
100.495
99.9235
99.2753
99.7208
100.413
100.871
100.027
99.1297
99.2928
100.026
101.487
100.522
99.6737
98.4268
98.72
101.437
101.363
101.975
98.9547
96.1617
99.0564
99.4374
105.637
107.265
93.0892
92.0926
49.8481
)
;

boundaryField
{
    left
    {
        type            fixedValue;
        value           uniform 100;
    }
    right
    {
        type            zeroGradient;
    }
    up
    {
        type            zeroGradient;
    }
    down
    {
        type            fixedValue;
        value           uniform 0;
    }
    frontAndBack
    {
        type            empty;
    }
}


// ************************************************************************* //
