/*--------------------------------*- C++ -*----------------------------------*\
  =========                 |
  \\      /  F ield         | OpenFOAM: The Open Source CFD Toolbox
   \\    /   O peration     | Website:  https://openfoam.org
    \\  /    A nd           | Version:  8
     \\/     M anipulation  |
\*---------------------------------------------------------------------------*/
FoamFile
{
    version     2.0;
    format      ascii;
    class       volVectorField;
    location    "33";
    object      U;
}
// * * * * * * * * * * * * * * * * * * * * * * * * * * * * * * * * * * * * * //

dimensions      [0 1 -1 0 0 0 0];

internalField   nonuniform List<vector> 
2844
(
(1.0051 0.00211041 -0.000165122)
(1.00574 -0.00874057 0.000121173)
(1.01881 -0.00776077 0.000308609)
(1.02169 -0.00643898 -7.9581e-05)
(1.06896 -0.0154778 -0.000286848)
(1.07731 -0.00593838 -0.000436787)
(1.05591 -0.00555517 -0.000196104)
(1.03575 -0.00897567 0.000127395)
(1.01923 -0.0243961 0.000382665)
(1.07027 -0.0289494 0.000434983)
(1.08001 -0.0196453 0.000237943)
(1.05456 -0.0187726 5.19479e-05)
(1.02994 0.0035629 -6.68013e-05)
(0.978303 0.00849181 3.78632e-05)
(0.965975 0.00631758 -1.26139e-05)
(0.931108 0.0113566 -4.6181e-05)
(0.89611 0.00568258 -4.10845e-05)
(0.892257 0.00455067 0.000163323)
(0.850415 -0.0161657 -0.00035955)
(0.915264 -0.0256957 -0.000489392)
(1.00337 -0.012268 -0.000418638)
(1.00458 -0.00321398 0.000275424)
(1.02851 -0.00401125 0.000799709)
(1.02092 -0.0370466 -0.000225969)
(1.07697 -0.0140769 -0.00117458)
(1.08585 0.0207061 -0.00121376)
(1.05599 0.0366525 -0.000600511)
(1.04231 0.0486455 -0.000289242)
(1.01682 -0.0203858 0.00106937)
(1.08404 -0.0200512 0.00112919)
(1.09394 0.0373829 0.000595699)
(1.07974 0.05665 0.000372043)
(1.05974 0.0562903 0.00025683)
(0.993159 0.0492967 0.000171709)
(0.978806 0.0290057 -1.38934e-05)
(0.929908 0.0453765 0.000316138)
(0.892827 0.0236435 4.88968e-05)
(0.878201 0.0317257 0.000856009)
(0.826263 0.00181103 -0.000948158)
(0.915771 -0.0249168 -0.00172455)
(1.00418 -0.00287764 -0.00105117)
(1.02461 -0.0369326 0.00143625)
(1.0319 -0.0268877 0.00253002)
(1.07232 -0.0556629 -0.0017853)
(1.13039 -0.0505112 -0.00416831)
(1.10738 0.0154416 -0.00293429)
(1.10923 0.029105 -0.00115687)
(1.04799 0.0353468 0.000610111)
(1.0158 -0.0896705 0.00373978)
(1.12879 -0.0972671 0.00436208)
(1.14073 -0.0171156 0.00152074)
(1.09775 -0.00517909 0.000501772)
(1.05311 0.0679039 9.34648e-05)
(0.965673 0.0755426 0.00120475)
(0.965826 0.0509334 0.000855943)
(0.9659 0.0806574 -7.04773e-05)
(0.919144 0.0483389 -0.000364202)
(0.90055 0.0528389 0.00296497)
(0.838305 -0.0308886 -0.00755064)
(0.93259 -0.0806759 -0.00955502)
(1.00348 -0.0335009 -0.00167484)
(0.995863 -0.0242818 0.0050268)
(1.08241 -0.0636765 0.00168579)
(1.11785 -0.0898548 -0.00616112)
(1.14436 0.00761136 -0.00656769)
(1.12962 0.0736401 -0.00567226)
(1.11641 0.0805535 -0.00429618)
(1.0915 0.154041 -0.000290057)
(1.0445 -0.137467 0.00529899)
(1.1718 -0.138624 0.00576104)
(1.19048 0.0528758 0.00634551)
(1.20693 0.125115 0.00285293)
(1.13986 0.155582 -0.00193546)
(1.02937 0.122642 -0.00200924)
(1.07587 0.0175161 -0.00144165)
(0.969109 0.0769771 0.00321627)
(0.889064 0.0802405 0.00560996)
(0.841597 0.0720681 0.0090735)
(0.740363 0.0497618 -0.00686524)
(0.911126 -0.0136717 -0.0132657)
(0.968136 0.00825538 -0.00161731)
(1.09789 -0.158574 0.00760547)
(1.1284 -0.144703 -0.00305619)
(1.22236 -0.076574 -0.00795398)
(1.29415 -0.00214147 -0.0130793)
(1.18134 0.0655726 -0.0128785)
(1.24671 0.110792 -0.00828651)
(1.11582 0.116215 0.00104881)
(1.05074 -0.221316 -0.00945412)
(1.38983 -0.248252 0.0100445)
(1.27697 -0.109023 0.0220783)
(1.17977 -0.0121331 0.000145157)
(1.24328 0.23088 -0.0138731)
(1.14661 0.168615 -0.00529833)
(1.06537 0.123102 -0.000893937)
(0.966882 0.207256 -8.97434e-05)
(0.97544 0.0902731 -0.00823467)
(0.967835 0.100015 -0.00413922)
(0.869699 -0.0176637 -0.0125445)
(0.912369 -0.121423 -0.0163344)
(0.941497 -0.0842117 0.000581844)
(1.11976 -0.171027 0.00581356)
(1.17775 -0.192171 -0.0271898)
(1.3837 -0.0886266 0.00749763)
(1.37266 0.130797 0.00823627)
(1.2288 0.232516 -0.0228589)
(1.30964 0.128377 -0.0181022)
(1.15841 0.393279 -0.0144001)
(1.09748 -0.234603 -0.0193983)
(1.36353 -0.289325 0.00141798)
(1.43174 0.0430867 0.00786079)
(1.42102 0.147217 -0.0148652)
(1.28921 0.276651 0.0249449)
(0.891333 0.312249 0.0231156)
(0.830257 0.144438 -0.0354675)
(1.12158 0.163559 -0.0287053)
(1.17613 0.191488 0.0097227)
(1.13678 0.25326 0.0125019)
(0.888364 0.235534 0.00345396)
(0.874502 0.0322293 0.00402716)
(1.03738 -0.0754002 0.022746)
(1.08555 -0.360363 -0.0172722)
(1.22187 -0.247753 -0.0389881)
(1.5745 -0.425891 -0.00492924)
(1.69387 -0.18244 0.0384748)
(1.56177 0.169522 0.0777916)
(1.45988 0.39286 -0.0502107)
(1.76975 0.426992 -0.000331152)
(1.04034 -0.255118 0.0688427)
(1.29723 -0.448359 -0.0796982)
(1.7313 -0.0643469 -0.048399)
(1.57391 0.140997 0.0582362)
(1.26373 0.405793 0.0627202)
(1.07931 0.418733 -0.0696067)
(1.43793 0.195665 -0.0539111)
(1.21677 0.132439 0.0290699)
(0.990631 0.0143827 0.0188531)
(1.02376 0.251564 0.00420608)
(0.954823 0.107921 0.00703215)
(0.946103 -0.220567 0.0044673)
(0.980669 -0.354288 0.0104845)
(1.03692 -0.113782 -6.1905e-05)
(1.61204 -0.248778 0.0116093)
(2.37763 -0.781372 0.0144036)
(2.14803 -0.245206 -0.0201679)
(1.33015 0.0899208 -0.0157164)
(1.36804 0.238499 -0.0496167)
(1.25274 0.582807 0.13339)
(0.924161 -0.0394614 -0.190498)
(1.13291 -0.26634 -0.149764)
(1.49536 0.0639763 -0.075974)
(1.36635 -0.0110684 0.00966387)
(1.51916 0.301366 0.0313863)
(1.51489 0.555717 0.0443579)
(1.54072 0.281616 0.012011)
(1.27549 0.296688 -0.0889422)
(1.33198 0.239289 -0.0679358)
(1.24612 0.246915 -0.00285502)
(1.56601 0.276272 -0.0445178)
(1.52399 0.0682923 -0.0365554)
(0.861332 -0.143559 -0.0635744)
(1.15764 -0.661916 0.00735661)
(1.22533 -1.72229 0.0387735)
(0.574461 0.388273 -0.0607163)
(0.424968 0.590697 -0.0317069)
(0.38173 0.830325 -0.113008)
(0.380552 -0.538626 0.0300188)
(0.964574 -0.0309564 0.00607385)
(0.488546 -0.274882 0.0758665)
(0.630217 -0.200552 0.057097)
(0.934736 0.00305855 0.018435)
(1.13188 0.381181 -0.0329232)
(1.35031 0.747381 -0.0153156)
(1.16455 0.292832 0.0317204)
(1.10765 0.0786166 -0.0608714)
(1.36167 0.29559 -0.090205)
(1.14614 0.100208 -0.00799214)
(0.716944 0.0663976 -0.0684348)
(1.77601 -0.766429 0.0602255)
(-0.306259 -0.205347 -0.225605)
(0.00945642 0.0513279 -0.0132278)
(0.453859 1.13313 -0.119205)
(0.0532496 -0.176517 0.133425)
(-0.0208902 -0.855155 -0.0457407)
(0.208796 -0.0534027 0.0619441)
(0.0073002 -0.574373 0.011842)
(0.200148 -0.626824 0.00356689)
(0.396702 -0.0245593 0.0282396)
(0.711807 0.0726227 0.0357241)
(1.07818 0.275009 0.0531071)
(1.02441 0.262355 -0.0561195)
(1.10554 0.522194 -0.119055)
(0.99092 0.518474 -0.00711299)
(0.898705 0.0215409 0.0375897)
(0.271587 -0.00252729 0.0328376)
(0.952363 -0.844283 -0.0868598)
(0.00954715 -0.00254202 -0.00538955)
(0.179219 1.11126 -0.0475353)
(0.663047 0.254124 0.0829808)
(-0.295216 -0.582004 -0.0430927)
(0.206531 -0.231592 -0.116029)
(0.72882 -0.262034 -0.136675)
(0.683763 -0.543972 -0.111085)
(0.615097 -0.491331 0.0834909)
(0.603937 -0.329863 0.0373798)
(0.864419 0.223683 -0.0967744)
(0.885825 0.523308 -0.089046)
(0.702637 0.668846 -0.0238085)
(0.88439 0.156153 0.046847)
(1.04549 -0.208381 0.0307188)
(1.31451 -0.0184707 -5.34741e-05)
(-0.0295182 -0.520452 -0.194298)
(1.16013 1.82548 0.133637)
(-0.0784424 0.217394 -0.0453465)
(0.15061 0.29281 0.0152626)
(1.30724 -0.321628 0.0287575)
(0.600132 -0.396657 0.0856469)
(0.576991 0.173862 -0.0435938)
(0.93098 -0.139016 -0.0207401)
(1.01192 -0.16435 -0.194029)
(1.58946 -0.503262 -0.0831253)
(0.868196 -0.133286 0.0595151)
(0.731998 0.611771 -0.0383917)
(0.6711 0.647636 0.0103977)
(0.496791 0.445631 0.0508266)
(0.910765 -0.102867 0.0103934)
(1.06821 -0.282062 -0.0058418)
(1.02125 0.193315 0.00765386)
(0.979844 0.825639 -0.0261631)
(0.96368 0.554907 -0.0280134)
(0.192488 -0.161245 0.0210775)
(1.43125 -0.362452 -0.00455064)
(1.29518 0.163203 -0.0072391)
(1.71547 -0.0923785 -0.0814173)
(1.84222 -0.796291 -0.00583629)
(1.46778 -0.502638 0.0822318)
(1.19623 -0.244437 0.0775921)
(0.867321 0.00385766 0.0182661)
(1.59822 -0.287744 -0.120713)
(1.68728 -0.256993 -0.0555122)
(0.884159 0.634849 0.0335067)
(0.854079 0.474497 0.0467794)
(1.01379 0.0886459 0.0438355)
(1.08637 -0.264631 0.0190333)
(1.03428 -0.262169 -0.00786343)
(1.04286 0.00914176 0.00822623)
(0.87534 0.422834 0.0440119)
(1.42401 0.694752 -0.0337639)
(2.06739 0.51067 0.0107857)
(2.05447 -0.433438 -0.0100795)
(1.72145 -0.102214 0.0249067)
(1.54668 -0.53702 0.0230667)
(1.43747 0.101504 -0.0497039)
(1.94488 -0.117713 -0.026841)
(1.30226 -0.199812 0.0309109)
(0.842346 0.0334215 0.0351413)
(0.859389 -0.14693 -0.0172757)
(1.10196 -0.457131 0.00993751)
(1.38089 -0.277355 0.0136045)
(0.867487 0.549752 -0.0196153)
(0.540152 0.835491 0.0152725)
(1.02206 0.205709 -0.0342074)
(1.3077 -0.0100331 -0.0425754)
(1.34314 -0.188768 0.00308978)
(1.09602 -0.194691 0.00535418)
(1.02889 0.14312 -0.00106799)
(0.942999 0.18091 0.00966584)
(1.22491 0.283884 0.00953762)
(1.59104 0.142816 0.00261353)
(1.54196 -0.174453 0.0444846)
(1.32902 -0.199758 0.000976733)
(1.4578 -0.104283 -0.0746949)
(1.61658 0.0465135 -0.00879741)
(1.4758 -0.0167534 0.0491871)
(1.08089 -0.300441 0.0274084)
(0.929003 -0.250603 0.0045577)
(1.1266 -0.315448 -0.0324526)
(1.15391 -0.394391 -0.0462724)
(1.01482 -0.156332 5.44617e-05)
(0.667518 0.484318 0.00477463)
(0.925252 0.390302 0.00411746)
(1.09607 0.139564 -0.0154092)
(1.17082 0.132629 -0.0370943)
(1.25112 -0.161276 -0.0121571)
(1.08898 -0.164152 0.00520395)
(1.00205 0.0632978 0.000565187)
(1.07983 0.148044 -0.00524817)
(1.1231 0.110306 0.0148305)
(1.25764 0.102604 0.0135742)
(1.26172 0.00853783 -0.0214031)
(1.31447 0.0239534 -0.0201085)
(1.30383 -0.125298 -0.00537663)
(1.28912 0.0258649 0.0136935)
(1.27988 -0.0900761 0.0284131)
(1.09166 -0.146497 0.00660094)
(1.08122 -0.0602481 -0.0106583)
(1.09586 -0.056285 -0.0098665)
(0.992009 -0.0285974 -0.011514)
(0.847485 0.0538268 0.000115289)
(0.824622 0.437616 0.00348454)
(1.17348 0.336566 0.0034429)
(1.1821 0.0556885 0.0246563)
(1.1547 0.0457809 0.0181543)
(1.12723 -0.0808695 -0.00193334)
(1.02988 -0.0959188 0.000979218)
(0.992789 0.0681791 0.000299173)
(1.05724 0.0753365 0.00104994)
(1.07547 0.0331345 0.000683914)
(1.15102 0.0702731 -0.00184105)
(1.16794 0.0023944 -0.00811568)
(1.26323 -0.0461486 -0.00606457)
(1.22042 -0.0772579 0.0108382)
(1.08255 -0.0764182 0.0115441)
(1.11728 -0.0862285 -0.000352078)
(1.03367 -0.142412 -0.000275146)
(1.00593 -0.117108 0.00379129)
(0.963315 -0.155338 0.00391421)
(0.929613 -0.118353 0.0047311)
(0.87708 -0.0191785 0.00629169)
(0.915665 0.178526 0.0154277)
(1.10084 0.0762436 0.0129979)
(1.10293 -0.0342057 -0.00105871)
(1.161 0.0165607 0.00860065)
(1.06331 -0.0663778 0.010452)
(0.976101 -0.0814832 -0.00179996)
(0.991896 0.0254752 -0.000282341)
(1.06004 0.0482231 0.00116078)
(1.05159 0.0487431 0.000734186)
(1.09284 0.0676541 -0.00328144)
(1.14962 0.0372921 -0.00377184)
(1.14534 0.0187093 0.00105431)
(1.11774 -0.0591335 0.00194752)
(1.06358 -0.0134923 0.00228403)
(1.06955 -0.0105884 5.58666e-05)
(1.02385 -0.0526211 -0.00250321)
(1.00916 -0.0301398 -0.00112283)
(0.969854 -0.0119398 -0.000174658)
(0.916791 0.0146566 -0.00047928)
(0.897411 0.0291651 0.00104716)
(0.935559 0.115932 0.00604479)
(1.04181 0.0981868 0.00546456)
(0.989437 0.0353537 0.0042689)
(1.01324 0.0129907 0.000442624)
(1.01779 -0.0256794 -0.000597089)
(0.972182 -0.00954459 0.000418922)
(0.998413 0.0239376 -9.74757e-05)
(1.0293 0.0164378 0.000578279)
(1.03473 0.00762738 -0.000156518)
(1.07349 0.024431 -0.00100633)
(1.10048 -0.00727251 -0.000497311)
(1.11162 -0.0293265 0.000366349)
(1.09779 -0.0443603 0.000520153)
(1.03313 -0.0440837 -0.000303996)
(1.05565 -0.0450196 -0.000166972)
(1.0078 -0.0661896 0.000532915)
(0.965364 -0.059544 0.000395655)
(0.937347 -0.070359 -2.16516e-05)
(0.923206 -0.0524227 -0.000160804)
(0.918133 -0.0308566 8.08307e-05)
(0.918594 0.0132822 0.000679567)
(1.00089 -0.00423555 0.00043491)
(0.989706 -0.0313102 4.21756e-05)
(1.01052 -0.00616716 0.000161909)
(0.986204 -0.0355888 0.000297769)
(0.954184 -0.0379719 -0.000131226)
(0.998103 0.00109985 7.05546e-06)
(1.02787 0.0102377 0.000165538)
(1.03317 0.017875 -0.000194717)
(1.06329 0.0204659 -0.000275254)
(1.08863 0.0221016 4.63761e-05)
(1.0842 0.0212236 0.000189151)
(1.08112 0.00696184 6.90773e-05)
(1.03573 0.0142345 -6.89725e-05)
(1.04205 0.0149822 -7.42379e-05)
(1.00215 0.00959515 -1.133e-05)
(0.973532 0.0162178 -8.21066e-06)
(0.943614 0.0239139 -3.87527e-05)
(0.923278 0.0311843 -0.000117937)
(0.920785 0.0307284 -5.63022e-06)
(0.921254 0.0396416 0.000107928)
(0.982913 0.0388863 0.000138513)
(0.963869 0.0289327 0.000125159)
(0.984075 0.017041 -6.50503e-05)
(0.979707 0.0128324 9.6838e-07)
(0.952222 0.0155526 -4.07509e-06)
(1.00515 0.00202686 -0.000292459)
(1.00593 -0.00876925 0.000175606)
(1.01864 -0.0074379 0.000601327)
(1.02144 -0.00632933 -5.8372e-05)
(1.06886 -0.0161378 -0.000555871)
(1.07742 -0.00634661 -0.000866651)
(1.05619 -0.00576333 -0.000453392)
(1.03589 -0.00921669 0.00016459)
(1.01914 -0.0239195 0.000717798)
(1.07009 -0.0285788 0.000846612)
(1.07989 -0.0195459 0.000481073)
(1.05442 -0.0185731 0.00010893)
(1.02993 0.00375493 -0.000126937)
(0.978318 0.00842449 6.65325e-05)
(0.965946 0.00627404 -3.18201e-05)
(0.931116 0.011478 -6.29184e-05)
(0.896196 0.0056303 -0.000131067)
(0.892171 0.0046719 0.000410121)
(0.850204 -0.0162315 -0.00109972)
(0.915388 -0.0259757 -0.00147541)
(1.00352 -0.0138462 -0.000715047)
(1.00535 -0.00188535 0.000291407)
(1.02762 -0.0012589 0.00150393)
(1.02 -0.0379814 9.68678e-06)
(1.0774 -0.016376 -0.00202053)
(1.08706 0.0167404 -0.00246487)
(1.05675 0.0349819 -0.00123851)
(1.04273 0.05026 -0.000759029)
(1.01558 -0.0170241 0.00184222)
(1.08253 -0.0164805 0.00218571)
(1.09322 0.0393782 0.00134352)
(1.07927 0.0569405 0.000857005)
(1.05964 0.0553227 0.000514692)
(0.992946 0.0496723 0.000252705)
(0.978447 0.0290054 -0.000471443)
(0.929556 0.0446455 0.000488819)
(0.892869 0.0234757 -9.0494e-05)
(0.877574 0.0332412 0.00222385)
(0.826061 -0.00136994 -0.00348401)
(0.916945 -0.0290986 -0.00532569)
(1.00471 -0.00765853 -0.00151333)
(1.02764 -0.0334015 0.00171797)
(1.02722 -0.0173531 0.00417935)
(1.07041 -0.0589585 -0.00193808)
(1.13274 -0.063998 -0.00685094)
(1.11003 0.00449248 -0.00545788)
(1.11489 0.0241355 -0.00356278)
(1.04709 0.0334334 -0.000774227)
(1.00622 -0.0774799 0.00645832)
(1.12321 -0.0869301 0.00859924)
(1.14034 -0.0126673 0.00314225)
(1.09569 -0.00218262 0.000826142)
(1.05319 0.0701956 0.000757395)
(0.966966 0.0771351 0.00266839)
(0.965714 0.051006 0.00189009)
(0.963375 0.0833317 -8.58914e-05)
(0.919239 0.0490876 -0.00171735)
(0.898268 0.060773 0.00481519)
(0.832488 -0.0390914 -0.0172681)
(0.936262 -0.096063 -0.0209677)
(1.00795 -0.0471745 -0.00260224)
(0.996405 -0.00591645 0.00913003)
(1.06636 -0.0356928 0.00188126)
(1.1191 -0.112543 -0.0112613)
(1.15874 -0.0349529 -0.00791272)
(1.1524 0.0385102 -0.0101096)
(1.12232 0.0706167 -0.0115676)
(1.0768 0.173054 -0.00193366)
(1.01552 -0.0982948 0.00397208)
(1.14849 -0.103477 0.0101046)
(1.16897 0.0664837 0.0147817)
(1.19844 0.130165 0.00516018)
(1.14663 0.152459 -0.00493478)
(1.02227 0.133594 -0.00582979)
(1.06338 0.0283138 -0.0081882)
(0.966394 0.0747065 0.00422568)
(0.89078 0.0768722 0.0142525)
(0.845881 0.104985 0.015088)
(0.741625 -0.02684 -0.0151988)
(0.90794 -0.114316 -0.0214115)
(0.977724 -0.0163616 -0.00226239)
(1.08901 -0.0903555 0.0114717)
(1.10311 -0.12025 0.00841842)
(1.23418 -0.162615 -0.0118828)
(1.33286 -0.0950787 -0.020599)
(1.22031 0.0129384 -0.0143836)
(1.2502 0.0959231 -0.0079059)
(1.09503 0.131437 -0.0102414)
(0.971956 -0.162253 -0.0483679)
(1.28224 -0.202084 -0.00292983)
(1.25281 -0.0620143 0.0365038)
(1.23802 -0.00372118 2.45989e-05)
(1.25314 0.217286 -0.0202311)
(1.11935 0.169618 -0.00843911)
(1.00945 0.108384 -1.89227e-05)
(0.933184 0.227703 -0.00479461)
(0.934246 0.138397 -0.0215319)
(0.954464 0.199994 -0.0371553)
(0.81939 -0.0852793 -0.0275451)
(0.85065 -0.262829 -0.00874615)
(0.981041 -0.106903 0.00795868)
(1.08438 -0.0689615 -0.0170152)
(1.13881 -0.216133 -0.0140324)
(1.4315 -0.218438 0.0483017)
(1.47935 -0.0383286 0.0173724)
(1.38089 0.114557 -0.00522376)
(1.27719 0.0969874 -0.045407)
(1.03462 0.48599 -0.026993)
(0.912542 -0.226305 -0.039734)
(1.18061 -0.246469 -0.0295806)
(1.45153 0.100204 -0.029572)
(1.46187 0.0987702 -0.0128765)
(1.2781 0.208463 0.0507688)
(1.06473 0.330061 0.0234235)
(1.0287 0.156125 -0.0526914)
(1.17244 0.147278 -0.0478644)
(1.1783 0.108476 0.0102502)
(1.1296 0.242959 0.0068911)
(0.843281 0.0864594 0.0269115)
(0.804221 -0.188027 0.0291424)
(1.14144 -0.0646533 0.0388003)
(0.988634 -0.219696 -0.0456621)
(1.32598 -0.546956 -0.0310468)
(1.63027 -0.612416 -0.0316044)
(1.75757 -0.153637 0.154353)
(1.51602 0.0869429 0.0767069)
(1.529 0.490687 -0.0682448)
(1.34463 0.415646 0.0687476)
(0.954486 -0.40038 -0.0279193)
(1.15272 -0.601916 -0.0788056)
(1.38303 -0.146242 -0.0284623)
(1.34027 0.0420621 0.0888177)
(1.52693 0.484579 0.0706134)
(1.4258 0.424524 -0.0490808)
(1.4251 -0.0394574 -0.0269587)
(1.15186 0.0316699 0.0480505)
(1.1132 0.203844 0.0123878)
(1.14407 0.465158 0.0121117)
(1.05616 0.130945 0.0107055)
(0.935674 -0.279293 -0.00548761)
(1.14206 -0.0974311 0.00649827)
(1.01353 -0.342868 0.00199708)
(1.83464 -0.899707 0.0688846)
(2.00648 -0.777531 0.0462805)
(1.9868 0.0617365 -0.0947513)
(1.49453 0.295783 -0.0129135)
(1.10981 -0.0319326 0.0550042)
(2.07969 0.974021 -0.0551665)
(1.34634 0.412664 -0.203498)
(0.877452 -0.620313 0.0349168)
(1.09718 -0.138125 0.0137918)
(1.02773 0.0432184 0.0995729)
(1.25041 0.340326 0.128588)
(1.59432 0.336637 0.0796699)
(1.68241 0.301476 -0.0200281)
(1.20238 0.463092 -0.063417)
(1.05973 0.120569 -0.0188223)
(1.24558 0.295195 -0.00329704)
(1.42463 0.318384 -0.0885596)
(1.27266 -0.00995761 -0.0537402)
(1.32638 -0.129785 -0.120646)
(1.02209 -0.905106 0.0530933)
(1.73845 -1.45984 0.0989077)
(0.402602 0.140026 -0.212173)
(0.883497 1.00263 -0.122845)
(0.220067 0.0598349 0.125844)
(0.224535 -0.986016 0.0649814)
(0.377717 -0.284059 -0.00526576)
(0.426296 -0.132116 0.165234)
(0.870285 0.0652037 0.152144)
(1.09287 0.141882 0.0385702)
(1.13072 0.318887 -0.00155024)
(1.30603 0.419429 0.0164891)
(1.08416 0.144882 0.0129921)
(0.938722 0.246683 -0.084239)
(0.830671 0.0634798 -0.00563971)
(0.872047 -0.193761 0.0651428)
(1.01979 0.0660122 -0.0339252)
(0.910859 -1.09343 -0.110578)
(0.495548 -0.484473 -0.278132)
(-0.00361713 0.0140267 -0.106563)
(0.102869 0.930441 -0.00672337)
(0.11729 -0.0939714 0.177715)
(0.350587 -0.660576 0.0182205)
(-0.275322 -0.128626 -0.00228515)
(0.112955 -0.284695 -0.0164629)
(0.463719 -0.121861 0.00640423)
(0.580339 0.162017 -0.0151888)
(0.916578 0.119666 0.0241694)
(1.14294 0.458357 0.0400944)
(0.7983 0.422635 -0.0439432)
(0.670747 0.371708 -0.0398994)
(0.724934 0.144024 0.11074)
(0.903196 -0.150473 0.0815605)
(1.07497 0.195441 -0.158338)
(1.66326 0.0279587 -0.265743)
(0.0131754 -0.0145493 -0.0557263)
(-0.0998587 0.822731 0.132394)
(0.484688 0.145484 0.082532)
(0.481926 -0.806621 0.0204555)
(0.184851 -0.0577158 -0.266956)
(0.518617 -0.678689 -0.111053)
(0.136426 -0.361399 -0.0137168)
(0.461364 -0.156945 0.097432)
(0.734652 -0.0262218 -0.0334212)
(0.628072 0.540238 -0.0916709)
(0.599601 0.309383 0.00422176)
(0.522074 0.196659 0.0489828)
(0.887597 -0.141686 0.0462482)
(1.07224 -0.305831 0.0237233)
(1.33621 0.0749437 -0.0404862)
(0.350367 0.53346 -0.382032)
(0.884326 1.53065 0.69938)
(-0.125447 0.12334 -0.0977646)
(0.133892 0.31635 0.0939592)
(1.11924 -0.200645 0.014618)
(0.977916 -0.603115 0.133203)
(0.996264 -0.372395 0.0380328)
(1.67373 -0.449085 -0.0974243)
(0.820226 -0.356352 -0.194616)
(0.748558 -0.0855172 0.080035)
(0.470805 0.165314 0.0989237)
(0.492907 0.480788 -0.0349523)
(0.619197 0.388599 0.0609721)
(0.670535 0.223066 0.0800622)
(1.09335 -0.132408 -0.0147842)
(1.11961 -0.221332 -0.0257431)
(0.918863 0.320917 0.00924861)
(1.33466 0.33785 -0.200995)
(1.1247 0.343597 -0.110785)
(0.213367 -0.166933 0.130719)
(1.51597 -0.46303 0.0298501)
(1.29078 0.193956 -0.06802)
(1.7777 -0.352738 -0.0824898)
(1.70177 -0.841143 -0.0165416)
(1.27908 -0.496531 0.128072)
(1.26361 -0.240719 0.10069)
(1.26882 -0.136429 -0.0498323)
(1.52488 -0.225565 -0.148482)
(1.19894 0.0550368 0.00552113)
(0.631045 0.557869 0.0889007)
(0.944998 0.293828 0.0622108)
(1.06408 0.00268639 0.03882)
(1.19571 -0.363024 0.00839505)
(1.11916 -0.316318 -0.0122404)
(1.00416 0.087033 0.0237455)
(1.12328 0.271855 0.0449272)
(1.50496 0.386676 -0.17497)
(2.03861 0.265948 0.0381121)
(1.8947 -0.304129 -0.00161971)
(1.70268 -0.0320999 0.0158124)
(1.48867 -0.311776 -0.024688)
(1.46281 0.0197334 -0.0239668)
(1.59352 -0.343511 0.05132)
(0.938946 -0.268887 0.0725259)
(0.856386 -0.012177 0.011591)
(0.889469 -0.199994 -0.0331343)
(0.900119 -0.394711 -0.00634701)
(1.16416 -0.219502 0.00842794)
(0.776025 0.539582 0.0170767)
(0.696225 0.698353 0.0436658)
(1.27751 0.21278 -0.0516226)
(1.2748 0.119824 -0.0646425)
(1.26041 -0.132306 0.0199641)
(1.14069 -0.195969 0.0250524)
(1.02964 0.151269 0.00182183)
(1.04113 0.192473 0.0173827)
(1.19308 0.116636 0.0121026)
(1.47198 0.0916888 -0.0272738)
(1.49859 0.00502014 -0.0113344)
(1.45766 -0.118134 -0.0403767)
(1.48345 -0.161543 -0.117416)
(1.37632 -0.121733 -0.00129207)
(1.41353 -0.169382 0.106425)
(1.19826 -0.272649 0.0752221)
(1.15741 -0.185461 0.0143257)
(1.29387 -0.233534 -0.0618204)
(1.02588 -0.241699 -0.0741421)
(0.818801 -0.0851265 0.015745)
(0.719674 0.379852 0.0392747)
(1.0595 0.210553 0.0325284)
(1.25348 -0.121336 0.00652955)
(1.2434 -0.0500175 -0.0312908)
(1.27 -0.226616 -0.00567925)
(1.14587 -0.206397 0.00987351)
(1.0001 0.0628957 0.000197271)
(1.09802 0.121032 0.00249704)
(1.09501 0.105479 0.0193489)
(1.27039 0.159356 -0.0130324)
(1.30385 0.0604851 -0.0662785)
(1.31504 0.0106811 -0.0459791)
(1.25844 -0.227602 0.00116552)
(1.20271 -0.0355646 0.0336951)
(1.21023 -0.0856704 0.0439625)
(1.08086 -0.170566 -0.000285315)
(1.0571 -0.109208 -0.0295723)
(1.04589 -0.100659 -0.0200088)
(0.962438 -0.065118 -0.0110729)
(0.844123 0.0015955 0.00402184)
(0.891829 0.278052 0.0128586)
(1.15278 0.201576 0.0102147)
(1.11634 0.0317423 0.0459407)
(1.16012 -0.00263093 0.0343377)
(1.0626 -0.115682 -0.000807582)
(0.929157 -0.073527 0.00352494)
(0.995299 0.0702099 0.000448708)
(1.05746 0.058338 0.00620016)
(1.06269 0.0337294 -0.00172354)
(1.15385 0.107185 -0.0141913)
(1.20422 0.0266113 -0.0208307)
(1.25693 -0.0654351 -0.0106981)
(1.18373 -0.0925809 0.0233575)
(1.08087 -0.0931356 0.0206645)
(1.13219 -0.0856754 -0.00933282)
(1.03774 -0.120552 -0.00932084)
(1.00151 -0.106284 0.0016804)
(0.957347 -0.149736 0.00152669)
(0.916701 -0.109339 0.00224199)
(0.880268 -0.0315007 0.00603172)
(0.911847 0.113277 0.0227353)
(1.09621 0.02343 0.0156923)
(1.08292 -0.0712576 -0.00793646)
(1.11064 0.0146293 0.0130801)
(1.08301 -0.0649379 0.0171249)
(1.0065 -0.0866641 -0.00385388)
(0.993882 0.0257481 -0.000548072)
(1.05789 0.0427474 0.00326706)
(1.04634 0.0520339 -0.000189673)
(1.0992 0.0765392 -0.00882835)
(1.15526 0.0392593 -0.00764574)
(1.14121 0.0148098 0.00179394)
(1.11328 -0.0621403 0.00409635)
(1.06161 -0.0104338 0.00198418)
(1.07013 -0.010674 -0.0021247)
(1.0231 -0.0582784 -0.00434028)
(1.00819 -0.033158 -0.00222087)
(0.970592 -0.0112817 -3.42311e-05)
(0.919996 0.0162218 -0.00147862)
(0.901689 0.0281667 0.000728247)
(0.933058 0.108496 0.00749236)
(1.03578 0.093998 0.00732498)
(0.9846 0.0354663 0.00671624)
(1.01397 0.0121331 -0.000259474)
(1.01507 -0.0284692 -0.00140625)
(0.968026 -0.00848647 4.65565e-05)
(0.99862 0.0237865 -0.000204435)
(1.02843 0.0151272 0.00131858)
(1.03475 0.00930508 -0.000520624)
(1.07503 0.0266825 -0.00236903)
(1.10069 -0.00787574 -0.00103769)
(1.1104 -0.0309772 0.000743593)
(1.09754 -0.0448014 0.000856698)
(1.03414 -0.043596 -0.000743732)
(1.05586 -0.0444287 -0.000799915)
(1.00707 -0.0660284 0.000447901)
(0.96507 -0.0594164 0.000309651)
(0.937424 -0.0698017 -0.000224356)
(0.92363 -0.0512394 -0.000536743)
(0.918758 -0.0308905 -2.22684e-05)
(0.918486 0.01207 0.000604912)
(1.00046 -0.00563882 0.000410871)
(0.989153 -0.0325362 1.02669e-05)
(1.01056 -0.00551959 -0.000138154)
(0.986583 -0.0355495 0.000496702)
(0.954327 -0.0380212 -0.000207137)
(0.998104 0.00105494 2.28139e-05)
(1.02777 0.0101672 0.00035042)
(1.03323 0.0180568 -0.000446322)
(1.06346 0.0205541 -0.000611748)
(1.08861 0.0220327 9.99466e-05)
(1.08405 0.0212283 0.000364321)
(1.0811 0.00702694 0.000134929)
(1.03582 0.0143293 -0.00024503)
(1.04207 0.0149622 -0.000269697)
(1.0021 0.00949499 -1.47448e-05)
(0.973522 0.0161438 -3.322e-05)
(0.943618 0.0238652 -0.000107853)
(0.923355 0.0311513 -0.000301226)
(0.9209 0.0307234 -5.05555e-05)
(0.921286 0.0395828 2.63112e-05)
(0.982891 0.0388753 0.000143386)
(0.963771 0.0290013 0.000208229)
(0.984086 0.0170119 -0.000230661)
(0.979735 0.0127268 -3.0294e-06)
(0.952216 0.0155802 -2.38743e-05)
(1.00517 0.00196885 -0.000127771)
(1.00611 -0.00885142 5.47861e-05)
(1.01851 -0.00713031 0.000293205)
(1.02117 -0.00611527 2.18793e-05)
(1.06874 -0.0166905 -0.000268717)
(1.0775 -0.00677086 -0.000430524)
(1.05645 -0.00595822 -0.000257519)
(1.03605 -0.00948263 3.79004e-05)
(1.01908 -0.0235316 0.000336201)
(1.06993 -0.0282232 0.000411773)
(1.07975 -0.0194062 0.000242752)
(1.05428 -0.0183467 5.67912e-05)
(1.02993 0.00391215 -6.02694e-05)
(0.978342 0.00832574 2.91755e-05)
(0.96594 0.00607517 -1.92911e-05)
(0.931118 0.0115153 -1.60826e-05)
(0.896304 0.00548742 -9.09242e-05)
(0.891996 0.00496707 0.000251766)
(0.849774 -0.016753 -0.00075073)
(0.915646 -0.0268461 -0.00100013)
(1.00352 -0.0151303 -0.000300573)
(1.00621 -0.00120445 2.23249e-05)
(1.02714 0.00134635 0.000709674)
(1.0187 -0.0380215 0.000245735)
(1.07736 -0.0183852 -0.000839375)
(1.08809 0.0128346 -0.00125764)
(1.0576 0.0328145 -0.000632783)
(1.04332 0.0510988 -0.000454752)
(1.01458 -0.0142417 0.000791786)
(1.08105 -0.0130272 0.00106313)
(1.09236 0.0415321 0.000743233)
(1.0787 0.0570439 0.000481353)
(1.0595 0.0545373 0.000253517)
(0.992716 0.0500725 8.97192e-05)
(0.978251 0.0290413 -0.000456542)
(0.929205 0.0444049 0.000174046)
(0.893069 0.0227929 -0.000145955)
(0.876453 0.0357385 0.00140995)
(0.825112 -0.00847597 -0.00261977)
(0.919149 -0.0382721 -0.00369477)
(1.00396 -0.0111632 -0.000490439)
(1.03153 -0.032978 0.000337166)
(1.02589 -0.00818942 0.00169646)
(1.06495 -0.0568644 -0.000136209)
(1.13146 -0.0741079 -0.00265967)
(1.11173 -0.00723284 -0.00251342)
(1.12111 0.0190565 -0.00238095)
(1.04865 0.0305435 -0.00129927)
(0.997582 -0.068245 0.0031458)
(1.11743 -0.0768648 0.00434745)
(1.13845 -0.00659897 0.00165016)
(1.09278 0.0017469 0.000379223)
(1.05246 0.0723085 0.000769915)
(0.967397 0.0778238 0.00157317)
(0.96728 0.0466317 0.00108912)
(0.962878 0.0845425 5.29831e-05)
(0.921337 0.0479854 -0.00115968)
(0.896495 0.0751915 0.00152249)
(0.820191 -0.0664608 -0.00907103)
(0.938135 -0.134074 -0.0104944)
(1.00666 -0.0553007 -0.00111821)
(1.00128 -0.0023337 0.0044895)
(1.06943 -0.0117172 0.000439783)
(1.1087 -0.113592 -0.00547739)
(1.15429 -0.0646975 -0.00212053)
(1.17195 0.00325652 -0.00504788)
(1.13891 0.0473202 -0.00644884)
(1.07335 0.173501 -0.000344692)
(0.990398 -0.0630016 0.00243348)
(1.11738 -0.0666503 0.00807275)
(1.14247 0.0817454 0.00906904)
(1.1955 0.132097 0.0012888)
(1.15509 0.156017 -0.00406193)
(1.02543 0.146463 -0.00469812)
(1.05586 0.0401011 -0.00696505)
(0.949697 0.0740862 0.00118317)
(0.880941 0.0657541 0.00894675)
(0.849144 0.132372 0.00404564)
(0.715013 -0.124269 -0.00601928)
(0.88719 -0.234607 -0.00521812)
(0.978101 -0.0325205 -0.0027446)
(1.08374 -0.0532654 0.00770081)
(1.10663 -0.0923362 0.0122326)
(1.26083 -0.203547 -0.00679333)
(1.32255 -0.14682 -0.0118436)
(1.24144 -0.0553629 -0.00695734)
(1.28337 0.0464602 -0.00325064)
(1.11263 0.155945 -0.0109863)
(0.947273 -0.118934 -0.0298291)
(1.16461 -0.125457 0.000247249)
(1.19221 0.00326275 0.0263306)
(1.26168 -0.0125462 0.00982539)
(1.27821 0.1815 -0.00305131)
(1.13228 0.143391 -0.0033712)
(0.99454 0.0554501 -0.000547213)
(0.947714 0.237246 -0.00428077)
(0.967471 0.19775 -0.0144481)
(0.980486 0.268108 -0.0268294)
(0.756659 -0.159291 -0.0114391)
(0.792156 -0.365668 0.00323949)
(0.985248 -0.129073 -0.00397652)
(1.08809 -0.0174277 -0.000659353)
(1.09963 -0.107725 0.00743765)
(1.50418 -0.252499 0.0269727)
(1.53 -0.146688 -0.00684642)
(1.38148 -0.00671167 0.00261243)
(1.40965 0.0684223 -0.0411965)
(0.999029 0.427773 -0.0120678)
(0.881315 -0.400293 -0.0126328)
(1.1543 -0.226788 -0.0182346)
(1.36025 0.194545 -0.0261931)
(1.3232 0.0861346 0.00259586)
(1.27783 0.178383 0.0367952)
(1.23261 0.344856 0.0174655)
(1.20322 0.169754 -0.013149)
(1.22378 0.0702255 -0.0132587)
(1.17222 -0.0458143 6.10969e-05)
(1.03932 0.0732676 0.00670567)
(0.743047 -0.0675155 0.0209176)
(0.765766 -0.272232 0.0143474)
(1.10272 -0.0890682 -0.00935773)
(1.01579 -0.226389 0.0302195)
(1.40256 -0.467086 -0.0620621)
(1.59287 -0.415872 -0.0336771)
(1.85116 -0.0882129 0.0834175)
(1.86836 0.0178048 0.00199802)
(1.28316 0.108738 0.0123577)
(1.57626 0.476607 0.0356595)
(0.89458 -0.449932 -0.0899747)
(1.17876 -0.668188 -0.0332378)
(1.25028 -0.277317 -0.00927531)
(1.17712 -0.0161767 0.02853)
(1.60332 0.499446 0.0244267)
(1.61384 0.362372 -0.0248452)
(1.49717 -0.146822 -0.03095)
(1.20333 0.0507118 0.0180138)
(1.27165 0.367498 0.0106027)
(1.22639 0.636388 0.00876071)
(1.14549 0.219022 -0.00470939)
(0.998337 -0.264141 -0.0116656)
(1.1036 -0.12676 -0.00205957)
(1.09627 -0.299307 -0.00436856)
(1.92139 -0.709376 -0.100809)
(2.02614 -0.927976 0.00174892)
(2.07577 -0.0259434 -0.0393505)
(1.78373 0.445368 -0.0215594)
(1.29338 0.0887141 0.0341828)
(1.96893 1.09342 -0.0876308)
(0.0414764 -0.466815 -0.0351251)
(0.760213 -0.745828 0.0393772)
(0.880974 0.0977929 -0.0405564)
(0.728672 0.0683828 0.023828)
(1.12258 0.163452 0.0327431)
(1.59019 0.220681 0.0186286)
(1.65156 0.324488 -0.0106654)
(1.16838 0.453901 -0.0563133)
(0.986877 -0.0115455 -0.0541098)
(1.21022 0.268986 -0.0240184)
(1.32285 0.159112 -0.0267812)
(1.25131 -0.173948 -0.0168997)
(1.32599 -0.216217 -0.0469541)
(1.28357 -1.06192 0.0944531)
(1.83984 -0.802556 0.13532)
(0.14628 0.121757 -0.153489)
(0.485735 1.01497 -0.0597831)
(-0.386989 -0.399643 0.174334)
(0.394084 -1.12461 0.0270225)
(0.133369 -0.300096 -0.0606641)
(0.297192 0.114858 0.0602339)
(1.05938 0.286089 0.0627223)
(1.12811 0.178762 0.00398129)
(1.05167 0.0851142 -0.0161182)
(1.19249 0.198247 0.00464201)
(1.00561 0.118747 0.0254661)
(0.846876 0.269579 -0.0295767)
(0.654486 -0.178981 -0.0148963)
(0.890583 -0.402951 0.0205841)
(1.44529 -0.0942639 -0.00688211)
(0.804672 -0.923694 -0.411368)
(0.262721 -0.571854 0.368321)
(-0.0939232 0.0759982 -0.0874934)
(-0.0240051 0.268972 -0.0790991)
(0.0528673 0.512879 0.0381656)
(0.239673 -0.750527 0.00759408)
(-0.134611 -0.0682329 0.0588486)
(0.0707015 -0.080813 -0.0044889)
(0.799248 0.188707 0.0279287)
(0.741868 0.341883 -0.00663695)
(0.974316 0.255088 0.0117605)
(1.05004 0.55387 0.0571013)
(0.813548 0.354248 -0.0140005)
(0.59833 0.19458 -0.0638912)
(0.726206 0.0577879 0.0160295)
(1.04254 -0.154641 0.0315322)
(0.922479 0.221858 -0.0786785)
(0.935015 0.09599 -0.211531)
(-0.0130101 -0.0272003 -0.0582642)
(0.0954671 0.510304 0.0451101)
(0.244559 0.0405846 -0.0194114)
(0.800706 -0.902928 0.0161777)
(0.251657 -0.00460639 -0.0241129)
(0.191453 -0.698392 -0.0332193)
(0.0315448 -0.138656 -0.02148)
(0.43403 -0.0921012 0.0225849)
(0.905544 -0.0451818 -0.0107237)
(0.734481 0.633431 -0.0537085)
(0.77262 0.263173 -0.0505167)
(0.725252 0.0790365 -0.0387549)
(0.937777 -0.165008 -0.0179538)
(1.07872 -0.324718 0.00198559)
(1.39978 0.25945 -0.0390229)
(0.00424952 0.56097 -0.356985)
(0.727401 1.11809 0.814605)
(-0.131917 0.0656553 -0.046894)
(0.259514 0.415705 -0.0059305)
(0.918305 0.137002 0.0188033)
(1.28463 -0.595192 0.103263)
(1.45443 -0.568074 -0.0809851)
(1.4537 -0.285635 -0.0936191)
(0.227911 -0.119399 -0.0492728)
(0.459362 0.00127989 0.0699779)
(0.788622 -0.116962 0.0857165)
(0.801355 0.192278 -0.0530045)
(0.876862 0.211942 -0.0341242)
(1.02283 0.117277 0.00132817)
(1.38076 -0.188764 -0.0179487)
(1.24601 -0.212485 -0.0149312)
(1.11354 0.302088 -0.0268828)
(1.1513 0.346538 -0.134671)
(0.861902 0.731164 0.0303984)
(0.224109 -0.154714 0.119155)
(1.65055 -0.539312 0.00585859)
(1.20685 0.174004 -0.0314352)
(1.67323 -0.554865 -0.0670865)
(1.47067 -0.803123 0.00212309)
(1.26722 -0.294521 0.106732)
(1.70091 -0.297166 0.0219619)
(1.59692 -0.184282 -0.0507638)
(1.43324 -0.0637352 -0.0482243)
(1.15168 0.136847 0.0421602)
(0.899884 0.356894 0.0275168)
(1.18489 0.131106 -0.000300338)
(1.17436 -0.0769349 0.0102878)
(1.2778 -0.404747 0.00699229)
(1.19317 -0.353307 0.0006606)
(0.957254 0.0919197 0.0252679)
(1.39401 0.136666 -0.0475767)
(1.23446 0.372505 -0.0766742)
(1.54715 0.0837718 0.03184)
(2.01665 0.441681 0.121021)
(1.74027 0.300825 -0.00782868)
(1.20928 -0.284894 -0.00479217)
(1.22208 -0.0871375 0.0128331)
(1.61236 -0.354451 0.0568091)
(1.26864 -0.34755 0.0192294)
(1.15823 -0.0583595 -0.0334545)
(0.940501 -0.14483 -0.0310858)
(0.738543 -0.276374 -0.0147218)
(0.925934 -0.17906 0.000797482)
(0.829992 0.40142 0.0179526)
(1.00707 0.458977 0.00851939)
(1.4827 0.18057 -0.0316417)
(1.27442 0.165056 -0.0211587)
(1.22238 -0.165568 1.75673e-06)
(1.14186 -0.189447 -9.23505e-05)
(1.01726 0.142602 0.00065983)
(1.07654 0.0844216 0.00953937)
(1.18582 0.191627 -0.00639559)
(1.38817 0.454106 -0.0601299)
(1.42341 0.410147 -0.0311748)
(1.54845 0.0522826 -0.0282761)
(1.45663 -0.174351 -0.0449385)
(1.05233 -0.208388 0.00216693)
(1.31753 -0.266303 0.0520746)
(1.31068 -0.247157 0.0463604)
(1.38435 -0.0649374 0.011521)
(1.44105 -0.161059 -0.0258372)
(0.955966 -0.204905 -0.0308893)
(0.707047 -0.0985719 0.00656481)
(0.795177 0.218988 0.0142873)
(1.09565 0.0166276 0.0149292)
(1.304 -0.315488 0.00268584)
(1.28687 -0.139378 -0.00961111)
(1.34404 -0.231652 0.00447793)
(1.23996 -0.219605 0.00266874)
(1.00605 0.0581934 -0.000733558)
(1.0723 0.0553893 0.00875436)
(1.08858 0.160979 -0.00123119)
(1.3098 0.32704 -0.0314494)
(1.32837 0.16683 -0.0447198)
(1.26159 -0.00212121 -0.0262217)
(1.19738 -0.321616 -0.000256029)
(1.16658 -0.0638116 0.0204739)
(1.25486 -0.00845396 0.0278839)
(1.17034 -0.104308 0.00319714)
(1.11253 -0.082848 -0.0182191)
(1.051 -0.0759292 -0.0132944)
(0.962508 -0.0316773 -0.000704263)
(0.883155 0.00494007 0.00529165)
(0.937804 0.204 0.00710226)
(1.10967 0.161961 0.00611045)
(1.01854 0.0681902 0.0172114)
(1.09653 -0.0135336 0.0118358)
(0.984603 -0.14026 0.0011981)
(0.863122 -0.051967 0.00271846)
(1.00088 0.071589 0.000100219)
(1.04598 0.0314813 0.0051504)
(1.05641 0.0550588 -0.00292887)
(1.17094 0.1715 -0.0140877)
(1.23261 0.0540708 -0.0136463)
(1.24963 -0.078319 -0.00475112)
(1.14933 -0.107933 0.0117824)
(1.09275 -0.0809896 0.00964495)
(1.15889 -0.061658 -0.00776688)
(1.04048 -0.106995 -0.00996648)
(0.999004 -0.0964938 -0.00348303)
(0.957027 -0.147092 -0.00284791)
(0.911293 -0.0961393 -0.00231591)
(0.888873 -0.0333996 0.000261873)
(0.907496 0.0948183 0.0079499)
(1.0971 0.0057799 0.00435195)
(1.06834 -0.0909253 -0.00553655)
(1.08315 0.0251897 0.00544232)
(1.10544 -0.0608746 0.00642261)
(1.02215 -0.0852716 -0.00289839)
(0.996413 0.0261545 -0.000280499)
(1.05385 0.0354086 0.00212692)
(1.04196 0.058072 -0.000972282)
(1.10758 0.0898676 -0.00576276)
(1.15971 0.0419039 -0.00408703)
(1.13674 0.0108041 0.000646965)
(1.10881 -0.0631842 0.00238743)
(1.06201 -0.00606143 -0.00023816)
(1.07479 -0.00632394 -0.0025194)
(1.02469 -0.0572818 -0.00207707)
(1.00831 -0.0314785 -0.0011405)
(0.971054 -0.0091268 8.1439e-05)
(0.923538 0.0197196 -0.000982681)
(0.905318 0.0288795 -0.000129909)
(0.931099 0.108823 0.00193632)
(1.0336 0.0937485 0.00216843)
(0.981265 0.0360004 0.00244373)
(1.01518 0.016033 -0.000710165)
(1.01467 -0.0302751 -0.000677152)
(0.965614 -0.00805008 -0.000322557)
(0.998883 0.0236465 -0.000110124)
(1.02738 0.0134529 0.000746962)
(1.03478 0.0117509 -0.000366675)
(1.07675 0.0296773 -0.00138892)
(1.1008 -0.00861841 -0.00055223)
(1.10907 -0.0325284 0.000388298)
(1.09725 -0.0453128 0.000341353)
(1.03527 -0.0418852 -0.000460145)
(1.05608 -0.0428083 -0.000652688)
(1.00635 -0.0661414 -9.63812e-05)
(0.96505 -0.0591737 -9.2169e-05)
(0.937667 -0.0691368 -0.000204351)
(0.924182 -0.0494273 -0.000380848)
(0.919312 -0.0305271 -9.62978e-05)
(0.918558 0.0127175 -4.36648e-05)
(1.00045 -0.00575873 -6.58343e-06)
(0.988471 -0.0333852 -1.88446e-05)
(1.01085 -0.00395228 -0.000303725)
(0.987158 -0.0354612 0.000193374)
(0.954432 -0.0378811 -8.06825e-05)
(0.998113 0.00101687 1.54954e-05)
(1.02764 0.0100567 0.000185536)
(1.03327 0.0182813 -0.000251838)
(1.06366 0.0207225 -0.000338067)
(1.08858 0.0219887 5.3311e-05)
(1.0839 0.021232 0.000175894)
(1.08106 0.00716214 6.59867e-05)
(1.03589 0.0144036 -0.00017752)
(1.04213 0.0150136 -0.000196812)
(1.00207 0.00959922 -3.4728e-06)
(0.973497 0.0162069 -2.52334e-05)
(0.943605 0.0238433 -6.92159e-05)
(0.923437 0.0311172 -0.000184083)
(0.920988 0.0307222 -4.46843e-05)
(0.921297 0.0396214 -8.1544e-05)
(0.982942 0.0388986 4.99428e-06)
(0.963668 0.0290518 8.39424e-05)
(0.984148 0.0170818 -0.000166957)
(0.979787 0.0126586 -3.95377e-06)
(0.952207 0.0155919 -1.96474e-05)
(1.44579 -0.555733 -0.0157654)
(1.1353 -0.673631 0.0645259)
(1.27435 -0.866762 -0.000140661)
(1.75335 -0.611024 0.0661747)
(1.40724 -0.575922 0.0596432)
(1.14042 -0.733524 0.220871)
(1.52036 -1.25364 0.0410628)
(2.23548 -0.568117 -0.019198)
(2.13427 -0.734822 0.0543271)
(2.28947 -0.32253 -0.0438184)
(1.66589 -0.0127581 -0.00136086)
(2.05503 -0.0320939 -0.0870663)
(2.0748 0.268872 -0.0269578)
(1.64003 0.124736 -0.00722348)
(0.0026658 0.10794 -0.0132641)
(0.11914 0.0631251 0.00667168)
(1.52655 0.210578 -0.00985279)
(2.00054 0.265385 0.016368)
(0.337458 0.198713 -0.0989301)
(0.473329 0.121087 0.0114583)
(1.1284 -0.367372 0.0562518)
(1.3426 -0.493507 0.0781169)
(0.295625 -1.22252 0.0210023)
(1.00228 -0.988312 0.0267512)
(1.07796 -0.607803 0.278329)
(1.32148 -0.596651 0.192779)
(1.06417 -1.05119 0.103874)
(0.609502 -0.804302 -0.0377825)
(1.58373 -1.71666 0.093829)
(0.955013 -1.39614 -0.249119)
(-0.0644608 -0.0974191 -0.0153577)
(-0.13618 -0.113941 -0.0142156)
(0.0865121 0.0198075 -0.0846597)
(-0.0833168 -0.104793 -0.0925896)
(0.615995 0.022442 0.0146512)
(0.548066 0.195752 -0.0226664)
(0.228842 0.00198404 0.0283226)
(0.428153 0.239277 -0.135472)
(0.615653 -0.00112861 0.0773558)
(0.401441 0.0725812 -0.0529875)
(0.341157 -0.0397246 0.105788)
(-0.316583 -0.576129 0.0121739)
(1.09983 0.242064 0.0696123)
(0.164915 -0.764721 -0.0277467)
(1.82568 -0.952116 0.16154)
(1.4662 -0.481311 -0.0495778)
(0.0870703 0.516946 0.137556)
(0.385141 -0.700154 0.158913)
(0.738475 -0.478098 -0.478958)
(-0.051839 -0.0791574 -0.00565382)
(-0.0407264 -0.0789401 -0.0383654)
(0.20777 -0.187426 -0.00124512)
(-0.0148793 -0.0023393 -0.00469464)
(0.208702 -0.0512981 -0.0221401)
(0.00204257 0.00770149 -0.0828281)
(0.236455 -0.15073 -0.0367262)
(-0.00510536 -0.0146082 -0.0420441)
(0.202949 -0.0178001 -0.0886399)
(-0.085029 -0.132548 -0.141285)
(2.40957 0.613167 -0.210799)
(1.6946 0.93702 -0.0171413)
(1.3887 -0.381217 0.228634)
(0.793433 -0.261376 -0.128883)
(2.21685 0.576097 0.00392188)
(1.42839 0.515113 0.179082)
(0.81198 0.832709 0.130782)
(0.586387 0.527906 0.724676)
(0.0140366 -0.0127102 -0.000989822)
(0.0096928 -0.0103583 -0.0039996)
(0.181245 -0.0541381 -0.00850261)
(-0.0110923 0.049134 0.00088739)
(-0.107536 -0.035471 0.0145365)
(0.0129461 -0.0123049 -0.0443007)
(0.157081 -0.045077 -0.0273829)
(-0.0141553 0.0405301 -0.00453334)
(-0.14022 -0.0189929 0.025217)
(1.96407 0.154369 -0.00316014)
(1.22932 1.19028 -0.132439)
(0.533087 -0.477316 -0.0991418)
(0.2478 0.196233 -0.219712)
(1.57975 0.122213 0.302748)
(1.54452 0.965749 -0.298667)
(1.19799 -0.294089 -0.176789)
(1.7683 0.539626 0.00543326)
(1.0004 1.61425 0.588343)
(1.78552 0.522777 0.0478061)
(-0.00990472 0.00937383 -0.00087416)
(0.0404477 0.210913 0.00223529)
(-0.0261636 0.0131787 -0.00503517)
(0.0244952 0.177053 0.0327008)
(0.392777 -0.318802 0.0115559)
(-0.571335 0.159431 -0.0309988)
(0.94237 -0.391203 -0.0955817)
(-0.118989 0.174232 -0.0970819)
(0.23065 -0.241281 0.0252966)
(-0.143096 0.0157199 -0.0487521)
(0.513853 -0.19525 -0.173686)
(1.86403 1.50373 -0.0156006)
(1.77588 0.818304 -0.0262369)
(1.45486 0.816172 0.00358843)
(0.892123 0.401967 -0.0918651)
(1.72969 1.38084 -0.00298851)
(1.81334 0.816701 -0.108518)
(1.44474 0.662524 0.0131664)
(1.99997 0.991176 0.0231748)
(2.0673 0.194161 0.00577663)
(1.8975 0.802184 0.105456)
(2.08829 0.153439 0.0623461)
(1.78727 -0.234281 0.00946507)
(1.80205 -0.600321 0.0075232)
(1.79643 -0.189071 0.105712)
(1.80022 -0.576009 0.0691103)
(-0.186505 0.200848 0.013259)
(1.83806 -0.0964597 0.0157199)
(1.65023 -0.000579118 0.0408966)
(0.205233 -0.167315 0.121007)
(0.0522812 0.0993965 0.0484337)
(1.76477 -0.0995223 0.0475396)
(1.76547 -0.0479381 0.102281)
(1.31606 -0.605043 0.061815)
(1.12183 -0.603393 0.214577)
(1.59322 -1.3755 0.0476208)
(2.01653 -0.780452 0.0145629)
(1.38461 -0.487113 0.0401774)
(1.12968 -0.288958 0.181612)
(1.73384 -1.44954 0.0708766)
(2.22578 -0.22298 -0.041733)
(1.97639 -0.792015 0.0151235)
(2.24286 -0.171779 0.00256347)
(2.08528 0.454182 -0.0352456)
(2.03211 0.0562243 -0.0546002)
(2.14787 0.574492 -0.0487761)
(2.36179 0.609041 0.0114932)
(0.496147 0.260871 -0.116853)
(1.05845 0.359793 0.0421684)
(1.5575 0.34901 -0.0221429)
(2.41839 0.661108 -0.0140835)
(0.401041 0.267662 -0.0727057)
(1.28269 0.449872 0.0740874)
(1.12231 -0.400337 0.202124)
(0.505487 -0.703129 0.104061)
(1.46678 -0.837227 0.0191347)
(1.06761 -1.00047 0.0932349)
(0.899163 -0.0141319 0.301868)
(-0.0997886 -0.331558 0.173011)
(1.40764 -0.335016 0.108563)
(0.905145 -1.39892 -0.216662)
(1.82613 -0.873561 0.172579)
(0.886159 -1.26424 0.00431187)
(0.216762 0.106614 -0.0718081)
(-0.0472749 -0.091966 -0.112318)
(0.414654 0.232027 -0.0237307)
(-0.0218349 -0.0447614 -0.136734)
(0.396428 0.04763 0.066214)
(0.241345 0.0625397 -0.158754)
(0.335269 -0.017307 0.0783932)
(0.312322 0.150085 -0.212729)
(-0.148225 0.147962 0.015046)
(0.103788 0.167246 -0.164393)
(-0.166699 0.0797179 0.0223816)
(1.51889 -0.5154 -0.107191)
(-0.0681262 0.296113 -0.106739)
(0.464376 -0.730634 0.266734)
(0.838301 -1.05209 -0.268654)
(1.25092 -0.687425 0.159096)
(0.148349 0.237984 -0.201485)
(0.331422 -0.467906 0.501369)
(0.424228 -0.588255 0.226555)
(-0.0352295 -0.0737031 -0.0508809)
(-0.0221968 -0.0530568 -0.0729609)
(0.149293 0.0102811 -0.0913425)
(-0.00195227 -0.0171466 -0.0536112)
(0.162532 0.0876808 -0.118605)
(-0.0598597 0.0695502 -0.108842)
(-0.208768 0.0335035 -0.081194)
(-0.0123201 -0.0237781 -0.061097)
(-0.0345857 0.0565937 -0.0876692)
(1.28907 -0.244473 0.0681765)
(1.97662 0.515568 -0.376015)
(1.31841 0.475321 0.263622)
(0.970112 0.142639 -0.0893151)
(0.721519 -0.21403 0.693)
(0.627477 0.510392 -0.0325892)
(0.6673 0.397948 0.434585)
(0.497026 0.439304 0.901096)
(0.318621 0.25398 1.20113)
(0.00722737 -0.00867932 -0.00348338)
(0.00472305 -0.00599913 -0.00169851)
(0.142161 -0.00434435 -0.0279177)
(-0.0169765 0.0359893 -0.00368633)
(-0.148137 0.0205129 0.0446322)
(-0.00320798 -0.0225422 -0.065651)
(0.0337234 -0.022633 0.00340499)
(-0.0246093 0.0184187 0.000261518)
(-0.169411 0.032266 0.0774904)
(1.30234 0.127674 0.327509)
(1.41427 0.744181 -0.417652)
(1.26948 -0.0161513 -0.251727)
(-0.22113 0.490669 -0.300794)
(1.17357 -0.0375379 0.374954)
(1.72832 0.410928 -0.373437)
(0.809599 0.130957 -0.211798)
(1.69969 0.813129 0.126785)
(0.850913 1.14074 0.79455)
(1.27686 1.06552 0.315567)
(-0.035834 0.015931 -0.00652508)
(0.0248393 0.169801 0.0392872)
(-0.0598377 0.0299065 -0.00753755)
(0.0222855 0.158136 0.0345897)
(0.108123 -0.169542 0.00643158)
(0.143064 -0.0982041 -0.0212421)
(0.418641 -0.169283 -0.18042)
(-0.128829 0.0914089 -0.0770812)
(0.0158936 -0.0796247 0.022043)
(0.235564 -0.149855 -0.00405773)
(0.388167 -0.167361 -0.149194)
(1.65367 1.32713 0.0228709)
(1.94122 0.67351 -0.189822)
(1.58365 0.506235 0.00408484)
(1.09488 0.361506 0.0118136)
(1.45314 1.20753 0.158875)
(1.65477 0.81015 -0.18886)
(1.39317 0.516285 0.0792749)
(1.91879 0.662695 0.113312)
(2.12132 0.134409 0.0823722)
(1.63371 0.518665 0.164121)
(2.06646 0.0958188 0.186715)
(1.80919 -0.171429 0.138305)
(1.75259 -0.520537 0.0848899)
(1.81099 -0.119228 0.219429)
(1.69691 -0.369524 0.164076)
(0.244733 0.0542741 0.0532027)
(1.70357 -0.146363 0.0654593)
(1.77545 -0.0309704 0.124756)
(0.228383 -0.156435 0.126235)
(0.336974 0.00524738 0.0472263)
(1.62345 -0.123119 0.0843658)
(1.79423 -0.0359953 0.130353)
(1.37211 -0.576356 -0.019471)
(1.16313 -0.369032 0.030333)
(1.71934 -1.4068 0.0866167)
(1.50988 -1.00214 -0.0568651)
(1.17553 -1.16674 0.0166125)
(0.935386 -1.27165 0.0398917)
(1.28591 -1.08999 0.073625)
(2.2778 -0.300426 0.00880054)
(1.95155 -1.46626 -0.00269969)
(2.14074 -0.464145 0.0169223)
(2.12739 0.521524 -0.0385924)
(1.96789 -0.0786137 0.00511578)
(2.14853 0.458523 0.00859182)
(2.309 0.484235 -0.0264041)
(0.238059 0.215166 -0.0424597)
(0.985655 0.290094 0.0548659)
(1.86998 0.453971 -0.0131022)
(2.14328 0.353708 -0.0146881)
(-0.0758795 0.105131 -0.000641287)
(0.735871 0.248965 0.0218743)
(0.772071 0.0319904 -0.0172644)
(-0.682291 0.233802 -0.00203393)
(1.42374 0.35873 0.0436176)
(1.21324 -0.691166 -0.0300669)
(0.82584 -0.230202 -0.0369469)
(-0.526812 0.140512 -0.0402086)
(0.655624 -0.515011 0.174503)
(0.724758 -1.14268 0.0956545)
(1.18462 -1.87694 0.0242963)
(0.307649 -0.9855 0.0940352)
(0.386732 0.236381 -0.0272681)
(-0.0301863 -0.027835 -0.118475)
(0.380261 0.301233 -0.00106162)
(-0.0361411 -0.0114713 -0.0187685)
(-0.318889 0.17923 -0.00333981)
(-0.143751 0.128672 -0.101111)
(-0.466265 0.0998971 -0.00209981)
(-0.0326137 0.0698466 -0.0574809)
(-0.606029 0.158567 0.0199329)
(-0.177779 0.15318 -0.0405288)
(-0.620129 0.108892 0.0124192)
(0.997278 -0.677522 0.210645)
(0.474574 0.0932283 -0.161762)
(0.237957 -0.330027 0.459546)
(0.0576838 -0.764546 0.0019571)
(0.166811 -0.630192 0.059254)
(-0.780665 0.0861081 0.00552975)
(-0.0401715 -0.0175772 0.0989786)
(-0.0712112 -0.328274 0.155346)
(-0.0216903 -0.0436992 -0.0622789)
(-0.0175688 -0.0321508 -0.00963574)
(-0.270942 -0.0249964 -0.0806698)
(-0.0178458 -0.0270089 -0.053425)
(-0.0925323 -0.0611229 -0.0778615)
(-0.0963926 0.0948019 -0.0144573)
(-0.287548 -0.0247503 -0.0228646)
(-0.027643 -0.0352669 -0.00882113)
(-0.105374 -0.159688 -0.0248073)
(0.418365 -0.163939 0.648379)
(0.0536778 0.71543 -0.127618)
(0.307114 0.536878 0.362906)
(-0.163396 0.18629 0.0581109)
(0.128275 0.0269212 0.124737)
(-0.796389 0.93169 0.0815173)
(-0.862264 0.390595 0.0271434)
(0.235689 0.210888 1.21855)
(-0.478597 -0.0747911 0.568963)
(0.0035117 -0.00547654 -0.00149976)
(0.00330882 -0.0047835 -0.000183237)
(-0.100536 -0.125144 0.00194699)
(-0.0279556 0.0110478 -0.000339718)
(-0.154262 -0.0919015 0.0751415)
(-0.0318706 -0.0390209 -0.0100753)
(-0.140919 -0.234604 0.00328661)
(-0.0344164 0.00270631 0.000483727)
(-0.0590342 -0.194258 0.0310407)
(0.51912 0.468187 0.36176)
(1.67704 0.364806 -0.35364)
(0.285255 0.778901 -0.164119)
(-0.649838 0.706808 0.0122056)
(-0.15213 0.863528 0.150322)
(0.692312 0.671484 -0.0739873)
(-0.693783 1.47056 0.0706398)
(1.03738 1.3183 0.390818)
(-0.12948 0.865921 0.263361)
(0.105346 1.99043 0.0790159)
(-0.0680738 0.0331089 -0.00626626)
(0.00216265 0.17204 0.0294774)
(-0.0785598 0.0389305 -0.000672926)
(-0.0354428 0.171712 0.00218616)
(-0.0191642 -0.0540922 0.0221753)
(0.345049 -0.201731 0.00882649)
(0.464493 -0.281533 -0.0912281)
(-0.135663 0.0524655 -0.0121668)
(-0.0178038 -0.0406645 0.00718063)
(0.364064 -0.211965 0.00947072)
(0.530797 -0.327979 -0.0327038)
(1.34379 1.1518 0.173822)
(1.30194 0.970313 -0.212812)
(1.16683 0.684254 0.026547)
(0.335139 1.34239 0.0781614)
(0.802231 0.732298 0.00799782)
(0.837431 1.28533 -0.0728036)
(0.79237 1.36794 0.104137)
(1.46946 0.664782 0.168008)
(1.96797 0.11599 0.201913)
(1.35107 1.55962 0.0608551)
(1.58163 0.507112 0.0484173)
(1.74922 -0.12097 0.212633)
(1.6922 -0.308241 0.178068)
(1.34554 0.136013 0.0454648)
(1.82545 0.323857 0.0710441)
(0.291481 -0.00543691 0.0187212)
(1.64805 -0.0165233 0.0846821)
(1.70115 0.0130634 0.102284)
(0.255576 -0.160525 0.0230055)
(0.401323 -0.0650996 0.00162081)
(1.57065 0.137206 0.0472594)
(1.68453 -0.0021437 0.0406849)
(1.77509 -0.340536 0.0408041)
(1.90182 -0.41344 -0.0232208)
(2.31314 -0.609432 -0.00333499)
(1.5638 -0.444405 -0.0128806)
(1.7098 -0.255813 0.104009)
(1.792 -0.326295 -0.0590252)
(2.19432 -0.391437 0.00377211)
(1.64553 0.295104 0.0349855)
(2.09174 -0.403171 0.0337424)
(2.07256 -0.286966 0.0227338)
(1.72837 -0.136593 0.108636)
(1.58479 0.37677 0.126895)
(2.09987 -0.332228 0.0624593)
(2.09417 -0.0858114 0.119888)
(1.99514 -0.568935 -0.0119432)
(2.23139 -0.766477 -0.00307878)
(2.38076 -0.923761 0.00294857)
(2.33777 -0.774112 0.0312768)
(2.28094 -0.733845 -0.00614523)
(2.44251 -0.905407 0.0089899)
(1.94079 -0.563687 -0.0124246)
(1.27916 0.00551897 -0.0248938)
(1.89394 -0.188647 -0.0066505)
(1.89823 -0.0458673 -0.0047454)
(2.14714 -0.209971 -0.038058)
(2.00754 -0.156043 -0.000560201)
(1.92247 -0.0443434 -0.00303605)
(1.12335 0.0142176 -0.00847621)
(0.545223 -0.912314 -0.253093)
(1.1402 -1.42914 -0.0315094)
(0.757676 -1.25698 0.0051056)
(1.35567 -1.70779 0.0669727)
(1.37153 -1.45519 -0.0485274)
(0.98071 -1.32182 -0.0281285)
(0.264869 -0.886337 -0.131975)
(-0.0908964 -0.100107 0.0117249)
(-0.0908953 -0.102067 0.0334861)
(0.0116121 -0.386918 -0.68211)
(0.152076 0.123296 -0.0337833)
(0.232726 0.16061 -0.00997206)
(-0.00496211 -0.00548993 -0.00718152)
(0.00875312 0.0374135 -0.0309478)
(0.230851 0.144748 -0.0222529)
(0.00307493 -0.0122991 -0.0223629)
(0.144297 0.132667 -0.0110427)
(0.0920354 0.0562043 -0.0176771)
(0.089875 0.0994233 -0.0093222)
(0.00451628 -0.0258101 -0.00496827)
(0.0102693 -0.00532276 -0.0173026)
(0.0953705 0.0935122 -0.029538)
(0.00453094 -0.0282519 -0.014152)
(0.0892412 0.0618401 -0.00563094)
(1.42251 1.47376 0.102741)
(1.16293 1.77103 0.307251)
(1.53219 1.41607 0.230901)
(1.40161 0.749145 -0.125108)
(1.92609 1.48865 -0.00995531)
(1.88916 1.42754 -0.0174154)
(1.45199 0.81082 -0.0587469)
(0.921472 -0.079223 0.101989)
(0.233894 -0.0701624 0.0219948)
(0.701215 -0.145992 0.0229583)
(0.193064 -0.16229 0.0647225)
(0.259578 -0.0821325 0.0718424)
(0.675518 -0.148739 0.056746)
(0.90685 -0.071001 0.0346587)
(1.97866 0.0556938 0.0156142)
(2.01202 0.370706 -0.00962207)
(1.87677 0.154107 -0.0110894)
(2.09732 0.520904 0.0526313)
(2.01735 0.0662251 0.0854369)
(1.98338 0.34305 0.0454015)
(1.81239 0.158084 0.0177712)
(1.79988 -0.217013 -0.000259716)
(1.93148 0.00112458 -0.0061622)
(1.36166 -0.437526 0.00911457)
(2.02633 -0.394426 0.00979455)
(1.80569 -0.164479 0.0353942)
(1.9584 0.0153156 0.00350018)
(1.52614 -0.327924 0.0729132)
(1.67246 -0.303966 0.116287)
(1.75209 -0.410373 -0.116582)
(2.01308 -0.228347 -0.0264618)
(1.63365 -0.574247 -0.0391389)
(1.6603 -0.36104 0.109065)
(1.81341 -0.413971 -0.166508)
(1.9238 -0.103105 -0.0700805)
(1.64304 0.278675 0.16855)
(2.0136 -0.180014 0.0403356)
(2.03003 0.120635 0.180564)
(1.75877 -0.164122 0.12605)
(1.71443 0.116943 0.164368)
(1.95608 0.00369759 -0.0400857)
(1.94278 0.267153 0.127697)
(2.1115 -0.55738 0.0537671)
(2.17315 -0.574558 0.017164)
(2.52051 -0.830833 0.047225)
(1.95332 -0.79099 0.0320089)
(2.10945 -0.558655 0.0273074)
(2.1323 -0.557008 0.0201209)
(2.53767 -0.84363 0.047958)
(1.7856 0.0909194 -0.0547588)
(2.11108 0.217251 -0.0439756)
(2.02464 -0.0475042 -0.0361102)
(1.96243 0.126434 -0.0844136)
(1.75151 0.055649 -0.0856674)
(2.0916 0.326023 -0.0514349)
(2.05214 -0.0299082 -0.0231602)
(0.664799 -1.12137 -0.279341)
(1.72576 -1.42028 -0.122978)
(1.31592 -1.37232 -0.109868)
(1.81374 -1.31846 0.105795)
(0.708858 -1.07935 -0.286514)
(1.73412 -1.32978 -0.10942)
(1.28765 -1.35449 -0.104019)
(-0.0894522 -0.126887 0.0706593)
(-0.0693867 -0.130577 0.0676404)
(0.406859 -0.50309 -0.0508647)
(0.0357485 0.0962941 -0.131151)
(0.113688 0.0866881 -0.107545)
(0.0256008 -0.0067247 -0.0913098)
(-0.0120724 0.0408153 -0.120947)
(0.0829769 0.0895355 -0.110082)
(0.0620058 0.106654 -0.134837)
(0.0131718 0.00699378 -0.102116)
(0.058044 -0.00133377 -0.0546926)
(0.0704111 0.0654991 -0.0802399)
(0.00386823 -0.0423 -0.0416186)
(0.0106046 -0.0165474 -0.0636463)
(0.0742564 0.0145832 -0.0469712)
(0.0495536 0.056539 -0.0911846)
(0.00178742 -0.0471018 -0.0471874)
(0.953977 1.31105 0.642625)
(0.900485 1.41157 0.720304)
(0.873017 1.22026 0.668156)
(1.2223 0.483471 -0.0730295)
(1.66048 1.02568 0.0116175)
(1.22933 0.515366 -0.126146)
(1.65627 0.925707 0.0596892)
(0.958906 -0.0932073 0.202817)
(0.408792 -0.151762 0.107948)
(0.601933 -0.165912 0.109858)
(0.212785 -0.162039 0.132296)
(0.945759 -0.0833857 0.199828)
(0.432468 -0.164235 0.0896933)
(0.563436 -0.166455 0.116355)
(1.93627 -0.167026 0.1271)
(1.86334 0.188965 0.0491148)
(1.54559 0.0309853 -0.018384)
(1.92673 0.065198 0.0875248)
(1.98189 -0.260896 0.226817)
(1.9069 0.302852 0.102948)
(1.5181 0.246251 0.00771609)
(1.58327 -0.157815 0.00223297)
(1.67603 -0.108 -0.0614756)
(1.43052 -0.360372 0.0846349)
(1.91264 -0.0707891 0.096044)
(1.4527 -0.0551193 0.055097)
(1.49128 -0.0835781 -0.0827571)
(1.41417 -0.319128 0.0692077)
(1.67363 -0.296821 0.0681724)
(1.9015 -0.481522 -0.153884)
(1.97292 -0.097528 -0.0753458)
(1.51451 -0.362136 -0.0159086)
(1.772 -0.368054 0.0181428)
(1.82953 -0.604103 -0.0687872)
(2.05149 -0.189865 -0.0157761)
(1.66997 0.052028 0.124618)
(2.06641 0.0592169 -0.0609723)
(1.82392 0.422602 0.10291)
(1.83489 -0.0143479 0.0339462)
(1.78406 -0.0449802 0.0383732)
(1.94288 0.143981 -0.0119414)
(1.92854 0.385027 0.0639974)
(1.9879 -0.659061 0.12714)
(2.19582 -0.750642 0.0267156)
(2.61132 -1.01243 0.0623561)
(2.0413 -1.02174 0.00410923)
(2.05244 -0.63006 0.126462)
(2.2027 -0.873938 0.0334094)
(2.6084 -1.09887 0.0767691)
(1.55612 0.00494455 0.0293718)
(2.20394 0.186624 -0.0557028)
(2.07768 0.000249343 0.0298841)
(2.04986 -0.065017 -0.0212137)
(1.63766 0.0255531 0.0336248)
(2.19532 0.15925 -0.0411567)
(2.03754 -0.00306568 0.0309686)
(0.7751 -1.03438 0.112623)
(1.77101 -1.02126 0.115616)
(1.444 -1.06707 0.0239666)
(1.78285 -0.871601 0.135655)
(0.724661 -1.08119 -0.037553)
(1.80785 -0.997586 0.198678)
(1.40208 -1.08019 0.00848625)
(0.0323709 -0.112395 0.0317218)
(0.0985555 -0.0845611 0.0231483)
(0.103761 -0.579047 0.349463)
(-0.0827228 0.0947361 -0.0656801)
(-0.109236 0.0974281 -0.0844244)
(-0.0372651 0.0291219 -0.0745691)
(-0.0946081 0.0819992 -0.0672717)
(-0.0770379 0.0918225 -0.086474)
(-0.116416 0.100635 -0.0667829)
(-0.0412463 0.0332473 -0.0557828)
(-0.0346194 -0.0742272 -0.03264)
(-0.0272318 -0.000255151 -0.0750743)
(-0.0172428 -0.0605222 -0.043951)
(-0.021437 -0.032213 -0.0459026)
(-0.0129733 -0.0556381 -0.0464875)
(-0.0478791 -0.0215386 -0.0560492)
(-0.0247778 -0.0644825 -0.0346183)
(0.486261 1.00854 0.621345)
(0.545144 0.990348 0.69873)
(0.308594 0.971158 0.506489)
(1.3318 0.617234 0.109681)
(1.69618 0.881169 0.193616)
(1.33977 0.530194 0.109196)
(1.64844 0.963253 0.200536)
(0.832925 -0.0865692 0.140333)
(0.424455 -0.148682 0.0449757)
(0.457598 -0.157297 0.114444)
(0.221578 -0.153316 0.099712)
(0.816843 -0.0749593 0.165756)
(0.478792 -0.166373 0.0370623)
(0.431011 -0.151531 0.0932331)
(1.9962 0.00125621 0.189837)
(1.6736 0.558403 0.0603856)
(1.52244 0.553783 -0.0299453)
(1.3755 0.650714 -0.001216)
(1.86687 0.799556 0.0870507)
(1.61175 0.93365 -0.0368455)
(1.59325 0.922522 -0.0448771)
(1.46723 0.208503 0.0363102)
(1.3962 0.243832 -0.0893939)
(1.41154 -0.0285486 0.0360914)
(2.09639 1.0056 0.085647)
(1.58718 0.549606 0.0270072)
(1.54207 0.683814 -0.0498032)
(1.41402 0.420349 -0.0163627)
(1.98696 -1.62131 -0.0109347)
(1.78664 -1.06975 -0.0228514)
(1.40371 -1.23758 -0.0373632)
(1.31928 -0.944435 0.0117109)
(1.7995 -1.04778 -0.0557941)
(1.50599 -1.28115 -0.0943224)
(1.95401 -1.66214 0.00931559)
(2.03091 -1.6212 0.00862734)
(1.41967 -1.07961 0.0376915)
(1.81805 -1.04055 -0.0536776)
(1.71949 -1.40306 -0.143181)
(1.8158 -1.05529 -0.0588023)
(1.63605 -1.3623 -0.114857)
(2.01904 -1.4598 0.00519484)
(2.24242 -0.4591 -0.00451658)
(2.4833 -0.612425 -0.0130148)
(1.72314 -0.324065 -0.0173188)
(2.2842 -0.513273 -0.0363269)
(2.44713 -0.583012 -0.0282843)
(1.809 -0.33908 -0.0293626)
(2.22547 -0.477048 -0.00774414)
(1.84877 -0.75949 0.010888)
(2.06681 -1.1623 -0.0080805)
(2.09544 -1.16391 -0.0215379)
(1.86315 -0.790545 -0.00768788)
(2.05742 -0.575518 -0.0153653)
(2.21543 -0.731682 0.0553337)
(2.26732 -0.598249 0.00817669)
(2.53727 -0.829658 0.0445334)
(2.28011 -0.644622 -0.00335996)
(2.48675 -0.86128 0.0258944)
(2.10111 -0.557842 0.00506584)
(2.26392 -0.452896 -0.00781743)
(2.30381 -0.431652 -0.0524001)
(2.24415 -0.467793 -0.0408273)
(2.02631 -0.344164 -0.038612)
(2.35272 -0.514565 -0.0422789)
(1.93485 -0.359261 -0.0461647)
(2.2722 -0.430469 0.00710056)
(1.85032 -0.778396 0.0229242)
(2.18543 -1.22602 0.00133436)
(2.15239 -1.21493 -0.0164454)
(1.83173 -0.769991 0.0331718)
(1.46187 0.129899 -0.0194879)
(1.71749 0.015741 -0.0170804)
(0.967152 0.0394736 -0.0124037)
(1.84618 0.0166992 -0.010697)
(1.78105 0.0241321 -0.0332062)
(1.26168 0.0820676 -0.0370409)
(1.38152 0.12934 -0.00323567)
(0.952081 0.19761 -0.0449959)
(0.784936 0.205886 0.0297202)
(0.862895 0.230362 0.0864462)
(0.9269 0.188536 -0.0138901)
(1.47957 0.00139003 -0.0662322)
(2.11817 -0.135896 -0.0749014)
(2.13937 0.0758469 -0.0265016)
(1.99332 -0.0640106 -0.0290111)
(2.09144 -0.0775404 -0.0185262)
(1.96651 -0.060231 -0.0208145)
(1.65673 0.0254814 -0.0900215)
(1.57296 0.140738 -0.0486228)
(1.98116 0.0781299 -0.0174886)
(1.87126 0.198125 -0.0808094)
(1.87209 0.261158 -0.111956)
(1.86158 0.0948833 -0.0667794)
(1.57021 0.139255 -0.0757581)
(1.6098 0.141683 -0.0622356)
(0.938245 0.211505 -0.0870954)
(1.00048 0.30924 0.111192)
(0.94013 0.267375 0.11209)
(0.828968 0.211293 -0.1176)
(1.04721 0.133922 -0.0158485)
(0.0803151 0.0284671 -0.00135331)
(0.363233 0.0198258 0.00575245)
(0.0644776 0.119909 -0.0440523)
(0.230859 0.0546501 -0.0135523)
(0.37996 0.0311713 0.0288711)
(0.978396 0.124347 -0.0111255)
(1.15115 0.157604 -0.0145301)
(0.195081 0.151157 -0.0684285)
(0.622128 0.180445 -0.0333164)
(0.457555 0.0861913 0.0855347)
(0.467711 0.109008 -0.015539)
(0.385898 0.0453668 0.0505523)
(1.3003 0.197656 0.0075634)
(1.08009 -1.50432 -0.0832289)
(1.23924 -1.52864 -0.176039)
(0.324379 -1.16237 -0.0820755)
(0.620549 -0.996951 -0.191488)
(0.410953 -1.23748 -0.254566)
(0.644778 -0.93314 -0.257841)
(1.48896 -1.7798 0.110054)
(1.63864 -1.52209 -0.131527)
(1.19425 -1.4025 -0.109643)
(1.5594 -1.52076 -0.0796443)
(1.14122 -1.37562 -0.0565989)
(0.642407 -0.992687 -0.297539)
(1.50983 -1.54707 -0.259366)
(1.42677 -1.57345 -0.225634)
(0.836063 -1.20728 -0.281755)
(0.529411 -1.31385 -0.314908)
(0.513881 -1.26804 -0.315778)
(0.0697889 -0.00405437 0.0119547)
(-0.083988 0.0414944 0.00122728)
(-0.0612586 -0.140669 -0.0124989)
(-0.0407449 -0.0784853 -0.0530881)
(-0.061561 0.0411088 -6.93917e-05)
(-0.0555575 -0.13529 -0.0443208)
(0.0666155 -0.000207044 0.00522373)
(-0.201321 -0.0488787 -0.0198533)
(-0.128623 -0.114394 -0.0451068)
(-0.193318 -0.0505828 -0.0575)
(-0.0868191 -0.114466 0.0639352)
(-0.0938718 -0.111326 0.048266)
(0.0709522 -0.0116023 0.0130531)
(0.0249483 -0.0299582 -0.0701513)
(0.00616754 0.04685 -0.0126323)
(-0.0237103 -0.108855 -0.07081)
(-0.017265 0.0440022 -0.00120352)
(-0.0309463 -0.115729 -0.06119)
(0.0631188 -0.0255284 0.0076828)
(-0.106467 -0.11009 -0.0702409)
(-0.132298 -0.045669 -0.111894)
(-0.164664 -0.0492801 -0.0871003)
(-0.289503 0.0646217 0.161783)
(-0.0297001 -0.317347 0.0371164)
(0.367322 -0.595418 -0.00681661)
(-0.213661 -0.615783 0.0114185)
(0.50175 -0.349568 0.0800349)
(0.221366 -0.32329 -0.060851)
(-0.249204 -0.00219225 0.0632396)
(0.191695 -0.311613 0.296847)
(0.33834 -0.591005 0.0158757)
(0.191571 -0.781041 0.0190808)
(0.264494 -0.715403 -0.0221731)
(0.345793 -0.613434 0.101962)
(0.623625 -0.671996 0.120007)
(0.0632276 -0.419263 0.105439)
(-0.149458 0.122104 0.235327)
(0.357471 -0.632912 -0.068043)
(1.78626 -0.340996 0.153156)
(0.38881 0.103545 -0.0845845)
(1.25728 -0.403163 0.125082)
(0.174184 0.0151134 -0.128444)
(0.443022 0.0107391 0.386198)
(0.0806038 -0.270592 0.482582)
(0.376353 -0.701879 0.0645476)
(0.18906 -0.616626 0.365342)
(0.745067 -0.673845 0.208896)
(0.281513 -0.643113 0.236286)
(0.763475 -0.665768 0.192444)
(-0.03387 -0.193207 0.593941)
(0.402084 -0.475704 -0.81562)
(-0.0492576 -0.0799626 -0.0170426)
(-0.0452831 -0.0801208 -0.0277052)
(0.113644 0.136762 -0.0325042)
(-0.0189386 0.0404528 -0.00525674)
(0.15878 0.0845983 -0.00874636)
(-0.0131389 -0.00597221 -0.0152564)
(-0.0133812 0.0364936 -0.0181984)
(0.169072 0.0762097 -0.0310156)
(0.0997357 0.145112 -0.00983723)
(0.145569 0.106556 -0.0594235)
(-0.000652717 0.012416 -0.0561374)
(0.165299 0.0967993 -0.0802169)
(0.0267563 -0.0169116 -0.0700655)
(0.201018 0.109771 -0.0470218)
(0.0161393 -0.0194151 -0.0446238)
(0.119067 0.0972664 -0.0891275)
(0.1219 0.123169 -0.0524322)
(-0.00971004 -0.0107728 -0.0283302)
(0.00373387 0.0323013 -0.0529421)
(0.166112 0.0519354 -0.0738302)
(-0.0045424 0.0324574 -0.0350232)
(0.175612 0.0627002 -0.0505132)
(0.109901 0.113513 -0.0740542)
(0.171027 -0.0245763 -0.147804)
(-0.298126 -0.18998 -0.0417045)
(0.231346 0.115922 -0.0479314)
(0.174198 -0.165895 -0.30887)
(0.70684 -0.321759 -0.0825312)
(-0.0304095 0.271737 -0.127293)
(-0.898765 0.125355 -0.0416322)
(1.29019 0.367924 -0.0267055)
(0.946182 -0.266333 0.0608476)
(1.61311 1.41642 -0.042455)
(1.63571 0.748201 0.0344058)
(0.877291 -0.128519 0.163272)
(1.72869 1.26133 0.0159534)
(1.33107 0.346424 -0.0155581)
(0.873638 0.0415665 -0.0803102)
(0.674364 -0.213849 -0.23094)
(1.84027 -0.330624 0.0242105)
(0.0861618 0.529609 0.0086438)
(1.62006 -0.29007 -0.00883595)
(0.087482 0.413237 -0.06361)
(0.956653 0.08456 -0.0400003)
(0.774403 0.285318 -0.0134223)
(1.45005 0.614908 0.0822518)
(0.53773 -0.0486878 0.419385)
(1.56121 0.958801 0.0816194)
(0.695422 -0.0899383 0.31549)
(1.62831 1.08439 0.0145639)
(0.518218 0.288305 0.0165061)
(0.786425 0.748639 0.365185)
(0.635787 0.600993 0.589442)
(0.0130214 -0.0121697 -0.00293712)
(0.0108674 -0.0117718 -0.00367371)
(-0.0590255 0.0561859 -0.00117861)
(0.00314579 -0.00923791 -0.0039757)
(-0.152439 0.125351 0.00209686)
(-0.0117747 0.0472962 -0.00399945)
(0.00381222 -0.0111831 -0.0114814)
(-0.149962 0.121307 -0.00387272)
(-0.0570363 0.0610864 8.14371e-05)
(0.0940673 0.0449638 -0.0285499)
(0.0114754 -0.0091585 -0.0307536)
(0.0890237 0.0749805 -0.0658716)
(0.0043885 -0.0373772 -0.0337095)
(0.0983079 0.0840157 -0.0482579)
(0.00437219 -0.0325406 -0.0241229)
(0.0878522 0.0311946 -0.0384056)
(-0.0650043 0.0462158 -0.000287728)
(-0.0129875 0.0439675 -0.00310878)
(0.00473353 -0.0175528 -0.0250298)
(-0.136704 0.107032 0.00209948)
(0.00420399 -0.0147907 -0.0186793)
(-0.144065 0.11428 -0.00014596)
(-0.0733512 0.0354054 0.00274897)
(1.35848 1.64188 0.141939)
(1.82143 1.54082 0.0650051)
(1.80895 1.56668 0.0417314)
(1.75796 0.474117 -0.0341138)
(1.90222 1.45102 0.123344)
(1.87992 1.50625 0.0869021)
(1.2146 1.69175 0.0421269)
(1.8576 1.67424 0.0179511)
(1.90209 1.62282 0.0567558)
(0.982286 1.73197 0.513133)
(1.14005 1.37879 0.558069)
(1.21985 1.42505 0.47329)
(1.19858 1.60671 0.318196)
(1.83284 0.481305 -0.0246097)
(1.66494 1.37363 0.350769)
(1.71977 1.37603 0.248712)
(1.74492 1.42139 0.253665)
(1.81013 1.4302 0.174908)
(1.1343 1.55145 0.430648)
(1.80444 1.44675 0.256895)
(1.85663 1.54814 0.158705)
(-0.0104939 0.0299681 0.00131396)
(-0.0124218 0.00994758 -0.00299727)
(-0.012604 0.0370606 0.00169462)
(0.0213515 0.00414037 0.00816816)
(0.0450081 -0.0173456 0.02289)
(-0.0109618 -0.0197778 0.0111249)
(-0.19714 -0.0140056 0.0121569)
(0.019631 0.203805 -0.0222787)
(0.0225598 0.201752 0.0258791)
(-0.181571 -0.0108742 0.0497606)
(0.0522969 0.161236 -0.0614856)
(-0.0209761 -0.0333399 0.00141226)
(-0.0201044 0.0104581 -0.0053127)
(-0.0271093 0.0648947 0.0119794)
(-0.020351 0.0534928 0.00440382)
(0.13856 -0.0745632 0.0288454)
(0.0856454 -0.0428871 0.029074)
(0.0110174 -0.0118136 0.012676)
(0.0264208 0.191627 0.0328548)
(-0.0852462 -0.00134001 0.0726783)
(0.133007 0.0745264 -0.0841182)
(-0.113256 -0.0122474 0.0694494)
(0.0883355 0.114497 -0.0809884)
(0.0263669 -0.00903884 0.00606951)
(1.53458 1.20275 -0.0252648)
(1.93778 1.5512 0.00782151)
(1.84809 1.24673 -0.0135014)
(1.86177 1.48484 -0.0274732)
(1.95523 1.52866 0.0260225)
(1.82326 1.21597 -0.0201042)
(1.53911 1.23972 -0.0138876)
(1.45429 1.0547 -0.0362745)
(1.80269 1.41966 -0.0230302)
(1.80245 1.38516 0.066531)
(1.61648 1.02415 0.00361764)
(1.88853 1.44596 0.0456668)
(1.71747 1.12232 -0.0165286)
(1.41133 0.927118 -0.0406279)
(1.7275 0.56037 0.0225383)
(2.41486 1.10791 0.0206014)
(2.0281 0.67437 0.0176818)
(1.98871 0.98185 0.0568434)
(2.41005 1.09072 0.0575474)
(2.02647 0.653611 0.0572171)
(1.72506 0.585438 -0.00037184)
(2.03237 0.384807 0.024281)
(1.76643 0.225559 -0.00254783)
(1.89958 0.34083 0.00562639)
(2.07193 0.187316 0.0343665)
(1.77392 0.218469 0.00712134)
(1.89074 0.335723 0.0268039)
(2.04682 0.398909 0.00298722)
(1.32253 0.640013 -0.17288)
(1.70733 1.11956 -0.014728)
(1.7902 1.2902 -0.0249784)
(1.26729 0.542678 -0.160827)
(1.73553 0.478307 0.0278926)
(1.94043 0.854959 0.091757)
(2.36624 0.89437 0.131735)
(2.00994 0.50478 0.0925848)
(2.38407 0.975996 0.101917)
(2.01395 0.562764 0.0843114)
(1.75943 0.412348 0.0381989)
(2.01282 0.344821 0.0362818)
(2.07787 0.170567 0.0526047)
(1.82887 0.167845 0.0279704)
(1.85099 0.289691 0.0385985)
(1.79547 0.196282 0.0104444)
(1.86749 0.305484 0.0388195)
(1.99984 0.306985 0.0532382)
(1.46558 -0.308717 -0.031311)
(1.13813 -0.229631 -0.00272486)
(1.09195 -0.232382 0.00647096)
(1.50657 -0.306688 -0.0170797)
(1.66321 -0.0536931 0.0436595)
(2.08054 -0.0312098 0.0040259)
(2.07416 -0.319357 0.0130799)
(1.78894 -0.229978 0.0448552)
(2.06781 -0.0345218 0.0322588)
(2.07084 -0.328742 0.0593877)
(1.66074 -0.0499113 0.00853258)
(1.75603 -0.287421 0.0265412)
(1.72386 -0.133678 0.0133998)
(1.86143 -0.498159 0.00767687)
(1.79755 -0.599389 0.0357341)
(1.73625 -0.147253 0.0544369)
(1.8618 -0.491724 0.0332221)
(1.76251 -0.294611 0.0102472)
(1.41129 -0.304089 -0.0402426)
(1.0007 -0.228568 0.0275728)
(1.03073 -0.229111 0.0123934)
(1.37866 -0.310446 -0.0459036)
(1.68816 -0.0514675 0.0661667)
(1.78975 -0.208898 0.0770585)
(2.0216 -0.0338619 0.0664603)
(2.05794 -0.32809 0.132427)
(2.04234 -0.0323605 0.0506994)
(2.06708 -0.317832 0.096426)
(1.71619 -0.0620278 0.0951389)
(1.72873 -0.257024 0.0438279)
(1.81622 -0.57683 0.0509674)
(1.80219 -0.177375 0.111516)
(1.84523 -0.448142 0.0750308)
(1.78334 -0.149027 0.0775668)
(1.84715 -0.460387 0.0572138)
(1.71218 -0.235626 0.0539319)
(0.911973 -0.0712974 0.151134)
(0.203698 -0.165712 0.0986308)
(0.371664 -0.128499 0.111878)
(0.630023 -0.160629 0.0987459)
(0.304562 -0.101276 0.10219)
(0.655355 -0.154781 0.0813657)
(0.94325 -0.0790942 0.181818)
(1.99392 -1.04131 0.0570817)
(1.82827 -1.00967 -0.0252583)
(1.78704 -1.37809 -0.128023)
(1.63992 -1.46656 0.0351853)
(2.0241 -1.21499 0.0352272)
(1.82231 -1.00003 0.00433546)
(1.81275 -1.35981 -0.0957929)
(1.96378 -0.717891 0.0913945)
(1.70919 -1.47259 0.0284764)
(1.87688 -0.897492 0.1096)
(1.86274 -1.23548 0.069595)
(1.84122 -0.91288 0.0452516)
(1.85805 -1.24346 -0.0277478)
(1.96464 -0.694474 0.148355)
(2.27237 -0.403848 0.0390753)
(2.11024 -0.436278 -0.0382232)
(2.07455 -0.323357 -0.0185524)
(2.1896 -0.126843 -0.0275871)
(2.27382 -0.419772 0.0188069)
(2.0439 -0.406293 -0.030467)
(2.10285 -0.29383 0.0190262)
(1.84735 -0.787984 0.0844902)
(2.23357 -1.22683 0.0314592)
(1.86374 -0.77653 0.0616134)
(2.24114 -1.25051 0.0628601)
(2.11619 -0.537803 0.0803607)
(1.95006 -0.760773 0.0174009)
(2.1562 -0.603276 0.0293536)
(2.59484 -0.864731 0.0611446)
(2.12525 -0.543469 0.0241101)
(2.57012 -0.818416 0.0449754)
(2.11021 -0.567565 0.113884)
(2.2727 -0.371379 0.0614311)
(2.20067 -0.105289 -0.0161961)
(2.0824 -0.46386 -0.00730339)
(2.0785 -0.276264 0.113931)
(2.04164 -0.404909 -0.0193098)
(2.10619 -0.262136 0.0655936)
(2.2746 -0.372837 0.0888413)
(1.82842 -0.765003 0.111772)
(2.27803 -1.22416 0.146588)
(2.25392 -1.21492 0.0973179)
(1.83751 -0.773243 0.153654)
(1.64433 0.191114 -0.0442503)
(1.84638 0.313135 -0.0952177)
(2.04779 0.352596 -0.118309)
(2.07584 0.574168 -0.042322)
(1.62184 0.174956 -0.0630543)
(1.85117 0.367035 -0.100117)
(2.11358 0.427982 -0.103674)
(0.644398 0.212098 -0.13629)
(1.01723 0.340271 0.0961623)
(0.739403 0.217154 -0.136601)
(1.05744 0.371557 0.0757699)
(1.77848 0.0980896 -0.0153416)
(1.98512 0.121141 -0.0733643)
(2.17156 0.27393 -0.0593618)
(2.07726 -0.00556374 0.024393)
(2.11347 0.337757 -0.0670928)
(2.06908 -0.00477466 0.0019844)
(1.73932 0.0703745 0.0248118)
(1.67469 0.206991 -0.020811)
(2.08199 0.613017 -0.0553648)
(1.93836 0.326877 -0.0920583)
(2.09855 0.374215 -0.0487323)
(1.89003 0.372117 -0.102373)
(2.11457 0.419657 -0.0781997)
(1.69427 0.199325 -0.00345568)
(0.610721 0.216015 -0.131739)
(1.08353 0.37611 0.0197687)
(1.06703 0.380252 0.0529328)
(0.609978 0.217929 -0.125027)
(1.28903 0.189149 0.00869917)
(0.758807 0.261258 -0.0626038)
(0.402925 0.0714724 0.126187)
(0.507452 0.287218 -0.117933)
(1.25554 0.165753 0.0164565)
(0.764474 0.296991 -0.0953734)
(0.438475 0.093543 0.154329)
(1.1979 0.152438 0.000542149)
(0.493529 0.292907 -0.107301)
(0.735269 0.278341 -0.12388)
(0.334868 0.0550797 0.178467)
(0.783792 0.306723 -0.117289)
(0.392083 0.0816733 0.174887)
(1.13053 0.130567 -0.0207814)
(1.60509 -1.48184 -0.238733)
(1.61897 -1.43239 -0.210851)
(0.598472 -1.26798 -0.283508)
(0.827793 -1.39139 -0.159347)
(0.539043 -1.26162 -0.245041)
(0.765384 -1.14562 -0.216299)
(1.81117 -0.986391 0.128905)
(1.7413 -1.08417 0.0425685)
(1.39209 -1.18308 -0.0176933)
(1.759 -1.15034 -0.0504863)
(1.38608 -1.19807 -0.0633739)
(0.710992 -1.17648 -0.136037)
(1.6353 -1.33736 -0.0420287)
(1.64363 -1.36626 -0.135649)
(0.839845 -1.28482 -0.0933346)
(0.61312 -1.14775 -0.0880461)
(0.608798 -1.15854 -0.169037)
(0.0222451 -0.0503209 0.00440384)
(0.0541431 0.0704257 -0.0174145)
(-0.000303478 -0.0863879 -0.0742866)
(0.285616 0.154898 -0.0600477)
(0.0468937 -0.037055 0.00553787)
(0.0406193 0.066611 -0.0218954)
(0.0187858 -0.0625584 -0.0797932)
(-0.0829636 -0.0360097 -0.133105)
(-0.0323895 -0.0772737 -0.126618)
(-0.0598069 -0.0239284 -0.148091)
(-0.0242807 -0.134156 0.043422)
(-0.0507458 -0.136796 0.062907)
(-0.00188552 -0.0572406 0.00127195)
(0.393803 0.211022 -0.0405915)
(0.00660971 0.0575642 -0.030368)
(0.0646925 -0.00159222 -0.0798379)
(0.0412935 0.0696968 -0.0258)
(0.0527542 -0.028183 -0.0803344)
(-0.0244879 -0.0598504 -0.00340603)
(-0.0197148 -0.0594337 -0.134943)
(-0.0382564 -0.00347051 -0.152788)
(-0.0390762 -0.0116693 -0.154896)
(1.10111 -0.560489 0.437941)
(1.3265 -0.353261 -0.0252102)
(0.589728 0.0387193 0.00298366)
(1.51535 -0.575682 -0.0502872)
(0.72902 -0.182288 0.431352)
(1.34738 -0.484824 -0.101026)
(0.739452 -0.103194 0.124494)
(-0.181795 0.00893413 0.735868)
(0.0917395 -0.54377 0.484661)
(0.757947 -0.658203 0.218303)
(0.519835 -0.69971 0.391237)
(-0.0477847 -0.126966 0.674894)
(-0.0274168 -0.438879 0.583931)
(0.515021 -0.502827 0.21658)
(1.40012 -0.88029 0.32019)
(1.35312 -0.663982 0.0455604)
(1.22136 -0.630108 -0.0579913)
(0.588667 -0.117313 0.363679)
(1.34145 -0.606452 -0.118529)
(0.697367 -0.112174 0.245801)
(1.47619 -1.06033 0.191205)
(-0.471371 0.32798 0.735067)
(0.432899 -0.594616 0.497767)
(0.00328811 -0.270961 0.554145)
(-0.419454 0.101186 0.28983)
(-0.0784411 -0.345009 0.603839)
(0.0011537 -0.203058 0.230927)
(-0.730282 0.64298 0.585317)
(0.343302 -0.59824 0.0776919)
(-0.029016 -0.0664862 -0.0631258)
(-0.0252783 -0.0588538 -0.0720498)
(0.0596566 0.108136 -0.104505)
(0.0066519 0.0360483 -0.0671307)
(0.14797 0.0415535 -0.0915997)
(-0.00246559 -0.0190953 -0.0609986)
(0.0868666 0.106245 -0.0896507)
(0.00287453 0.0418406 -0.0745799)
(0.125553 0.0402963 -0.108147)
(-0.0105898 0.0982712 -0.124669)
(-0.0356547 0.0638734 -0.122884)
(-0.045928 0.104344 -0.105736)
(-0.0239906 0.0241414 -0.0901882)
(0.00242578 0.11256 -0.131777)
(-0.00704733 0.0186966 -0.100811)
(-0.0440267 0.0951897 -0.104466)
(0.0379475 0.108886 -0.104343)
(-0.0072398 -0.0211043 -0.063605)
(-0.0141163 0.0504571 -0.0692978)
(0.0832273 0.0250038 -0.0987014)
(-0.00597235 0.0471326 -0.0749193)
(0.106317 0.0375644 -0.109144)
(0.0188873 0.102962 -0.09399)
(1.7712 0.00135243 0.123097)
(2.43169 -0.165325 0.0237699)
(0.369288 0.600355 0.111908)
(1.52302 -0.252451 0.367801)
(1.58158 0.096976 0.0181938)
(2.31254 -0.142883 0.0502922)
(0.6254 0.55483 0.340301)
(0.213545 0.295783 0.149333)
(0.434362 0.0129623 0.516924)
(1.43913 0.784139 0.0710057)
(1.33968 0.417201 0.349177)
(0.334599 0.293641 0.0803861)
(0.336612 0.0724 0.594633)
(1.35748 0.660601 0.134567)
(1.01573 0.10161 0.211619)
(1.09225 -0.230765 0.637212)
(0.482237 0.0162408 0.0687426)
(0.170523 0.543939 0.606987)
(1.14717 -0.0867173 0.0938156)
(0.403716 0.557839 0.549525)
(0.540557 0.168911 0.226337)
(-0.370096 0.242479 0.220129)
(1.02368 0.38915 0.436045)
(0.173377 0.124256 0.622019)
(-0.0502894 0.285072 0.11848)
(0.228794 0.101815 0.649459)
(0.49249 0.456782 0.178983)
(-0.626382 0.266296 0.179547)
(0.466223 0.386815 1.00268)
(0.419997 0.317878 1.1322)
(0.0065975 -0.00751229 -0.00277837)
(0.00477379 -0.00643654 -0.00222437)
(-0.100839 0.0123414 0.00642245)
(0.00406547 -0.0208672 -0.029978)
(-0.127678 0.10087 0.0054314)
(-0.0185704 0.0315088 -0.0020977)
(-0.0873155 0.0239829 0.00480357)
(0.00146254 -0.0216783 -0.0330293)
(-0.11479 0.0919751 0.0105611)
(0.0411034 -0.0172107 -0.0560413)
(0.00463936 -0.0190482 -0.0672441)
(0.00171134 0.024727 -0.0883719)
(-0.00879475 -0.056246 -0.0491906)
(0.0287505 0.0438904 -0.0925589)
(-0.0027909 -0.0518186 -0.0499686)
(0.0160897 -0.0360919 -0.0546825)
(-0.116977 0.0015607 0.00992271)
(-0.0216825 0.0238908 -0.00130464)
(-0.00915353 -0.0223754 -0.0302596)
(-0.0850003 0.0635399 0.0207448)
(-0.00321335 -0.0230177 -0.0331586)
(-0.100971 0.0783287 0.0147571)
(-0.129914 -0.0109964 0.0140813)
(0.837909 1.38512 0.548876)
(1.43525 1.45037 0.473573)
(1.54738 1.42346 0.343606)
(1.74526 0.77641 0.17544)
(0.959347 1.46275 0.523071)
(1.36631 1.39801 0.522955)
(1.53869 1.31125 0.403579)
(1.6355 1.46209 0.338343)
(1.61807 1.36404 0.382008)
(0.843353 1.32205 0.795292)
(0.645201 1.03018 0.650237)
(0.710058 1.1648 0.691046)
(0.64538 1.2749 0.547686)
(1.4181 1.03116 0.314255)
(1.02753 1.3844 0.625379)
(1.21541 1.29759 0.483935)
(1.11526 1.45073 0.628839)
(1.33577 1.34122 0.47689)
(0.580209 1.10409 0.488154)
(1.32727 1.31254 0.441624)
(1.47578 1.34108 0.447474)
(-0.0388218 0.0770741 0.0152122)
(-0.0429944 0.0207537 -0.00727932)
(-0.0479167 0.0848806 0.0162633)
(0.178624 -0.0954152 0.020687)
(0.194072 -0.0996185 0.00919442)
(0.0454055 -0.0206421 0.00122778)
(-0.0723679 0.0183329 0.07769)
(0.16355 0.0513846 -0.0769593)
(0.0319396 0.160177 0.0316185)
(0.0402533 -0.0146966 0.00313961)
(-0.0747627 0.0372221 0.0694105)
(0.172376 0.0465657 -0.0657594)
(-0.0532513 0.0250799 -0.00744967)
(-0.0687366 0.0959763 0.0126024)
(-0.0601298 0.0907988 0.01549)
(0.145969 -0.0532407 -0.0127581)
(0.172012 -0.0790074 -0.00241524)
(0.0458916 -0.0253469 0.00222683)
(0.03164 0.156404 0.0349796)
(-0.0960519 0.0691768 0.059818)
(0.136222 0.0849412 -0.0490602)
(-0.0856079 0.0562248 0.0656835)
(0.160065 0.0602488 -0.0550714)
(0.043077 -0.0285948 0.00202417)
(1.47319 0.759476 0.0591519)
(1.69314 1.35363 0.107321)
(1.5452 0.946898 0.0409131)
(1.62602 1.28088 0.060698)
(1.45493 0.853169 -0.00374667)
(1.65216 1.28117 0.146364)
(1.52154 0.851051 0.0922751)
(1.52305 0.764807 0.1308)
(1.52828 1.23293 0.12409)
(1.42733 1.21781 0.241159)
(1.45826 0.74735 0.185009)
(1.54619 1.25596 0.216115)
(1.50547 0.806115 0.148843)
(1.52676 0.718507 0.173812)
(1.84662 0.329629 0.0644958)
(2.39484 0.759127 0.154347)
(2.06061 0.436505 0.100764)
(1.90165 0.591602 0.126453)
(1.80123 0.35263 0.0451286)
(2.41984 0.690985 0.181542)
(2.08331 0.388012 0.113157)
(2.01083 0.243781 0.0992693)
(1.86089 0.145622 0.0520113)
(1.87988 0.262577 0.0495316)
(2.16084 0.109074 0.119869)
(1.99725 0.265852 0.0720653)
(1.89739 0.130956 0.085488)
(1.901 0.241421 0.0763892)
(1.27597 0.501855 -0.0112137)
(1.69358 0.857497 0.161112)
(1.69098 0.896205 0.11079)
(1.297 0.511851 0.0487949)
(1.80558 0.343708 0.0898567)
(1.72454 0.569256 0.156526)
(2.2707 0.617616 0.250337)
(1.88901 0.343742 0.133853)
(2.31647 0.671364 0.225204)
(1.96539 0.379421 0.125373)
(1.78949 0.341892 0.117174)
(1.97671 0.250666 0.131036)
(2.11951 0.127363 0.154909)
(1.85944 0.151511 0.148709)
(1.73382 0.196415 0.12826)
(1.88133 0.142305 0.118073)
(1.80487 0.24598 0.100154)
(1.95308 0.250761 0.165085)
(1.31117 -0.314452 -0.0315819)
(0.950612 -0.219805 0.0471943)
(1.34888 -0.313236 -0.0430076)
(0.921705 -0.213832 0.0681903)
(1.75912 -0.0451274 0.140816)
(2.00234 -0.0411647 0.0806737)
(2.04506 -0.284252 0.168801)
(1.84841 -0.17204 0.173747)
(1.74093 -0.0454246 0.118602)
(2.00497 -0.0444074 0.10031)
(2.04668 -0.277801 0.198046)
(1.67626 -0.210892 0.0653316)
(1.82115 -0.144851 0.134009)
(1.8051 -0.421332 0.0974144)
(1.72164 -0.49349 0.109359)
(1.67987 -0.21883 0.0625053)
(1.82834 -0.142127 0.156481)
(1.7982 -0.415213 0.116206)
(1.23465 -0.29918 -0.0159904)
(0.800502 -0.187612 0.105654)
(0.871072 -0.201187 0.0907257)
(1.14582 -0.277932 0.0018462)
(1.75563 -0.0230256 0.156967)
(1.8357 -0.134718 0.206)
(1.96287 0.00505753 0.118678)
(2.03569 -0.177178 0.248998)
(1.98344 -0.0190207 0.113188)
(2.04846 -0.229045 0.234334)
(1.72089 -0.00165791 0.162071)
(1.64998 -0.180875 0.068651)
(1.70569 -0.440786 0.136691)
(1.88296 -0.0784336 0.183683)
(1.7338 -0.356409 0.161598)
(1.86573 -0.122382 0.171632)
(1.76232 -0.382575 0.146947)
(1.63691 -0.156265 0.0596751)
(0.916288 -0.0872792 0.197382)
(0.221699 -0.159194 0.128352)
(0.39482 -0.146378 0.0537368)
(0.498706 -0.162874 0.121627)
(0.406806 -0.154031 0.0717149)
(0.526869 -0.167154 0.120427)
(0.85825 -0.078348 0.182222)
(1.96472 -1.03824 0.18015)
(1.90838 -0.979811 0.137342)
(1.87065 -1.26324 0.117816)
(1.73008 -1.3238 0.129042)
(1.95446 -0.880796 0.151866)
(1.94418 -1.02019 0.173493)
(1.91199 -1.25485 0.17494)
(1.89851 -1.74854 0.142718)
(1.55477 -1.23718 0.142938)
(1.68678 -1.28153 0.0615236)
(1.44783 -1.40352 0.0689368)
(1.90647 -1.21316 0.156985)
(1.77577 -1.39683 0.157694)
(1.62594 -2.12232 0.0419921)
(2.19077 -0.396118 0.103007)
(2.126 -0.579009 -0.00315786)
(1.99762 -0.31292 0.135146)
(2.26035 -0.381525 0.0232877)
(2.24131 -0.384782 0.102204)
(2.10867 -0.659518 0.00832712)
(1.91029 -0.346903 0.125792)
(1.73923 -0.795995 0.165681)
(2.25019 -1.30641 0.171256)
(1.78037 -0.784395 0.169756)
(2.22331 -1.35799 0.188206)
(1.84478 -0.707645 0.099746)
(2.00027 -1.41304 0.00510922)
(2.094 -1.1548 0.0191275)
(2.377 -1.3914 0.0176862)
(2.15926 -1.11062 0.0263502)
(2.50972 -1.36446 0.0709302)
(1.66508 -0.647242 0.0440541)
(2.071 -0.422007 0.0791696)
(2.19094 -0.452141 0.0210218)
(1.96789 -0.78329 0.0117319)
(1.67218 -0.342467 0.0371938)
(2.02967 -0.780238 0.00816458)
(1.78617 -0.368048 0.0886112)
(1.94945 -0.386096 0.0328456)
(1.67186 -0.804939 0.121564)
(1.82505 -1.42996 0.0658712)
(2.10954 -1.43382 0.162792)
(1.49072 -0.746223 0.053948)
(1.75214 0.237515 -0.00144346)
(2.00183 0.318805 -0.0707695)
(1.96452 0.290643 -0.0335381)
(2.14294 0.493381 -0.000532432)
(1.76337 0.224949 0.00165065)
(1.97788 0.334216 -0.0432903)
(1.8944 0.265554 -0.0165009)
(0.717838 0.235815 -0.0905839)
(1.07408 0.362115 -0.0122418)
(0.680363 0.232588 -0.112242)
(1.03373 0.344505 -0.0271185)
(1.48289 0.008544 0.0151563)
(1.99517 -0.0869383 -0.0143344)
(2.14142 0.159625 0.000101487)
(1.92351 0.0201787 0.0122389)
(2.15894 0.162907 -0.0278336)
(1.96625 -0.00386872 0.0194822)
(1.43573 0.0148985 0.0100386)
(1.74012 0.250759 -0.00100291)
(2.14967 0.471494 -0.00390124)
(1.9306 0.388614 0.000177576)
(1.767 0.253659 0.00202266)
(1.94759 0.367457 -0.0253116)
(1.8088 0.25656 -0.0143995)
(1.73757 0.262737 0.000241115)
(0.759474 0.23507 -0.060761)
(0.933622 0.310655 -0.00842748)
(0.970444 0.322491 -0.0278484)
(0.811707 0.235447 -0.016025)
(1.12558 0.160664 -0.0156091)
(0.632336 0.226782 -0.118829)
(0.385678 0.0843954 0.174063)
(0.0937699 0.165613 -0.0186857)
(1.18896 0.178648 -0.0174725)
(0.553422 0.196387 -0.0941172)
(0.417511 0.099383 0.152078)
(1.08397 0.131953 -0.0107776)
(-0.0218258 0.127084 -0.00501732)
(0.484652 0.169386 -0.0261842)
(0.520772 0.170512 0.0380069)
(0.492681 0.178562 -0.0633003)
(0.492153 0.137604 0.108252)
(1.02255 0.10762 -0.00335107)
(1.63614 -1.27756 0.0507301)
(1.66639 -1.26663 0.161979)
(0.594301 -0.910855 -0.0107156)
(0.6022 -1.1427 0.224084)
(0.60847 -0.845839 0.130952)
(0.393497 -1.02112 0.196949)
(1.57424 -1.39671 0.086573)
(1.20763 -1.20407 0.060877)
(0.669205 -1.35107 0.0160396)
(1.56897 -1.11877 0.191662)
(0.970946 -1.37021 0.0147927)
(0.223781 -0.751557 0.0822992)
(1.11679 -1.4596 0.165968)
(1.5213 -1.28309 0.270887)
(0.498522 -1.25406 0.244891)
(0.231758 -1.28106 0.0781411)
(0.411415 -1.1458 0.21077)
(-0.0515142 -0.0511671 -0.016048)
(-0.0462991 0.0424503 -0.0354516)
(0.0713299 0.0175618 -0.0781874)
(0.393645 0.260448 -0.0247597)
(-0.0425995 -0.0588113 -0.0103539)
(-0.0402465 0.0445679 -0.0352451)
(0.0691425 0.0333863 -0.067594)
(-0.0439345 0.00221607 -0.131928)
(-0.030255 -0.0215755 -0.0860378)
(-0.0448168 0.00228065 -0.0980216)
(0.205779 -0.0263554 0.00154171)
(0.164146 -0.0504038 0.00997885)
(-0.0572454 -0.0412932 -0.0136242)
(0.376364 0.292175 -0.0265498)
(-0.0220061 0.065879 -0.00802554)
(0.0617437 0.0555175 -0.0141349)
(-0.0337922 0.0613903 -0.0272531)
(0.0628087 0.0509255 -0.0481379)
(-0.0588547 -0.034854 -0.00434591)
(-0.0361589 -0.0140399 -0.0526468)
(-0.0504722 0.00755393 -0.0207864)
(-0.050344 0.00730941 -0.0602697)
(0.523273 -0.711385 0.0326053)
(0.919401 -0.487088 0.0469192)
(0.332678 0.00998488 0.462706)
(0.818683 -0.749336 0.324637)
(1.15994 -0.926906 0.0747496)
(0.758141 -0.52714 0.189427)
(0.0912804 0.118507 0.476881)
(-1.12935 0.324087 0.189683)
(-0.0265253 -0.143897 0.492367)
(-0.682933 0.274181 0.318019)
(0.32511 -0.256936 0.345991)
(-0.786477 0.581615 0.334268)
(0.0378745 -0.175349 0.397935)
(-1.06372 0.320437 0.364712)
(-0.409261 -0.0789198 0.0211509)
(0.644928 -0.717128 0.320091)
(-0.39032 0.10913 0.0627496)
(0.0095871 0.221813 0.172854)
(0.212058 -0.19427 0.282427)
(-0.0246155 0.34045 0.396503)
(-0.98571 0.465728 -0.0341011)
(-1.22064 0.0776054 -0.020718)
(0.240447 -0.0937244 0.21481)
(-0.30261 0.12457 0.157157)
(-1.09843 -0.140858 0.0494206)
(-0.00595231 -0.0191766 0.316547)
(-1.08503 0.138203 0.231859)
(-1.40709 0.0288043 -0.0462335)
(0.157356 -0.420164 0.297012)
(-0.0193481 -0.038526 -0.0448184)
(-0.0183301 -0.0338055 -0.0273127)
(-0.00367249 0.0876137 -0.0620032)
(-0.0207761 0.0527849 -0.0588413)
(0.0600276 0.00931978 -0.0838864)
(-0.0224494 -0.0306225 -0.0413758)
(0.00148101 0.0938351 -0.0803827)
(-0.0245924 0.0540805 -0.04458)
(0.0466056 -0.00593138 -0.0638999)
(-0.0889589 0.0982332 -0.0391836)
(-0.0968194 0.0930368 -0.0395405)
(-0.12659 0.111334 -0.0162961)
(-0.0447378 0.0385507 -0.0113739)
(-0.125262 0.11011 -0.0383672)
(-0.0437164 0.0372349 -0.0340939)
(-0.0900307 0.0991414 -0.0151949)
(-0.00937413 0.079299 -0.0384191)
(-0.0259098 -0.0336895 -0.0261237)
(-0.0283239 0.0552313 -0.00968298)
(0.0295955 -0.026942 -0.0142744)
(-0.0271673 0.0548788 -0.027831)
(0.0341557 -0.0208466 -0.0396024)
(-0.010616 0.0769026 -0.0141839)
(0.139695 0.281354 0.287789)
(0.00274011 0.145163 0.130971)
(0.0164996 0.502732 0.566952)
(0.198111 -0.129574 0.534922)
(0.324122 0.235689 0.258162)
(-0.473993 0.236946 0.224192)
(-0.117663 0.464157 0.505147)
(-0.420186 0.570952 0.222169)
(0.074287 0.209862 0.517832)
(-0.524876 0.306126 0.106411)
(-0.0932992 0.75591 0.241573)
(-0.590116 0.421143 0.216443)
(-0.0865104 0.28455 0.368047)
(-0.886775 0.61301 0.0504449)
(-0.335964 0.359518 0.317476)
(0.140258 -0.0365688 0.334998)
(-1.0988 0.221189 0.0879002)
(0.0196526 0.404695 0.160282)
(-0.839209 0.304229 0.232396)
(-0.207535 0.419048 0.391103)
(-0.975436 0.473806 0.127145)
(-0.439606 0.792543 0.183191)
(-0.525898 0.67768 0.0147407)
(0.180057 0.689241 0.0499414)
(-1.14544 0.770898 -0.0440056)
(-0.0764409 0.499605 0.197974)
(-0.846532 0.735465 0.03433)
(-0.712003 0.972842 0.061287)
(0.107067 0.138465 1.11042)
(0.0434111 0.147668 0.925512)
(0.00363648 -0.00522061 -0.000931655)
(0.00320838 -0.00491382 -0.000741619)
(-0.143568 -0.0412678 0.0203691)
(-0.0150118 -0.0231415 -0.0250957)
(-0.0676464 0.0388987 0.0219599)
(-0.0309146 0.00714026 0.00117198)
(-0.138992 -0.0302729 0.0155326)
(-0.0206461 -0.0222139 -0.0180626)
(-0.0540598 0.0231082 0.0238275)
(-0.0555923 -0.0928641 -0.0198039)
(-0.0283726 -0.0367245 -0.0294422)
(-0.0762934 -0.0538765 -0.0115571)
(-0.0346444 -0.0696506 -0.00711328)
(-0.0687462 -0.0450509 -0.034898)
(-0.0311983 -0.067784 -0.0221171)
(-0.0639616 -0.101289 -0.00608909)
(-0.141991 -0.05159 0.0148075)
(-0.0328911 0.00368319 6.24768e-06)
(-0.0261436 -0.021663 -0.00343205)
(-0.0402246 0.00166498 0.00588232)
(-0.0235946 -0.0220506 -0.0108593)
(-0.0436799 0.00838728 0.0167321)
(-0.142144 -0.0555245 0.00559921)
(0.470791 0.870127 0.314778)
(0.854187 1.4158 0.634859)
(1.0905 1.28402 0.490168)
(0.794974 1.55313 0.350052)
(0.465874 1.0242 0.411491)
(0.76185 1.34566 0.537404)
(0.9163 1.36926 0.43626)
(1.20278 1.2007 0.406131)
(1.03709 1.18798 0.308986)
(0.353528 0.96154 0.54765)
(-0.202144 1.17256 0.141573)
(0.158037 0.967738 0.371931)
(0.394173 0.78404 0.192529)
(0.627008 1.74411 0.311896)
(0.20185 1.22708 0.14162)
(0.68137 1.03936 0.101002)
(0.601855 1.33225 0.389698)
(0.849933 1.28358 0.330465)
(0.416515 0.830667 0.0846747)
(0.90984 0.931982 0.0407519)
(0.984903 1.02348 0.179502)
(-0.07881 0.0997189 0.00962099)
(-0.0725704 0.0362493 -0.00537226)
(-0.0850237 0.102307 0.00564128)
(0.135351 -0.0373922 -0.0180712)
(0.144821 -0.0374209 -0.0182189)
(0.0403003 -0.0362994 -0.00209199)
(-0.109442 0.0802739 0.0498555)
(0.117463 0.108487 -0.0457767)
(-0.0154697 0.17509 0.0156788)
(0.0412101 -0.0321803 0.000151318)
(-0.116753 0.0844107 0.0342002)
(0.106102 0.117709 -0.0422325)
(-0.0769748 0.0377864 -0.00285095)
(-0.0929811 0.104408 0.00114959)
(-0.0906303 0.103417 0.00349678)
(0.185049 -0.0557582 -0.0058616)
(0.163768 -0.0450195 -0.0143403)
(0.040725 -0.0404636 -0.00266463)
(-0.0282393 0.173209 0.00754554)
(-0.123841 0.0868803 0.00587556)
(0.104344 0.116028 -0.01222)
(-0.12214 0.0862622 0.0197464)
(0.103552 0.117476 -0.0304854)
(0.0412859 -0.0428416 -0.00119017)
(1.49063 0.986323 0.251756)
(1.30432 1.22584 0.26652)
(1.42834 0.783019 0.215793)
(1.24502 1.1053 0.17047)
(1.51928 0.890366 0.231333)
(1.17288 1.22175 0.240334)
(1.36274 0.779645 0.220388)
(1.47192 1.25222 0.244262)
(0.983265 1.0728 0.0819226)
(0.915926 1.0406 0.0757764)
(1.2338 0.716467 0.0723905)
(1.03307 1.24343 0.1918)
(1.32405 0.755664 0.190098)
(1.35576 1.56602 0.0817547)
(1.6624 0.487736 0.149974)
(2.14411 0.719852 0.255654)
(1.79132 0.453988 0.143905)
(1.40249 0.750237 0.159806)
(1.72736 0.408251 0.136539)
(2.08181 0.759756 0.26352)
(1.69274 0.526036 0.145276)
(1.86107 0.357617 0.212613)
(1.82079 0.195244 0.171335)
(1.62898 0.257045 0.145703)
(1.85987 0.238938 0.19016)
(1.90658 0.286836 0.191224)
(1.79276 0.268675 0.171997)
(1.55292 0.379844 0.150514)
(1.27443 0.541099 0.0525763)
(1.36398 0.805288 0.0420953)
(1.54484 0.878543 0.156572)
(1.14571 0.47829 0.00991837)
(1.57177 0.569253 0.131002)
(1.36069 1.26904 0.16021)
(1.96076 1.04926 0.106051)
(1.60439 1.10509 0.0542546)
(2.01697 1.05847 0.246695)
(1.64981 0.82713 0.13904)
(1.47417 0.469919 0.0596907)
(1.79207 0.468143 0.180356)
(1.74281 0.337979 0.161236)
(1.7318 0.252447 0.0539475)
(1.4562 0.885754 0.043478)
(1.7722 0.355962 0.126617)
(1.51131 0.621289 0.140788)
(1.66737 0.347051 0.0770785)
(0.869271 -0.208073 0.040235)
(0.724327 -0.174769 0.114076)
(1.02948 -0.244721 0.0212294)
(0.652643 -0.174386 0.103213)
(1.56633 0.0652447 0.154613)
(1.9423 0.0650837 0.118476)
(1.98001 -0.18125 0.251748)
(1.67614 -0.048359 0.178802)
(1.646 0.0152811 0.160032)
(1.91137 0.129438 0.116003)
(1.87718 -0.13595 0.214234)
(1.65329 -0.0121004 0.0433128)
(1.87631 -0.0493905 0.184636)
(1.68964 -0.351969 0.171709)
(1.74131 -0.167712 0.170517)
(1.63974 -0.103521 0.0467619)
(1.85751 0.0613659 0.169915)
(1.62859 -0.346284 0.158925)
(0.673184 -0.199021 0.0158954)
(0.744772 -0.24737 0.0138204)
(0.674467 -0.200416 0.0518792)
(0.553528 -0.218113 0.000724425)
(1.54881 0.212005 0.117287)
(1.53068 0.00114171 0.136949)
(1.8135 0.269252 0.0448628)
(1.59071 0.0317635 0.0661822)
(1.86843 0.25751 0.0912437)
(1.73409 -0.104699 0.176619)
(1.54746 0.219404 0.0405906)
(1.657 0.13579 0.0214239)
(1.84514 0.0209106 0.169479)
(1.58511 -0.163487 0.0679276)
(1.5311 -0.118767 0.055299)
(1.77894 0.0465786 0.153714)
(1.587 -0.269229 0.12568)
(1.62637 0.117478 0.00685238)
(0.877186 -0.120447 0.0931014)
(0.236812 -0.156894 0.0668943)
(0.580034 -0.199933 0.00644764)
(0.474929 -0.181112 0.0141716)
(0.530853 -0.181813 0.023628)
(0.43931 -0.166724 0.053564)
(0.946054 -0.147231 0.031705)
)
;

boundaryField
{
    inlet
    {
        type            fixedValue;
        value           uniform (1 0 0);
    }
    outlet
    {
        type            zeroGradient;
    }
    up
    {
        type            slip;
    }
    down
    {
        type            slip;
    }
    frontAndBack
    {
        type            slip;
    }
    cylinder
    {
        type            fixedValue;
        value           uniform (0 0 0);
    }
}


// ************************************************************************* //
