/*--------------------------------*- C++ -*----------------------------------*\
  =========                 |
  \\      /  F ield         | OpenFOAM: The Open Source CFD Toolbox
   \\    /   O peration     | Website:  https://openfoam.org
    \\  /    A nd           | Version:  8
     \\/     M anipulation  |
\*---------------------------------------------------------------------------*/
FoamFile
{
    version     2.0;
    format      ascii;
    class       volScalarField;
    location    "0.923";
    object      T;
}
// * * * * * * * * * * * * * * * * * * * * * * * * * * * * * * * * * * * * * //

dimensions      [0 0 0 1 0 0 0];

internalField   nonuniform List<scalar> 
10000
(
49.9973
4.65218
-4.65198
-1.17204
1.17228
0.447533
-0.446427
-0.209782
0.209849
0.117938
-0.114906
-0.0764608
0.0746086
0.0469838
-0.0415086
-0.0446731
0.0378476
0.0266351
-0.0179492
-0.031097
0.0175114
0.0238725
-0.00952398
-0.021697
0.00257533
0.0225127
-0.00109312
-0.0171684
-0.00539701
0.0154063
0.00889629
-0.0124569
-0.0103755
0.00673354
0.0130176
-0.00261168
-0.0129377
-0.00175584
0.010673
0.00652529
-0.00796013
-0.00920574
0.00376403
0.00993218
0.00129411
-0.00908694
-0.00539987
0.00610542
0.00792171
-0.00160246
-0.00844012
-0.00295039
0.00652386
0.00631113
-0.00265253
-0.00746274
-0.00191618
0.00600199
0.00553413
-0.00246203
-0.00667384
-0.00194972
0.0049575
0.00540487
-0.00134827
-0.00601623
-0.00267558
0.00345336
0.00539024
0.00053572
-0.00505763
-0.00372504
0.00151742
0.00477005
0.00275402
-0.00313224
-0.00458541
-0.000641675
0.00307748
0.00413056
8.19769e-05
-0.00429111
-0.00265471
0.000714165
0.00327822
0.00325241
-0.00162019
-0.00377331
-0.00135747
0.000649449
0.00332127
0.00259739
-0.00224144
-0.00268126
-0.00113585
-3.13531e-05
0.00339476
0.00224548
-0.00201722
-0.00152359
95.3552
49.995
10.4781
-4.65428
-2.79021
1.1698
1.10449
-0.446918
-0.537985
0.208067
0.307292
-0.110628
-0.201175
0.0728199
0.129488
-0.0314221
-0.112236
0.0318343
0.0740952
-0.00385907
-0.0725302
0.00266626
0.0565014
0.00794007
-0.0456967
-0.019715
0.0417104
0.021271
-0.0278906
-0.0291074
0.0186524
0.0325248
-0.00958862
-0.0303244
-0.00323467
0.028652
0.0123626
-0.0226785
-0.0188792
0.01262
0.0238215
-0.00264791
-0.0236031
-0.00719683
0.0183235
0.0157903
-0.0101685
-0.0199747
0.000181232
0.0186143
0.00966218
-0.0125267
-0.0162156
0.00332447
0.017125
0.00652552
-0.012148
-0.0138335
0.00337999
0.015448
0.00598613
-0.0103503
-0.0127191
0.00124599
0.0136507
0.00733837
-0.00751221
-0.01201
-0.00235026
0.0108302
0.00967283
-0.00353379
-0.0106204
-0.00618624
0.00586013
0.0113081
0.00169897
-0.00775099
-0.00828606
-0.000962702
0.00941563
0.00733747
-0.0030542
-0.00721752
-0.00623239
0.00221547
0.00973522
0.00337191
-0.00367173
-0.005902
-0.0057142
0.00383555
0.00843543
0.00132197
-0.00188724
-0.00523481
-0.00618236
0.00412733
0.00653296
0.000946255
104.644
89.5324
49.9944
12.0995
-4.65466
-3.44458
1.16878
1.43376
-0.445362
-0.728367
0.20642
0.428683
-0.104832
-0.288872
0.0687103
0.191698
-0.0207416
-0.164291
0.0214007
0.114063
0.0111016
-0.105025
-0.0160825
0.0833213
0.0278198
-0.0637383
-0.0434404
0.0538042
0.0454882
-0.0327149
-0.0522026
0.0153034
0.0541523
-0.000389398
-0.0470454
-0.0177724
0.0388231
0.0305414
-0.0259608
-0.0369375
0.00808108
0.0390249
0.00863746
-0.0335379
-0.0221317
0.0205567
0.0311931
-0.00448844
-0.0322511
-0.0112478
0.0241263
0.023678
-0.0099255
-0.0286211
-0.00587948
0.0234172
0.0191799
-0.0102687
-0.02539
-0.00517346
0.0208563
0.0176211
-0.00731888
-0.0226726
-0.00792767
0.0169027
0.01785
-0.00212774
-0.0190786
-0.0126612
0.0107574
0.0182447
0.00418854
-0.0129308
-0.0165999
0.00147255
0.0166082
0.0100261
-0.00423143
-0.0154352
-0.00945067
0.00994319
0.0135196
0.00410854
-0.00698203
-0.0150341
-0.00300501
0.0117388
0.0089405
0.00309856
-0.00763515
-0.0140169
0.000727604
0.00938695
0.00631614
0.00517237
-0.00747424
-0.0129084
0.0016906
0.00513695
101.181
104.641
87.9144
49.9912
12.7571
-4.65708
-3.7715
1.16588
1.6247
-0.44365
-0.851799
0.204417
0.512042
-0.095907
-0.357526
0.0650943
0.238058
-0.00559247
-0.209175
0.00992082
0.146108
0.0291469
-0.13145
-0.037949
0.105173
0.0491237
-0.0752412
-0.0691107
0.0600028
0.0700878
-0.0315915
-0.0737441
0.0056173
0.073154
0.0138726
-0.0592559
-0.035835
0.0429096
0.050431
-0.0228139
-0.0539639
-0.00253454
0.0505188
0.0245664
-0.0378058
-0.0390217
0.0161515
0.04533
0.00718323
-0.0401444
-0.0264206
0.0232206
0.0380691
-0.000936805
-0.0375222
-0.0195225
0.0234319
0.0328563
-0.00198247
-0.0336172
-0.0179338
0.019724
0.029866
0.00201639
-0.028834
-0.020153
0.0132086
0.0273371
0.00918492
-0.0214869
-0.023998
0.00408154
0.0229849
0.0164743
-0.00960612
-0.0255976
-0.00735099
0.0153141
0.019423
0.0053401
-0.0190368
-0.0185328
0.00399767
0.015337
0.0153557
-0.00180612
-0.0211218
-0.0100325
0.00637417
0.012557
0.0143339
-0.00562134
-0.0190155
-0.00492543
0.00293037
0.0105998
0.0153641
-0.00651863
-0.0149509
-0.00318008
98.8181
102.804
104.64
87.2618
49.9895
13.0885
-4.65818
-3.95968
1.16345
1.74814
-0.440448
-0.938998
0.201776
0.57415
-0.0851982
-0.41296
0.0593535
0.276016
0.0113554
-0.246817
-0.00490185
0.173484
0.0490735
-0.152103
-0.0625983
0.121887
0.0722969
-0.0813804
-0.0952165
0.0598641
0.0945707
-0.0248579
-0.093066
-0.00934209
0.0881179
0.032592
-0.0664104
-0.0560498
0.0407087
0.0701371
-0.0131888
-0.0684977
-0.0181829
0.0569525
0.0433443
-0.0354543
-0.0559791
0.00546226
0.0561003
0.0234156
-0.0419269
-0.0433681
0.0156538
0.0503048
0.0132746
-0.0406281
-0.0356163
0.0166011
0.0447914
0.0114435
-0.0358708
-0.0327077
0.0114559
0.0399267
0.0157808
-0.0285776
-0.032654
0.00223503
0.0332959
0.0236009
-0.017472
-0.0326468
-0.00884333
0.0220318
0.0298807
-0.00104222
-0.0289288
-0.0187602
0.00640169
0.0270069
0.0178142
-0.0164339
-0.0242067
-0.00819285
0.0114957
0.0266629
0.00657787
-0.0201548
-0.0162282
-0.00618861
0.0126614
0.0250901
-0.000150754
-0.0163188
-0.0113347
-0.009741
0.0123019
0.0231794
-0.00212312
-0.00888713
99.5633
98.8144
103.462
104.635
86.9359
49.9855
13.2814
-4.66052
-4.08063
1.16008
1.83443
-0.435643
-1.00686
0.199559
0.621131
-0.0706064
-0.462148
0.0534724
0.306222
0.0317779
-0.279975
-0.0223704
0.196791
0.0705768
-0.166955
-0.090337
0.134261
0.0963541
-0.0819786
-0.121162
0.0534973
0.118321
-0.0132133
-0.109028
-0.0289664
0.0982508
0.0547306
-0.0681179
-0.0768167
0.0320468
0.0881105
0.00234918
-0.0791583
-0.0374325
0.0571858
0.0631912
-0.0262814
-0.071026
-0.0105207
0.0615688
0.0425153
-0.036721
-0.0598244
0.00207334
0.057871
0.0310926
-0.0365936
-0.0517573
0.00356486
0.0520935
0.0281609
-0.0305441
-0.0470125
-0.00289989
0.0449004
0.0313538
-0.0203288
-0.042864
-0.014305
0.033594
0.0372761
-0.00620611
-0.0358624
-0.02578
0.0150752
0.039827
0.011473
-0.0238008
-0.0303472
-0.00828674
0.0296723
0.0288301
-0.00618576
-0.0239088
-0.0239297
0.00285203
0.0328747
0.0156131
-0.00992584
-0.0195675
-0.0222936
0.0087776
0.0295935
0.0076399
-0.00457826
-0.0165034
-0.0238812
0.0101942
0.0232439
0.00491811
100.435
98.9118
98.813
103.795
104.632
86.7501
49.9821
13.4081
-4.6621
-4.16483
1.15667
1.89977
-0.429075
-1.06263
0.196957
0.658974
-0.0531856
-0.506379
0.0460366
0.331584
0.0546574
-0.308699
-0.0429683
0.216731
0.0935298
-0.176491
-0.120361
0.141874
0.121219
-0.0774999
-0.146026
0.0411454
0.140366
0.00304333
-0.121053
-0.0521631
0.10277
0.0790697
-0.064
-0.0968002
0.0173197
0.102781
0.0228557
-0.0846651
-0.0588005
0.0506941
0.0821765
-0.0107334
-0.0821487
-0.0304932
0.0604033
0.0624846
-0.0245647
-0.0732646
-0.0163414
0.0587998
0.0505281
-0.0252985
-0.0651164
-0.0142454
0.0523254
0.046049
-0.0176143
-0.0580343
-0.0210884
0.0422399
0.0461137
-0.00432835
-0.0485233
-0.0329556
0.0265347
0.0466205
0.0116147
-0.0324719
-0.0426217
0.00288694
0.0419858
0.0261381
-0.0101296
-0.0391424
-0.0246625
0.0246352
0.0345642
0.0109782
-0.017289
-0.0382637
-0.00835111
0.0295194
0.0229595
0.00824087
-0.0189319
-0.035788
0.00124356
0.0237217
0.0161035
0.0134454
-0.0185072
-0.032959
0.00387472
0.0129438
100.221
100.43
98.5857
98.8085
103.989
104.626
86.6316
49.977
13.4984
-4.66405
-4.22898
1.15312
1.95102
-0.419818
-1.11263
0.195112
0.688961
-0.0316512
-0.548378
0.037625
0.3527
0.0799955
-0.333222
-0.0670883
0.234075
0.117176
-0.180399
-0.152432
0.144717
0.146511
-0.0683864
-0.168742
0.0229064
0.159995
0.0233194
-0.128577
-0.0777165
0.101008
0.104404
-0.0540038
-0.114681
-0.00272028
0.112684
0.0471283
-0.0840542
-0.0807024
0.0375491
0.0982977
0.0102352
-0.0875509
-0.0529088
0.0520678
0.0810323
-0.00625319
-0.0812146
-0.0380803
0.0521093
0.069172
-0.00771681
-0.0727315
-0.0350328
0.0441986
0.062722
0.00133973
-0.0627606
-0.0404128
0.0305562
0.0577873
0.0170494
-0.0475595
-0.0495465
0.0112964
0.0493612
0.0332339
-0.0227044
-0.0542262
-0.0132453
0.0339461
0.0405963
0.0091823
-0.0417355
-0.0379513
0.0104469
0.0331144
0.0315349
-0.00593992
-0.0452429
-0.0195915
0.0148542
0.0270169
0.0292725
-0.0139228
-0.0402295
-0.00902252
0.00714324
0.0231805
0.0314532
-0.0157319
-0.0314072
-0.00595394
99.7787
100.555
100.426
98.4014
98.8057
104.118
104.62
86.5512
49.972
13.569
-4.6654
-4.28059
1.14968
1.99356
-0.407852
-1.15915
0.193593
0.713368
-0.00636419
-0.588616
0.0276865
0.370625
0.10737
-0.35348
-0.0947913
0.248958
0.141305
-0.178871
-0.185796
0.142493
0.171898
-0.0550359
-0.18846
-0.00075258
0.176288
0.0470993
-0.131251
-0.104326
0.0925932
0.129362
-0.038212
-0.129334
-0.0269508
0.116558
0.0737089
-0.0766851
-0.101573
0.0184433
0.109574
0.0352903
-0.0858716
-0.076043
0.0368972
0.0956501
0.0169204
-0.0816873
-0.0613588
0.0380169
0.084192
0.0145043
-0.0721048
-0.056853
0.0280591
0.0754003
0.0236929
-0.0585169
-0.058414
0.010428
0.0643353
0.0397681
-0.0381559
-0.0605459
-0.0112836
0.0448945
0.0538862
-0.0075156
-0.0560393
-0.0317001
0.0164094
0.0516791
0.0292162
-0.0349476
-0.0445289
-0.0117908
0.0249213
0.0494853
0.00764036
-0.0400684
-0.028907
-0.00869686
0.0268573
0.0457152
-0.0045942
-0.0316809
-0.0204858
-0.0158208
0.0264901
0.0418688
-0.00738964
-0.0173437
99.8933
99.7744
100.748
100.417
98.2835
98.8002
104.211
104.611
86.4915
49.9659
13.6269
-4.6663
-4.32566
1.1468
2.02904
-0.392245
-1.20501
0.193037
0.73264
0.0230496
-0.627758
0.0159185
0.386137
0.136119
-0.368939
-0.12645
0.261725
0.165452
-0.171984
-0.219628
0.134808
0.197177
-0.0380503
-0.204257
-0.029288
0.188366
0.0738351
-0.12896
-0.130549
0.0773374
0.152598
-0.0169716
-0.139798
-0.0539437
0.113363
0.101059
-0.0624223
-0.119813
-0.0054509
0.114192
0.0629087
-0.0764961
-0.0978828
0.015898
0.103861
0.0434394
-0.0737098
-0.083935
0.0177286
0.0925809
0.0395522
-0.0620056
-0.0774503
0.00581292
0.0809574
0.0466889
-0.0439287
-0.0730461
-0.0152999
0.0636196
0.0593988
-0.0193437
-0.0640651
-0.0380082
0.0337639
0.0678436
0.0120173
-0.0459434
-0.0501555
-0.00681835
0.0554415
0.0449535
-0.0171394
-0.0431441
-0.0377028
0.0120425
0.05796
0.0212406
-0.0214187
-0.0350625
-0.0346273
0.0217968
0.0505107
0.00856803
-0.0109073
-0.0308127
-0.0373951
0.0237395
0.0390718
0.00595016
100.105
99.7091
99.7741
100.878
100.409
98.205
98.7956
104.285
104.602
86.4458
49.9595
13.6777
-4.66624
-4.36678
1.1447
2.05935
-0.372739
-1.25132
0.19337
0.747594
0.0564582
-0.665832
0.00189201
0.39985
0.165705
-0.379213
-0.162083
0.272361
0.189374
-0.159988
-0.252991
0.121347
0.222008
-0.0179348
-0.215427
-0.0619149
0.195383
0.102858
-0.121649
-0.155048
0.0554121
0.17276
0.00907213
-0.145167
-0.0822318
0.102532
0.127518
-0.0416732
-0.133705
-0.0328163
0.110905
0.0913107
-0.0596471
-0.116026
-0.00970637
0.103806
0.0715089
-0.0575637
-0.102904
-0.00719073
0.0918821
0.0655856
-0.0430256
-0.0938696
-0.0198606
0.0765445
0.0681167
-0.0198996
-0.0822257
-0.0421929
0.0534334
0.0726268
0.0079245
-0.0598813
-0.0633878
0.0166978
0.0703386
0.0346137
-0.0253678
-0.0649911
-0.0302577
0.047988
0.053186
0.0102741
-0.0348266
-0.0601167
-0.00326189
0.0517622
0.0334964
0.00720026
-0.0369648
-0.0543085
0.0110824
0.0400583
0.0242131
0.0163554
-0.0368042
-0.0492888
0.0133373
0.0220979
100.086
100.096
99.5893
99.7704
100.97
100.397
98.1473
98.7891
104.347
104.591
86.408
49.9525
13.7232
-4.66488
-4.40668
1.14392
2.08487
-0.348679
-1.29932
0.194725
0.758662
0.0936261
-0.702522
-0.0150571
0.412514
0.195349
-0.383738
-0.201674
0.280717
0.212966
-0.14336
-0.284748
0.10176
0.24604
0.00483758
-0.221505
-0.0975511
0.19647
0.133456
-0.109355
-0.176676
0.0274681
0.188402
0.0390997
-0.144662
-0.110448
0.0841979
0.151143
-0.0151746
-0.141596
-0.0623665
0.0994158
0.118195
-0.0360765
-0.127963
-0.0387434
0.0948621
0.0986639
-0.0344291
-0.11497
-0.0353523
0.0811462
0.0902964
-0.0173518
-0.102462
-0.0465452
0.0608023
0.0861771
0.0101436
-0.0832896
-0.065752
0.0323914
0.0780662
0.0398547
-0.0484967
-0.0809539
-0.00586994
0.0595661
0.0579002
0.00109451
-0.0712517
-0.0489381
0.0272228
0.0533162
0.0419236
-0.0215992
-0.0710122
-0.0195617
0.0299037
0.0433269
0.0379064
-0.0329233
-0.0601446
-0.00560153
0.0160437
0.0393715
0.0411955
-0.0347309
-0.0459661
-0.00460733
99.9176
100.214
100.089
99.5102
99.7693
101.044
100.384
98.1046
98.7825
104.404
104.578
86.376
49.9455
13.7656
-4.66181
-4.44672
1.14476
2.1061
-0.319707
-1.34959
0.197008
0.766321
0.13418
-0.737328
-0.0355577
0.424738
0.224363
-0.382075
-0.244976
0.286457
0.236255
-0.122725
-0.313704
0.0758066
0.268815
0.0298805
-0.222302
-0.134835
0.190768
0.164893
-0.0922305
-0.19451
-0.00534887
0.197968
0.0722694
-0.13783
-0.13727
0.0591935
0.169684
0.0162899
-0.142324
-0.0926706
0.0803743
0.14068
-0.006606
-0.131782
-0.0698329
0.077766
0.121554
-0.00565501
-0.117401
-0.0654132
0.0614141
0.110377
0.0122542
-0.099815
-0.0725483
0.0349688
0.0986842
0.041244
-0.0732604
-0.0829616
0.00144494
0.0758405
0.0700288
-0.0300945
-0.0855964
-0.0331449
0.0376642
0.0774924
0.0275321
-0.0639607
-0.060153
-0.00508704
0.0466785
0.0691549
-0.00504084
-0.0646255
-0.0360478
-0.00298986
0.0488402
0.0608249
-0.0209316
-0.0486989
-0.026788
-0.0145517
0.0491923
0.0545751
-0.0217928
-0.0270364
99.9591
99.9163
100.302
100.077
99.4508
99.7665
101.105
100.368
98.0707
98.7748
104.457
104.564
86.3472
49.9385
13.8054
-4.65656
-4.48832
1.14768
2.12311
-0.285486
-1.40251
0.199961
0.771145
0.177489
-0.769459
-0.0603686
0.437147
0.252065
-0.373904
-0.291511
0.289038
0.259441
-0.0988946
-0.338609
0.0433625
0.289811
0.0568683
-0.217881
-0.172203
0.17749
0.196456
-0.0706342
-0.207743
-0.0415934
0.199971
0.107753
-0.124719
-0.16122
0.0287075
0.180947
0.051908
-0.135552
-0.121792
0.0548679
0.155831
0.0279641
-0.126798
-0.100801
0.0539588
0.136501
0.0276577
-0.10913
-0.0953053
0.0351431
0.121744
0.0435677
-0.0843446
-0.0963454
0.00287591
0.1025
0.0688191
-0.0502762
-0.0928345
-0.0350986
0.0662718
0.0912941
-0.00441208
-0.075817
-0.0625688
0.00986953
0.0872788
0.0491888
-0.0406515
-0.0638714
-0.042369
0.0349547
0.0827993
0.0142617
-0.0405236
-0.0514081
-0.0375517
0.0470507
0.0678756
-0.000119042
-0.0227502
-0.0482509
-0.0415292
0.0483112
0.0510038
0.00170008
100.037
99.8784
99.9205
100.373
100.065
99.407
99.765
101.161
100.349
98.0437
98.7666
104.508
104.549
86.3204
49.9319
13.8433
-4.64871
-4.53239
1.15296
2.13602
-0.245836
-1.45817
0.203196
0.773747
0.222828
-0.798044
-0.0901894
0.450234
0.277909
-0.359089
-0.340588
0.287798
0.282774
-0.0727037
-0.358337
0.00454037
0.308388
0.085507
-0.208421
-0.208133
0.156165
0.227302
-0.0450539
-0.215619
-0.0798297
0.193401
0.144448
-0.105709
-0.180656
-0.0061209
0.18342
0.0904046
-0.121548
-0.147277
0.0238194
0.161608
0.0663071
-0.113433
-0.128477
0.024632
0.140762
0.0642271
-0.0910714
-0.121582
0.00480805
0.120842
0.0751493
-0.0574139
-0.115438
-0.030558
0.0940842
0.0902852
-0.0154249
-0.0954764
-0.0702207
0.0487225
0.0986181
0.0281361
-0.054373
-0.0888556
-0.0180202
0.08138
0.0641984
-0.00367375
-0.0614928
-0.0747122
0.0186373
0.0770906
0.0360905
-0.00461882
-0.0627957
-0.0631423
0.0346818
0.0565059
0.0277705
0.00927495
-0.063548
-0.0557015
0.0331443
0.0315667
100.047
100.027
99.8154
99.9231
100.429
100.049
99.3714
99.763
101.212
100.327
98.0212
98.7578
104.559
104.532
86.2946
49.9259
13.8793
-4.63784
-4.5797
1.16082
2.14492
-0.200765
-1.51637
0.206099
0.774883
0.269319
-0.822118
-0.125643
0.464299
0.301577
-0.337797
-0.39121
0.281899
0.306556
-0.0449395
-0.372025
-0.0401388
0.323628
0.115666
-0.194247
-0.241253
0.126841
0.256189
-0.0158119
-0.217635
-0.118666
0.177956
0.180631
-0.0810361
-0.194185
-0.0441722
0.176608
0.129543
-0.100503
-0.166759
-0.0120214
0.15745
0.105818
-0.0923317
-0.149354
-0.00960416
0.133622
0.101552
-0.0652101
-0.139739
-0.0282138
0.106355
0.105363
-0.0229786
-0.125707
-0.0614686
0.0712339
0.105121
0.0263512
-0.0902846
-0.0965409
0.0217347
0.0911516
0.0646282
-0.0265978
-0.104482
-0.0423754
0.0569908
0.0732187
0.0393326
-0.0535409
-0.0923365
-0.003305
0.0523614
0.0589513
0.0328996
-0.0653313
-0.0722607
0.00967257
0.0307995
0.0574937
0.0370533
-0.0654035
-0.053096
0.00350142
99.9613
100.115
100.017
99.7686
99.9291
100.479
100.031
99.3427
99.7618
101.262
100.303
98.0023
98.7485
104.61
104.514
86.2689
49.9208
13.9138
-4.62362
-4.63078
1.17137
2.14999
-0.150432
-1.57667
0.207925
0.775377
0.316
-0.840693
-0.167234
0.479456
0.322967
-0.310481
-0.442091
0.270357
0.331139
-0.0163665
-0.379057
-0.0897389
0.334308
0.14745
-0.175955
-0.270236
0.0900382
0.281469
0.0170845
-0.21381
-0.156498
0.153877
0.213987
-0.0505519
-0.201157
-0.0838758
0.160742
0.166169
-0.0721036
-0.178805
-0.0513714
0.143979
0.142479
-0.0635345
-0.160866
-0.0479537
0.11644
0.135238
-0.0331815
-0.14571
-0.0633941
0.0801611
0.13092
0.014174
-0.122287
-0.0882403
0.0351652
0.113222
0.0671674
-0.074917
-0.109165
-0.015027
0.0721534
0.0983572
0.00250135
-0.102048
-0.0625711
0.0168296
0.0770162
0.0772145
-0.0382579
-0.0892645
-0.0315953
0.0152095
0.0780636
0.0613395
-0.0531116
-0.0631199
-0.0263062
-0.000695139
0.0799093
0.0525544
-0.0478278
-0.0357875
99.9727
99.9679
100.166
100.003
99.7292
99.9361
100.522
100.01
99.3184
99.7611
101.311
100.275
97.986
98.7388
104.662
104.495
86.2429
49.9168
13.9466
-4.60579
-4.68597
1.18456
2.15149
-0.0951794
-1.63846
0.207822
0.776084
0.3619
-0.852853
-0.215275
0.495603
0.342175
-0.277833
-0.491759
0.252163
0.356849
0.0122861
-0.379036
-0.143023
0.339079
0.181081
-0.154397
-0.293741
0.0465565
0.301376
0.0537483
-0.204708
-0.191347
0.121597
0.242126
-0.0140356
-0.201783
-0.122836
0.136165
0.197004
-0.0358993
-0.183295
-0.0916549
0.122045
0.171833
-0.0265988
-0.162392
-0.0881385
0.091505
0.159709
0.00445698
-0.137835
-0.0994864
0.0466865
0.14651
0.0505019
-0.10206
-0.11086
-0.00851495
0.11298
0.0989429
-0.0464733
-0.107567
-0.0581015
0.0469171
0.119824
0.0303428
-0.0781025
-0.0794033
-0.0301598
0.074238
0.0989829
-0.0129269
-0.066079
-0.0635251
-0.0234183
0.0854114
0.0731209
-0.0229227
-0.0399918
-0.0653453
-0.027972
0.0841133
0.0521152
-0.0104514
100.02
99.9238
99.9796
100.209
99.9882
99.6965
99.9456
100.562
99.9865
99.2975
99.7611
101.36
100.245
97.9719
98.7289
104.715
104.476
86.216
49.9141
13.9779
-4.58424
-4.74541
1.20021
2.14982
-0.0355023
-1.70096
0.204892
0.777829
0.406126
-0.857861
-0.269823
0.512405
0.359502
-0.240725
-0.538715
0.22646
0.383853
0.04044
-0.371816
-0.198596
0.336722
0.216657
-0.130458
-0.310552
-0.00265958
0.314437
0.0939987
-0.191076
-0.221113
0.0815597
0.263246
0.0281202
-0.196616
-0.158136
0.102961
0.219742
0.00767185
-0.180874
-0.129121
0.0918797
0.190695
0.0181974
-0.155107
-0.125863
0.0603949
0.170405
0.0475315
-0.117855
-0.132956
0.0106415
0.146531
0.0847826
-0.0662809
-0.128899
-0.0513733
0.100881
0.116938
-0.00444479
-0.0953254
-0.0993348
0.0197558
0.120653
0.0570328
-0.0363216
-0.0926901
-0.0713775
0.0613662
0.0987498
0.0229931
-0.030652
-0.0917858
-0.0522325
0.0734367
0.0670867
0.0216811
-0.012209
-0.0947459
-0.0428752
0.0634473
0.0381665
100.029
100.007
99.8825
99.9931
100.245
99.9708
99.6679
99.9574
100.599
99.9608
99.2791
99.7622
101.408
100.211
97.9594
98.7189
104.769
104.455
86.188
49.9127
14.0078
-4.55896
-4.80908
1.21799
2.14548
0.0279799
-1.76332
0.198222
0.781365
0.447942
-0.855219
-0.330635
0.529238
0.375482
-0.200157
-0.581533
0.192665
0.41199
0.0678612
-0.357603
-0.254959
0.3263
0.253887
-0.104656
-0.319925
-0.0564413
0.319611
0.13701
-0.173204
-0.244251
0.0344726
0.276332
0.0743824
-0.185601
-0.187395
0.0613054
0.233523
0.056385
-0.171596
-0.160176
0.0531888
0.198313
0.068375
-0.140311
-0.155943
0.0230645
0.166057
0.0943956
-0.0896333
-0.157909
-0.0256324
0.128131
0.117162
-0.0209899
-0.139423
-0.0860577
0.0731744
0.1217
0.0467994
-0.0771464
-0.128238
-0.00854033
0.0981276
0.0837435
0.0130419
-0.0993503
-0.0962774
0.0343913
0.0790262
0.0656538
0.00535487
-0.106498
-0.065381
0.039286
0.0497079
0.0704609
0.0101592
-0.10268
-0.0440088
0.0198085
99.9848
100.069
99.9933
99.848
100.01
100.275
99.9514
99.6423
99.9719
100.634
99.9328
99.2625
99.7646
101.457
100.175
97.9483
98.7089
104.825
104.433
86.1588
49.9126
14.0364
-4.53005
-4.87682
1.23742
2.13906
0.0945795
-1.8246
0.186914
0.787315
0.486797
-0.844675
-0.397148
0.545163
0.390871
-0.157233
-0.618864
0.150508
0.440647
0.0947985
-0.337075
-0.310365
0.307065
0.292006
-0.0768841
-0.321929
-0.113012
0.315953
0.18137
-0.150572
-0.260387
-0.0179818
0.28051
0.122283
-0.167526
-0.209809
0.0125681
0.238059
0.106355
-0.153867
-0.183065
0.0065371
0.195677
0.118741
-0.117418
-0.174593
-0.0210988
0.149036
0.140111
-0.056137
-0.168038
-0.0628339
0.0933941
0.146219
0.0256285
-0.136476
-0.109752
0.0289499
0.117192
0.0977089
-0.0546849
-0.13612
-0.0405175
0.056932
0.109143
0.0576736
-0.0926098
-0.101155
-0.00843424
0.0486178
0.10586
0.0332236
-0.097993
-0.0652598
-0.0134404
0.0302945
0.109405
0.0232992
-0.0819198
-0.0379582
99.9739
100.001
100.101
99.9771
99.8186
100.03
100.301
99.9304
99.619
99.9896
100.666
99.9027
99.2473
99.7686
101.507
100.136
97.9382
98.699
104.882
104.41
86.1282
49.9137
14.0642
-4.49768
-4.94832
1.25797
2.13116
0.163583
-1.88385
0.170151
0.796152
0.522287
-0.826175
-0.46851
0.558997
0.406569
-0.113193
-0.649344
0.0999572
0.468876
0.121848
-0.311394
-0.362631
0.278216
0.330046
-0.0467018
-0.317374
-0.169674
0.302092
0.225667
-0.122416
-0.270159
-0.0726477
0.274128
0.169438
-0.140845
-0.226075
-0.0397447
0.23212
0.153461
-0.125212
-0.19839
-0.0448294
0.183358
0.162755
-0.0838312
-0.181268
-0.0704537
0.123231
0.176526
-0.0173977
-0.15984
-0.102013
0.0490975
0.166347
0.0670098
-0.113728
-0.124198
-0.0266812
0.106346
0.135755
-0.0251778
-0.119843
-0.0776963
0.0076069
0.126046
0.0879899
-0.0647429
-0.0892155
-0.062147
0.0169824
0.129258
0.0506247
-0.0606231
-0.0582575
-0.0729561
0.013818
0.122674
0.0305381
-0.0317836
100.011
99.9401
100.02
100.127
99.9585
99.7927
100.054
100.322
99.9078
99.5973
100.01
100.695
99.8709
99.233
99.7745
101.556
100.094
97.9292
98.6891
104.941
104.385
86.0964
49.9157
14.0912
-4.4621
-5.02322
1.27911
2.12235
0.234296
-1.94022
0.147291
0.808191
0.554108
-0.799819
-0.543721
0.569572
0.423421
-0.0693069
-0.671666
0.0411479
0.49574
0.149513
-0.28189
-0.409385
0.238955
0.367277
-0.014076
-0.307189
-0.223302
0.276423
0.269083
-0.0888885
-0.27419
-0.125589
0.254905
0.214549
-0.10548
-0.236992
-0.0906113
0.213213
0.195188
-0.0847922
-0.207773
-0.0948085
0.160041
0.195484
-0.0376474
-0.178554
-0.119116
0.0911716
0.19554
0.028356
-0.135329
-0.140682
0.00391625
0.168948
0.100679
-0.0697853
-0.132723
-0.0818973
0.0882998
0.150468
0.0149663
-0.0844085
-0.115511
-0.0368556
0.123377
0.100076
-0.014264
-0.0681185
-0.112343
-0.00907888
0.121846
0.0595132
0.000286685
-0.0495987
-0.118895
0.000707907
0.0987971
0.0357385
100.021
99.9943
99.9132
100.042
100.147
99.9383
99.7706
100.081
100.338
99.8841
99.5769
100.035
100.721
99.8376
99.2193
99.7825
101.606
100.05
97.9211
98.6793
105.001
104.359
86.0635
49.9185
14.1179
-4.42366
-5.10112
1.30034
2.11314
0.306114
-1.99302
0.117961
0.82352
0.582198
-0.765953
-0.621738
0.575923
0.442018
-0.0265374
-0.684995
-0.0254509
0.520423
0.177989
-0.249562
-0.448872
0.189081
0.403108
0.0204209
-0.291771
-0.271579
0.238186
0.311132
-0.0513758
-0.272149
-0.173897
0.221504
0.257234
-0.0636176
-0.241924
-0.13595
0.179306
0.231244
-0.0352918
-0.211527
-0.137193
0.123394
0.216074
0.0190975
-0.169699
-0.158713
0.0524844
0.193997
0.0813934
-0.101513
-0.171783
-0.036143
0.14775
0.128502
-0.0117116
-0.136821
-0.122936
0.0592538
0.139888
0.0652797
-0.0420394
-0.143568
-0.0668192
0.0937348
0.0979084
0.0491921
-0.047344
-0.141028
-0.0272079
0.0805987
0.0649598
0.0659993
-0.0432688
-0.132046
-0.0103141
0.0424911
99.9976
100.045
99.9739
99.8911
100.067
100.162
99.9161
99.7514
100.111
100.351
99.8593
99.5575
100.063
100.744
99.8031
99.206
99.793
101.656
100.002
97.914
98.6696
105.064
104.332
86.0297
49.9219
14.1446
-4.38271
-5.18161
1.32112
2.10409
0.378512
-2.04178
0.0819636
0.841957
0.60689
-0.725263
-0.701368
0.577079
0.462769
0.0146802
-0.689254
-0.0987541
0.54177
0.207541
-0.214951
-0.480425
0.129521
0.436298
0.0564322
-0.271056
-0.313714
0.188393
0.350449
-0.0112149
-0.262883
-0.216915
0.175055
0.296379
-0.0181868
-0.238527
-0.17489
0.131116
0.261792
0.0181448
-0.207055
-0.169485
0.0726449
0.226985
0.0798381
-0.154876
-0.183128
0.00474892
0.175644
0.13763
-0.0653997
-0.18646
-0.0715189
0.103559
0.153815
0.0477489
-0.133241
-0.14222
0.0150039
0.112292
0.11935
-0.00475054
-0.150432
-0.0826735
0.0385761
0.0916129
0.109114
-0.0317997
-0.137377
-0.0430429
0.0167643
0.074061
0.115219
-0.0387506
-0.108178
-0.0260357
99.9777
100.02
100.064
99.9519
99.8747
100.094
100.172
99.8924
99.7353
100.145
100.358
99.8338
99.539
100.096
100.764
99.7676
99.1928
99.8062
101.705
99.9522
97.9076
98.66
105.13
104.303
85.9951
49.9255
14.1717
-4.33952
-5.26434
1.34087
2.09571
0.451038
-2.08597
0.0391019
0.863143
0.628737
-0.678606
-0.781157
0.57178
0.486106
0.0541743
-0.684766
-0.177075
0.557869
0.23894
-0.178587
-0.503863
0.0621463
0.464334
0.0946763
-0.245284
-0.349562
0.12952
0.383784
0.0318416
-0.245645
-0.255208
0.119067
0.32833
0.0295904
-0.224219
-0.209153
0.0729497
0.284302
0.0711065
-0.189617
-0.193804
0.0110862
0.229611
0.135978
-0.129323
-0.191824
-0.0528625
0.147474
0.187565
-0.0281722
-0.178101
-0.107471
0.0445443
0.175218
0.0969337
-0.113135
-0.141803
-0.0450602
0.0791582
0.164463
0.0246524
-0.127305
-0.093664
-0.0325112
0.0872994
0.149
-0.0146952
-0.10059
-0.0667501
-0.0526215
0.0859187
0.135117
-0.0241457
-0.0558109
100
99.9589
100.043
100.077
99.9276
99.8632
100.124
100.177
99.8674
99.7224
100.181
100.361
99.8077
99.5213
100.133
100.779
99.7315
99.1794
99.8224
101.754
99.8996
97.9021
98.6503
105.197
104.271
85.9598
49.9291
14.1993
-4.29421
-5.34901
1.35918
2.08828
0.523338
-2.12503
-0.0107668
0.886673
0.648129
-0.626722
-0.859518
0.558689
0.512445
0.0915596
-0.67165
-0.25848
0.566427
0.27324
-0.14155
-0.51847
-0.0109429
0.483989
0.136618
-0.215823
-0.377955
0.0642871
0.40666
0.0794766
-0.221516
-0.287979
0.0577857
0.347186
0.0808585
-0.198749
-0.239564
0.0114082
0.292404
0.12216
-0.156113
-0.213513
-0.0530651
0.220479
0.180499
-0.086822
-0.189072
-0.11464
0.113972
0.218335
0.0148354
-0.146255
-0.146235
-0.0165113
0.182604
0.129481
-0.0677871
-0.129213
-0.111601
0.0467639
0.182912
0.0518624
-0.0724256
-0.106329
-0.10178
0.0787102
0.154387
0.0160369
-0.0376164
-0.097786
-0.108796
0.0845617
0.118377
0.0133118
100.018
99.9772
99.9471
100.068
100.084
99.9018
99.8569
100.154
100.177
99.8412
99.7129
100.22
100.36
99.7814
99.5044
100.174
100.791
99.6951
99.1657
99.8419
101.802
99.8445
97.8974
98.6407
105.268
104.237
85.9242
49.9325
14.2276
-4.24692
-5.43533
1.37582
2.08184
0.595147
-2.15858
-0.0675079
0.912174
0.665174
-0.570211
-0.935079
0.536974
0.541984
0.126125
-0.649767
-0.341267
0.565845
0.311072
-0.105469
-0.522862
-0.0881131
0.493028
0.183115
-0.185075
-0.396278
-0.00550119
0.415905
0.132858
-0.193658
-0.311835
-0.00583231
0.348203
0.137198
-0.16581
-0.263286
-0.0475833
0.279453
0.172512
-0.109472
-0.228945
-0.109308
0.192962
0.211314
-0.0269782
-0.180747
-0.167547
0.0748677
0.220784
0.0677376
-0.0996618
-0.181136
-0.0663453
0.163031
0.145632
0.000363172
-0.112694
-0.164125
0.0156581
0.161746
0.0821065
0.000895303
-0.117576
-0.144913
0.0550912
0.11967
0.061344
0.0317848
-0.120356
-0.129889
0.0555624
0.0659111
100.004
100.03
99.9524
99.9416
100.093
100.086
99.8748
99.8561
100.185
100.174
99.8139
99.707
100.261
100.354
99.7551
99.4885
100.219
100.798
99.6588
99.1515
99.865
101.849
99.7871
97.8935
98.6311
105.341
104.201
85.8883
49.9356
14.2567
-4.1979
-5.52309
1.39076
2.07644
0.666295
-2.18666
-0.130687
0.939273
0.68006
-0.509701
-1.00703
0.506624
0.574515
0.157468
-0.619311
-0.424298
0.555915
0.352109
-0.0714453
-0.516209
-0.168393
0.491432
0.233328
-0.15483
-0.402356
-0.0792544
0.411824
0.190734
-0.16511
-0.322935
-0.071327
0.331615
0.197908
-0.130906
-0.275101
-0.102265
0.244341
0.223685
-0.0582727
-0.236181
-0.151448
0.143369
0.232568
0.0414395
-0.170302
-0.198933
0.0266512
0.197635
0.128745
-0.0533011
-0.200165
-0.0988606
0.112432
0.153349
0.0746352
-0.0985769
-0.183694
-0.0173046
0.106767
0.117115
0.0659706
-0.12074
-0.146786
0.0128749
0.0612271
0.110831
0.0776779
-0.121228
-0.107565
0.00301223
99.985
100.028
100.035
99.9269
99.9422
100.118
100.084
99.8471
99.8608
100.216
100.166
99.7859
99.7053
100.304
100.343
99.7286
99.4738
100.268
100.8
99.6227
99.1369
99.8919
101.894
99.7275
97.8904
98.6219
105.416
104.162
85.8522
49.9385
14.287
-4.14739
-5.61221
1.40382
2.07232
0.736796
-2.20957
-0.19981
0.96731
0.693567
-0.445973
-1.07497
0.467965
0.609264
0.186412
-0.581397
-0.506593
0.536992
0.395132
-0.0386314
-0.499584
-0.250675
0.480202
0.284924
-0.12406
-0.396846
-0.156392
0.396907
0.249269
-0.135192
-0.320573
-0.139696
0.302122
0.25848
-0.0957358
-0.271444
-0.155846
0.193114
0.273841
-0.00969329
-0.228819
-0.1828
0.074995
0.250053
0.10584
-0.154099
-0.206415
-0.034914
0.16214
0.189635
-0.0163132
-0.193479
-0.121766
0.0390405
0.163191
0.135678
-0.0842571
-0.167893
-0.0607641
0.0400381
0.155861
0.10366
-0.107467
-0.118069
-0.0483905
0.00917669
0.154977
0.0874287
-0.0957336
-0.0654622
99.9908
99.9817
100.052
100.034
99.9018
99.9491
100.142
100.076
99.8191
99.8712
100.247
100.153
99.757
99.7081
100.348
100.327
99.7022
99.4606
100.322
100.797
99.5872
99.1215
99.9231
101.938
99.6659
97.8877
98.6133
105.494
104.121
85.8157
49.9411
14.3184
-4.09538
-5.70261
1.4145
2.0698
0.806692
-2.22728
-0.274607
0.995191
0.706934
-0.379964
-1.13793
0.420713
0.645059
0.214755
-0.537835
-0.586169
0.508201
0.438748
-0.00460732
-0.475583
-0.332156
0.458456
0.335444
-0.0891762
-0.383125
-0.233927
0.371563
0.303684
-0.0988359
-0.30814
-0.209516
0.263492
0.311088
-0.055084
-0.253147
-0.211323
0.134188
0.314343
0.0371643
-0.20135
-0.211949
-0.00259032
0.261574
0.157489
-0.120667
-0.198031
-0.109219
0.125211
0.235817
0.0174466
-0.156272
-0.148996
-0.0426176
0.173285
0.171973
-0.0530859
-0.127612
-0.121553
-0.0200863
0.18469
0.11639
-0.0619602
-0.0817005
-0.126186
-0.0238098
0.177015
0.0790253
-0.0328087
100.013
99.967
99.9847
100.074
100.027
99.8776
99.9618
100.165
100.064
99.7914
99.8874
100.275
100.138
99.7275
99.7158
100.392
100.307
99.6757
99.449
100.379
100.788
99.5524
99.1052
99.9587
101.979
99.6026
97.8851
98.6052
105.575
104.077
85.7785
49.9432
14.3511
-4.04149
-5.79412
1.42235
2.0689
0.875766
-2.23904
-0.355054
1.02198
0.720775
-0.312553
-1.194
0.363874
0.681056
0.243381
-0.490052
-0.659688
0.467192
0.482316
0.031792
-0.446246
-0.40794
0.422677
0.38377
-0.0480133
-0.364402
-0.305304
0.33209
0.350746
-0.0516716
-0.290484
-0.27341
0.214415
0.347937
-0.00188466
-0.225431
-0.263685
0.0727209
0.331804
0.0888985
-0.154554
-0.241192
-0.075995
0.253571
0.193756
-0.0609402
-0.183319
-0.182521
0.0864382
0.248866
0.0609776
-0.0921615
-0.18157
-0.113939
0.163511
0.177846
0.00983565
-0.0751413
-0.184742
-0.0656581
0.173843
0.113001
0.0232315
-0.0473118
-0.194007
-0.0453786
0.14532
0.0682748
100.011
100.009
99.9453
99.994
100.094
100.015
99.8554
99.9799
100.185
100.048
99.7646
99.9094
100.301
100.119
99.6975
99.7287
100.436
100.283
99.6492
99.4396
100.44
100.774
99.5188
99.0879
99.9989
102.018
99.538
97.8827
98.5978
105.657
104.032
85.741
49.945
14.3844
-3.98547
-5.8866
1.42765
2.06912
0.943659
-2.24424
-0.440903
1.04759
0.734427
-0.244271
-1.24154
0.297088
0.717263
0.271046
-0.438437
-0.724255
0.412527
0.526218
0.0684266
-0.411706
-0.473532
0.370081
0.430634
-0.00342511
-0.34131
-0.363491
0.27436
0.39089
0.00378941
-0.270652
-0.320765
0.150795
0.367088
0.0638186
-0.195968
-0.299877
0.00934719
0.318543
0.149324
-0.0998729
-0.261729
-0.132618
0.212829
0.217851
0.017335
-0.168041
-0.230225
0.0398015
0.220367
0.117477
-0.0206396
-0.203297
-0.154133
0.116033
0.155731
0.093076
-0.0270352
-0.215229
-0.0887094
0.107526
0.0980883
0.118824
-0.020078
-0.206737
-0.0545087
0.053164
99.9926
100.031
99.9999
99.9265
100.008
100.111
99.9979
99.8362
100.003
100.202
100.027
99.7394
99.937
100.324
100.097
99.6673
99.7474
100.477
100.256
99.6228
99.4328
100.504
100.755
99.4866
99.0696
100.044
102.053
99.4726
97.8805
98.5912
105.742
103.984
85.7035
49.9464
14.4183
-3.9277
-5.98006
1.4311
2.07007
1.01034
-2.24348
-0.531363
1.07246
0.74714
-0.175298
-1.28087
0.221649
0.753933
0.296164
-0.382899
-0.779831
0.345823
0.570861
0.10215
-0.371055
-0.528525
0.302328
0.477318
0.0390547
-0.312189
-0.407009
0.199167
0.42763
0.059266
-0.248044
-0.347027
0.0712408
0.375214
0.133119
-0.169923
-0.310171
-0.058845
0.282052
0.21544
-0.0533938
-0.26207
-0.170469
0.1413
0.23938
0.0915835
-0.153864
-0.237567
-0.019145
0.16661
0.179198
0.0300857
-0.198965
-0.158225
0.0360882
0.127482
0.166191
-0.0038408
-0.19415
-0.0910799
0.0106866
0.0894513
0.178344
-0.0147217
-0.15423
-0.0519243
99.9872
100.002
100.049
99.985
99.9117
100.027
100.124
99.9761
99.8208
100.03
100.215
100.003
99.7165
99.9701
100.343
100.072
99.6373
99.7723
100.516
100.225
99.5962
99.4293
100.57
100.73
99.4559
99.0507
100.094
102.084
99.4064
97.8783
98.5863
105.828
103.933
85.6657
49.9477
14.4534
-3.86883
-6.07458
1.43265
2.07215
1.07633
-2.23813
-0.625603
1.09609
0.759791
-0.105646
-1.31378
0.139496
0.790003
0.319827
-0.323748
-0.828777
0.270459
0.614617
0.133585
-0.324012
-0.576641
0.224563
0.522333
0.0781504
-0.274818
-0.441719
0.112666
0.46207
0.109383
-0.21779
-0.359265
-0.0205702
0.38023
0.195888
-0.142669
-0.298243
-0.136476
0.238735
0.278815
-0.0189588
-0.237122
-0.203625
0.0543499
0.266411
0.145171
-0.132531
-0.215711
-0.0951851
0.116357
0.236022
0.0524634
-0.163626
-0.151835
-0.0592626
0.120122
0.2111
-0.000997145
-0.134648
-0.10322
-0.0809545
0.109052
0.190725
-0.0201836
-0.0732856
100.002
99.9714
100.017
100.062
99.9656
99.9019
100.05
100.134
99.9504
99.8102
100.061
100.224
99.9756
99.6968
100.008
100.357
100.045
99.6075
99.8038
100.552
100.192
99.5691
99.4299
100.637
100.699
99.4263
99.0313
100.15
102.111
99.3393
97.8755
98.5835
105.916
103.879
85.627
49.9491
14.4903
-3.80871
-6.17017
1.43109
2.07614
1.14217
-2.22846
-0.723302
1.11642
0.774508
-0.0355072
-1.3406
0.0514148
0.822289
0.345772
-0.262099
-0.871691
0.18826
0.652684
0.168005
-0.271888
-0.619912
0.140859
0.558805
0.119672
-0.228493
-0.473319
0.022141
0.486397
0.157284
-0.173453
-0.368403
-0.116258
0.378268
0.247353
-0.0998383
-0.276416
-0.22228
0.195601
0.325405
0.0192079
-0.187879
-0.247171
-0.0326115
0.287731
0.178983
-0.0833898
-0.187003
-0.187077
0.0785646
0.269754
0.0714005
-0.0923614
-0.163679
-0.156356
0.124914
0.221475
0.0223928
-0.050269
-0.14975
-0.156657
0.131813
0.169685
0.015475
100.013
99.9872
99.9609
100.035
100.069
99.9427
99.8976
100.075
100.138
99.9214
99.805
100.095
100.228
99.9448
99.6808
100.051
100.366
100.015
99.5781
99.8418
100.584
100.156
99.5412
99.4347
100.706
100.663
99.3978
99.0109
100.211
102.135
99.2717
97.8718
98.5826
106.006
103.824
85.5868
49.9503
14.5284
-3.74629
-6.26642
1.42529
2.08197
1.20745
-2.21271
-0.824371
1.13131
0.792205
0.0340831
-1.35836
-0.043127
0.847512
0.376348
-0.200093
-0.904113
0.0984
0.679841
0.209747
-0.218074
-0.652909
0.0517594
0.577861
0.170213
-0.176877
-0.49759
-0.0672499
0.48657
0.209828
-0.115369
-0.375453
-0.203146
0.352554
0.287584
-0.0327709
-0.253051
-0.299214
0.143785
0.338603
0.0783262
-0.121882
-0.292683
-0.107396
0.272488
0.199776
0.00411362
-0.160241
-0.268092
0.0378812
0.251229
0.109938
0.0108908
-0.1841
-0.228181
0.0996795
0.181492
0.0892529
0.0512818
-0.196066
-0.200152
0.0974846
0.105121
100.002
100.023
99.9689
99.9564
100.056
100.071
99.9177
99.8995
100.102
100.137
99.89
99.8059
100.13
100.227
99.9113
99.6694
100.097
100.37
99.9841
99.5496
99.886
100.611
100.119
99.5125
99.4441
100.776
100.622
99.3708
98.9897
100.277
102.154
99.2043
97.8672
98.5829
106.097
103.768
85.5457
49.9509
14.5666
-3.68085
-6.36285
1.41595
2.08858
1.27073
-2.18902
-0.928477
1.14132
0.811109
0.101344
-1.36348
-0.14442
0.866077
0.409202
-0.140368
-0.919893
-0.000283387
0.696109
0.256459
-0.167312
-0.666168
-0.0439494
0.57785
0.228938
-0.128695
-0.502253
-0.153456
0.45662
0.269459
-0.0568257
-0.369855
-0.269458
0.291281
0.320757
0.0452502
-0.229314
-0.341214
0.0728165
0.315555
0.154368
-0.0594068
-0.310979
-0.158589
0.203431
0.212638
0.103012
-0.13463
-0.294342
-0.0154715
0.174063
0.160039
0.10567
-0.18129
-0.233812
0.0291504
0.0944518
0.163933
0.126971
-0.187221
-0.172805
0.00352622
99.9889
100.019
100.026
99.9488
99.9582
100.078
100.067
99.892
99.9078
100.129
100.13
99.8573
99.8135
100.165
100.222
99.8757
99.6634
100.145
100.369
99.9518
99.523
99.9363
100.633
100.081
99.4833
99.4588
100.844
100.577
99.3457
98.9682
100.347
102.168
99.1378
97.8623
98.5846
106.19
103.71
85.5051
49.9512
14.6043
-3.6133
-6.45977
1.40539
2.09507
1.33144
-2.15852
-1.03509
1.14952
0.8288
0.165681
-1.3569
-0.251325
0.882188
0.439862
-0.0836976
-0.919129
-0.106853
0.707817
0.301377
-0.121708
-0.65757
-0.14683
0.568288
0.288227
-0.0906938
-0.481196
-0.239146
0.408385
0.332873
-0.0141146
-0.342487
-0.316739
0.203405
0.35615
0.108209
-0.203176
-0.340736
-0.0174366
0.28009
0.227477
-0.0234503
-0.285466
-0.189468
0.102868
0.231369
0.168043
-0.113761
-0.255258
-0.0789054
0.0839208
0.207886
0.139309
-0.149703
-0.176573
-0.0596723
0.0213476
0.209078
0.122873
-0.12965
-0.0919112
99.9936
99.9866
100.038
100.023
99.9289
99.9663
100.099
100.056
99.867
99.9226
100.154
100.118
99.8243
99.8283
100.199
100.212
99.8383
99.6642
100.195
100.362
99.9181
99.4991
99.9925
100.647
100.042
99.4536
99.4799
100.911
100.527
99.3221
98.9477
100.423
102.176
99.0718
97.8573
98.589
106.283
103.648
85.4651
49.9519
14.6433
-3.54549
-6.55794
1.39427
2.10213
1.39149
-2.1249
-1.14372
1.15693
0.845813
0.229334
-1.3444
-0.361783
0.89762
0.467885
-0.0268438
-0.909938
-0.218357
0.719092
0.341584
-0.0761763
-0.637072
-0.255795
0.558789
0.341678
-0.0567545
-0.443097
-0.330591
0.359486
0.393475
0.01475
-0.294568
-0.363451
0.109465
0.398668
0.146923
-0.165909
-0.322655
-0.12244
0.26087
0.283853
-0.00775333
-0.227533
-0.229411
0.00695388
0.269128
0.188458
-0.0870897
-0.193843
-0.162687
0.0324373
0.254451
0.119815
-0.0951273
-0.12603
-0.156568
0.0163678
0.233598
0.0713972
-0.0535949
100.008
99.976
99.991
100.056
100.013
99.9109
99.9807
100.118
100.039
99.8442
99.9438
100.177
100.1
99.7921
99.8506
100.231
100.197
99.7993
99.6724
100.245
100.349
99.8826
99.4787
100.055
100.654
100.003
99.4231
99.5084
100.974
100.473
99.2987
98.9287
100.503
102.179
99.0052
97.8514
98.5977
106.376
103.584
85.4235
49.9532
14.6854
-3.47757
-6.65733
1.37949
2.11136
1.45336
-2.08957
-1.25378
1.15908
0.865592
0.295249
-1.32935
-0.473827
0.906149
0.498114
0.0347675
-0.898849
-0.330813
0.722402
0.38114
-0.0215404
-0.615675
-0.365808
0.543243
0.388029
-0.00965018
-0.401665
-0.427157
0.310911
0.440102
0.0535965
-0.232537
-0.423083
0.0204472
0.430787
0.178555
-0.100323
-0.315724
-0.23437
0.250645
0.315815
0.0293889
-0.152834
-0.300068
-0.0736118
0.299691
0.192329
-0.0159824
-0.149375
-0.273164
0.00878776
0.274723
0.112094
0.00738983
-0.12543
-0.26716
0.0348783
0.223969
0.0678229
100.009
100.003
99.9604
100.002
100.071
99.9968
99.8962
100.001
100.134
100.016
99.8247
99.9707
100.197
100.077
99.7615
99.8799
100.261
100.177
99.759
99.6883
100.295
100.332
99.8452
99.4619
100.122
100.655
99.9627
99.3911
99.5441
101.036
100.416
99.2748
98.9108
100.589
102.177
98.9379
97.8437
98.6096
106.471
103.518
85.3785
49.9542
14.7299
-3.40689
-6.75658
1.35754
2.12288
1.51622
-2.04866
-1.36413
1.15007
0.889933
0.36222
-1.30682
-0.5856
0.898308
0.534497
0.0998035
-0.88101
-0.439336
0.703223
0.425067
0.0429258
-0.591417
-0.465616
0.502342
0.42837
0.0581756
-0.361024
-0.51032
0.245226
0.459663
0.120232
-0.164104
-0.477319
-0.0643725
0.417675
0.22091
-0.0032066
-0.315725
-0.32721
0.20865
0.310216
0.113904
-0.0687812
-0.367187
-0.141286
0.262879
0.194666
0.112201
-0.112002
-0.357699
-0.0306499
0.209054
0.138779
0.159626
-0.127543
-0.33141
0.0010599
0.116755
99.9961
100.024
99.9912
99.9483
100.018
100.082
99.9756
99.886
100.025
100.146
99.9882
99.8099
100.002
100.214
100.048
99.7337
99.9155
100.286
100.153
99.7183
99.7117
100.343
100.31
99.8064
99.4492
100.193
100.65
99.9234
99.3575
99.5864
101.095
100.356
99.2512
98.8929
100.679
102.172
98.8714
97.8343
98.6224
106.569
103.453
85.3317
49.9541
14.7732
-3.33121
-6.85441
1.32989
2.13463
1.57552
-1.99733
-1.47362
1.13084
0.916133
0.423876
-1.26872
-0.695758
0.873652
0.574897
0.158394
-0.844951
-0.540328
0.657854
0.473586
0.102328
-0.552101
-0.544174
0.426927
0.465861
0.128341
-0.316367
-0.554759
0.150225
0.453373
0.200409
-0.10371
-0.487854
-0.144781
0.348224
0.272106
0.0898972
-0.295889
-0.364178
0.11457
0.26892
0.212359
0.00131819
-0.366494
-0.182672
0.144346
0.188613
0.229985
-0.0697599
-0.336582
-0.0826184
0.0606157
0.160206
0.267347
-0.0913255
-0.261822
-0.0626816
99.9897
100.007
100.034
99.975
99.9413
100.038
100.088
99.9507
99.8818
100.052
100.153
99.9563
99.8013
100.037
100.225
100.015
99.7107
99.9564
100.307
100.126
99.6785
99.7429
100.386
100.286
99.767
99.4418
100.266
100.637
99.886
99.3237
99.635
101.147
100.296
99.2291
98.876
100.771
102.161
98.8075
97.8249
98.6353
106.666
103.386
85.2871
49.9535
14.8135
-3.25241
-6.95176
1.30263
2.14503
1.62854
-1.93709
-1.5829
1.11012
0.940337
0.475863
-1.21521
-0.805524
0.844276
0.614131
0.202293
-0.788035
-0.6367
0.601747
0.523963
0.140371
-0.491862
-0.605334
0.332627
0.508061
0.173414
-0.263991
-0.559898
0.0344274
0.446904
0.263215
-0.0657659
-0.443399
-0.223314
0.260823
0.325096
0.131857
-0.246516
-0.346928
-0.00577009
0.235933
0.272248
0.0238844
-0.288569
-0.200065
0.0132197
0.195582
0.257701
-0.0460308
-0.222117
-0.126701
-0.0602723
0.176329
0.240507
-0.0564218
-0.106997
99.9989
99.9808
100.023
100.039
99.9559
99.9406
100.06
100.087
99.9238
99.8845
100.081
100.153
99.9216
99.8003
100.074
100.231
99.9779
99.6942
100.002
100.321
100.095
99.6412
99.7827
100.423
100.257
99.7271
99.4421
100.339
100.617
99.8496
99.2913
99.6912
101.192
100.233
99.2084
98.8627
100.865
102.142
98.7459
97.8164
98.6516
106.762
103.314
85.2454
49.9537
14.8545
-3.175
-7.05142
1.27867
2.15531
1.67985
-1.87558
-1.69431
1.09356
0.962547
0.524127
-1.15689
-0.918365
0.820421
0.650122
0.238893
-0.721875
-0.737353
0.552187
0.573169
0.163561
-0.418213
-0.669701
0.242535
0.558296
0.193044
-0.200689
-0.559733
-0.0864199
0.463899
0.298851
-0.0376621
-0.377448
-0.317269
0.202276
0.37921
0.128517
-0.175276
-0.335219
-0.123467
0.25462
0.289034
0.0190724
-0.189177
-0.24804
-0.0670538
0.247578
0.21615
-0.027619
-0.121284
-0.205509
-0.0797796
0.227278
0.146558
-0.0223889
100.009
99.984
99.9784
100.04
100.036
99.9357
99.9467
100.083
100.079
99.8963
99.8949
100.111
100.146
99.8849
99.8077
100.112
100.23
99.9367
99.6853
100.052
100.328
100.059
99.6069
99.8316
100.455
100.223
99.6858
99.4514
100.414
100.588
99.8124
99.2607
99.7565
101.23
100.168
99.187
98.8552
100.963
102.116
98.6833
97.8077
98.675
106.857
103.238
85.202
49.9554
14.9019
-3.10016
-7.15395
1.25175
2.16786
1.73749
-1.81708
-1.80783
1.0733
0.986084
0.580759
-1.10219
-1.03365
0.793756
0.683967
0.287538
-0.658638
-0.843871
0.50393
0.614726
0.200635
-0.341082
-0.748652
0.159276
0.599228
0.219252
-0.118467
-0.583203
-0.204714
0.48377
0.323006
0.023131
-0.324987
-0.435758
0.16588
0.415622
0.143371
-0.0760674
-0.374803
-0.236676
0.287579
0.287175
0.0698995
-0.101177
-0.360372
-0.118439
0.291168
0.185979
0.0698438
-0.0781878
-0.347567
-0.0714748
0.250541
0.112777
100.006
100.01
99.9681
99.9828
100.058
100.027
99.9163
99.9599
100.106
100.064
99.8697
99.9127
100.14
100.132
99.8474
99.8236
100.15
100.222
99.8917
99.6844
100.104
100.33
100.019
99.5756
99.8889
100.481
100.187
99.642
99.4692
100.489
100.554
99.7736
99.2304
99.8305
101.264
100.1
99.1626
98.8522
101.066
102.086
98.6176
97.7966
98.7044
106.954
103.161
85.1515
49.9569
14.9551
-3.0226
-7.25538
1.21252
2.18267
1.80152
-1.7552
-1.91799
1.03477
1.01246
0.647434
-1.04538
-1.14149
0.743527
0.715891
0.354648
-0.596321
-0.938624
0.432608
0.639432
0.267474
-0.263673
-0.81785
0.0659978
0.599759
0.276117
-0.0183697
-0.609796
-0.311412
0.450914
0.345882
0.135407
-0.281235
-0.537813
0.103244
0.390682
0.213744
0.0537831
-0.421286
-0.329029
0.24048
0.257793
0.207176
-0.00706045
-0.452753
-0.17512
0.211833
0.17127
0.259354
-0.0281823
-0.434134
-0.109948
0.113605
99.9937
100.021
100.005
99.9533
99.9939
100.074
100.011
99.8995
99.9793
100.125
100.042
99.846
99.937
100.167
100.11
99.811
99.8471
100.187
100.21
99.8446
99.6914
100.158
100.327
99.9753
99.5479
99.9521
100.501
100.149
99.5961
99.4942
100.562
100.516
99.7348
99.1994
99.9105
101.293
100.032
99.1361
98.8497
101.172
102.055
98.5515
97.7825
98.7334
107.056
103.087
85.0962
49.9563
15.0054
-2.93638
-7.35152
1.16202
2.1969
1.86025
-1.67972
-2.019
0.97647
1.03961
0.70769
-0.97313
-1.23084
0.66353
0.746318
0.418136
-0.523802
-0.998337
0.326497
0.649115
0.340055
-0.188848
-0.835738
-0.0466247
0.555177
0.347411
0.0699232
-0.588968
-0.389199
0.344959
0.364417
0.247278
-0.225618
-0.555499
-0.00317896
0.298499
0.297983
0.161833
-0.392021
-0.352491
0.093762
0.19123
0.333394
0.0744798
-0.404246
-0.200567
0.0149863
0.12796
0.387391
0.0382758
-0.324091
-0.13123
99.9917
99.9998
100.033
99.9928
99.9418
100.011
100.086
99.989
99.8874
100.004
100.141
100.014
99.8274
99.9666
100.189
100.083
99.7783
99.8775
100.22
100.191
99.7977
99.7072
100.209
100.319
99.9306
99.526
100.019
100.513
100.112
99.5505
99.5266
100.631
100.474
99.699
99.1693
99.9942
101.314
99.9676
99.1111
98.8471
101.278
102.021
98.4908
97.7683
98.7586
107.158
103.013
85.0453
49.9542
15.0467
-2.84387
-7.44472
1.11383
2.2089
1.90382
-1.59103
-2.11397
0.916432
1.06602
0.744795
-0.882862
-1.30616
0.574877
0.780157
0.450089
-0.437425
-1.02646
0.204373
0.665146
0.379458
-0.12252
-0.798031
-0.170521
0.509444
0.400188
0.110157
-0.50686
-0.441218
0.219006
0.389807
0.285295
-0.16187
-0.487224
-0.123959
0.217571
0.341981
0.176766
-0.283589
-0.313293
-0.0597202
0.154318
0.345151
0.0802034
-0.240546
-0.183832
-0.13689
0.109748
0.330144
0.0369025
-0.10497
100.002
99.9805
100.012
100.042
99.9762
99.9356
100.031
100.091
99.9635
99.8821
100.032
100.149
99.9809
99.8163
100.001
100.206
100.05
99.752
99.9149
100.247
100.167
99.753
99.7335
100.255
100.304
99.8848
99.5135
100.088
100.514
100.074
99.5077
99.5691
100.691
100.428
99.6658
99.1445
100.082
101.323
99.9053
99.0892
98.8498
101.381
101.976
98.4366
97.7567
98.7859
107.256
102.933
85.0037
49.9535
15.0859
-2.75485
-7.54293
1.07759
2.22077
1.94044
-1.50216
-2.21454
0.871075
1.09291
0.767636
-0.787557
-1.3884
0.501795
0.821357
0.456658
-0.343492
-1.0596
0.0922649
0.705278
0.383652
-0.0579789
-0.754793
-0.299419
0.50829
0.428098
0.117129
-0.405257
-0.511782
0.136534
0.441918
0.255488
-0.0941594
-0.425792
-0.245237
0.226146
0.354365
0.128429
-0.163537
-0.318829
-0.151663
0.21874
0.281927
0.0456186
-0.105827
-0.234774
-0.156566
0.196941
0.197041
0.00864673
100.009
99.9902
99.9747
100.027
100.043
99.9566
99.9365
100.055
100.089
99.9355
99.8849
100.063
100.15
99.9442
99.8141
100.039
100.215
100.01
99.7337
99.9593
100.268
100.134
99.7114
99.7716
100.297
100.281
99.8362
99.5123
100.161
100.505
100.032
99.4678
99.6242
100.743
100.374
99.6314
99.1284
100.176
101.32
99.8405
99.0677
98.8642
101.484
101.921
98.3818
97.7474
98.8252
107.347
102.844
84.9624
49.956
15.1371
-2.67404
-7.64928
1.04292
2.23499
1.99083
-1.42255
-2.32542
0.83028
1.11928
0.806985
-0.698948
-1.48839
0.438238
0.859428
0.479312
-0.245457
-1.12368
-0.00893101
0.747383
0.394016
0.0308759
-0.751119
-0.434843
0.528348
0.446794
0.162394
-0.322156
-0.633425
0.0878049
0.492307
0.24556
0.0124591
-0.442851
-0.38265
0.274393
0.356599
0.150765
-0.0503616
-0.437
-0.223247
0.300283
0.240339
0.126304
-0.0373772
-0.413168
-0.154476
0.27102
0.146896
100.003
100.013
99.9756
99.9756
100.045
100.038
99.9359
99.945
100.079
100.079
99.9065
99.8962
100.095
100.142
99.9046
99.8211
100.08
100.216
99.9634
99.7234
100.01
100.282
100.094
99.6722
99.8205
100.335
100.252
99.7835
99.5213
100.238
100.489
99.9863
99.4286
99.6915
100.791
100.316
99.5919
99.1188
100.279
101.312
99.7705
99.0418
98.8889
101.59
101.862
98.3186
97.7362
98.8766
107.441
102.753
84.9074
49.9591
15.2027
-2.59245
-7.75467
0.98851
2.2497
2.0611
-1.344
-2.43197
0.765086
1.1392
0.876685
-0.612591
-1.5825
0.352493
0.872719
0.543806
-0.141933
-1.18847
-0.118025
0.739175
0.441135
0.154697
-0.762489
-0.560467
0.489216
0.456332
0.28522
-0.246978
-0.751363
0.0127091
0.461071
0.305091
0.179122
-0.480596
-0.503473
0.227152
0.309272
0.298049
0.0906207
-0.549134
-0.302132
0.218929
0.199031
0.354574
0.0569462
-0.536372
-0.20666
0.115423
99.9932
100.017
100.01
99.9604
99.9835
100.062
100.025
99.9163
99.9606
100.103
100.061
99.8787
99.915
100.127
100.126
99.8645
99.8363
100.122
100.212
99.9132
99.721
100.063
100.293
100.049
99.6362
99.8769
100.369
100.22
99.7275
99.5383
100.315
100.469
99.9384
99.3881
99.7665
100.837
100.257
99.5489
99.1098
100.387
101.302
99.6998
99.0108
98.9144
101.702
101.806
98.2497
97.7201
98.927
107.544
102.67
84.839
49.9585
15.2653
-2.49671
-7.84688
0.910501
2.26116
2.12783
-1.24974
-2.51336
0.665194
1.15085
0.947033
-0.51649
-1.63212
0.228924
0.858195
0.619518
-0.0414174
-1.19206
-0.241479
0.665346
0.504294
0.270133
-0.721192
-0.639096
0.356751
0.447115
0.417094
-0.160605
-0.760182
-0.104464
0.326782
0.3796
0.3264
-0.429941
-0.518709
0.0546414
0.190077
0.438461
0.214316
-0.481286
-0.31219
-0.0257177
0.097643
0.511536
0.160676
-0.393321
-0.199267
99.9934
99.9966
100.03
100.001
99.9472
99.9978
100.077
100.006
99.9004
99.9823
100.123
100.036
99.8552
99.9401
100.156
100.103
99.8274
99.8591
100.161
100.201
99.8629
99.7278
100.115
100.297
100.001
99.6066
99.9372
100.395
100.187
99.6724
99.5629
100.387
100.446
99.8936
99.3488
99.8451
100.873
100.201
99.5083
99.1001
100.495
101.287
99.6367
98.9798
98.9343
101.814
101.75
98.1888
97.7015
98.9653
107.653
102.592
84.7765
49.9541
15.3074
-2.38749
-7.92851
0.833634
2.27059
2.1631
-1.13712
-2.57252
0.558397
1.16559
0.975095
-0.409531
-1.63643
0.0912619
0.849867
0.6519
0.038774
-1.1221
-0.368159
0.587679
0.543947
0.314686
-0.607437
-0.668444
0.200514
0.444753
0.450821
-0.0810136
-0.647548
-0.224621
0.202035
0.405038
0.337063
-0.289838
-0.428206
-0.119908
0.108232
0.43166
0.20918
-0.265652
-0.238403
-0.20975
0.0384773
0.420889
0.133753
-0.10288
100.003
99.9819
100.006
100.039
99.9865
99.9389
100.017
100.085
99.9828
99.8912
100.009
100.135
100.006
99.8393
99.971
100.178
100.073
99.7972
99.8901
100.194
100.181
99.8155
99.7463
100.163
100.292
99.9525
99.5887
100
100.409
100.152
99.6223
99.5993
100.449
100.414
99.8527
99.3177
99.9278
100.893
100.148
99.4736
99.0975
100.598
101.258
99.5839
98.9543
98.9568
101.918
101.684
98.1442
97.6863
98.9997
107.754
102.505
84.7357
49.9514
15.3376
-2.28248
-8.01884
0.783192
2.28383
2.17499
-1.02327
-2.64189
0.47923
1.19632
0.964038
-0.300511
-1.64807
-0.0274996
0.883286
0.634929
0.103789
-1.04637
-0.497137
0.579661
0.556683
0.299117
-0.476049
-0.717504
0.10878
0.493503
0.387166
-0.0174147
-0.542242
-0.341243
0.210498
0.403508
0.240768
-0.15043
-0.392493
-0.209704
0.187514
0.333308
0.11845
-0.0985177
-0.256357
-0.212528
0.158804
0.231778
0.0376522
100.008
99.9933
99.9753
100.02
100.043
99.9681
99.9377
100.04
100.086
99.9557
99.8908
100.039
100.139
99.9705
99.8333
100.007
100.191
100.034
99.7762
99.9301
100.22
100.15
99.7721
99.779
100.207
100.276
99.9
99.5856
100.068
100.41
100.11
99.578
99.6517
100.501
100.372
99.8101
99.3002
100.019
100.896
100.09
99.4413
99.1123
100.698
101.211
99.5316
98.9341
98.9971
102.011
101.602
98.1042
97.6779
99.0518
107.839
102.402
84.704
49.9546
15.3867
-2.19518
-8.13015
0.747961
2.30139
2.20747
-0.92319
-2.74471
0.421474
1.2329
0.971153
-0.190458
-1.71232
-0.128295
0.936344
0.624862
0.194842
-1.03343
-0.641261
0.619421
0.566541
0.325159
-0.377274
-0.848982
0.0704624
0.565096
0.346867
0.0878644
-0.554935
-0.492533
0.296564
0.40917
0.229089
-0.0292277
-0.530174
-0.279539
0.325589
0.278579
0.174433
-0.0302725
-0.479963
-0.188574
0.302514
0.167723
100.002
100.013
99.9801
99.9753
100.037
100.038
99.9478
99.9447
100.064
100.077
99.9267
99.8998
100.073
100.133
99.931
99.8375
100.049
100.196
99.9873
99.764
99.9787
100.24
100.109
99.7319
99.8248
100.249
100.25
99.8418
99.5958
100.142
100.403
100.059
99.5364
99.72
100.549
100.321
99.7597
99.294
100.121
100.891
100.022
99.4038
99.1445
100.804
101.156
99.4672
98.9129
99.0584
102.104
101.513
98.0475
97.6722
99.1289
107.92
102.293
84.6501
49.9607
15.4688
-2.11424
-8.24599
0.6864
2.31372
2.28656
-0.82896
-2.8546
0.339876
1.24334
1.0388
-0.0712809
-1.79597
-0.240391
0.934876
0.667915
0.339068
-1.05622
-0.786796
0.5947
0.572659
0.462734
-0.292777
-1.0024
-0.00142748
0.544875
0.407786
0.28401
-0.615972
-0.647251
0.268266
0.363097
0.400572
0.136975
-0.695117
-0.379407
0.260596
0.238612
0.456824
0.0766948
-0.674272
-0.257361
0.145237
99.9937
100.014
100.011
99.9655
99.9826
100.054
100.026
99.9278
99.9597
100.089
100.059
99.8979
99.9173
100.107
100.118
99.8898
99.8504
100.093
100.193
99.935
99.76
100.032
100.255
100.06
99.6948
99.8795
100.288
100.219
99.779
99.615
100.218
100.392
100.002
99.4937
99.7981
100.597
100.268
99.7023
99.2901
100.231
100.886
99.9509
99.3584
99.1806
100.918
101.104
99.3925
98.8845
99.1234
102.209
101.43
97.9711
97.6608
99.209
108.019
102.198
84.5639
49.9615
15.555
-2.01354
-8.33551
0.578659
2.31351
2.37642
-0.719975
-2.91602
0.20746
1.21507
1.13031
0.0520982
-1.811
-0.376138
0.845021
0.737389
0.488117
-1.01709
-0.882471
0.444041
0.553209
0.631244
-0.186153
-1.02862
-0.137515
0.381552
0.498668
0.480473
-0.564959
-0.67988
0.0617101
0.212595
0.587925
0.30696
-0.631518
-0.405538
-0.0451857
0.109078
0.681776
0.225607
-0.519284
-0.265897
99.9941
99.9965
100.027
100.002
99.9525
99.9964
100.069
100.008
99.9112
99.9811
100.109
100.035
99.8732
99.9415
100.138
100.095
99.8516
99.8709
100.135
100.183
99.8826
99.7647
100.085
100.265
100.008
99.6645
99.9375
100.321
100.186
99.7172
99.6414
100.289
100.378
99.948
99.4522
99.8786
100.636
100.22
99.6463
99.2844
100.34
100.878
99.8886
99.3107
99.2092
101.033
101.055
99.327
98.8497
99.1735
102.323
101.356
97.901
97.6404
99.2646
108.138
102.117
84.4779
49.9544
15.6031
-1.88593
-8.39503
0.460795
2.31074
2.41341
-0.591739
-2.9171
0.0558514
1.18679
1.16498
0.156512
-1.72684
-0.516022
0.740972
0.770589
0.5529
-0.875935
-0.910677
0.254117
0.529308
0.675065
-0.0764045
-0.88655
-0.278777
0.211388
0.514916
0.508545
-0.380223
-0.56057
-0.158698
0.0830288
0.574453
0.322146
-0.347174
-0.303157
-0.292896
-0.00153223
0.567965
0.217936
-0.12708
100.003
99.9836
100.005
100.036
99.9882
99.9444
100.015
100.077
99.9852
99.9015
100.007
100.122
100.006
99.8566
99.9713
100.161
100.065
99.8216
99.8993
100.17
100.164
99.8353
99.7813
100.132
100.265
99.9556
99.6479
99.9959
100.34
100.152
99.6637
99.6788
100.346
100.357
99.8998
99.4215
99.9597
100.657
100.176
99.5991
99.2859
100.44
100.854
99.8423
99.2702
99.2379
101.134
100.996
99.2864
98.8177
99.215
102.424
101.276
97.8641
97.6186
99.3004
108.249
102.03
84.4329
49.9476
15.6148
-1.75781
-8.46298
0.387326
2.32437
2.39045
-0.462198
-2.92247
-0.0607771
1.21135
1.12276
0.236644
-1.62942
-0.646447
0.731704
0.754935
0.527349
-0.708364
-0.949514
0.160326
0.563273
0.571248
0.00538162
-0.739596
-0.39335
0.220212
0.474801
0.371713
-0.196507
-0.485925
-0.241302
0.162298
0.407567
0.193051
-0.120285
-0.281045
-0.266669
0.120035
0.276731
0.0718511
100.007
99.9938
99.9777
100.019
100.038
99.9708
99.9439
100.037
100.077
99.9594
99.9017
100.037
100.125
99.9718
99.8517
100.007
100.173
100.026
99.8033
99.9372
100.196
100.132
99.7955
99.8134
100.173
100.25
99.9021
99.6504
100.057
100.344
100.109
99.622
99.7336
100.39
100.323
99.8522
99.4114
100.046
100.654
100.128
99.5595
99.3105
100.53
100.806
99.8004
99.2414
99.2882
101.213
100.916
99.2586
98.7983
99.2761
102.496
101.174
97.8491
97.6079
99.356
108.327
101.916
84.4212
49.9504
15.6466
-1.65953
-8.57671
0.358275
2.35352
2.3828
-0.345311
-3.00271
-0.136995
1.27723
1.08248
0.333093
-1.62635
-0.784053
0.810003
0.737674
0.535586
-0.605138
-1.09457
0.165971
0.648084
0.484544
0.109462
-0.76549
-0.533461
0.370802
0.457703
0.316769
-0.079636
-0.651202
-0.260996
0.369518
0.307862
0.212501
-0.0808929
-0.542658
-0.154129
0.342053
0.168703
100.002
100.011
99.9815
99.979
100.034
100.033
99.9519
99.9527
100.06
100.065
99.9323
99.9131
100.069
100.115
99.9341
99.8591
100.048
100.173
99.9791
99.7967
99.9853
100.214
100.086
99.762
99.8614
100.211
100.22
99.8438
99.6714
100.124
100.335
100.052
99.5888
99.808
100.427
100.274
99.7961
99.4215
100.144
100.638
100.065
99.5185
99.3627
100.621
100.743
99.7422
99.219
99.3699
101.285
100.82
99.212
98.7918
99.3735
102.552
101.058
97.8116
97.6121
99.4582
108.383
101.784
84.3839
49.9607
15.7437
-1.58361
-8.71641
0.306299
2.36828
2.46203
-0.230614
-3.13193
-0.22664
1.29742
1.12804
0.488784
-1.69944
-0.937092
0.828294
0.747125
0.691501
-0.55094
-1.30132
0.133575
0.655883
0.559043
0.315304
-0.901451
-0.708359
0.398223
0.431665
0.52605
0.0615361
-0.915548
-0.350888
0.355007
0.305043
0.557998
-0.0379174
-0.852801
-0.209645
0.221379
99.9948
100.013
100.008
99.9684
99.988
100.05
100.019
99.9339
99.9703
100.082
100.045
99.9057
99.9343
100.101
100.094
99.8946
99.8768
100.093
100.164
99.9256
99.7995
100.04
100.225
100.029
99.7328
99.9202
100.248
100.181
99.7801
99.7041
100.197
100.321
99.9844
99.5573
99.8954
100.464
100.218
99.7289
99.4395
100.253
100.622
99.9897
99.4683
99.4265
100.724
100.68
99.6638
99.1912
99.4651
101.371
100.726
99.1339
98.7844
99.4861
102.629
100.945
97.7269
97.618
99.5797
108.462
101.669
84.2804
49.9655
15.8719
-1.48705
-8.81575
0.176012
2.34516
2.59315
-0.101181
-3.19535
-0.372518
1.21193
1.2341
0.671046
-1.70557
-1.06645
0.674393
0.752742
0.92107
-0.458595
-1.38462
-0.0259218
0.491259
0.717303
0.561198
-0.90079
-0.792559
0.153842
0.300353
0.818246
0.257859
-0.910309
-0.438169
-0.0190462
0.223866
0.916343
0.134969
-0.741489
-0.309456
99.9942
99.9988
100.024
99.9978
99.9574
100.004
100.062
99.9983
99.9196
99.9944
100.1
100.018
99.8831
99.9623
100.131
100.067
99.8581
99.9016
100.136
100.147
99.8722
99.8101
100.095
100.231
99.9696
99.71
99.9815
100.281
100.139
99.7167
99.7424
100.265
100.307
99.9167
99.5258
99.9844
100.498
100.167
99.6591
99.4543
100.364
100.608
99.9213
99.4104
99.4823
100.834
100.624
99.5897
99.15
99.5465
101.477
100.642
99.0548
98.7595
99.5761
102.74
100.849
97.6322
97.6061
99.6643
108.59
101.586
84.1515
49.9567
15.9443
-1.34367
-8.84441
0.00412823
2.30845
2.6577
0.0364962
-3.12902
-0.547885
1.08937
1.28831
0.781326
-1.55373
-1.13396
0.440101
0.732059
1.01115
-0.305108
-1.24909
-0.233552
0.278957
0.763087
0.647403
-0.664716
-0.699635
-0.163281
0.137178
0.845202
0.347543
-0.548908
-0.383565
-0.393087
0.0725897
0.830812
0.230588
-0.219975
100.001
99.9853
100.009
100.031
99.9831
99.9515
100.023
100.067
99.9747
99.9126
100.022
100.11
99.9868
99.8695
99.9941
100.151
100.034
99.8314
99.9322
100.17
100.123
99.827
99.8302
100.142
100.229
99.9135
99.7009
100.038
100.302
100.098
99.6648
99.787
100.317
100.29
99.8581
99.5048
100.067
100.515
100.127
99.5992
99.472
100.458
100.584
99.8761
99.3566
99.5312
100.925
100.568
99.5484
99.103
99.6113
101.569
100.563
99.0178
98.7186
99.6374
102.848
100.758
97.5904
97.5746
99.6988
108.728
101.506
84.0838
49.9434
15.9311
-1.18367
-8.86341
-0.111941
2.31244
2.60053
0.161002
-3.02576
-0.692274
1.07053
1.23517
0.782949
-1.33804
-1.18784
0.334953
0.729109
0.880798
-0.155203
-1.06822
-0.369486
0.267039
0.654761
0.51292
-0.383872
-0.60202
-0.260507
0.170843
0.575687
0.24864
-0.202701
-0.328618
-0.359624
0.114667
0.385881
0.117136
100.006
99.9922
99.9817
100.021
100.031
99.9666
99.954
100.043
100.063
99.9508
99.9166
100.05
100.107
99.9549
99.8694
100.029
100.158
99.9952
99.82
99.9697
100.191
100.087
99.7955
99.8644
100.178
100.209
99.8628
99.7139
100.091
100.303
100.052
99.6334
99.8445
100.347
100.26
99.8077
99.51
100.143
100.503
100.088
99.5562
99.513
100.527
100.536
99.8456
99.3222
99.5968
100.978
100.496
99.5343
99.073
99.6875
101.612
100.473
99.0221
98.6888
99.7081
102.899
100.651
97.6089
97.5491
99.7414
108.811
101.388
84.0995
49.9426
15.9171
-1.06297
-8.96391
-0.136361
2.36823
2.52127
0.275902
-3.04472
-0.794157
1.18404
1.15373
0.789848
-1.23309
-1.3328
0.416087
0.780991
0.729736
-0.0337852
-1.10995
-0.450445
0.482798
0.546965
0.415106
-0.264883
-0.77283
-0.158478
0.41196
0.355146
0.229016
-0.199605
-0.567987
-0.0629033
0.360985
0.147731
100.003
100.008
99.9811
99.9856
100.035
100.022
99.9511
99.9666
100.062
100.048
99.9285
99.9336
100.077
100.09
99.9223
99.8848
100.066
100.148
99.9508
99.8252
100.016
100.197
100.037
99.7774
99.9155
100.205
100.17
99.814
99.7511
100.146
100.284
99.9926
99.6222
99.9214
100.362
100.209
99.7558
99.5474
100.223
100.469
100.031
99.5253
99.5901
100.583
100.464
99.7999
99.3125
99.6983
101.003
100.4
99.5067
99.0776
99.8013
101.613
100.362
99.0127
98.6988
99.827
102.896
100.521
97.6143
97.559
99.857
108.83
101.23
84.1083
49.9573
16.0116
-0.9914
-9.14447
-0.156305
2.40848
2.56964
0.415255
-3.20268
-0.903008
1.26761
1.15671
0.95331
-1.26668
-1.57214
0.486186
0.811867
0.814577
0.131521
-1.36788
-0.573383
0.610632
0.53704
0.64819
-0.241593
-1.15099
-0.140911
0.484841
0.406584
0.594902
-0.353252
-0.988315
0.0013379
0.334581
99.9963
100.013
100.002
99.9709
99.9976
100.045
100.005
99.9386
99.9888
100.077
100.021
99.909
99.9622
100.103
100.06
99.8901
99.9134
100.106
100.124
99.901
99.8435
100.071
100.193
99.9746
99.7681
99.9806
100.229
100.114
99.7627
99.8056
100.206
100.254
99.9174
99.6207
100.015
100.377
100.14
99.6938
99.6038
100.317
100.428
99.9494
99.4932
99.6911
100.651
100.38
99.7223
99.3123
99.8259
101.04
100.29
99.4366
99.1029
99.9437
101.629
100.233
98.9439
98.7392
99.9819
102.908
100.38
97.5342
97.5985
100.029
108.86
101.084
84.0048
49.9698
16.2011
-0.910981
-9.28642
-0.28592
2.35995
2.74891
0.590144
-3.31518
-1.05271
1.14519
1.24058
1.24308
-1.27211
-1.73919
0.330789
0.702716
1.09961
0.368351
-1.50396
-0.716589
0.361775
0.521991
1.08943
-0.118816
-1.28542
-0.309916
0.090963
0.519677
1.12141
-0.272696
-1.01738
-0.258451
99.9942
100.003
100.02
99.9899
99.9644
100.016
100.052
99.9813
99.931
100.017
100.088
99.9885
99.8944
99.9977
100.124
100.022
99.8613
99.9495
100.145
100.092
99.8514
99.8694
100.127
100.183
99.9075
99.7647
100.049
100.251
100.054
99.7106
99.8657
100.268
100.223
99.8368
99.6191
100.114
100.394
100.071
99.6232
99.6589
100.419
100.393
99.8643
99.4479
99.79
100.737
100.303
99.6347
99.2944
99.9507
101.11
100.182
99.3481
99.1073
100.08
101.699
100.105
98.8434
98.7586
100.12
102.998
100.25
97.3987
97.621
100.164
108.983
100.991
83.8122
49.9624
16.3371
-0.762759
-9.29023
-0.515717
2.25244
2.88178
0.75111
-3.20672
-1.21132
0.875927
1.29282
1.42389
-1.1018
-1.68416
0.00742832
0.498755
1.26182
0.541051
-1.26141
-0.754056
-0.0942908
0.412135
1.25229
0.0821256
-0.906111
-0.451873
-0.454339
0.432
1.18037
0.010042
-0.426304
99.9994
99.9883
100.014
100.023
99.9741
99.9636
100.036
100.051
99.9564
99.9308
100.047
100.09
99.9549
99.8884
100.034
100.136
99.9831
99.8422
99.9876
100.174
100.056
99.8118
99.8998
100.174
100.167
99.8477
99.7706
100.109
100.266
99.9979
99.669
99.9235
100.314
100.197
99.7659
99.6214
100.199
100.402
100.02
99.5572
99.7077
100.504
100.363
99.805
99.3946
99.8742
100.811
100.242
99.5776
99.251
100.056
101.179
100.096
99.2961
99.0672
100.19
101.786
99.9982
98.7902
98.7187
100.211
103.129
100.139
97.3233
97.5878
100.205
109.169
100.924
83.6815
49.9414
16.3105
-0.566146
-9.22204
-0.703658
2.21128
2.81757
0.844383
-2.95619
-1.33719
0.733938
1.24865
1.33364
-0.824051
-1.52176
-0.211182
0.43422
1.0979
0.517714
-0.83726
-0.711563
-0.276174
0.344489
0.912926
0.168236
-0.393752
-0.449644
-0.507543
0.286182
0.617528
0.138201
100.006
99.9895
99.9881
100.026
100.019
99.9592
99.9706
100.054
100.042
99.9353
99.9408
100.072
100.08
99.926
99.8958
100.067
100.134
99.946
99.8403
100.025
100.186
100.017
99.7918
99.9368
100.202
100.14
99.8041
99.7946
100.153
100.261
99.9479
99.6538
99.9802
100.333
100.167
99.715
99.6459
100.26
100.387
99.9837
99.5156
99.7662
100.548
100.323
99.7755
99.3608
99.9552
100.832
100.189
99.5618
99.2163
100.149
101.188
100.033
99.2993
99.0202
100.286
101.804
99.9189
98.8171
98.6552
100.286
103.187
100.035
97.3693
97.5258
100.216
109.293
100.815
83.7137
49.9322
16.2124
-0.405379
-9.26451
-0.74426
2.30405
2.64196
0.906254
-2.84227
-1.45536
0.876491
1.17507
1.14431
-0.630566
-1.56239
-0.190652
0.632502
0.80916
0.441038
-0.668562
-0.829386
-0.0172501
0.470196
0.487357
0.17896
-0.369433
-0.541171
0.00779573
0.350474
0.135409
100.004
100.004
99.9802
99.9951
100.035
100.008
99.9494
99.9868
100.065
100.022
99.9216
99.9632
100.089
100.056
99.904
99.9201
100.095
100.111
99.9114
99.8595
100.065
100.175
99.9697
99.795
99.9856
100.211
100.093
99.7771
99.8438
100.186
100.23
99.8955
99.6725
100.045
100.324
100.117
99.6823
99.7076
100.304
100.34
99.9378
99.5097
99.8537
100.552
100.258
99.7466
99.376
100.053
100.797
100.122
99.5533
99.2404
100.252
101.122
99.9656
99.3135
99.0391
100.395
101.723
99.8403
98.8605
98.6572
100.402
103.118
99.9201
97.4478
97.5144
100.318
109.278
100.636
83.8085
49.9482
16.2556
-0.326876
-9.49047
-0.715964
2.42123
2.60295
1.04844
-3.00213
-1.62164
1.09524
1.16082
1.21292
-0.576799
-1.91173
-0.113109
0.845152
0.752118
0.637745
-0.858778
-1.2046
0.265048
0.592378
0.538844
0.433407
-0.835961
-0.887307
0.371598
0.41587
99.9983
100.011
99.9957
99.9753
100.009
100.039
99.9881
99.9469
100.012
100.069
99.9925
99.9163
99.9976
100.099
100.017
99.8886
99.9602
100.119
100.07
99.8777
99.8978
100.108
100.146
99.9132
99.8165
100.048
100.207
100.025
99.7591
99.9164
100.22
100.174
99.8323
99.7161
100.126
100.301
100.037
99.6554
99.8012
100.354
100.27
99.8623
99.5282
99.9723
100.554
100.162
99.6886
99.4342
100.178
100.754
100.014
99.5131
99.3273
100.378
101.046
99.8521
99.2835
99.1426
100.532
101.626
99.7167
98.8303
98.7614
100.569
103.019
99.7738
97.4087
97.5941
100.536
109.216
100.447
83.7548
49.9713
16.5093
-0.271881
-9.73258
-0.804851
2.37824
2.80479
1.30872
-3.21696
-1.81241
1.02149
1.17946
1.6218
-0.519553
-2.23913
-0.225812
0.682741
0.96512
1.14717
-1.02231
-1.49663
0.0969199
0.327464
1.00509
0.979223
-1.0953
-1.10303
0.000680762
99.9949
100.007
100.014
99.9821
99.9765
100.028
100.035
99.9639
99.952
100.042
100.064
99.9567
99.9186
100.039
100.102
99.9707
99.879
100.01
100.139
100.019
99.8455
99.9465
100.153
100.106
99.8513
99.8467
100.119
100.199
99.9456
99.7421
100
100.257
100.109
99.7589
99.7653
100.22
100.28
99.9435
99.6197
99.9043
100.421
100.196
99.7673
99.5396
100.105
100.582
100.05
99.6058
99.4871
100.323
100.749
99.8756
99.442
99.4115
100.528
101.028
99.6902
99.2101
99.2494
100.689
101.618
99.537
98.725
98.8809
100.744
103.043
99.5994
97.2325
97.6954
100.747
109.286
100.326
83.4943
49.9714
16.7718
-0.139342
-9.75564
-1.0733
2.1592
3.04501
1.55436
-3.14231
-1.92446
0.599658
1.14191
1.9892
-0.339051
-2.12185
-0.505202
0.162603
1.124
1.51063
-0.799292
-1.27969
-0.406393
-0.261275
1.24705
1.27849
-0.679655
-0.702607
99.9969
99.9937
100.018
100.01
99.9669
99.984
100.047
100.024
99.9403
99.9638
100.07
100.052
99.9226
99.9279
100.079
100.097
99.9254
99.8769
100.058
100.153
99.9679
99.8211
99.9949
100.192
100.065
99.7962
99.879
100.181
100.19
99.8723
99.7286
100.076
100.289
100.055
99.6883
99.8094
100.304
100.265
99.8651
99.5747
99.9966
100.486
100.14
99.6849
99.5247
100.229
100.619
99.9627
99.5302
99.4936
100.468
100.768
99.7611
99.3757
99.4255
100.688
101.054
99.5455
99.1467
99.2593
100.852
101.69
99.3631
98.6421
98.8852
100.881
103.202
99.4323
97.0828
97.6988
100.824
109.528
100.271
83.2357
49.9448
16.7847
0.086663
-9.56595
-1.35981
1.99165
3.03623
1.61677
-2.74957
-1.93292
0.227749
1.06397
1.88978
-0.112672
-1.62897
-0.71418
-0.170192
0.999487
1.2847
-0.341766
-0.721767
-0.698608
-0.512487
0.923023
0.861712
-0.0143163
100.003
99.9874
99.9984
100.029
100.001
99.9555
99.9968
100.06
100.008
99.9243
99.9815
100.09
100.033
99.8987
99.9454
100.108
100.082
99.8911
99.887
100.096
100.151
99.9249
99.8151
100.037
100.211
100.026
99.7637
99.9144
100.219
100.174
99.8181
99.7338
100.131
100.3
100.014
99.6421
99.855
100.351
100.248
99.8162
99.5457
100.072
100.508
100.108
99.6369
99.5092
100.324
100.616
99.926
99.487
99.4792
100.58
100.748
99.7217
99.3422
99.3928
100.819
101.037
99.4939
99.1337
99.1875
100.991
101.712
99.2813
98.6611
98.7701
100.983
103.316
99.3173
97.1213
97.5841
100.798
109.756
100.188
83.2309
49.9222
16.5727
0.304994
-9.46162
-1.46107
2.09411
2.77415
1.53817
-2.41699
-1.98766
0.304755
1.0669
1.43432
0.0295229
-1.35667
-0.764563
0.12319
0.762861
0.730799
-0.0727915
-0.57693
-0.570578
0.00905974
0.452827
0.201284
100.005
99.9983
99.9815
100.008
100.032
99.9879
99.953
100.014
100.062
99.988
99.9216
100.005
100.095
100.007
99.891
99.9736
100.121
100.053
99.873
99.9155
100.121
100.126
99.8918
99.8362
100.073
100.201
99.982
99.7636
99.9609
100.229
100.136
99.7861
99.7736
100.168
100.276
99.9719
99.6377
99.9181
100.353
100.209
99.7848
99.5675
100.138
100.472
100.074
99.6187
99.5472
100.384
100.547
99.912
99.4785
99.52
100.635
100.654
99.7306
99.3434
99.4191
100.884
100.919
99.5169
99.1587
99.1762
101.081
101.583
99.2884
98.7426
98.7033
101.086
103.215
99.2518
97.2902
97.4917
100.847
109.753
100.006
83.443
49.9328
16.4727
0.415073
-9.69252
-1.39286
2.36279
2.58306
1.59064
-2.49094
-2.24415
0.692651
1.163
1.23175
0.144512
-1.72045
-0.831874
0.706487
0.689984
0.663454
-0.0648652
-1.23498
-0.411828
0.706031
0.363385
100.001
100.009
99.9893
99.983
100.02
100.026
99.9721
99.9623
100.034
100.051
99.9636
99.9342
100.035
100.083
99.9715
99.9003
100.014
100.117
100.007
99.8695
99.9643
100.135
100.076
99.8644
99.8849
100.112
100.163
99.9262
99.792
100.027
100.218
100.067
99.7673
99.8498
100.204
100.218
99.9082
99.6716
100.009
100.335
100.129
99.7479
99.6472
100.214
100.403
99.9978
99.6116
99.6589
100.432
100.441
99.8512
99.4932
99.653
100.659
100.517
99.6883
99.3689
99.5676
100.903
100.748
99.4885
99.1864
99.3316
101.13
101.368
99.2549
98.7762
98.8426
101.215
102.969
99.1609
97.3508
97.5789
101.081
109.559
99.7675
83.5328
49.9661
16.7451
0.447838
-10.106
-1.39658
2.42564
2.73448
1.95385
-2.82272
-2.59701
0.809138
1.15465
1.65808
0.40057
-2.33382
-1.03105
0.739799
0.716985
1.42111
0.0225158
-2.00076
-0.559828
0.487308
99.9967
100.009
100.005
99.9789
99.9932
100.033
100.011
99.956
99.9825
100.054
100.027
99.9375
99.9594
100.068
100.058
99.9305
99.9221
100.063
100.102
99.9488
99.8751
100.028
100.145
100.009
99.8374
99.9511
100.157
100.107
99.8582
99.8332
100.11
100.202
99.9756
99.7467
99.9468
100.254
100.141
99.8219
99.7151
100.126
100.329
100.016
99.6933
99.7464
100.32
100.343
99.8689
99.596
99.7979
100.515
100.341
99.7141
99.5099
99.8219
100.723
100.393
99.5376
99.4
99.7675
100.962
100.615
99.3149
99.1987
99.571
101.212
101.237
99.0591
98.7173
99.1139
101.37
102.849
98.9642
97.1704
97.8079
101.385
109.482
99.5941
83.2502
49.9808
17.206
0.540608
-10.2602
-1.65222
2.08926
3.08574
2.41425
-2.89389
-2.72136
0.331451
0.890361
2.30399
0.74832
-2.36798
-1.16891
-0.0607448
0.566846
2.24291
0.330795
-1.78533
-0.743579
99.9954
100.001
100.017
99.9937
99.9702
100.01
100.043
99.9889
99.9429
100.009
100.072
99.9973
99.9144
99.9908
100.099
100.027
99.8914
99.9497
100.112
100.082
99.8909
99.8854
100.091
100.151
99.9411
99.8124
100.018
100.201
100.054
99.7886
99.8729
100.194
100.19
99.8866
99.7173
100.042
100.31
100.074
99.7321
99.74
100.248
100.336
99.9113
99.6247
99.8181
100.45
100.302
99.7423
99.5551
99.9004
100.647
100.264
99.568
99.4939
99.9396
100.867
100.301
99.3587
99.3994
99.8892
101.128
100.545
99.0803
99.1889
99.6958
101.395
101.25
98.7659
98.6361
99.2514
101.546
102.998
98.6906
96.9156
97.9381
101.542
109.739
99.5329
82.7897
49.9552
17.3791
0.771428
-9.9581
-2.03854
1.65839
3.21502
2.53966
-2.44552
-2.49031
-0.336531
0.579393
2.3871
0.877793
-1.59461
-1.04438
-0.902395
0.293848
2.07026
0.500255
-0.573812
99.9999
99.9894
100.011
100.021
99.9796
99.9667
100.028
100.047
99.9665
99.9376
100.035
100.08
99.9683
99.9017
100.021
100.118
99.9957
99.8656
99.9782
100.146
100.059
99.8482
99.9014
100.139
100.149
99.8869
99.8009
100.071
100.229
100.012
99.738
99.9089
100.25
100.181
99.8225
99.695
100.114
100.342
100.036
99.6638
99.7524
100.34
100.335
99.8587
99.5595
99.8593
100.551
100.268
99.6869
99.4917
99.9576
100.764
100.203
99.5132
99.4295
99.9919
101.017
100.223
99.2963
99.3383
99.9042
101.329
100.483
98.985
99.1467
99.6363
101.634
101.277
98.6054
98.6216
99.1131
101.727
103.218
98.4914
96.879
97.7977
101.502
110.149
99.4888
82.6251
49.9174
17.0722
1.05265
-9.57197
-2.25679
1.64813
2.9348
2.23205
-1.84866
-2.26178
-0.491409
0.633777
1.73315
0.673069
-0.804305
-0.903581
-0.782985
0.33037
0.95729
0.288864
100.005
99.9918
99.9886
100.021
100.019
99.9674
99.9716
100.043
100.04
99.9494
99.945
100.055
100.073
99.9453
99.907
100.047
100.116
99.967
99.8635
100.008
100.155
100.028
99.8328
99.9294
100.161
100.128
99.855
99.8185
100.104
100.225
99.9755
99.7277
99.9498
100.262
100.159
99.7889
99.7115
100.157
100.327
100.014
99.6372
99.79
100.37
100.3
99.8518
99.5331
99.9104
100.565
100.223
99.7024
99.4545
100.015
100.769
100.149
99.5586
99.3721
100.044
101.035
100.15
99.3795
99.2643
99.9212
101.391
100.377
99.1007
99.0945
99.5626
101.761
101.157
98.7043
98.6766
98.9045
101.866
103.168
98.4774
97.1144
97.5396
101.466
110.275
99.331
82.9359
49.9135
16.6964
1.22687
-9.67191
-2.19577
2.12774
2.55882
1.97938
-1.69887
-2.53433
-0.00969734
1.08135
1.09731
0.563952
-0.919282
-1.23856
0.187989
0.764023
0.222172
100.003
100.004
99.985
99.995
100.027
100.008
99.9615
99.9872
100.049
100.021
99.9411
99.968
100.066
100.047
99.9299
99.9343
100.068
100.088
99.9393
99.8891
100.042
100.135
99.9857
99.8465
99.9771
100.159
100.077
99.8423
99.8726
100.128
100.18
99.931
99.7634
100.009
100.239
100.1
99.7766
99.7846
100.186
100.265
99.9684
99.66
99.8798
100.351
100.222
99.8334
99.5805
100.003
100.497
100.146
99.714
99.5118
100.109
100.66
100.076
99.6023
99.4237
100.149
100.895
100.064
99.4656
99.2972
100.045
101.25
100.233
99.2413
99.1139
99.69
101.678
100.898
98.8747
98.7401
98.9803
101.921
102.794
98.5429
97.3322
97.5254
101.657
109.958
99.0575
83.3041
49.9508
16.8462
1.26123
-10.302
-2.09188
2.50517
2.55101
2.34958
-2.07325
-3.25162
0.419859
1.32323
1.30122
1.09167
-1.78938
-1.98353
0.749655
0.884777
99.9992
100.008
99.9956
99.9832
100.009
100.026
99.9883
99.9637
100.013
100.047
99.9893
99.9417
100.005
100.07
100.005
99.9205
99.9806
100.087
100.04
99.91
99.9368
100.084
100.093
99.9294
99.8793
100.045
100.143
99.9986
99.8363
99.9559
100.158
100.104
99.8695
99.8261
100.095
100.205
99.998
99.7681
99.8963
100.233
100.175
99.8746
99.7128
100.01
100.342
100.099
99.7631
99.6872
100.132
100.435
100.01
99.6643
99.6612
100.236
100.553
99.935
99.5586
99.6042
100.293
100.75
99.9154
99.4095
99.4869
100.249
101.079
100.062
99.1631
99.2646
100.003
101.533
100.661
98.7819
98.7801
99.3977
101.941
102.446
98.427
97.2301
97.8902
102.037
109.591
98.8106
83.1425
49.9847
17.5463
1.30015
-10.7974
-2.25977
2.1623
2.94742
3.21106
-2.37715
-3.66695
0.0933994
0.779545
2.16934
2.04496
-2.2396
-2.2581
-0.00672932
99.9964
100.007
100.008
99.9827
99.9877
100.027
100.019
99.9645
99.9732
100.043
100.038
99.9526
99.9492
100.048
100.067
99.9548
99.9157
100.035
100.102
99.9824
99.8805
99.9933
100.129
100.043
99.8667
99.9171
100.122
100.125
99.9111
99.8256
100.049
100.198
100.022
99.7961
99.8855
100.199
100.177
99.8831
99.744
100.01
100.312
100.082
99.7596
99.747
100.152
100.382
99.9556
99.6644
99.7734
100.283
100.445
99.8267
99.5785
99.7913
100.389
100.552
99.7181
99.4609
99.7746
100.452
100.764
99.6799
99.2509
99.6902
100.433
101.124
99.8513
98.8822
99.4527
100.26
101.609
100.551
98.3673
98.8076
99.7781
102.067
102.484
98.0248
96.8834
98.296
102.324
109.723
98.7095
82.4387
49.9711
18.0937
1.49738
-10.5102
-2.69997
1.2935
3.27125
3.69505
-2.03832
-3.17287
-0.803684
-0.204627
2.63887
2.39249
-1.47583
-1.3899
99.9962
99.9976
100.017
100.002
99.9695
99.9974
100.044
100.006
99.9433
99.9874
100.069
100.023
99.9207
99.9614
100.086
100.059
99.9111
99.9168
100.083
100.112
99.9314
99.8592
100.043
100.164
100
99.8145
99.9506
100.185
100.112
99.8386
99.8137
100.126
100.23
99.963
99.7284
99.928
100.288
100.16
99.8001
99.7014
100.099
100.387
100.018
99.6743
99.7314
100.276
100.436
99.8515
99.5886
99.775
100.434
100.487
99.6847
99.5145
99.7963
100.56
100.613
99.5324
99.4
99.7739
100.623
100.892
99.4516
99.1609
99.6904
100.562
101.372
99.633
98.6917
99.4713
100.295
101.966
100.5
98.0039
98.8113
99.7271
102.368
102.808
97.5956
96.6947
98.2605
102.328
110.361
98.696
81.8974
49.9224
17.8309
1.82276
-9.68196
-3.07265
0.86117
3.093
3.17676
-1.23731
-2.23396
-1.34505
-0.46762
2.03327
1.49339
-0.160602
100.002
99.9888
100.003
100.024
99.9924
99.962
100.01
100.052
99.9911
99.933
100.004
100.082
100.006
99.9046
99.9785
100.107
100.044
99.8865
99.9288
100.111
100.106
99.8989
99.8592
100.075
100.175
99.9686
99.7939
99.9795
100.211
100.097
99.7995
99.8212
100.166
100.235
99.934
99.6951
99.9633
100.319
100.148
99.7679
99.6757
100.157
100.399
100.001
99.6425
99.707
100.353
100.428
99.838
99.5577
99.7389
100.535
100.464
99.6758
99.4906
99.7267
100.69
100.592
99.515
99.4027
99.6433
100.773
100.915
99.3968
99.2193
99.4894
100.669
101.512
99.5192
98.8082
99.2635
100.221
102.268
100.391
98.0942
98.7596
99.3553
102.683
102.921
97.5296
96.9142
97.7727
102.204
110.835
98.5934
82.1661
49.8962
17.0287
2.08644
-9.33806
-3.09926
1.49896
2.57593
2.22264
-0.742906
-2.12173
-0.974442
0.597468
0.966379
0.288109
100.004
99.9963
99.9864
100.011
100.023
99.9825
99.9656
100.022
100.047
99.9765
99.94
100.021
100.074
99.9851
99.9112
100.002
100.102
100.017
99.8877
99.9579
100.116
100.075
99.8881
99.8905
100.092
100.148
99.9416
99.8184
100.012
100.194
100.061
99.8001
99.8681
100.169
100.197
99.9133
99.7242
100.008
100.283
100.115
99.7694
99.7213
100.183
100.33
99.9951
99.6582
99.757
100.357
100.335
99.8726
99.5761
99.7834
100.524
100.348
99.7558
99.5087
99.7519
100.687
100.44
99.6362
99.4402
99.6218
100.807
100.716
99.5259
99.3344
99.3863
100.747
101.293
99.5627
99.0849
99.0941
100.274
102.133
100.216
98.5309
98.7047
99.2204
102.733
102.522
97.8477
97.3028
97.4354
102.285
110.526
98.3194
82.9647
49.9256
16.7428
2.16562
-10.1139
-2.91609
2.55987
2.31455
2.19266
-0.988962
-3.41007
-0.240509
1.90826
0.675111
100.001
100.004
99.9901
99.9925
100.018
100.012
99.9745
99.9826
100.032
100.025
99.9631
99.9655
100.04
100.046
99.9609
99.9404
100.034
100.075
99.9762
99.9115
100.007
100.1
100.018
99.8925
99.9537
100.103
100.083
99.9103
99.8814
100.062
100.145
99.9901
99.8301
99.9559
100.164
100.11
99.8762
99.8128
100.076
100.216
100.025
99.7816
99.848
100.202
100.218
99.9281
99.7137
99.9043
100.319
100.198
99.8372
99.6595
99.9481
100.435
100.19
99.7537
99.601
99.9445
100.566
100.241
99.6694
99.5231
99.8535
100.702
100.431
99.5871
99.4055
99.6401
100.754
100.878
99.5909
99.1863
99.3006
100.506
101.65
100.034
98.7309
98.7977
99.6673
102.485
101.917
98.0454
97.3857
97.8184
102.678
109.705
97.9972
83.24
49.9767
17.6041
2.16234
-11.3061
-2.93128
2.61833
2.61967
3.63088
-1.50583
-4.89559
-0.188141
1.50273
99.9993
100.007
99.9964
99.9861
100.007
100.022
99.9904
99.97
100.01
100.039
99.9913
99.9519
100.004
100.057
100.004
99.9345
99.984
100.071
100.033
99.9265
99.9474
100.069
100.075
99.9433
99.9004
100.037
100.117
99.9975
99.8694
99.9599
100.132
100.084
99.8941
99.862
100.069
100.175
99.9906
99.8192
99.9151
100.178
100.158
99.8814
99.7879
99.9966
100.265
100.105
99.7805
99.7854
100.078
100.336
100.049
99.6867
99.7868
100.144
100.413
100.023
99.5839
99.7633
100.182
100.513
100.069
99.4584
99.6747
100.179
100.641
100.255
99.333
99.4551
100.095
100.758
100.674
99.3364
99.0157
99.8205
100.752
101.391
99.83
98.3201
99.0863
100.343
102.318
101.702
97.619
97.0327
98.6812
103.108
109.39
97.816
82.3719
49.9861
18.8781
2.29031
-11.4472
-3.33312
1.15604
3.1126
5.23577
-1.44882
-4.56401
-1.08058
99.9962
100.007
100.009
99.9832
99.9859
100.026
100.021
99.9657
99.9699
100.041
100.042
99.9553
99.9448
100.045
100.071
99.9602
99.9114
100.029
100.105
99.9908
99.879
99.9833
100.129
100.052
99.872
99.9052
100.116
100.134
99.9205
99.823
100.03
100.205
100.033
99.8035
99.8724
100.18
100.2
99.8859
99.7534
99.9823
100.3
100.12
99.7488
99.7653
100.104
100.383
100.007
99.6371
99.8084
100.208
100.454
99.9006
99.5297
99.852
100.281
100.547
99.8436
99.3847
99.8671
100.32
100.681
99.9039
99.1638
99.799
100.33
100.837
100.193
98.8978
99.5195
100.304
100.94
100.82
98.8262
98.8252
100.131
100.893
101.746
99.5449
97.672
99.3315
100.555
102.656
102.033
96.7633
96.656
99.0738
103.235
110.182
97.799
81.1002
49.9386
19.0797
2.61608
-10.0399
-3.84365
-0.450962
3.15579
4.95388
-0.628438
-2.02273
99.9969
99.9956
100.016
100.006
99.9706
99.9901
100.042
100.016
99.9463
99.9751
100.064
100.038
99.9287
99.9456
100.074
100.075
99.9277
99.9012
100.062
100.124
99.9591
99.8512
100.011
100.165
100.035
99.8259
99.9125
100.165
100.143
99.8739
99.7915
100.077
100.245
100.009
99.7461
99.871
100.252
100.211
99.8418
99.6967
100.014
100.384
100.096
99.6995
99.709
100.165
100.474
99.9473
99.5929
99.7452
100.292
100.562
99.8051
99.4951
99.7744
100.369
100.701
99.7103
99.3528
99.779
100.372
100.927
99.7513
99.1004
99.7305
100.274
101.195
100.11
98.729
99.5167
100.091
101.312
100.999
98.5035
98.8638
99.8409
100.994
102.345
99.2658
97.5477
99.2052
100.119
103.363
102.379
96.3313
96.7372
98.415
103.076
111.364
97.7637
80.9036
49.8887
17.7269
2.969
-8.51069
-4.03802
-0.122296
2.62866
2.44993
0.21922
100.003
99.9901
99.9991
100.022
100
99.9652
99.9984
100.047
100.006
99.9407
99.9868
100.07
100.025
99.9207
99.9589
100.085
100.062
99.9151
99.9134
100.076
100.115
99.941
99.8587
100.029
100.162
100.016
99.8225
99.9344
100.169
100.128
99.8607
99.805
100.094
100.23
100.001
99.7408
99.894
100.253
100.189
99.8517
99.6883
100.041
100.364
100.083
99.7278
99.6831
100.199
100.435
99.953
99.639
99.6864
100.338
100.51
99.8258
99.5693
99.6644
100.43
100.654
99.7232
99.4845
99.6037
100.423
100.924
99.7125
99.3259
99.5155
100.233
101.301
99.9828
99.0349
99.3914
99.8149
101.541
100.847
98.7431
99.0628
99.2881
101.124
102.393
99.2159
98.159
98.7721
99.6641
103.71
102.126
96.8768
97.2279
97.3774
103.004
111.486
97.5361
82.2554
49.8963
16.2718
3.14021
-8.95543
-3.86129
2.43214
2.10072
0.298763
100.003
99.9986
99.989
100.005
100.019
99.9915
99.9722
100.01
100.037
99.9907
99.9532
100.006
100.057
100.001
99.9344
99.9875
100.073
100.028
99.9231
99.9527
100.075
100.071
99.933
99.9056
100.048
100.118
99.9823
99.8641
99.9803
100.137
100.073
99.8714
99.8772
100.097
100.162
99.9716
99.7972
99.9621
100.195
100.121
99.8631
99.7733
100.08
100.252
100.046
99.7739
99.779
100.203
100.279
99.9654
99.7071
99.7809
100.316
100.309
99.891
99.6562
99.7452
100.412
100.392
99.8266
99.6128
99.6481
100.45
100.586
99.7948
99.5577
99.4975
100.333
100.927
99.9041
99.4437
99.3454
99.9351
101.285
100.424
99.2628
99.2009
99.27
101.176
101.648
99.4071
98.807
98.6152
99.9204
103.176
101.35
97.7973
97.5698
97.3565
103.312
110.078
97.167
83.7029
49.9535
16.8144
3.13784
-11.6322
-3.71174
4.58785
2.16022
100.001
100.002
99.9928
99.9966
100.013
100.005
99.9817
99.9918
100.023
100.012
99.9726
99.9817
100.03
100.026
99.9687
99.965
100.03
100.045
99.9756
99.9439
100.015
100.066
99.9999
99.9269
99.9809
100.075
100.043
99.9311
99.9313
100.054
100.092
99.9743
99.8904
99.9877
100.115
100.057
99.9006
99.8951
100.065
100.14
99.9925
99.8464
99.933
100.138
100.136
99.9226
99.8125
99.9827
100.199
100.12
99.8596
99.785
100.026
100.256
100.114
99.8065
99.7451
100.047
100.322
100.139
99.7657
99.6759
100.021
100.4
100.23
99.7517
99.567
99.9096
100.462
100.428
99.8153
99.4245
99.6683
100.409
100.754
100.093
99.2977
99.2646
100.059
101.06
100.85
99.4219
98.6604
99.2126
100.797
102.273
100.779
97.7732
97.3556
98.8273
103.84
108.567
96.8803
83.1536
49.9909
19.5945
3.18583
-13.8846
-3.97019
2.69331
100
100.006
99.9938
99.9878
100.012
100.019
99.9839
99.9734
100.019
100.035
99.9801
99.9547
100.018
100.056
99.9879
99.9334
100.002
100.076
100.013
99.9176
99.9671
100.085
100.056
99.9221
99.9158
100.063
100.11
99.963
99.8705
99.9941
100.144
100.051
99.8646
99.8955
100.101
100.164
99.9421
99.813
99.9749
100.188
100.128
99.8266
99.8146
100.07
100.243
100.067
99.7242
99.847
100.158
100.275
100.012
99.6289
99.8783
100.237
100.304
99.9936
99.5256
99.869
100.317
100.342
100.038
99.4168
99.7602
100.403
100.408
100.167
99.36
99.4735
100.442
100.536
100.376
99.4948
98.989
100.235
100.759
100.648
99.9914
98.546
99.4127
100.905
101.016
100.912
98.8322
97.8142
100.162
101.412
102.224
100.933
96.3207
96.8466
100.411
104.151
109.028
96.806
80.3726
49.9609
21.9412
3.458
-12.0679
-4.53383
99.996
100.007
100.009
99.9817
99.9857
100.028
100.021
99.9625
99.9692
100.045
100.043
99.9508
99.9427
100.05
100.074
99.9551
99.9067
100.034
100.111
99.9864
99.8715
99.9859
100.139
100.051
99.8623
99.9029
100.127
100.14
99.9087
99.8166
100.035
100.219
100.027
99.7879
99.8754
100.189
100.214
99.8654
99.7444
99.9936
100.308
100.132
99.7133
99.772
100.118
100.387
100.019
99.5865
99.8361
100.22
100.449
99.9205
99.4618
99.9018
100.293
100.519
99.8851
99.2971
99.9309
100.352
100.604
99.9813
99.0698
99.8464
100.423
100.675
100.287
98.8609
99.4919
100.513
100.698
100.799
98.9746
98.7049
100.438
100.727
101.295
99.8979
97.7349
99.5891
100.833
101.416
101.75
97.9174
97.2812
100.357
101.134
103.525
101.459
94.7459
96.689
100.063
104.054
111.703
96.8159
78.0276
49.8962
20.2165
3.86456
-4.92771
99.9973
99.9952
100.015
100.008
99.9724
99.9881
100.039
100.018
99.9501
99.9722
100.059
100.041
99.9352
99.9431
100.066
100.077
99.9372
99.9011
100.051
100.122
99.9708
99.8565
99.9991
100.156
100.045
99.8393
99.9041
100.149
100.146
99.8926
99.7954
100.055
100.237
100.025
99.7658
99.859
100.225
100.218
99.8644
99.7119
99.9842
100.361
100.119
99.7232
99.7189
100.118
100.459
99.9853
99.6144
99.7525
100.226
100.553
99.8603
99.513
99.7852
100.283
100.687
99.7916
99.3686
99.8009
100.267
100.875
99.8714
99.1269
99.7671
100.173
101.049
100.259
98.8136
99.5628
100.047
101.014
101.073
98.7435
98.9422
99.9256
100.583
102.024
99.6843
97.8792
99.4852
99.9047
102.114
102.244
97.6484
97.799
99.2827
100.4
104.966
101.509
95.0525
97.1359
97.5183
103.851
113.946
96.671
79.7509
49.873
13.1802
4.15384
100.002
99.9923
99.998
100.018
100.002
99.9723
99.9955
100.037
100.009
99.9535
99.9844
100.055
100.026
99.9394
99.9607
100.063
100.056
99.9384
99.9247
100.053
100.097
99.9633
99.8842
100.011
100.129
100.026
99.8621
99.934
100.126
100.115
99.9025
99.8357
100.058
100.185
100.022
99.7982
99.8954
100.188
100.165
99.9056
99.7436
100.006
100.285
100.091
99.806
99.726
100.129
100.35
99.995
99.7348
99.7157
100.236
100.418
99.9004
99.6836
99.6866
100.299
100.538
99.8258
99.6295
99.6318
100.27
100.753
99.8262
99.5298
99.5722
100.077
101.029
100.05
99.3406
99.5251
99.6959
101.141
100.723
99.1683
99.3935
99.2852
100.64
101.807
99.5867
98.9517
99.1035
99.3213
102.294
101.554
98.5599
98.862
98.0325
100.25
104.596
100.765
97.5407
97.716
95.3865
103.986
112.129
96.3089
86.7821
49.9189
4.21484
100.002
99.9989
99.9939
100.004
100.011
99.9941
99.9846
100.007
100.021
99.9929
99.9737
100.006
100.032
99.998
99.9624
99.996
100.042
100.012
99.9548
99.9764
100.045
100.037
99.9583
99.9492
100.031
100.066
99.9838
99.9235
99.9946
100.079
100.036
99.9214
99.9375
100.059
100.09
99.9766
99.883
99.9912
100.109
100.066
99.9136
99.8752
100.061
100.131
100.026
99.8615
99.8844
100.132
100.135
99.9867
99.8219
99.8891
100.201
100.138
99.9541
99.7935
99.8654
100.267
100.164
99.9251
99.7806
99.7918
100.312
100.254
99.8971
99.7889
99.6703
100.269
100.448
99.9021
99.8019
99.5606
100.022
100.709
100.073
99.77
99.5709
99.5322
100.746
100.621
99.747
99.6984
99.0918
100.018
101.402
100.24
99.6966
99.2462
98.4931
101.07
102.067
99.8631
99.6562
97.7801
97.29
104.508
104.999
95.9256
95.7431
49.9783
)
;

boundaryField
{
    left
    {
        type            fixedValue;
        value           uniform 100;
    }
    right
    {
        type            zeroGradient;
    }
    up
    {
        type            zeroGradient;
    }
    down
    {
        type            fixedValue;
        value           uniform 0;
    }
    frontAndBack
    {
        type            empty;
    }
}


// ************************************************************************* //
