/*--------------------------------*- C++ -*----------------------------------*\
  =========                 |
  \\      /  F ield         | OpenFOAM: The Open Source CFD Toolbox
   \\    /   O peration     | Website:  https://openfoam.org
    \\  /    A nd           | Version:  8
     \\/     M anipulation  |
\*---------------------------------------------------------------------------*/
FoamFile
{
    version     2.0;
    format      ascii;
    class       volScalarField;
    location    "0.87";
    object      T;
}
// * * * * * * * * * * * * * * * * * * * * * * * * * * * * * * * * * * * * * //

dimensions      [0 0 0 1 0 0 0];

internalField   nonuniform List<scalar> 
10000
(
50
4.64901
-4.64897
-1.17575
1.17558
0.444853
-0.444354
-0.212158
0.211025
0.11871
-0.116568
-0.074896
0.071296
0.052568
-0.0469498
-0.0402763
0.0321858
0.0332209
-0.0220681
-0.0291971
0.0147143
0.0261547
-0.00812491
-0.0241575
0.00276435
0.0215585
0.00252928
-0.0187936
-0.00699178
0.0151333
0.010616
-0.0105517
-0.0131976
0.00551967
0.0139758
-3.26267e-05
-0.0130751
-0.00496076
0.0102417
0.00882927
-0.00583188
-0.0108732
0.000631325
0.0105125
0.00439923
-0.00777759
-0.00805687
0.00326161
0.00930842
0.00191719
-0.00778039
-0.00618976
0.00388245
0.00809618
0.00117506
-0.0069975
-0.00547529
0.00326999
0.0072188
0.00168459
-0.00576299
-0.00557496
0.00178428
0.00639993
0.00294961
-0.00391928
-0.00586634
-0.000391965
0.00508083
0.00429838
-0.00126226
-0.00545916
-0.00284082
0.00278399
0.00472536
0.00183519
-0.00342534
-0.00453983
-0.000323467
0.00328153
0.003882
0.000289287
-0.00400211
-0.00297419
0.000255738
0.00295215
0.00356078
-0.000596668
-0.00330125
-0.00212626
-0.000517772
0.00281887
0.00324366
-0.000661328
-0.00180584
-0.00220755
-0.00160856
0.00255604
0.00252638
4.9983e-05
95.3511
49.9999
10.4737
-4.64889
-2.79609
1.1751
1.10136
-0.443392
-0.541762
0.208968
0.310159
-0.113197
-0.19867
0.0658835
0.139762
-0.0390937
-0.105745
0.0213896
0.0844763
-0.00778706
-0.0703294
-0.00291568
0.0585847
0.0130978
-0.0488773
-0.0211154
0.0382296
0.0282455
-0.0273649
-0.0328825
0.0155704
0.0345979
-0.00323014
-0.0331379
-0.00819725
0.027652
0.0179688
-0.0189139
-0.0243015
0.0077555
0.02602
0.00412616
-0.0226634
-0.0143177
0.0145537
0.0206124
-0.00346182
-0.021285
-0.00782949
0.0159143
0.0162006
-0.00607101
-0.018845
-0.00517887
0.0147105
0.0139881
-0.00542676
-0.0167163
-0.00546305
0.0121109
0.0135069
-0.00252973
-0.0146452
-0.00757193
0.00812984
0.0134546
0.00204674
-0.0115621
-0.0100982
0.00258651
0.0119368
0.00725943
-0.00634175
-0.0110697
-0.00367499
0.007139
0.010663
0.000993912
-0.00846056
-0.00792826
-0.000657208
0.00873377
0.00777019
-0.00199285
-0.00691193
-0.0068388
0.000434783
0.00870122
0.00501141
-0.00109489
-0.00517644
-0.00742128
0.000867251
0.00672889
0.00359358
0.00207633
-0.00407381
-0.00768103
0.00047349
0.00299678
104.649
89.5264
49.9999
12.0941
-4.64866
-3.45248
1.17429
1.43105
-0.441767
-0.733101
0.205892
0.434071
-0.108319
-0.285942
0.0585281
0.205438
-0.0287732
-0.157469
0.00776968
0.125965
0.00957376
-0.103635
-0.0236363
0.083974
0.0369933
-0.0665629
-0.0469546
0.0477488
0.0545812
-0.028581
-0.0577499
0.0089181
0.0555695
0.0103005
-0.0480456
-0.026497
0.0347026
0.0380682
-0.017269
-0.0427495
-0.00185986
0.0392699
0.0194184
-0.0280173
-0.031594
0.011057
0.0353911
0.00760178
-0.0294756
-0.0230062
0.0153022
0.0304822
0.00276944
-0.0272016
-0.018879
0.0143078
0.0270185
0.00314718
-0.0234335
-0.0183842
0.00985269
0.0246157
0.00705573
-0.0181436
-0.0195597
0.00256931
0.0213485
0.0127375
-0.0104674
-0.0195645
-0.00652082
0.0146828
0.0174433
-0.000402338
-0.0152251
-0.0141834
0.00329469
0.0171192
0.00944588
-0.00540292
-0.0147747
-0.0096141
0.00841984
0.0137727
0.00562852
-0.00511451
-0.0145855
-0.0060577
0.0083257
0.00950682
0.00704904
-0.00401906
-0.0137756
-0.00387293
0.00374275
0.00675952
0.0103556
-0.00274224
-0.0105475
-0.00309281
101.176
104.649
87.906
49.9998
12.7506
-4.6483
-3.78205
1.17299
1.62256
-0.439408
-0.856979
0.201568
0.521661
-0.1018
-0.351952
0.0490216
0.257673
-0.0158347
-0.199918
-0.00869171
0.160087
0.0300326
-0.130543
-0.0470996
0.102912
0.0631649
-0.0776471
-0.0739523
0.0503632
0.0805687
-0.0228702
-0.0804572
-0.00405115
0.0723441
0.0288744
-0.0569948
-0.0477167
0.0346591
0.0582741
-0.00840056
-0.0582798
-0.0174232
0.0468828
0.0380455
-0.0260852
-0.0486744
0.00041833
0.0462167
0.023737
-0.0309283
-0.0395785
0.00727232
0.0417315
0.0172865
-0.0290713
-0.0343663
0.00652711
0.0368695
0.0171231
-0.0233352
-0.0323311
0.00051502
0.0314051
0.0207466
-0.0141686
-0.0306741
-0.00907359
0.0232992
0.0248236
-0.00175673
-0.0253634
-0.0193664
0.0105935
0.0249319
0.0113619
-0.0130182
-0.0246005
-0.00582006
0.0170544
0.0188654
0.00454943
-0.0175512
-0.0192273
0.0016353
0.0143406
0.0163624
0.00210652
-0.0182788
-0.0130004
0.000524511
0.0101131
0.0174933
0.000959731
-0.0143421
-0.00883344
-0.0060549
0.00695425
0.017852
0.00114315
-0.00609946
98.8243
102.796
104.649
87.2497
49.9997
13.0803
-4.64773
-3.9734
1.17114
1.74676
-0.436156
-0.944623
0.195874
0.588235
-0.0934408
-0.40486
0.0372289
0.300969
-0.000164982
-0.235631
-0.0280242
0.188271
0.0534136
-0.151725
-0.0730237
0.115802
0.0909841
-0.0822907
-0.101327
0.0463713
0.105179
-0.0107585
-0.0998833
-0.0224499
0.0839372
0.0511127
-0.059309
-0.0701034
0.0274516
0.0766559
0.00693086
-0.0690947
-0.0373377
0.0476732
0.0577566
-0.0167473
-0.0630655
-0.0162252
0.0510475
0.0426939
-0.0248409
-0.0546364
-0.00737114
0.0473496
0.0352006
-0.0233669
-0.0483803
-0.00776318
0.0406487
0.0339542
-0.0155704
-0.0437215
-0.0143894
0.0310407
0.0354887
-0.00275305
-0.0373278
-0.0240065
0.0171792
0.0347778
0.0130341
-0.0248707
-0.0316164
-0.000697504
0.0263474
0.0258686
-0.00435161
-0.0300665
-0.0177494
0.00853374
0.0258793
0.0181108
-0.013805
-0.0245789
-0.0107595
0.0080948
0.0257281
0.0118709
-0.0140644
-0.0168929
-0.0130603
0.00605394
0.0244261
0.00772929
-0.00616971
-0.0116067
-0.0188087
0.00379826
0.0186866
0.00585677
99.5553
98.8246
103.453
104.648
86.9201
49.9995
13.2719
-4.64695
-4.09743
1.16862
1.83492
-0.431924
-1.01139
0.188634
0.641997
-0.0830888
-0.449263
0.0230417
0.33791
0.0183526
-0.266135
-0.0501221
0.211226
0.0795692
-0.167592
-0.100951
0.122782
0.119809
-0.0806495
-0.128218
0.0361209
0.127375
0.00712073
-0.11502
-0.0452054
0.0895479
0.0755097
-0.0546325
-0.0918761
0.0134358
0.0914111
0.0275361
-0.0737584
-0.0596796
0.0410459
0.076207
-0.000604606
-0.0725187
-0.03711
0.0485256
0.0618573
-0.0113758
-0.0653609
-0.0269661
0.0455524
0.0536406
-0.0102152
-0.0576799
-0.0266941
0.0365536
0.0504268
-0.000824453
-0.0491016
-0.032356
0.0222303
0.0478295
0.0141413
-0.0364238
-0.0387431
0.00286127
0.0395543
0.0301978
-0.0165736
-0.0389539
-0.017618
0.0203299
0.0383581
0.00906955
-0.0267002
-0.0293789
-0.00702986
0.0273619
0.0300234
-0.00262815
-0.0224144
-0.0254498
-0.00328786
0.0285518
0.0202868
-0.000909486
-0.0157613
-0.0272776
-0.00149385
0.0224401
0.0137513
0.00941606
-0.010854
-0.0278748
-0.00175981
0.00953602
100.444
98.8989
98.8252
103.783
104.648
86.7288
49.9993
13.3964
-4.6459
-4.18538
1.16533
1.90246
-0.426588
-1.06551
0.179719
0.687586
-0.0705887
-0.487873
0.00637549
0.370021
0.0397642
-0.292281
-0.0748778
0.229345
0.108217
-0.178283
-0.130411
0.123957
0.148899
-0.0728727
-0.153746
0.0200468
0.146169
0.0299705
-0.124969
-0.0711152
0.088628
0.100466
-0.0429572
-0.111289
-0.00663788
0.100982
0.0518442
-0.0712705
-0.0823372
0.0270473
0.0911258
0.0210774
-0.0752173
-0.0600305
0.03815
0.078452
0.0084191
-0.0693782
-0.049196
0.0356663
0.0693855
0.00919673
-0.0596076
-0.0476501
0.0242728
0.0629501
0.0190143
-0.0459086
-0.0503256
0.00570227
0.0542374
0.0332909
-0.0261511
-0.0499671
-0.0173128
0.0368543
0.0449357
-0.000416961
-0.0385676
-0.0364484
0.00761357
0.0436038
0.0245775
-0.0133832
-0.0374379
-0.0250736
0.0209329
0.0352974
0.0146126
-0.0125545
-0.037096
-0.0160734
0.021005
0.0242515
0.0181749
-0.00966051
-0.0352056
-0.0102944
0.00939945
0.0170086
0.0266565
-0.00647402
-0.0269438
-0.00807273
100.212
100.443
98.5693
98.8261
103.974
104.647
86.6047
49.999
13.4849
-4.64459
-4.25266
1.16116
1.95768
-0.420051
-1.1117
0.169001
0.727742
-0.0557873
-0.522352
-0.012791
0.398142
0.0641228
-0.314575
-0.102081
0.242746
0.139045
-0.183842
-0.160854
0.119405
0.177462
-0.0591561
-0.17704
-0.00128959
0.160636
0.0568573
-0.128998
-0.0988615
0.0809079
0.124343
-0.0246169
-0.126734
-0.0316314
0.104115
0.0780162
-0.0611441
-0.103153
0.00638651
0.100441
0.0465366
-0.0700045
-0.0824823
0.0203138
0.0897757
0.0328238
-0.0651793
-0.0712091
0.0181405
0.0792445
0.0329192
-0.0527173
-0.0673829
0.00491646
0.0680736
0.0413793
-0.0333052
-0.0648646
-0.01601
0.0516182
0.0512115
-0.00689576
-0.0549089
-0.0389067
0.0252656
0.0530163
0.0216469
-0.0298613
-0.0517396
-0.00972632
0.0378368
0.0391511
0.0072913
-0.0387173
-0.039596
0.00572882
0.0313813
0.0338205
0.00224183
-0.0398132
-0.0263153
0.00274242
0.0225124
0.0365007
-0.00011254
-0.0311524
-0.0181004
-0.0117566
0.0163814
0.0374918
0.000731712
-0.0134578
99.7887
100.542
100.442
98.3781
98.8276
104.099
104.645
86.5167
49.9985
13.553
-4.64299
-4.30754
1.15602
2.00533
-0.412206
-1.15277
0.156376
0.764126
-0.038542
-0.553723
-0.0344536
0.422724
0.091427
-0.333263
-0.131491
0.251439
0.171653
-0.184238
-0.191701
0.109241
0.204671
-0.0397788
-0.197244
-0.0272142
0.169968
0.0867082
-0.126573
-0.127038
0.066393
0.145552
-0.000312522
-0.136785
-0.0600848
0.0999155
0.104089
-0.043503
-0.119991
-0.019682
0.102479
0.0736657
-0.056567
-0.101751
-0.00388236
0.0936047
0.0595655
-0.0523694
-0.0897446
-0.00575148
0.0807096
0.0583539
-0.037083
-0.0821756
-0.0195052
0.0633801
0.0632746
-0.0125546
-0.0722988
-0.0394827
0.0382757
0.0648187
0.0183165
-0.0512921
-0.0567715
0.00475987
0.0521392
0.0452717
-0.0140541
-0.0577704
-0.0291066
0.0206169
0.0494809
0.0296743
-0.0305033
-0.0456572
-0.0165582
0.0190941
0.0486164
0.0178025
-0.029551
-0.0314264
-0.0219147
0.0155439
0.045949
0.0109077
-0.0137255
-0.0231411
-0.0334553
0.0114932
0.035207
0.00943225
99.8816
99.7904
100.734
100.439
98.2541
98.8295
104.187
104.643
86.4494
49.9979
13.6091
-4.64111
-4.35477
1.14978
2.0483
-0.402949
-1.19049
0.141766
0.797729
-0.0186954
-0.582646
-0.0585424
0.443933
0.121664
-0.348458
-0.162809
0.255355
0.205579
-0.179413
-0.222348
0.0936499
0.229675
-0.0151134
-0.213548
-0.0569462
0.173512
0.118314
-0.117358
-0.154214
0.0453826
0.162626
0.0288877
-0.140225
-0.0903484
0.087972
0.128039
-0.0190674
-0.13084
-0.0495388
0.0962355
0.100029
-0.0353688
-0.115162
-0.032825
0.0886357
0.085775
-0.0315125
-0.101579
-0.0341541
0.0725949
0.082163
-0.0139988
-0.0884621
-0.0465361
0.0483599
0.0811722
0.0134761
-0.0693278
-0.0613746
0.0149684
0.0714146
0.044468
-0.0374732
-0.0668132
-0.022445
0.0422062
0.0642402
0.00680082
-0.0507661
-0.0476396
-0.00447085
0.0519051
0.0472341
-0.0116603
-0.041351
-0.0409885
0.00185727
0.0521438
0.030451
-0.00651353
-0.0306249
-0.0447032
0.00462338
0.0404818
0.0215657
0.0126256
-0.0240026
-0.046307
0.00252754
0.0179471
100.116
99.6903
99.7932
100.858
100.436
98.1664
98.832
104.255
104.641
86.3945
49.9971
13.658
-4.63895
-4.39721
1.14237
2.0884
-0.392167
-1.226
0.125123
0.829123
0.00391127
-0.60954
-0.0849462
0.46176
0.15478
-0.360167
-0.195699
0.25441
0.240288
-0.169297
-0.252189
0.0729069
0.251619
0.0143663
-0.225212
-0.089601
0.170793
0.150352
-0.101221
-0.179005
0.0185043
0.174231
0.0616301
-0.136132
-0.120672
0.0684365
0.147799
0.0110061
-0.134065
-0.081238
0.0814831
0.122922
-0.00742001
-0.120559
-0.0643382
0.0745958
0.108114
-0.00378884
-0.104272
-0.0645191
0.0551537
0.100437
0.0146113
-0.0838638
-0.0732332
0.0245857
0.0910963
0.0413749
-0.0542203
-0.0787551
-0.0147658
0.068441
0.0661964
-0.0132475
-0.0670995
-0.051376
0.0245191
0.0722547
0.0304257
-0.0308086
-0.0617393
-0.0309459
0.0429837
0.0551858
0.0158903
-0.0281828
-0.0599304
-0.0161888
0.0399324
0.0381246
0.0236881
-0.0242335
-0.0562786
-0.00893627
0.0193714
0.030024
0.0386472
-0.0194218
-0.0432129
-0.00962646
100.075
100.113
99.5665
99.797
100.946
100.431
98.0995
98.8351
104.311
104.638
86.3472
49.9961
13.7026
-4.6365
-4.43666
1.13367
2.12677
-0.379731
-1.26007
0.106443
0.858586
0.029457
-0.63469
-0.113496
0.476071
0.19069
-0.368333
-0.229801
0.248534
0.275175
-0.153836
-0.280618
0.0473824
0.269668
0.0480758
-0.231585
-0.124191
0.16151
0.181457
-0.0782883
-0.200088
-0.0133106
0.179202
0.0963901
-0.124016
-0.149185
0.0419421
0.161414
0.045232
-0.128659
-0.112438
0.0586115
0.139704
0.0257953
-0.116681
-0.0955588
0.0519694
0.123329
0.0290845
-0.0967158
-0.0934062
0.029622
0.109461
0.0464586
-0.0680133
-0.0958721
-0.00500594
0.0894196
0.0679947
-0.0279471
-0.0887679
-0.0455217
0.0537671
0.0795519
0.0189828
-0.0577092
-0.075007
0.000751975
0.0654319
0.0540319
-0.00224863
-0.0669095
-0.0519786
0.0210512
0.0521585
0.0462561
-0.00974884
-0.0653249
-0.031934
0.0126591
0.0401289
0.0512188
-0.0126855
-0.0502306
-0.0237229
-0.0115538
0.0339863
0.0537297
-0.00851743
-0.0229832
99.9283
100.199
100.108
99.4792
99.8021
101.013
100.425
98.0452
98.8388
104.36
104.634
86.3047
49.9947
13.7449
-4.63379
-4.47428
1.12361
2.16415
-0.36549
-1.29324
0.0857681
0.886184
0.0581344
-0.658289
-0.143979
0.486656
0.229255
-0.372844
-0.264745
0.237713
0.309564
-0.133004
-0.307034
0.0175286
0.283062
0.0852837
-0.232093
-0.159673
0.145566
0.210271
-0.0489925
-0.216177
-0.0489378
0.176673
0.131484
-0.103871
-0.173912
0.0094528
0.167315
0.0817382
-0.114273
-0.140495
0.0284396
0.148271
0.062162
-0.103156
-0.12311
0.0217136
0.128999
0.064597
-0.0791169
-0.116699
-0.00233007
0.106812
0.0786257
-0.0425681
-0.110056
-0.0371984
0.0742439
0.0904814
0.00560747
-0.0883023
-0.071848
0.0268267
0.0828354
0.0536145
-0.0396471
-0.0863888
-0.0273286
0.0442376
0.0735076
0.0278534
-0.0586017
-0.0630562
-0.0117899
0.0400097
0.0703266
0.010341
-0.0521503
-0.0437828
-0.0227893
0.0360159
0.0655242
0.00372439
-0.026423
-0.0374598
-0.0414974
0.0306408
0.0504663
0.00832086
99.9478
99.9333
100.287
100.101
99.413
99.8085
101.069
100.418
97.9987
98.8431
104.405
104.63
86.2653
49.9929
13.7861
-4.63081
-4.51085
1.11214
2.20099
-0.349256
-1.32593
0.0632025
0.911817
0.0901571
-0.680479
-0.176138
0.49327
0.270272
-0.373535
-0.300178
0.22202
0.342698
-0.1068
-0.330864
-0.0161115
0.291135
0.125103
-0.226232
-0.195005
0.123123
0.235439
-0.0140384
-0.226081
-0.0871252
0.166193
0.16505
-0.076091
-0.192943
-0.027779
0.164514
0.11821
-0.0910704
-0.162789
-0.00778559
0.147367
0.0988056
-0.0802423
-0.143665
-0.0147262
0.124022
0.0991976
-0.052493
-0.130441
-0.0387252
0.0921548
0.107144
-0.0103661
-0.111658
-0.0691602
0.0466211
0.105679
0.0407688
-0.0744606
-0.0899909
-0.00989167
0.0760735
0.0827424
-0.013845
-0.0814599
-0.0570386
0.0136262
0.0831406
0.0526284
-0.0343931
-0.0632878
-0.0485403
0.0220026
0.0786693
0.0298384
-0.0215481
-0.0507144
-0.0550284
0.0247918
0.0598418
0.0239903
0.00800221
-0.0463053
-0.0587936
0.0176254
0.0283675
100.047
99.8608
99.9403
100.353
100.093
99.3597
99.8164
101.116
100.409
97.9574
98.8481
104.447
104.624
86.2278
49.9905
13.8272
-4.62757
-4.54693
1.09923
2.23754
-0.330801
-1.35851
0.0389131
0.935258
0.125752
-0.701367
-0.209689
0.495659
0.313466
-0.370196
-0.33577
0.201624
0.37376
-0.0752699
-0.351572
-0.0529081
0.293335
0.166521
-0.213608
-0.22916
0.094605
0.255645
0.0256401
-0.228794
-0.126499
0.147743
0.195099
-0.0413964
-0.204636
-0.0681664
0.152632
0.151976
-0.0595859
-0.17715
-0.0482122
0.136567
0.132247
-0.0485518
-0.154703
-0.0550633
0.108539
0.128503
-0.0181129
-0.132029
-0.0768129
0.0671443
0.127087
0.0257377
-0.0984485
-0.0981746
0.0106773
0.109701
0.0721349
-0.0461042
-0.0984635
-0.0501489
0.0596208
0.0987492
0.0186992
-0.0610331
-0.0835115
-0.019048
0.0769397
0.0680795
0.00340215
-0.0545645
-0.0784495
0.000669162
0.0657352
0.0475722
0.0183061
-0.0509182
-0.0724148
0.00537099
0.0347412
0.0449704
0.0408734
-0.0452695
-0.0559992
-0.00510209
100.041
100.039
99.7951
99.9492
100.407
100.082
99.3148
99.8258
101.159
100.398
97.9196
98.8536
104.488
104.617
86.1915
49.9876
13.8688
-4.62403
-4.58294
1.08491
2.27386
-0.309841
-1.39131
0.0131334
0.956178
0.165147
-0.72102
-0.244345
0.493609
0.358458
-0.362561
-0.371232
0.176798
0.401899
-0.0385376
-0.36863
-0.0921836
0.289256
0.208409
-0.193961
-0.261122
0.06066
0.26967
0.0689117
-0.223578
-0.165549
0.121683
0.219649
-0.000787089
-0.207826
-0.109688
0.131738
0.180326
-0.0207302
-0.1822
-0.09015
0.115926
0.159018
-0.00912932
-0.155026
-0.095757
0.0832495
0.148272
0.022503
-0.121057
-0.112394
0.0343134
0.133752
0.0633964
-0.0714739
-0.120652
-0.0278698
0.098653
0.0963383
-0.00577482
-0.096981
-0.0852032
0.0332176
0.0975293
0.0553931
-0.0304699
-0.0994569
-0.0473771
0.0516338
0.0738214
0.0465423
-0.0391863
-0.0907788
-0.0229993
0.0332386
0.0618223
0.0546446
-0.0413183
-0.0681915
-0.0216368
-0.00135599
0.0606465
0.0599699
-0.0301669
-0.033654
99.9673
100.106
100.028
99.7431
99.9604
100.452
100.068
99.2756
99.8367
101.199
100.385
97.8841
98.8596
104.529
104.609
86.156
49.984
13.9112
-4.62015
-4.61922
1.06927
2.30989
-0.28603
-1.42466
-0.0138381
0.974176
0.208556
-0.739461
-0.279841
0.486979
0.404754
-0.350303
-0.406329
0.14792
0.426257
0.00316789
-0.381514
-0.133243
0.278671
0.249552
-0.167215
-0.289866
0.0220872
0.2765
0.114458
-0.210031
-0.202586
0.0885853
0.237005
0.0443446
-0.201848
-0.149878
0.102091
0.20106
0.023869
-0.177247
-0.130173
0.0855903
0.176589
0.0359234
-0.144481
-0.132225
0.0487635
0.15585
0.066723
-0.0989533
-0.139933
-0.00423623
0.124666
0.0999884
-0.0349456
-0.131606
-0.0641096
0.0707751
0.112098
0.0396144
-0.0846695
-0.107025
-0.00319189
0.080308
0.0902844
0.00315486
-0.0971887
-0.0683342
0.00985566
0.0713179
0.0826668
-0.0178429
-0.0796552
-0.0482974
-0.00943069
0.0686515
0.0752574
-0.0189733
-0.043861
-0.0518068
-0.0354664
0.0631657
0.0585098
-0.000484524
99.9671
99.9778
100.159
100.015
99.7
99.9739
100.492
100.053
99.2405
99.8492
101.237
100.369
97.8504
98.866
104.571
104.599
86.121
49.9797
13.9549
-4.61581
-4.65611
1.05245
2.3454
-0.25896
-1.45891
-0.041651
0.988806
0.256155
-0.756644
-0.31597
0.475739
0.451722
-0.333035
-0.440876
0.115453
0.446021
0.0494601
-0.389653
-0.175438
0.26158
0.28866
-0.1335
-0.314319
-0.0202893
0.275496
0.160659
-0.187995
-0.235847
0.049148
0.246048
0.0919458
-0.186236
-0.186222
0.0642146
0.212851
0.0714549
-0.161711
-0.164927
0.0460943
0.18382
0.0828529
-0.123018
-0.160125
0.00593999
0.150901
0.109877
-0.0675003
-0.154173
-0.046948
0.100995
0.131179
0.00576644
-0.125905
-0.0954298
0.028776
0.11842
0.0806248
-0.0595093
-0.111771
-0.0469954
0.0525197
0.114123
0.0346037
-0.0725861
-0.0819844
-0.0388447
0.0610682
0.0999213
0.0102264
-0.0474784
-0.0722099
-0.0485852
0.062073
0.0738735
0.0158403
-0.00876471
-0.0761128
-0.0556985
0.0460309
0.0382289
100.022
99.9158
99.9912
100.202
99.9993
99.6633
99.9897
100.528
100.034
99.2085
99.8632
101.274
100.351
97.8182
98.8728
104.614
104.588
86.0862
49.9746
13.9999
-4.61088
-4.69394
1.0347
2.38007
-0.22816
-1.49444
-0.0699205
0.999615
0.308048
-0.772431
-0.352612
0.460003
0.498581
-0.310299
-0.474752
0.0799408
0.460448
0.0997795
-0.392415
-0.218228
0.238286
0.324309
-0.0930682
-0.333473
-0.0656001
0.266465
0.205522
-0.157355
-0.263844
0.00444059
0.246149
0.139355
-0.160485
-0.21679
0.0194619
0.214888
0.118425
-0.134874
-0.192117
-0.000705101
0.180306
0.126756
-0.0902234
-0.176909
-0.0427787
0.134559
0.145717
-0.0276702
-0.152485
-0.0913286
0.0668941
0.150651
0.0466618
-0.101168
-0.120719
-0.0198118
0.112696
0.109167
-0.0202495
-0.101053
-0.090869
0.0203042
0.117468
0.0621477
-0.0287298
-0.0887944
-0.0806298
0.0411913
0.0924358
0.0445475
-0.00465408
-0.0878147
-0.0720716
0.0370525
0.0530053
0.0566786
0.0240562
-0.0831386
-0.0564774
0.00859455
100.029
100.008
99.8742
100.007
100.238
99.9804
99.6316
100.008
100.561
100.013
99.179
99.8787
101.312
100.331
97.7872
98.8798
104.659
104.574
86.0515
49.9687
14.0465
-4.60511
-4.7331
1.01632
2.41349
-0.193111
-1.53163
-0.0982571
1.00618
0.36424
-0.786575
-0.389753
0.44003
0.544423
-0.281606
-0.507873
0.041984
0.468871
0.153436
-0.389185
-0.261099
0.209305
0.355028
-0.0462638
-0.346537
-0.11275
0.249414
0.246975
-0.118158
-0.28551
-0.0438337
0.236733
0.183928
-0.12445
-0.240311
-0.0296604
0.20621
0.16141
-0.0965887
-0.210578
-0.0511539
0.165314
0.163239
-0.0462327
-0.182139
-0.0924916
0.107676
0.168617
0.0197959
-0.13597
-0.132302
0.0269398
0.152183
0.085999
-0.0602307
-0.137924
-0.0653431
0.0909628
0.121954
0.0303008
-0.0798747
-0.12363
-0.01291
0.0956328
0.0861567
0.0235711
-0.0867225
-0.103127
0.00900627
0.063546
0.0801951
0.0348517
-0.0858329
-0.0748019
-0.00598358
0.0226262
0.0908815
0.0439514
-0.0643154
-0.0410138
99.985
100.071
99.9903
99.8399
100.026
100.269
99.9585
99.6039
100.028
100.591
99.9883
99.1519
99.8957
101.349
100.307
97.7574
98.887
104.705
104.559
86.0168
49.9622
14.0944
-4.59823
-4.774
0.997703
2.44514
-0.153271
-1.57081
-0.126316
1.00816
0.42459
-0.798677
-0.427505
0.416214
0.588261
-0.246515
-0.540082
0.00211854
0.470811
0.209558
-0.37939
-0.303472
0.175172
0.379557
0.00624798
-0.352788
-0.160461
0.224387
0.283272
-0.0710569
-0.299832
-0.0936147
0.217209
0.223611
-0.0790587
-0.255521
-0.0800734
0.185707
0.198135
-0.0484005
-0.219247
-0.100685
0.137645
0.189864
0.00662925
-0.176115
-0.136772
0.0699872
0.176001
0.0723203
-0.108125
-0.162407
-0.0163059
0.133077
0.122582
-0.0108262
-0.142293
-0.100435
0.0508604
0.12089
0.0833743
-0.0525247
-0.134456
-0.0471761
0.052357
0.105512
0.0696908
-0.0706542
-0.101275
-0.0350816
0.0242808
0.106778
0.0602348
-0.0591894
-0.0607686
-0.058195
-0.00525703
0.103562
0.0478681
-0.0193941
99.9739
100.002
100.105
99.9697
99.8116
100.048
100.296
99.9336
99.5798
100.051
100.62
99.9606
99.127
99.9142
101.387
100.28
97.7288
98.8943
104.754
104.542
85.9819
49.955
14.1436
-4.58984
-4.81713
0.979292
2.47447
-0.108105
-1.61228
-0.153838
1.00536
0.488749
-0.808142
-0.466142
0.389117
0.629026
-0.204661
-0.571096
-0.0392772
0.466105
0.266953
-0.362374
-0.344791
0.136449
0.396974
0.0632792
-0.351319
-0.207584
0.191667
0.313027
-0.0175275
-0.305449
-0.143099
0.187482
0.256827
-0.0265421
-0.260546
-0.12919
0.15304
0.227184
0.00613285
-0.216142
-0.145539
0.0969314
0.206022
0.0631109
-0.158072
-0.170149
0.0213409
0.168962
0.123785
-0.0719455
-0.174517
-0.062347
0.0964164
0.152766
0.0378654
-0.127513
-0.122889
-0.00447733
0.109897
0.125878
-0.0195519
-0.11841
-0.0830938
-0.000637067
0.114603
0.0977236
-0.0354952
-0.0794381
-0.083747
-0.0125086
0.11117
0.0687456
-0.00845959
-0.0396955
-0.103072
-0.0232837
0.0839866
0.0410289
100.008
99.9412
100.023
100.132
99.9462
99.7884
100.073
100.319
99.9057
99.5591
100.076
100.648
99.9295
99.1043
99.9339
101.426
100.249
97.7015
98.9016
104.805
104.522
85.9466
49.9474
14.1939
-4.57951
-4.86299
0.961578
2.50087
-0.0571116
-1.65622
-0.180664
0.99773
0.556167
-0.8142
-0.506083
0.359456
0.665577
-0.155761
-0.600537
-0.081939
0.454886
0.324133
-0.337394
-0.384617
0.0938451
0.406603
0.123194
-0.341026
-0.253293
0.152086
0.334935
0.0403866
-0.300728
-0.191089
0.148572
0.281858
0.0301666
-0.25313
-0.175521
0.109739
0.246882
0.062476
-0.198613
-0.183939
0.0454509
0.211244
0.116336
-0.125894
-0.190407
-0.0356817
0.150333
0.165279
-0.0279754
-0.165674
-0.109967
0.0500669
0.169122
0.079651
-0.0899272
-0.134874
-0.0646169
0.0905178
0.145689
0.0212766
-0.0799364
-0.1171
-0.0485508
0.104224
0.103833
0.0180525
-0.0483755
-0.122157
-0.038631
0.0839832
0.0654383
0.0544978
-0.0205578
-0.121563
-0.0318025
0.0322465
100.024
99.987
99.9155
100.047
100.153
99.9199
99.7701
100.1
100.338
99.8748
99.5416
100.104
100.673
99.895
99.0839
99.955
101.466
100.215
97.6755
98.9089
104.859
104.501
85.9109
49.9397
14.245
-4.56675
-4.91211
0.945043
2.52381
0.000102424
-1.70269
-0.206792
0.985399
0.626098
-0.815955
-0.547816
0.328001
0.696831
-0.0997095
-0.627904
-0.125706
0.437518
0.379451
-0.303756
-0.422577
0.0482363
0.407913
0.184165
-0.320892
-0.297008
0.107096
0.347532
0.100641
-0.284396
-0.236739
0.102696
0.29638
0.0885271
-0.231832
-0.218154
0.0593267
0.254416
0.117024
-0.165194
-0.21549
-0.0113865
0.203476
0.160784
-0.0782496
-0.19868
-0.0941811
0.121556
0.188845
0.0246145
-0.139154
-0.153903
0.00243058
0.163071
0.113608
-0.0332477
-0.138786
-0.114757
0.0600669
0.13815
0.0702172
-0.0315185
-0.139369
-0.0806553
0.0673755
0.0933815
0.0791771
-0.0189216
-0.133306
-0.0538616
0.0271908
0.0586123
0.108354
-0.00664045
-0.101399
-0.0368412
99.9971
100.049
99.963
99.8962
100.073
100.17
99.8911
99.7563
100.129
100.354
99.8412
99.5276
100.133
100.698
99.8569
99.0659
99.9772
101.506
100.177
97.651
98.9162
104.915
104.477
85.8743
49.9321
14.2964
-4.55107
-4.96499
0.930132
2.54281
0.063791
-1.75156
-0.232422
0.968731
0.697596
-0.812404
-0.59186
0.295493
0.721867
-0.0366527
-0.652523
-0.170533
0.414504
0.431303
-0.261028
-0.4582
0.00053898
0.400469
0.244504
-0.290435
-0.33794
0.0583359
0.349329
0.161636
-0.256344
-0.278642
0.0523141
0.297924
0.147001
-0.197335
-0.25522
0.00570792
0.246536
0.16821
-0.117697
-0.238902
-0.0671745
0.179363
0.194653
-0.0177452
-0.196617
-0.144751
0.0811448
0.191887
0.0842715
-0.102303
-0.184437
-0.0424463
0.130548
0.14205
0.0306274
-0.132771
-0.142952
0.0143258
0.109097
0.120766
0.0130521
-0.137219
-0.0957098
0.00620626
0.0766016
0.128962
0.00453993
-0.107485
-0.0647015
-0.0432631
0.0536718
0.13161
0.00611296
-0.0458383
99.9782
100.021
100.067
99.9367
99.8829
100.101
100.18
99.8602
99.7471
100.161
100.366
99.8049
99.5169
100.165
100.721
99.8154
99.0504
100.001
101.548
100.135
97.6279
98.9235
104.973
104.451
85.8367
49.9249
14.3479
-4.53196
-5.0221
0.917202
2.55753
0.134036
-1.80247
-0.257972
0.948284
0.769555
-0.802487
-0.638668
0.262517
0.740048
0.0328837
-0.673433
-0.216539
0.386431
0.478292
-0.2093
-0.490538
-0.0486994
0.384204
0.302626
-0.249947
-0.374514
0.00675928
0.339647
0.221751
-0.217647
-0.314121
-0.00130841
0.285433
0.204048
-0.152242
-0.282896
-0.049098
0.221915
0.215145
-0.0611733
-0.250111
-0.118009
0.137179
0.218902
0.0479767
-0.182751
-0.18016
0.0268846
0.178185
0.143603
-0.0609288
-0.19141
-0.0860819
0.0763932
0.164884
0.0867013
-0.10984
-0.146581
-0.0465008
0.0708326
0.158819
0.0469614
-0.102332
-0.100944
-0.0653604
0.0601647
0.148425
0.0267391
-0.0489463
-0.0779132
-0.103519
0.047448
0.113623
0.0265985
99.9976
99.9612
100.047
100.079
99.9088
99.8754
100.131
100.186
99.8276
99.7425
100.195
100.374
99.7663
99.5098
100.198
100.741
99.7705
99.0376
100.025
101.591
100.089
97.6064
98.931
105.034
104.424
85.7978
49.9185
14.3991
-4.50895
-5.0838
0.906485
2.56777
0.210705
-1.85483
-0.284077
0.924825
0.840683
-0.785098
-0.688595
0.229487
0.75107
0.107881
-0.689241
-0.264168
0.354171
0.519046
-0.149146
-0.518051
-0.0995955
0.359949
0.35641
-0.199973
-0.404605
-0.0475914
0.319417
0.278145
-0.169358
-0.340031
-0.0581873
0.260417
0.25622
-0.0990371
-0.296714
-0.105229
0.183097
0.254694
-0.00108359
-0.243522
-0.163858
0.0802433
0.23324
0.109052
-0.152098
-0.199144
-0.0390934
0.153899
0.189921
-0.0151494
-0.170566
-0.13082
0.0135489
0.175067
0.12455
-0.062949
-0.132596
-0.112309
0.0335532
0.167538
0.0730601
-0.0378752
-0.103815
-0.125053
0.0411031
0.127516
0.0558143
0.0242782
-0.0914155
-0.131639
0.0286354
0.0592881
100.019
99.9717
99.9514
100.075
100.083
99.8798
99.8738
100.162
100.186
99.7937
99.7425
100.23
100.379
99.7257
99.5062
100.234
100.76
99.7223
99.0275
100.051
101.634
100.038
97.5864
98.9387
105.097
104.394
85.7574
49.9131
14.4496
-4.48168
-5.15034
0.898101
2.57348
0.293468
-1.90787
-0.311495
0.89926
0.909583
-0.759157
-0.741938
0.196783
0.754794
0.18704
-0.698386
-0.314065
0.318993
0.55196
-0.0811805
-0.539247
-0.152417
0.3293
0.402985
-0.140633
-0.426714
-0.104476
0.290643
0.326657
-0.11149
-0.354679
-0.117763
0.226016
0.297975
-0.0383425
-0.294586
-0.162401
0.135557
0.280536
0.0599007
-0.216294
-0.205968
0.0171693
0.2332
0.158607
-0.100775
-0.205825
-0.107001
0.12188
0.211272
0.0387463
-0.127735
-0.173001
-0.0431561
0.160875
0.143257
0.0062201
-0.111557
-0.163628
-0.000584764
0.137332
0.0983421
0.0384181
-0.10392
-0.151175
0.0103123
0.0720255
0.0925264
0.0857172
-0.0925682
-0.116674
-0.0111845
100.007
100.028
99.9451
99.9485
100.103
100.082
99.8505
99.8778
100.194
100.181
99.7593
99.7472
100.266
100.378
99.6836
99.5063
100.271
100.777
99.671
99.0202
100.079
101.678
99.9841
97.5679
98.9468
105.162
104.364
85.7152
49.909
14.4993
-4.44994
-5.2218
0.891994
2.57481
0.381814
-1.96074
-0.341012
0.872472
0.975027
-0.72388
-0.798749
0.164616
0.751261
0.269065
-0.699617
-0.366571
0.282018
0.575653
-0.00603384
-0.553212
-0.206818
0.293607
0.439777
-0.0719817
-0.440511
-0.162364
0.254763
0.36362
-0.0437522
-0.358599
-0.177202
0.18443
0.324358
0.0303368
-0.278381
-0.217106
0.0839301
0.28629
0.12228
-0.171748
-0.242561
-0.0426756
0.212031
0.19632
-0.0319433
-0.204662
-0.162634
0.0792963
0.204414
0.101828
-0.0764748
-0.201117
-0.0855823
0.114925
0.15054
0.0828756
-0.0897736
-0.181453
-0.0370915
0.0751686
0.12596
0.100533
-0.0925788
-0.135614
-0.0379173
0.00468387
0.126297
0.112426
-0.067947
-0.0675989
99.9846
100.033
100.029
99.9188
99.9523
100.13
100.074
99.8217
99.8875
100.226
100.17
99.7248
99.7565
100.304
100.373
99.6403
99.51
100.31
100.79
99.617
99.0156
100.108
101.722
99.9259
97.5509
98.9554
105.229
104.331
85.6711
49.9063
14.548
-4.41364
-5.2981
0.887862
2.5722
0.475019
-2.01241
-0.37354
0.845294
1.03605
-0.678873
-0.858605
0.132645
0.740985
0.352509
-0.691914
-0.421541
0.243617
0.589671
0.0750755
-0.559125
-0.261899
0.253215
0.465732
0.00481793
-0.445774
-0.218852
0.211636
0.387839
0.0324572
-0.352772
-0.232044
0.135192
0.334168
0.105671
-0.251649
-0.262757
0.0285855
0.270259
0.186297
-0.117662
-0.266795
-0.0954908
0.166371
0.226318
0.0431655
-0.19435
-0.19591
0.0207519
0.177305
0.166881
-0.0285983
-0.201268
-0.117239
0.0420481
0.155051
0.145251
-0.0633897
-0.159877
-0.0836194
0.00278707
0.149731
0.129903
-0.0577302
-0.0910881
-0.0998456
-0.047297
0.139875
0.101259
-0.0118959
99.9893
99.984
100.059
100.023
99.8937
99.9624
100.156
100.06
99.7942
99.9026
100.257
100.154
99.691
99.7704
100.342
100.363
99.5965
99.5173
100.351
100.801
99.5606
99.0137
100.138
101.767
99.8639
97.5353
98.9647
105.298
104.297
85.625
49.9052
14.5956
-4.37277
-5.37904
0.885242
2.56618
0.572235
-2.06163
-0.410108
0.81854
1.09175
-0.623929
-0.920655
0.100014
0.724954
0.435501
-0.674068
-0.478575
0.203514
0.594506
0.159841
-0.555369
-0.316927
0.20787
0.481259
0.0866641
-0.440707
-0.272229
0.160492
0.400431
0.112645
-0.335771
-0.27885
0.0765763
0.330118
0.181846
-0.215101
-0.293166
-0.0334201
0.237105
0.24696
-0.0601497
-0.269477
-0.144605
0.101005
0.249646
0.110707
-0.166141
-0.207047
-0.0541065
0.142031
0.217708
0.0149777
-0.165749
-0.147825
-0.0405355
0.155215
0.176136
-0.019913
-0.109395
-0.139499
-0.0569157
0.152045
0.12631
0.0083368
-0.0409886
-0.158468
-0.0714272
0.113979
0.0700921
100.011
99.9649
99.9907
100.082
100.011
99.8711
99.9786
100.18
100.04
99.7689
99.923
100.287
100.132
99.6586
99.7888
100.381
100.348
99.5528
99.528
100.394
100.808
99.5023
99.0144
100.17
101.811
99.7981
97.5212
98.9747
105.369
104.261
85.5769
49.9054
14.6424
-4.32741
-5.46425
0.883616
2.55725
0.672575
-2.10718
-0.451587
0.792921
1.14121
-0.559003
-0.983802
0.0657677
0.704369
0.515712
-0.644609
-0.537316
0.161534
0.590963
0.244981
-0.539375
-0.371978
0.158177
0.486826
0.16905
-0.421775
-0.322685
0.102509
0.402345
0.190215
-0.303333
-0.317496
0.00977499
0.315343
0.24936
-0.164954
-0.306867
-0.102412
0.194514
0.292776
0.00080404
-0.245919
-0.194287
0.0288269
0.258363
0.161902
-0.111107
-0.2046
-0.133311
0.104547
0.235713
0.0626178
-0.100499
-0.179744
-0.109514
0.136402
0.170851
0.0480454
-0.0501686
-0.186336
-0.0911292
0.112558
0.103009
0.0952638
-0.00287509
-0.182998
-0.0726668
0.0391147
100.013
100.003
99.9435
100.004
100.102
99.9932
99.8517
100
100.201
100.015
99.7465
99.9483
100.314
100.105
99.6283
99.8115
100.419
100.328
99.5097
99.5421
100.439
100.81
99.4425
99.0176
100.205
101.855
99.7288
97.5087
98.9853
105.442
104.224
85.527
49.9068
14.6885
-4.27786
-5.55324
0.882481
2.54592
0.775121
-2.14804
-0.498559
0.769031
1.18369
-0.484303
-1.04703
0.0293025
0.680329
0.590873
-0.602328
-0.597657
0.118337
0.579371
0.327466
-0.508993
-0.42772
0.106511
0.4816
0.248318
-0.386254
-0.371612
0.0420816
0.392104
0.260188
-0.252145
-0.350606
-0.0586823
0.289571
0.300522
-0.0971395
-0.30843
-0.171164
0.147301
0.312243
0.0694364
-0.201974
-0.241672
-0.0357486
0.23968
0.197879
-0.0319821
-0.19779
-0.194891
0.061197
0.213346
0.120692
-0.0267147
-0.201513
-0.146805
0.0842477
0.140845
0.128122
-0.00346276
-0.196037
-0.100353
0.0299026
0.0782401
0.169072
0.0155505
-0.148529
-0.0633342
99.9944
100.034
99.9898
99.9262
100.022
100.117
99.9702
99.8367
100.026
100.218
99.9854
99.7279
99.9782
100.339
100.072
99.6008
99.8385
100.458
100.301
99.4681
99.5594
100.486
100.808
99.3818
99.0232
100.241
101.897
99.656
97.4978
98.9967
105.517
104.185
85.4756
49.9093
14.7341
-4.22458
-5.64552
0.881314
2.53284
0.879108
-2.18355
-0.551292
0.7471
1.21905
-0.400455
-1.10944
-0.00969233
0.653456
0.659836
-0.547207
-0.659126
0.0747121
0.559554
0.405999
-0.464309
-0.483823
0.0552355
0.464033
0.323621
-0.335115
-0.418831
-0.0162054
0.366704
0.322347
-0.184263
-0.379478
-0.120839
0.24897
0.335276
-0.0135243
-0.303762
-0.227969
0.0933786
0.303677
0.147608
-0.151168
-0.275593
-0.0875027
0.18763
0.22789
0.0539591
-0.188148
-0.222118
0.00291604
0.16346
0.184998
0.0312419
-0.195622
-0.153808
-1.45372e-05
0.109816
0.193122
0.0210041
-0.154646
-0.101264
-0.0694963
0.0691956
0.195676
0.0200749
-0.063872
99.9857
100.008
100.049
99.971
99.9142
100.046
100.127
99.9429
99.8267
100.057
100.23
99.9514
99.7138
100.012
100.361
100.035
99.5767
99.8694
100.495
100.269
99.4286
99.5797
100.535
100.801
99.3206
99.0311
100.28
101.938
99.5797
97.4886
99.0089
105.595
104.144
85.4228
49.9126
14.7798
-4.168
-5.74056
0.879315
2.51878
0.983874
-2.21312
-0.609979
0.726768
1.24797
-0.308675
-1.16948
-0.0521612
0.624166
0.722512
-0.48047
-0.719713
0.0296796
0.53201
0.48028
-0.407248
-0.537405
0.00358075
0.434224
0.395309
-0.272186
-0.460207
-0.0724512
0.325232
0.37899
-0.106546
-0.399592
-0.174535
0.190333
0.359571
0.0764816
-0.291651
-0.265652
0.0258915
0.276784
0.228483
-0.101961
-0.282959
-0.135117
0.109835
0.258138
0.126441
-0.164239
-0.217028
-0.0765634
0.109445
0.239158
0.0669591
-0.149201
-0.152249
-0.0990749
0.0930405
0.218953
0.0387976
-0.0714643
-0.117453
-0.152068
0.0728745
0.166854
0.0380167
100
99.9717
100.027
100.058
99.9484
99.9082
100.072
100.132
99.9127
99.8225
100.09
100.236
99.914
99.7048
100.05
100.379
99.9925
99.5567
99.904
100.531
100.23
99.3916
99.6029
100.585
100.787
99.2595
99.041
100.322
101.978
99.5002
97.481
99.0219
105.674
104.1
85.3687
49.9162
14.8259
-4.10827
-5.83786
0.875628
2.50436
1.08865
-2.23564
-0.675007
0.707627
1.27093
-0.210339
-1.22467
-0.0999053
0.593392
0.778081
-0.403207
-0.776088
-0.0194814
0.498805
0.548199
-0.338966
-0.583933
-0.0520732
0.395287
0.460524
-0.200043
-0.489022
-0.131358
0.271639
0.428077
-0.0253292
-0.401329
-0.22488
0.116817
0.375688
0.160366
-0.261089
-0.286577
-0.0569957
0.242439
0.294916
-0.0487287
-0.257304
-0.189906
0.0241705
0.278142
0.175025
-0.107985
-0.19554
-0.168126
0.0636949
0.257031
0.0960409
-0.0617035
-0.15959
-0.184511
0.0769549
0.19177
0.0773877
0.0310767
-0.147276
-0.192621
0.0552141
0.091554
100.013
99.9818
99.9643
100.049
100.061
99.9234
99.9088
100.101
100.129
99.8805
99.8246
100.126
100.237
99.874
99.7013
100.091
100.391
99.9462
99.5411
99.9422
100.565
100.186
99.3579
99.6287
100.638
100.768
99.1991
99.0528
100.366
102.015
99.4175
97.4751
99.0354
105.756
104.053
85.3137
49.92
14.8724
-4.04542
-5.93696
0.869974
2.48958
1.19276
-2.25014
-0.746468
0.689763
1.28744
-0.106457
-1.27284
-0.154097
0.562589
0.824159
-0.315594
-0.825693
-0.0744131
0.462815
0.604969
-0.258655
-0.62058
-0.113645
0.351979
0.51191
-0.117828
-0.50144
-0.195827
0.213768
0.460325
0.0578153
-0.378287
-0.277247
0.0401788
0.375857
0.229679
-0.201662
-0.29931
-0.142457
0.202531
0.327759
0.0205245
-0.20638
-0.247853
-0.0491301
0.26401
0.201991
-0.0163596
-0.172796
-0.24051
0.0215954
0.218168
0.134358
0.0432292
-0.167995
-0.22137
0.0350891
0.114926
0.137991
0.116758
-0.155262
-0.171332
-0.00880214
100.005
100.019
99.9612
99.9642
100.072
100.056
99.8978
99.9164
100.13
100.12
99.848
99.8333
100.163
100.23
99.8327
99.7037
100.134
100.399
99.8966
99.5306
99.9835
100.597
100.136
99.328
99.657
100.692
100.743
99.1402
99.0662
100.413
102.051
99.3321
97.4712
99.0492
105.84
104.004
85.2583
49.9236
14.9195
-3.97991
-6.03746
0.862537
2.47434
1.2958
-2.25674
-0.823743
0.673414
1.29709
0.00215115
-1.3135
-0.214223
0.532827
0.858799
-0.217806
-0.868475
-0.133743
0.425823
0.646689
-0.165418
-0.648673
-0.178174
0.307276
0.543203
-0.023528
-0.500834
-0.261881
0.157977
0.466522
0.1457
-0.335727
-0.329976
-0.0260775
0.348838
0.286218
-0.117712
-0.311353
-0.208446
0.150243
0.323162
0.108668
-0.152091
-0.288741
-0.0992418
0.202831
0.220807
0.0847908
-0.156114
-0.260989
-0.0278203
0.134949
0.182976
0.120295
-0.157981
-0.194441
-0.0386223
0.0266616
0.192626
0.14326
-0.116347
-0.098345
99.9895
100.025
100.018
99.9404
99.9715
100.094
100.044
99.8733
99.931
100.158
100.103
99.8163
99.8488
100.2
100.217
99.7911
99.7124
100.179
100.4
99.8445
99.5255
100.028
100.626
100.08
99.3025
99.6877
100.747
100.71
99.0831
99.0813
100.464
102.083
99.2441
97.4694
99.0638
105.927
103.952
85.2027
49.927
14.9675
-3.91244
-6.13919
0.853169
2.45911
1.39785
-2.2563
-0.906048
0.658011
1.30094
0.114587
-1.3472
-0.279117
0.503507
0.883141
-0.111255
-0.905433
-0.195017
0.38673
0.674755
-0.0608901
-0.670881
-0.240756
0.259214
0.556203
0.0819353
-0.493658
-0.321555
0.102339
0.447804
0.240989
-0.286444
-0.374071
-0.0803781
0.292059
0.340575
-0.0272714
-0.320835
-0.244591
0.0763288
0.29984
0.204672
-0.112106
-0.294266
-0.137988
0.108217
0.248717
0.161267
-0.138555
-0.229835
-0.0976761
0.0506818
0.233315
0.14362
-0.115391
-0.137522
-0.133302
-0.0209536
0.218953
0.112789
-0.0356328
99.991
99.9919
100.044
100.009
99.9214
99.9857
100.114
100.026
99.8513
99.9523
100.184
100.08
99.7868
99.871
100.236
100.196
99.7503
99.7275
100.225
100.394
99.7908
99.5259
100.075
100.65
100.019
99.2816
99.7211
100.804
100.671
99.0283
99.0981
100.517
102.111
99.1534
97.4695
99.0795
106.016
103.896
85.1465
49.9303
15.0172
-3.84311
-6.24204
0.840864
2.44462
1.49911
-2.24892
-0.992946
0.641612
1.3012
0.229509
-1.37287
-0.348786
0.472297
0.900632
0.000997696
-0.934266
-0.258367
0.342351
0.694331
0.0499365
-0.684292
-0.30031
0.202267
0.558862
0.192007
-0.478454
-0.370037
0.0370662
0.414981
0.338708
-0.234933
-0.398101
-0.136949
0.214846
0.39701
0.0547034
-0.310954
-0.263019
-0.0228764
0.278544
0.288108
-0.0760208
-0.259713
-0.191775
0.00638331
0.282332
0.201088
-0.0917514
-0.177576
-0.194439
-0.00617135
0.260512
0.137536
-0.0245725
-0.0999633
-0.232943
-0.0269281
0.196029
0.0849689
100.006
99.9733
100.002
100.06
99.9933
99.9061
100.006
100.13
100.001
99.8334
99.9798
100.206
100.05
99.7608
99.8997
100.27
100.168
99.7114
99.7489
100.272
100.381
99.7363
99.5318
100.125
100.67
99.9539
99.2654
99.7569
100.861
100.624
98.9761
99.1161
100.575
102.136
99.0603
97.471
99.0963
106.107
103.837
85.0894
49.9331
15.0685
-3.7712
-6.34559
0.824551
2.43095
1.59897
-2.23292
-1.08433
0.622571
1.29875
0.34479
-1.38659
-0.42461
0.438016
0.912299
0.115063
-0.94822
-0.326812
0.292111
0.70677
0.160422
-0.678965
-0.360583
0.135298
0.554644
0.295347
-0.442679
-0.408972
-0.0424978
0.376771
0.421845
-0.170347
-0.39563
-0.207845
0.132601
0.437738
0.126758
-0.260744
-0.281932
-0.132664
0.255266
0.333903
-0.013905
-0.193228
-0.263869
-0.0801955
0.282611
0.211771
0.00863444
-0.127886
-0.287049
-0.044276
0.21939
0.137134
0.110897
-0.0843262
-0.288865
-0.0376335
0.0915612
100.011
99.9959
99.9595
100.018
100.071
99.9722
99.8959
100.032
100.141
99.9711
99.8209
100.013
100.222
100.015
99.7395
99.9342
100.3
100.133
99.6757
99.7761
100.319
100.36
99.6825
99.543
100.178
100.685
99.885
99.254
99.795
100.919
100.57
98.9271
99.1347
100.636
102.157
98.9656
97.4738
99.1136
106.201
103.776
85.0317
49.9352
15.1201
-3.69604
-6.4495
0.804948
2.41713
1.69617
-2.20688
-1.17992
0.601977
1.29182
0.458481
-1.38541
-0.507189
0.403386
0.914531
0.22829
-0.942626
-0.402235
0.241614
0.706278
0.266141
-0.648032
-0.425305
0.0678141
0.537304
0.382609
-0.376409
-0.444637
-0.123535
0.332308
0.471569
-0.0805122
-0.37433
-0.282611
0.060079
0.434196
0.195922
-0.173146
-0.305318
-0.217015
0.207858
0.328797
0.0833574
-0.120446
-0.316956
-0.133272
0.213461
0.205537
0.134562
-0.0904549
-0.311169
-0.0760242
0.0985945
0.146503
0.224888
-0.0672692
-0.238607
-0.0673542
99.9993
100.023
99.9802
99.9515
100.038
100.076
99.9472
99.8923
100.061
100.144
99.9376
99.8151
100.049
100.233
99.9744
99.7243
99.9738
100.326
100.092
99.6445
99.8091
100.364
100.332
99.6306
99.5595
100.232
100.694
99.8137
99.2477
99.8352
100.976
100.509
98.8823
99.1541
100.7
102.174
98.8701
97.4785
99.1315
106.297
103.711
84.9746
49.9368
15.1719
-3.6185
-6.55397
0.783991
2.40241
1.79065
-2.17252
-1.27889
0.582215
1.27886
0.570541
-1.37187
-0.594799
0.372111
0.904248
0.341151
-0.921577
-0.482438
0.197467
0.687452
0.368678
-0.597784
-0.493764
0.0120137
0.49917
0.456264
-0.286908
-0.483203
-0.185678
0.27482
0.488857
0.0316609
-0.354962
-0.33664
0.00101932
0.381198
0.272119
-0.0835388
-0.324553
-0.249999
0.124863
0.296733
0.190506
-0.0776863
-0.314682
-0.15476
0.0937044
0.208978
0.220277
-0.0748928
-0.245926
-0.110467
-0.0332958
0.17009
0.24136
-0.0493346
-0.108698
99.9891
100.015
100.029
99.961
99.9505
100.061
100.074
99.9202
99.8963
100.093
100.14
99.902
99.817
100.089
100.235
99.9306
99.7161
100.018
100.345
100.044
99.619
99.8476
100.407
100.295
99.5818
99.5815
100.289
100.695
99.7406
99.2469
99.8782
101.031
100.441
98.8422
99.1747
100.768
102.184
98.774
97.4849
99.1514
106.394
103.643
84.9179
49.9385
15.2253
-3.54018
-6.65946
0.761533
2.38779
1.88424
-2.13308
-1.38023
0.562217
1.26204
0.682708
-1.35101
-0.684749
0.342003
0.884774
0.456088
-0.892978
-0.562708
0.156555
0.65382
0.473711
-0.540851
-0.5599
-0.0346681
0.441098
0.529613
-0.191774
-0.5216
-0.226922
0.197218
0.497892
0.150875
-0.347215
-0.358976
-0.063146
0.306366
0.362239
-0.0213883
-0.324534
-0.253533
0.010709
0.283651
0.279194
-0.0664881
-0.260824
-0.188269
-0.0260596
0.247732
0.241829
-0.0587953
-0.147676
-0.182724
-0.105792
0.214313
0.183987
-0.00521369
99.9955
99.9849
100.033
100.027
99.9405
99.9572
100.085
100.063
99.8931
99.9083
100.124
100.128
99.866
99.8272
100.13
100.23
99.8846
99.7156
100.066
100.358
99.9918
99.5998
99.8915
100.446
100.25
99.5368
99.6088
100.347
100.687
99.6661
99.2512
99.9247
101.085
100.365
98.8062
99.1968
100.841
102.188
98.6765
97.4924
99.1745
106.492
103.571
84.8597
49.9404
15.2817
-3.46058
-6.76578
0.734386
2.37468
1.97824
-2.08822
-1.48312
0.536512
1.24518
0.795095
-1.32193
-0.775224
0.304447
0.862814
0.571874
-0.855723
-0.638685
0.10563
0.614533
0.58028
-0.478273
-0.613479
-0.0912448
0.371414
0.606643
-0.0986496
-0.540462
-0.268639
0.0976146
0.514412
0.260344
-0.325876
-0.358996
-0.1581
0.236264
0.449173
0.0274364
-0.280681
-0.274495
-0.122766
0.292899
0.33194
-0.029783
-0.174819
-0.271733
-0.123115
0.282652
0.227636
0.0248518
-0.0643037
-0.299575
-0.134785
0.212452
0.12904
100.008
99.9787
99.9884
100.05
100.018
99.9212
99.9716
100.107
100.045
99.8681
99.9284
100.154
100.107
99.8312
99.8455
100.172
100.215
99.8378
99.723
100.116
100.362
99.9352
99.5872
99.94
100.483
100.197
99.4962
99.6407
100.407
100.671
99.5914
99.2595
99.9745
101.137
100.283
98.7739
99.2195
100.918
102.186
98.578
97.4999
99.2
106.593
103.497
84.7989
49.9418
15.3397
-3.37708
-6.87162
0.700444
2.36247
2.07034
-2.03321
-1.58656
0.501894
1.22849
0.902902
-1.27659
-0.865575
0.25513
0.839917
0.679325
-0.79798
-0.708448
0.0382471
0.574087
0.672666
-0.396578
-0.646625
-0.168608
0.299988
0.665129
-0.000633354
-0.518452
-0.32705
-0.00897545
0.51775
0.34466
-0.253414
-0.349814
-0.272509
0.17105
0.484117
0.096003
-0.181192
-0.318523
-0.239918
0.268234
0.327311
0.0759906
-0.0717261
-0.357524
-0.187636
0.22468
0.189351
0.183188
0.00801038
-0.360153
-0.148113
0.0769436
100.008
100.004
99.9633
99.9994
100.065
100.001
99.9055
99.9929
100.124
100.02
99.8471
99.9557
100.18
100.079
99.7998
99.8718
100.211
100.192
99.7923
99.7383
100.168
100.359
99.8764
99.5817
99.9921
100.514
100.137
99.4613
99.6762
100.468
100.647
99.5184
99.2715
100.027
101.187
100.195
98.7463
99.2417
100.999
102.18
98.4802
97.5073
99.226
106.695
103.422
84.7373
49.942
15.396
-3.28856
-6.97632
0.663037
2.34896
2.15641
-1.9656
-1.69025
0.46377
1.20801
1.00014
-1.21071
-0.95664
0.203061
0.811029
0.768524
-0.713125
-0.775163
-0.0317615
0.529806
0.733239
-0.286914
-0.665826
-0.249939
0.235443
0.676369
0.109869
-0.464004
-0.391672
-0.090173
0.474423
0.399225
-0.134167
-0.34422
-0.350134
0.101697
0.437569
0.189285
-0.0698997
-0.345587
-0.285736
0.172718
0.270024
0.206151
0.00303004
-0.35566
-0.19386
0.0682251
0.137229
0.301892
0.0437742
-0.269732
-0.121974
99.9966
100.022
99.9923
99.9519
100.017
100.075
99.9786
99.8955
100.02
100.136
99.9894
99.8325
99.9892
100.2
100.043
99.7739
99.9055
100.246
100.16
99.7502
99.7618
100.219
100.346
99.8174
99.5843
100.047
100.539
100.072
99.4336
99.7154
100.529
100.614
99.4491
99.2875
100.082
101.231
100.103
98.7248
99.264
101.083
102.166
98.3849
97.5164
99.2526
106.798
103.344
84.6782
49.942
15.4508
-3.19817
-7.08155
0.62755
2.33356
2.23718
-1.89073
-1.79538
0.430114
1.18158
1.0889
-1.13249
-1.05044
0.160418
0.772328
0.843573
-0.611815
-0.845791
-0.0855945
0.477263
0.768083
-0.158708
-0.690812
-0.309885
0.177631
0.645852
0.234362
-0.416784
-0.441912
-0.13156
0.384145
0.448906
-0.0178327
-0.356103
-0.357019
0.0214877
0.355521
0.293297
-0.0183882
-0.332629
-0.261973
0.0371387
0.232943
0.290191
-0.000221449
-0.264056
-0.172358
-0.0827007
0.142675
0.299397
0.0105478
-0.10563
99.9903
100.008
100.031
99.9755
99.9467
100.038
100.078
99.9522
99.893
100.051
100.139
99.9541
99.8258
100.028
100.212
100.002
99.7553
99.9462
100.275
100.12
99.7132
99.7937
100.268
100.323
99.7593
99.5956
100.105
100.555
100.001
99.414
99.7592
100.588
100.57
99.384
99.3085
100.141
101.268
100.006
98.7094
99.2888
101.169
102.143
98.2912
97.5274
99.2835
106.899
103.261
84.6206
49.9432
15.5087
-3.10956
-7.18922
0.592374
2.3186
2.3197
-1.81569
-1.90237
0.397676
1.15248
1.17969
-1.05313
-1.14586
0.122043
0.726125
0.92184
-0.509546
-0.919439
-0.128666
0.412454
0.80593
-0.0279058
-0.726347
-0.349383
0.107657
0.612895
0.370503
-0.39548
-0.468987
-0.170968
0.276983
0.528586
0.0649456
-0.370639
-0.333446
-0.0914289
0.311022
0.400612
-0.0216423
-0.282113
-0.260553
-0.104486
0.274885
0.325611
-0.0235811
-0.15134
-0.23082
-0.175509
0.228104
0.242151
0.0125503
99.9981
99.9833
100.024
100.032
99.9557
99.9492
100.062
100.073
99.9239
99.8993
100.084
100.134
99.9162
99.8283
100.07
100.216
99.9554
99.7451
99.9931
100.297
100.072
99.6823
99.8339
100.315
100.289
99.7029
99.6153
100.165
100.563
99.925
99.4017
99.8081
100.646
100.514
99.3222
99.3339
100.205
101.299
99.9034
98.6978
99.3174
101.26
102.111
98.1963
97.5388
99.3212
107.001
103.174
84.5588
49.9452
15.5733
-3.02051
-7.29759
0.548346
2.30581
2.40751
-1.73781
-2.00743
0.352077
1.12463
1.27613
-0.969884
-1.23418
0.0666403
0.676648
1.00854
-0.40581
-0.977504
-0.188534
0.333282
0.857637
0.0988772
-0.7398
-0.392871
0.00412202
0.597313
0.501281
-0.359691
-0.469216
-0.259423
0.172329
0.618236
0.134931
-0.327774
-0.336325
-0.249518
0.297831
0.477005
0.0143181
-0.177008
-0.339025
-0.246385
0.316277
0.323089
0.0633384
-0.0282034
-0.373541
-0.24755
0.240193
0.179317
100.008
99.9831
99.9839
100.041
100.026
99.9356
99.9599
100.086
100.059
99.8961
99.9145
100.117
100.119
99.878
99.8401
100.114
100.209
99.9063
99.7436
100.045
100.312
100.017
99.6581
99.8807
100.359
100.246
99.6496
99.6419
100.228
100.562
99.8456
99.3957
99.8608
100.704
100.449
99.2642
99.3613
100.275
101.324
99.7967
98.6883
99.3476
101.355
102.075
98.0996
97.5484
99.3623
107.106
103.087
84.4905
49.946
15.639
-2.92428
-7.40218
0.49174
2.2931
2.492
-1.64628
-2.10496
0.287933
1.09716
1.36335
-0.868228
-1.30566
-0.0135753
0.626624
1.07933
-0.286959
-0.999912
-0.27629
0.249532
0.890062
0.220791
-0.693465
-0.452232
-0.11507
0.57023
0.589202
-0.259039
-0.442266
-0.378388
0.0754564
0.63559
0.215203
-0.196179
-0.359544
-0.389583
0.243333
0.454551
0.133119
-0.0239912
-0.413047
-0.335247
0.228237
0.245862
0.24661
0.104874
-0.4222
-0.264093
0.0575302
100.006
100.006
99.9681
99.9923
100.057
100.012
99.9179
99.9784
100.106
100.037
99.8717
99.9381
100.147
100.095
99.8424
99.861
100.157
100.193
99.8573
99.7514
100.098
100.317
99.9585
99.6423
99.9323
100.397
100.195
99.6022
99.6742
100.292
100.552
99.7665
99.3962
99.9152
100.759
100.377
99.2128
99.3889
100.347
101.344
99.6898
98.6824
99.376
101.453
102.034
98.0059
97.5568
99.4009
107.214
103.001
84.4226
49.9445
15.6978
-2.81974
-7.50264
0.433235
2.27753
2.56169
-1.53829
-2.19638
0.221557
1.06716
1.42408
-0.743802
-1.36555
-0.0958271
0.579599
1.10714
-0.148233
-0.998021
-0.367021
0.184441
0.865456
0.337825
-0.604437
-0.516336
-0.192458
0.498333
0.618111
-0.109443
-0.417228
-0.446172
0.000648493
0.543375
0.301338
-0.0543761
-0.367768
-0.412426
0.127593
0.343407
0.262908
0.0720206
-0.38129
-0.299133
0.0407741
0.134468
0.354913
0.139065
-0.28348
-0.165522
99.9959
100.02
99.9972
99.9561
100.007
100.069
99.9916
99.9057
100.004
100.121
100.008
99.8536
99.9693
100.17
100.063
99.8125
99.8912
100.195
100.167
99.8116
99.7696
100.151
100.311
99.8986
99.6369
99.9876
100.427
100.135
99.5636
99.7127
100.352
100.531
99.6905
99.4051
99.9712
100.808
100.297
99.1714
99.4185
100.42
101.353
99.5849
98.6835
99.4042
101.55
101.986
97.9194
97.5677
99.4384
107.319
102.911
84.3628
49.9432
15.7518
-2.7155
-7.60561
0.385111
2.26016
2.6215
-1.4264
-2.29187
0.170909
1.03455
1.46761
-0.61151
-1.43372
-0.155515
0.536182
1.10623
0.000661562
-1.01131
-0.433666
0.144681
0.799795
0.461969
-0.536395
-0.575293
-0.206992
0.390551
0.639788
0.0263088
-0.43834
-0.43126
-0.0586574
0.42291
0.404277
-0.00894478
-0.362958
-0.339195
-0.00885389
0.282632
0.347649
0.027361
-0.280144
-0.222267
-0.113333
0.149548
0.33625
0.0327855
-0.107711
99.9915
100.005
100.029
99.9821
99.9501
100.028
100.073
99.9661
99.9015
100.034
100.127
99.974
99.8443
100.007
100.185
100.023
99.7905
99.9305
100.227
100.129
99.7709
99.7991
100.202
100.292
99.8384
99.6433
100.047
100.447
100.068
99.5349
99.7593
100.411
100.495
99.6173
99.4239
100.032
100.848
100.208
99.1394
99.4538
100.497
101.348
99.4796
98.6916
99.4389
101.645
101.924
97.8368
97.5827
99.484
107.418
102.812
84.3065
49.9451
15.8144
-2.61872
-7.71588
0.340316
2.24428
2.69177
-1.32207
-2.39553
0.125393
0.999267
1.52544
-0.485314
-1.51511
-0.205303
0.484061
1.12296
0.151508
-1.05018
-0.484499
0.092416
0.747133
0.610729
-0.509994
-0.623016
-0.226186
0.272433
0.720741
0.12732
-0.481497
-0.399101
-0.165794
0.367233
0.54316
-0.0286734
-0.334768
-0.322339
-0.168629
0.349441
0.414439
-0.0331936
-0.172604
-0.294536
-0.229204
0.296183
0.303417
0.0105454
99.9988
99.9845
100.02
100.031
99.9632
99.9519
100.051
100.069
99.9379
99.9066
100.067
100.122
99.9358
99.8451
100.05
100.191
99.9762
99.7776
99.9779
100.252
100.082
99.7362
99.8393
100.251
100.261
99.7784
99.6607
100.111
100.456
99.9926
99.5148
99.8137
100.468
100.446
99.5457
99.4504
100.099
100.88
100.109
99.1128
99.4954
100.58
101.331
99.37
98.7018
99.4833
101.743
101.852
97.7495
97.5982
99.5428
107.517
102.708
84.2395
49.9486
15.8917
-2.52217
-7.82609
0.276961
2.22919
2.77905
-1.2169
-2.49202
0.0540882
0.957871
1.60558
-0.358775
-1.57853
-0.282068
0.407389
1.16911
0.301386
-1.06143
-0.545268
-0.0156823
0.722594
0.763635
-0.460729
-0.635828
-0.32469
0.148202
0.825024
0.223642
-0.439312
-0.406985
-0.355652
0.343472
0.651798
0.0225178
-0.214979
-0.420058
-0.361018
0.397896
0.435385
0.0828005
-0.0127149
-0.482
-0.356297
0.305782
0.243122
100.007
99.9853
99.9849
100.036
100.025
99.9435
99.9623
100.075
100.055
99.9099
99.9212
100.1
100.108
99.8968
99.8559
100.095
100.186
99.9261
99.7743
100.031
100.268
100.027
99.7086
99.8874
100.297
100.219
99.7209
99.6867
100.177
100.457
99.9126
99.5019
99.8727
100.525
100.387
99.4769
99.4806
100.171
100.909
100.003
99.0892
99.538
100.669
101.309
99.258
98.7102
99.5309
101.847
101.779
97.656
97.6097
99.6046
107.624
102.609
84.1583
49.9486
15.9681
-2.41144
-7.92387
0.19037
2.21094
2.85827
-1.09242
-2.56224
-0.0489115
0.911239
1.66874
-0.217511
-1.59043
-0.392485
0.318509
1.19258
0.439756
-0.990642
-0.618865
-0.1506
0.682224
0.854617
-0.327557
-0.599077
-0.462843
0.0301885
0.827224
0.322103
-0.268992
-0.426735
-0.520047
0.260625
0.608659
0.17216
-0.0132806
-0.492039
-0.470488
0.265216
0.31958
0.308684
0.177135
-0.511
-0.372796
0.0509672
100.006
100.006
99.9714
99.993
100.051
100.011
99.9265
99.9806
100.095
100.034
99.8858
99.9448
100.13
100.085
99.861
99.8768
100.138
100.17
99.8767
99.7816
100.085
100.274
99.9685
99.6909
99.9405
100.335
100.169
99.6705
99.7196
100.242
100.447
99.8335
99.4978
99.9324
100.578
100.32
99.4169
99.5121
100.243
100.931
99.8977
99.073
99.5766
100.76
101.281
99.1519
98.7194
99.5724
101.952
101.707
97.5684
97.6181
99.656
107.737
102.516
84.0812
49.9443
16.0249
-2.28686
-8.01187
0.107457
2.19002
2.90291
-0.948415
-2.61577
-0.147385
0.871313
1.67686
-0.0627021
-1.57209
-0.498914
0.259606
1.14586
0.558579
-0.872204
-0.69212
-0.222393
0.593825
0.859414
-0.147463
-0.565592
-0.525603
-0.0408264
0.69087
0.407784
-0.101167
-0.428555
-0.512552
0.124321
0.44651
0.310518
0.0892013
-0.430631
-0.383964
0.038927
0.160699
0.405792
0.191038
-0.3123
-0.199948
99.9965
100.018
99.9968
99.9608
100.008
100.061
99.9907
99.9158
100.006
100.108
100.005
99.8692
99.9762
100.152
100.052
99.8324
99.9079
100.175
100.142
99.832
99.8012
100.137
100.266
99.9096
99.6864
99.9974
100.362
100.111
99.6317
99.7612
100.3
100.424
99.7588
99.5064
99.9928
100.619
100.245
99.3711
99.5486
100.313
100.938
99.7949
99.0703
99.6146
100.846
101.24
99.058
98.7365
99.6112
102.05
101.625
97.4977
97.6303
99.7018
107.842
102.415
84.025
49.9416
16.0715
-2.16789
-8.11004
0.052272
2.17193
2.93029
-0.806669
-2.68812
-0.210899
0.844882
1.65732
0.0940747
-1.58718
-0.57312
0.243155
1.06224
0.68262
-0.799885
-0.767173
-0.207966
0.480484
0.866295
-0.0011276
-0.612028
-0.490792
-0.0760302
0.547146
0.520146
-0.0788641
-0.441882
-0.391475
-0.012044
0.385451
0.399097
-0.0155827
-0.322553
-0.263451
-0.113944
0.21587
0.365972
0.00127467
-0.127138
99.9923
100.006
100.025
99.9821
99.9567
100.028
100.063
99.9657
99.9141
100.036
100.111
99.9702
99.8631
100.015
100.164
100.011
99.8138
99.9493
100.203
100.102
99.7941
99.8347
100.186
100.242
99.8507
99.6972
100.059
100.374
100.043
99.6057
99.814
100.354
100.384
99.6876
99.5298
100.058
100.648
100.157
99.3382
99.5957
100.384
100.926
99.6902
99.0805
99.6626
100.927
101.178
98.9699
98.7634
99.6629
102.138
101.525
97.4346
97.6507
99.7641
107.932
102.297
83.9762
49.9456
16.14
-2.06665
-8.22765
0.00451296
2.15613
2.98894
-0.679726
-2.78906
-0.265235
0.81161
1.67858
0.252406
-1.64857
-0.636967
0.208259
1.01628
0.849467
-0.790613
-0.842869
-0.215359
0.367242
0.974286
0.105484
-0.696814
-0.462183
-0.184693
0.510851
0.703268
-0.127588
-0.442915
-0.384245
-0.18807
0.510915
0.500129
-0.112144
-0.230069
-0.386327
-0.242886
0.449251
0.36053
-0.0239692
99.9983
99.9871
100.019
100.025
99.9642
99.9611
100.05
100.056
99.9385
99.9228
100.068
100.103
99.9324
99.8684
100.058
100.164
99.9631
99.806
99.9995
100.222
100.051
99.7633
99.8807
100.232
100.204
99.7922
99.7216
100.125
100.374
99.9654
99.59
99.8776
100.405
100.327
99.617
99.5646
100.132
100.666
100.056
99.3115
99.6531
100.463
100.898
99.5778
99.0954
99.7249
101.013
101.1
98.8743
98.793
99.7346
102.224
101.413
97.3573
97.6742
99.8512
108.02
102.174
83.9018
49.9517
16.2395
-1.96558
-8.34182
-0.0811463
2.13252
3.08765
-0.550651
-2.87176
-0.362992
0.742929
1.7497
0.416604
-1.67465
-0.724768
0.0897317
1.01431
1.03327
-0.7422
-0.87938
-0.345555
0.241837
1.12006
0.224491
-0.658138
-0.503155
-0.419554
0.506704
0.855082
-0.0510304
-0.314536
-0.542607
-0.429187
0.585079
0.553935
0.0632463
-0.0505782
-0.658655
-0.420671
0.451664
0.320956
100.006
99.9856
99.9895
100.034
100.017
99.9463
99.9742
100.072
100.039
99.9126
99.9414
100.099
100.084
99.8949
99.8846
100.102
100.153
99.9127
99.8087
100.054
100.232
99.9928
99.7409
99.9348
100.273
100.155
99.737
99.7552
100.193
100.365
99.884
99.582
99.946
100.455
100.26
99.5492
99.6037
100.21
100.681
99.9486
99.2878
99.7118
100.549
100.865
99.4616
99.108
99.7899
101.106
101.021
98.7712
98.8167
99.8101
102.323
101.306
97.2627
97.6911
99.939
108.128
102.065
83.798
49.9504
16.3313
-1.83741
-8.42358
-0.207815
2.09792
3.16626
-0.398053
-2.88819
-0.504968
0.653673
1.78926
0.572281
-1.59114
-0.829673
-0.0669166
0.983236
1.13941
-0.575594
-0.849525
-0.525496
0.114
1.12212
0.355968
-0.445574
-0.551208
-0.618404
0.402654
0.800983
0.16138
-0.0719796
-0.642355
-0.563196
0.393201
0.419039
0.372898
0.181945
-0.678806
-0.450751
0.0860572
100.006
100.003
99.9736
99.9995
100.047
100.001
99.9325
99.9947
100.088
100.015
99.8924
99.9683
100.125
100.056
99.8628
99.9107
100.142
100.131
99.8655
99.8228
100.108
100.229
99.9339
99.73
99.9921
100.304
100.1
99.6918
99.7955
100.255
100.345
99.8069
99.584
100.013
100.496
100.189
99.4932
99.6436
100.284
100.689
99.8447
99.2738
99.7631
100.632
100.828
99.356
99.1223
99.8434
101.201
100.943
98.6799
98.8352
99.8691
102.428
101.207
97.1796
97.6994
99.9999
108.251
101.969
83.7072
49.9416
16.3777
-1.68699
-8.48575
-0.318376
2.06828
3.17225
-0.229895
-2.87126
-0.629733
0.60276
1.73369
0.70343
-1.45643
-0.924067
-0.13376
0.882082
1.13687
-0.360374
-0.824886
-0.58834
0.0422368
0.945298
0.46535
-0.25629
-0.558173
-0.581781
0.226157
0.600622
0.332488
0.0268852
-0.543285
-0.437539
0.0958488
0.23453
0.469136
0.174506
-0.38765
-0.228174
99.998
100.016
99.9925
99.9661
100.015
100.053
99.98
99.9266
100.02
100.095
99.985
99.8822
100.002
100.14
100.02
99.8413
99.9464
100.172
100.097
99.827
99.8504
100.156
100.211
99.8781
99.7357
100.05
100.318
100.039
99.6629
99.8446
100.306
100.31
99.7395
99.6023
100.076
100.521
100.111
99.4575
99.6897
100.35
100.678
99.7487
99.2797
99.8117
100.704
100.775
99.2709
99.1495
99.8901
101.28
100.854
98.6176
98.8602
99.9183
102.517
101.098
97.133
97.7105
100.047
108.357
101.858
83.6633
49.9373
16.405
-1.5522
-8.57762
-0.371076
2.05744
3.15022
-0.0712918
-2.91094
-0.699748
0.608717
1.64248
0.837285
-1.40572
-1.01213
-0.0859177
0.760244
1.15099
-0.218162
-0.909669
-0.519759
0.0182944
0.791716
0.598457
-0.283396
-0.576889
-0.411614
0.0750947
0.565675
0.410819
-0.153974
-0.3994
-0.2897
-0.0549565
0.353341
0.368349
-0.0968434
-0.163
99.9931
100.008
100.02
99.978
99.9664
100.034
100.05
99.9562
99.9316
100.049
100.09
99.9513
99.8851
100.04
100.141
99.9775
99.8333
99.9918
100.189
100.051
99.7994
99.8932
100.196
100.175
99.8259
99.7604
100.111
100.313
99.969
99.6521
99.9066
100.346
100.254
99.6798
99.6408
100.143
100.526
100.021
99.4408
99.7511
100.411
100.64
99.6533
99.3061
99.8737
100.763
100.693
99.1968
99.1946
99.9529
101.338
100.738
98.5703
98.9018
99.9893
102.575
100.964
97.1014
97.7376
100.127
108.427
101.716
83.6331
49.9453
16.4818
-1.45174
-8.71462
-0.411515
2.04679
3.19931
0.0758603
-3.02307
-0.761376
0.592785
1.629
1.02322
-1.45292
-1.10972
-0.0811866
0.668881
1.31488
-0.142439
-1.0493
-0.491499
-0.0965232
0.820331
0.822142
-0.397686
-0.60252
-0.4354
-0.0959606
0.799173
0.515158
-0.299679
-0.33116
-0.498846
-0.143562
0.709767
0.358604
-0.11765
99.9969
99.9913
100.021
100.015
99.9621
99.976
100.054
100.036
99.9326
99.948
100.078
100.073
99.9166
99.9012
100.082
100.129
99.9298
99.8389
100.045
100.194
99.9935
99.7822
99.9493
100.23
100.123
99.7768
99.8014
100.174
100.292
99.8908
99.6546
99.9812
100.379
100.18
99.6225
99.6948
100.219
100.515
99.9154
99.4329
99.8282
100.478
100.582
99.5485
99.3416
99.9559
100.823
100.589
99.1131
99.2488
100.043
101.391
100.603
98.5047
98.9552
100.095
102.625
100.815
97.0357
97.7776
100.252
108.492
101.57
83.5482
49.9556
16.6199
-1.35025
-8.83878
-0.522916
2.00214
3.32791
0.234008
-3.0946
-0.880667
0.470655
1.6932
1.2396
-1.43885
-1.18618
-0.257999
0.582173
1.53719
-0.0227614
-1.03221
-0.603743
-0.374174
0.89616
1.02625
-0.300104
-0.495494
-0.713852
-0.353617
0.946466
0.615882
-0.0411922
-0.195163
-0.919595
-0.335522
0.727362
0.391349
100.004
99.9855
99.9973
100.033
100.003
99.9485
99.9941
100.07
100.013
99.9126
99.9739
100.103
100.045
99.8849
99.9282
100.121
100.105
99.8823
99.8559
100.1
100.188
99.932
99.775
100.012
100.257
100.061
99.733
99.8514
100.237
100.261
99.8106
99.6653
100.06
100.409
100.097
99.5684
99.7531
100.298
100.501
99.8044
99.427
99.9073
100.552
100.519
99.4381
99.3736
100.043
100.894
100.483
99.0173
99.2963
100.14
101.461
100.471
98.4148
99.0011
100.206
102.706
100.677
96.9298
97.8088
100.372
108.601
101.453
83.4054
49.9521
16.7361
-1.20128
-8.88912
-0.702919
1.93078
3.41339
0.407906
-3.02578
-1.04357
0.298406
1.70518
1.38089
-1.2458
-1.20277
-0.503394
0.46935
1.5687
0.168464
-0.793533
-0.736968
-0.615543
0.788589
0.997782
0.022812
-0.249986
-0.895967
-0.524549
0.686455
0.528463
0.415537
0.0377254
-0.966981
-0.430218
0.205126
100.006
99.9977
99.9768
100.01
100.041
99.9845
99.941
100.018
100.079
99.9851
99.9009
100.006
100.12
100.011
99.8621
99.963
100.152
100.072
99.8425
99.8831
100.149
100.17
99.8748
99.7801
100.073
100.27
99.9982
99.7023
99.9046
100.29
100.222
99.7406
99.6846
100.132
100.43
100.015
99.5287
99.8079
100.369
100.481
99.7039
99.4295
99.973
100.622
100.457
99.3438
99.4031
100.111
100.967
100.385
98.9385
99.3308
100.214
101.544
100.352
98.3422
99.0264
100.283
102.811
100.555
96.8453
97.8167
100.436
108.746
101.359
83.2924
49.9366
16.7584
-1.01793
-8.90255
-0.845817
1.89011
3.36242
0.573977
-2.89852
-1.1746
0.23657
1.58834
1.40637
-0.98978
-1.21532
-0.569675
0.375368
1.36384
0.348833
-0.595405
-0.757897
-0.566067
0.527466
0.797779
0.265907
-0.160451
-0.738717
-0.411728
0.260542
0.364805
0.529548
0.0432199
-0.527903
-0.239881
100
100.013
99.9862
99.9744
100.026
100.04
99.964
99.9433
100.043
100.076
99.9554
99.902
100.04
100.122
99.9729
99.8541
100.003
100.168
100.031
99.8175
99.9218
100.185
100.136
99.8285
99.803
100.127
100.264
99.9364
99.6937
99.9616
100.323
100.17
99.6898
99.7203
100.192
100.428
99.9365
99.5163
99.8643
100.421
100.443
99.6239
99.455
100.028
100.671
100.382
99.2842
99.4446
100.163
101.016
100.282
98.9048
99.3668
100.268
101.598
100.232
98.3259
99.046
100.337
102.885
100.428
96.8341
97.818
100.474
108.856
101.239
83.2746
49.9302
16.7459
-0.865821
-8.98672
-0.884187
1.90712
3.26766
0.727173
-2.89989
-1.25078
0.318645
1.44029
1.45328
-0.879015
-1.33276
-0.436381
0.327026
1.21428
0.501223
-0.701923
-0.728495
-0.351821
0.331994
0.812571
0.284758
-0.409363
-0.487013
-0.266202
0.11736
0.540928
0.275903
-0.265219
-0.1957
99.9944
100.011
100.012
99.9732
99.9809
100.042
100.029
99.9448
99.9577
100.066
100.06
99.9272
99.9185
100.074
100.107
99.933
99.8642
100.049
100.165
99.9808
99.8104
99.9737
100.206
100.085
99.7941
99.8475
100.176
100.232
99.8733
99.7103
100.028
100.334
100.099
99.6567
99.7798
100.247
100.397
99.8525
99.5326
99.9364
100.456
100.371
99.5557
99.5098
100.095
100.69
100.277
99.249
99.5126
100.227
101.023
100.154
98.9011
99.4294
100.34
101.597
100.089
98.3402
99.095
100.423
102.889
100.273
96.852
97.8497
100.57
108.889
101.068
83.2831
49.9441
16.8335
-0.772388
-9.16604
-0.903356
1.91453
3.30876
0.902148
-3.05072
-1.33299
0.346344
1.39678
1.67932
-0.908537
-1.51908
-0.384403
0.219522
1.36338
0.708535
-0.937155
-0.750779
-0.413676
0.234256
1.19336
0.295924
-0.623683
-0.454553
-0.565623
0.199081
1.03085
0.172944
-0.297004
99.9954
99.9972
100.021
100.002
99.9625
99.9967
100.054
100.008
99.9301
99.9835
100.085
100.03
99.9028
99.9493
100.105
100.077
99.8931
99.8908
100.098
100.146
99.9234
99.8187
100.037
100.214
100.018
99.7688
99.9102
100.223
100.18
99.8059
99.7456
100.106
100.332
100.008
99.632
99.8597
100.307
100.342
99.7557
99.5643
100.029
100.489
100.273
99.4808
99.5828
100.186
100.699
100.144
99.2063
99.6037
100.322
101.011
99.9994
98.8794
99.5242
100.451
101.573
99.9207
98.3165
99.1854
100.561
102.872
100.095
96.8004
97.9203
100.744
108.909
100.892
83.1848
49.9605
17.0374
-0.676268
-9.31372
-1.04259
1.82679
3.4907
1.11206
-3.12397
-1.46325
0.136368
1.4301
1.99085
-0.847846
-1.56028
-0.608057
-0.0405407
1.60938
0.9421
-0.851908
-0.74138
-0.861725
0.0700492
1.48043
0.449606
-0.298492
-0.509298
-1.17849
0.103292
1.12091
0.373662
100.001
99.987
100.007
100.028
99.9855
99.957
100.019
100.06
99.9795
99.9224
100.017
100.096
99.993
99.8852
99.9893
100.131
100.037
99.8577
99.9283
100.144
100.115
99.8657
99.8381
100.103
100.212
99.9455
99.7512
99.9802
100.266
100.119
99.7394
99.7887
100.187
100.325
99.9102
99.6106
99.944
100.371
100.283
99.653
99.5967
100.127
100.53
100.168
99.3966
99.653
100.287
100.721
100.005
99.1445
99.6918
100.431
101.022
99.8364
98.8239
99.6181
100.576
101.591
99.7443
98.2386
99.2751
100.706
102.922
99.9235
96.6671
97.9847
100.906
109.019
100.771
82.9757
49.9539
17.195
-0.503663
-9.30938
-1.2908
1.68162
3.59447
1.29961
-2.93824
-1.59764
-0.173366
1.39205
2.09364
-0.573287
-1.36527
-0.906533
-0.297737
1.54252
1.01537
-0.383718
-0.606062
-1.19464
-0.138286
1.18112
0.55611
0.345525
-0.392724
-1.31921
-0.148076
0.449654
100.006
99.9919
99.9839
100.022
100.027
99.9664
99.9594
100.043
100.056
99.9504
99.9246
100.051
100.097
99.9544
99.8792
100.032
100.145
99.9926
99.8343
99.971
100.179
100.077
99.8189
99.8666
100.161
100.199
99.8794
99.7467
100.046
100.295
100.058
99.6882
99.8336
100.255
100.311
99.8235
99.6013
100.016
100.424
100.228
99.5672
99.6289
100.205
100.571
100.075
99.3298
99.7077
100.366
100.754
99.8814
99.0974
99.7499
100.518
101.06
99.6916
98.7825
99.6678
100.672
101.653
99.5872
98.1813
99.3077
100.801
103.039
99.7757
96.5702
97.9916
100.966
109.208
100.687
82.8236
49.9294
17.1727
-0.279003
-9.23633
-1.4723
1.6266
3.46674
1.41381
-2.65631
-1.69166
-0.246351
1.24148
1.91172
-0.257261
-1.20007
-0.951785
-0.285752
1.14883
0.918175
-0.0281417
-0.534248
-0.969432
-0.168607
0.584025
0.521487
0.50525
-0.288339
-0.707019
-0.189663
100.003
100.007
99.9806
99.988
100.035
100.019
99.9502
99.9714
100.063
100.042
99.9267
99.9396
100.079
100.083
99.9207
99.8899
100.07
100.14
99.9495
99.8313
100.016
100.193
100.032
99.7933
99.9074
100.199
100.167
99.8285
99.7655
100.102
100.299
99.9962
99.6667
99.8857
100.299
100.278
99.7577
99.6207
100.074
100.449
100.164
99.5197
99.6758
100.255
100.583
99.9872
99.3123
99.7586
100.414
100.761
99.7777
99.1074
99.7871
100.572
101.066
99.5769
98.8098
99.6825
100.734
101.676
99.4619
98.2169
99.2965
100.858
103.103
99.6414
96.608
97.9624
100.979
109.336
100.56
82.8524
49.9201
17.0854
-0.106259
-9.31004
-1.48334
1.71131
3.27115
1.52184
-2.61487
-1.78965
-0.0298499
1.09757
1.79441
-0.11183
-1.38368
-0.772947
-0.0844533
0.870689
0.992711
-0.147793
-0.755692
-0.514884
-0.105554
0.457305
0.673405
-0.00963367
-0.464484
-0.182635
99.9968
100.012
100.001
99.9725
100
100.043
100.001
99.9416
99.9937
100.073
100.016
99.9128
99.969
100.098
100.052
99.8953
99.9204
100.103
100.112
99.908
99.8527
100.066
100.182
99.9757
99.7916
99.9654
100.218
100.111
99.7914
99.8139
100.154
100.27
99.9262
99.6776
99.9569
100.319
100.211
99.7059
99.6774
100.138
100.437
100.074
99.5062
99.7551
100.301
100.546
99.8862
99.3407
99.8369
100.452
100.702
99.6742
99.1679
99.8535
100.616
100.989
99.4718
98.889
99.7354
100.797
101.589
99.3448
98.3054
99.3357
100.945
103.026
99.4915
96.7003
97.9876
101.087
109.309
100.354
82.9344
49.9418
17.1836
-0.0254614
-9.57211
-1.46391
1.76528
3.30226
1.74763
-2.84043
-1.94096
0.0819257
1.03351
2.08447
-0.0729176
-1.75377
-0.716001
-0.163522
0.965909
1.45893
-0.405649
-1.008
-0.514339
-0.402695
0.899027
1.16273
-0.360178
-0.529951
99.9949
100.004
100.017
99.9877
99.9712
100.019
100.042
99.9766
99.9431
100.024
100.073
99.9797
99.9098
100.01
100.107
100.007
99.8785
99.968
100.131
100.066
99.8681
99.8946
100.119
100.151
99.9097
99.8083
100.039
100.224
100.033
99.7608
99.8867
100.21
100.216
99.8422
99.7083
100.051
100.33
100.114
99.6514
99.7611
100.221
100.404
99.9535
99.4979
99.8673
100.366
100.476
99.7566
99.375
99.9594
100.509
100.6
99.5421
99.2263
99.9834
100.681
100.862
99.3327
98.9466
99.8768
100.89
101.45
99.1864
98.3339
99.4846
101.097
102.901
99.3035
96.6684
98.1119
101.325
109.246
100.141
82.823
49.9664
17.4959
0.0589997
-9.77217
-1.62961
1.6005
3.5609
2.0644
-2.93874
-2.07285
-0.246441
0.95996
2.55615
0.0765202
-1.75177
-0.917696
-0.720691
1.12026
1.89664
-0.24657
-0.736939
-0.977345
-1.0889
1.12061
1.38598
0.0955994
99.9979
99.9923
100.016
100.014
99.9712
99.978
100.041
100.032
99.9496
99.9542
100.057
100.063
99.9401
99.9171
100.056
100.106
99.955
99.8705
100.023
100.151
100.009
99.833
99.9467
100.17
100.109
99.842
99.8341
100.118
100.224
99.9468
99.7335
99.9668
100.268
100.156
99.7524
99.7427
100.15
100.346
100.01
99.5893
99.8475
100.314
100.378
99.8211
99.4762
99.9845
100.448
100.417
99.6069
99.3865
100.094
100.589
100.519
99.3763
99.2496
100.133
100.774
100.777
99.1431
98.95
100.043
101.012
101.39
98.9697
98.2722
99.6573
101.263
102.907
99.0879
96.4875
98.2457
101.539
109.354
100.015
82.5049
49.9565
17.7262
0.257259
-9.68104
-1.95921
1.3167
3.69747
2.26254
-2.61193
-2.08265
-0.751114
0.808314
2.60922
0.347121
-1.21318
-1.11509
-1.21133
0.939263
1.68541
0.26055
-0.031759
-1.20991
-1.38368
0.639929
0.77821
100.004
99.9879
99.9965
100.028
100.005
99.9568
99.9919
100.058
100.015
99.9275
99.9732
100.085
100.044
99.9065
99.934
100.096
100.094
99.9086
99.8745
100.075
100.159
99.9555
99.8119
99.9984
100.207
100.064
99.7889
99.8653
100.183
100.215
99.8723
99.7189
100.036
100.312
100.102
99.6797
99.7766
100.23
100.36
99.9209
99.5411
99.9164
100.387
100.367
99.7076
99.4599
100.068
100.519
100.389
99.4743
99.3947
100.179
100.669
100.485
99.2227
99.2657
100.213
100.875
100.76
98.9613
98.9513
100.111
101.134
101.432
98.7608
98.2282
99.7023
101.381
103.058
98.8925
96.3612
98.2545
101.589
109.628
99.9493
82.2822
49.9206
17.6307
0.531548
-9.45906
-2.18719
1.23813
3.47738
2.2382
-2.13305
-2.05729
-0.839366
0.689399
2.12021
0.552943
-0.767003
-1.09652
-0.986271
0.554
1.02453
0.5567
0.191983
-0.899528
-0.760717
0.0269329
100.005
99.9989
99.9805
100.006
100.034
99.99
99.9505
100.011
100.066
99.9928
99.918
99.9986
100.098
100.016
99.8885
99.9616
100.121
100.068
99.8774
99.8963
100.113
100.144
99.9113
99.8164
100.046
100.216
100.017
99.7655
99.9073
100.22
100.186
99.8204
99.7342
100.09
100.323
100.047
99.6473
99.8223
100.273
100.348
99.8529
99.5395
99.9708
100.418
100.341
99.6343
99.4882
100.112
100.55
100.352
99.4005
99.4429
100.202
100.715
100.441
99.1476
99.3236
100.209
100.944
100.723
98.877
99.0161
100.071
101.222
101.429
98.6554
98.3062
99.6198
101.451
103.132
98.7613
96.4608
98.155
101.558
109.802
99.8186
82.3853
49.9071
17.4099
0.730071
-9.51205
-2.16168
1.46069
3.1529
2.22728
-2.03993
-2.2182
-0.431121
0.693395
1.7575
0.678223
-1.05631
-1.03785
-0.339665
0.3534
0.921503
0.504471
-0.534717
-0.569458
-0.0707623
100
100.01
99.9897
99.9806
100.019
100.03
99.9732
99.957
100.032
100.058
99.9672
99.9261
100.029
100.092
99.981
99.8908
100.001
100.125
100.025
99.865
99.9403
100.136
100.102
99.8763
99.8527
100.092
100.192
99.9598
99.7756
99.9696
100.23
100.125
99.7869
99.7898
100.141
100.29
99.9755
99.6573
99.8985
100.292
100.286
99.7906
99.5941
100.04
100.411
100.26
99.5923
99.5756
100.161
100.533
100.252
99.3832
99.5478
100.231
100.7
100.32
99.1511
99.4373
100.227
100.944
100.575
98.8868
99.1415
100.08
101.252
101.254
98.6411
98.4587
99.6161
101.525
102.951
98.6667
96.6576
98.1447
101.671
109.684
99.5703
82.5999
49.9379
17.5097
0.7955
-9.92221
-2.08695
1.6209
3.16445
2.54513
-2.3714
-2.55227
-0.185683
0.638815
2.12636
0.929191
-1.71606
-1.13408
-0.325432
0.297665
1.77829
0.551266
-1.23175
-0.620108
99.9964
100.009
100.006
99.9792
99.9904
100.032
100.015
99.957
99.977
100.052
100.034
99.9408
99.9509
100.062
100.067
99.9397
99.9115
100.051
100.111
99.9675
99.8678
100.004
100.148
100.037
99.8459
99.9153
100.142
100.14
99.8893
99.8087
100.054
100.225
100.033
99.7571
99.8779
100.203
100.228
99.878
99.687
100.011
100.312
100.181
99.7117
99.6781
100.151
100.393
100.125
99.5419
99.6967
100.264
100.488
100.092
99.3578
99.6885
100.34
100.643
100.131
99.1348
99.583
100.364
100.893
100.351
98.8541
99.2742
100.266
101.248
100.991
98.5606
98.5464
99.8476
101.639
102.669
98.5069
96.6564
98.3556
101.981
109.476
99.3135
82.485
49.9725
17.9955
0.862488
-10.2323
-2.27189
1.33248
3.51458
3.07864
-2.525
-2.69367
-0.64177
0.301868
2.8205
1.29781
-1.69414
-1.17376
-1.27473
0.0351495
2.52805
0.83955
-0.615616
99.9956
100.001
100.016
99.9945
99.9712
100.008
100.042
99.991
99.9449
100.006
100.069
100.001
99.9179
99.9864
100.093
100.032
99.8988
99.9434
100.102
100.087
99.9055
99.8799
100.074
100.153
99.9624
99.8189
99.9874
100.192
100.081
99.8137
99.8483
100.147
100.219
99.9315
99.7229
99.974
100.274
100.164
99.7669
99.7106
100.136
100.345
100.073
99.61
99.7551
100.284
100.391
99.9863
99.4526
99.8129
100.402
100.465
99.9292
99.2674
99.828
100.497
100.617
99.9516
99.0154
99.7256
100.561
100.887
100.17
98.6717
99.3785
100.523
101.297
100.845
98.3002
98.5296
100.158
101.787
102.616
98.2245
96.4087
98.6242
102.26
109.568
99.1815
81.9931
49.9598
18.3584
1.08515
-10.0126
-2.68968
0.79683
3.70099
3.30274
-2.05301
-2.41403
-1.38363
-0.109481
2.83755
1.41578
-0.730631
-0.915926
-2.0806
-0.321256
1.93889
0.871437
99.9996
99.9901
100.011
100.02
99.9789
99.969
100.029
100.044
99.9652
99.9411
100.037
100.076
99.9668
99.9054
100.023
100.113
99.9945
99.8697
99.9787
100.142
100.058
99.8556
99.8991
100.132
100.15
99.8982
99.8039
100.05
100.229
100.027
99.7542
99.8855
100.22
100.213
99.8481
99.6969
100.051
100.331
100.118
99.6734
99.7282
100.23
100.38
99.9977
99.5162
99.812
100.38
100.415
99.8867
99.3574
99.8978
100.497
100.496
99.8102
99.1576
99.9282
100.593
100.674
99.8259
98.8648
99.8253
100.659
100.994
100.074
98.4485
99.4493
100.616
101.455
100.855
97.9964
98.516
100.228
101.946
102.832
97.9261
96.2322
98.647
102.296
109.992
99.1382
81.6386
49.9113
18.1542
1.41449
-9.53377
-2.97405
0.664849
3.38621
2.99565
-1.34888
-2.10906
-1.50345
-0.0899378
1.98616
1.1644
0.074498
-0.719747
-1.59101
-0.233621
0.531835
100.005
99.991
99.9902
100.022
100.016
99.9653
99.9756
100.046
100.036
99.9455
99.95
100.06
100.068
99.9395
99.9109
100.054
100.112
99.9606
99.8646
100.014
100.155
100.023
99.8331
99.93
100.164
100.127
99.8576
99.8163
100.095
100.233
99.9814
99.7343
99.9267
100.253
100.189
99.7986
99.7074
100.1
100.344
100.078
99.6307
99.7652
100.269
100.384
99.9473
99.4849
99.8639
100.401
100.427
99.8232
99.3387
99.951
100.503
100.53
99.7309
99.1476
99.9734
100.583
100.747
99.7342
98.8534
99.8626
100.617
101.118
99.9901
98.4177
99.494
100.507
101.623
100.83
97.9225
98.6044
100.022
102.078
102.946
97.7987
96.4014
98.4084
102.205
110.273
99.0084
81.8508
49.8919
17.6975
1.64591
-9.53253
-2.91172
1.14448
2.91209
2.7193
-1.18575
-2.39986
-0.873298
0.352388
1.31352
1.13638
-0.326008
-1.14429
-0.376896
0.166516
100.003
100.002
99.9842
99.9977
100.028
100.004
99.9597
99.9925
100.052
100.015
99.9372
99.9745
100.071
100.041
99.9233
99.9394
100.076
100.084
99.9312
99.8898
100.051
100.136
99.9787
99.8435
99.9797
100.166
100.075
99.8403
99.8671
100.128
100.191
99.9317
99.7624
99.9877
100.245
100.125
99.777
99.7725
100.141
100.302
100.012
99.6465
99.8471
100.275
100.325
99.8859
99.5394
99.9423
100.379
100.363
99.7633
99.4307
100.013
100.466
100.465
99.6637
99.276
100.018
100.542
100.683
99.6431
99.0181
99.9013
100.573
101.065
99.8472
98.6123
99.5597
100.445
101.608
100.605
98.1052
98.7634
99.9237
102.13
102.647
97.8448
96.732
98.2991
102.311
110.025
98.7165
82.3007
49.9315
17.7661
1.6981
-10.1996
-2.76866
1.53921
2.8839
3.18777
-1.63479
-3.15672
-0.445093
0.41033
1.74094
1.89963
-1.33993
-1.81505
-0.186872
99.9997
100.008
99.9938
99.9839
100.012
100.025
99.9839
99.9648
100.018
100.046
99.9827
99.9417
100.013
100.071
99.9969
99.9179
99.9882
100.091
100.033
99.9048
99.941
100.091
100.09
99.923
99.8791
100.049
100.147
99.9941
99.8347
99.9518
100.161
100.113
99.8669
99.8225
100.078
100.218
100.018
99.7604
99.8813
100.202
100.219
99.9036
99.6868
99.9782
100.297
100.203
99.789
99.6308
100.077
100.373
100.209
99.677
99.5609
100.149
100.453
100.277
99.5753
99.4304
100.164
100.554
100.456
99.525
99.1804
100.066
100.652
100.813
99.6526
98.7587
99.7348
100.643
101.394
100.275
98.1925
98.9066
100.253
102.111
102.165
97.7909
96.7798
98.639
102.697
109.561
98.408
82.2168
49.9777
18.5323
1.74306
-10.7434
-2.9574
1.06757
3.32367
4.16294
-1.87679
-3.3855
-0.997507
-0.483981
2.68306
2.85187
-1.36227
-1.5091
99.9967
100.008
100.005
99.9813
99.9914
100.029
100.013
99.9613
99.9793
100.047
100.031
99.9468
99.956
100.056
100.06
99.9458
99.9206
100.046
100.099
99.9709
99.8816
100.003
100.132
100.033
99.8629
99.924
100.127
100.123
99.9029
99.8294
100.049
100.2
100.026
99.7903
99.8863
100.185
100.194
99.897
99.7282
100
100.287
100.137
99.7742
99.7041
100.132
100.35
100.076
99.6614
99.6872
100.258
100.402
100.049
99.5461
99.6357
100.362
100.48
100.091
99.4257
99.4915
100.421
100.613
100.255
99.3399
99.1768
100.367
100.801
100.619
99.4309
98.6226
100.022
100.957
101.265
100.054
97.8832
99.0117
100.761
102.156
102.029
97.4053
96.4553
99.158
103.053
109.601
98.2646
81.4444
49.9637
19.1536
1.98427
-10.3425
-3.45902
0.0576741
3.57698
4.49742
-1.28819
-2.52654
-1.9796
-1.5226
2.70786
2.63393
-0.00816825
99.9958
99.9997
100.017
99.9971
99.97
100.005
100.043
99.9965
99.9433
99.9991
100.07
100.01
99.9177
99.9761
100.092
100.044
99.9028
99.9309
100.095
100.099
99.9167
99.8687
100.059
100.161
99.9815
99.8164
99.965
100.189
100.101
99.8284
99.8265
100.127
100.232
99.9587
99.7252
99.9353
100.271
100.182
99.8029
99.6895
100.092
100.358
100.091
99.6649
99.6951
100.255
100.401
100.012
99.5347
99.7019
100.404
100.441
99.9822
99.39
99.6588
100.531
100.523
100.042
99.2254
99.4911
100.618
100.676
100.256
99.095
99.0941
100.59
100.892
100.717
99.1943
98.3727
100.233
101.07
101.476
99.9794
97.4181
99.0922
100.877
102.393
102.335
96.892
96.2073
99.2316
103.079
110.281
98.2452
80.8307
49.9025
18.7963
2.36904
-9.39249
-3.80954
-0.226808
3.18471
3.64633
-0.359682
-1.56805
-2.15892
-1.23366
1.52233
1.16549
100.001
99.9897
100.007
100.022
99.9859
99.9663
100.019
100.047
99.979
99.9384
100.019
100.077
99.9877
99.9073
99.9992
100.107
100.021
99.8825
99.9516
100.121
100.083
99.8852
99.8781
100.094
100.161
99.9445
99.8049
100
100.212
100.074
99.7938
99.8436
100.167
100.231
99.9187
99.7057
99.9736
100.299
100.167
99.7586
99.688
100.139
100.37
100.075
99.6136
99.7118
100.297
100.408
100.003
99.4684
99.7361
100.43
100.457
99.9876
99.2996
99.7072
100.532
100.558
100.076
99.1009
99.5477
100.589
100.721
100.355
98.9313
99.1471
100.532
100.898
100.933
99.0173
98.3959
100.178
100.933
101.822
99.8938
97.3666
99.1293
100.497
102.701
102.528
96.7444
96.4417
98.7366
102.917
110.798
98.1228
81.1949
49.8754
17.8973
2.64135
-9.23412
-3.72116
0.740964
2.55566
2.7492
-0.100851
-2.07292
-1.32482
0.334208
0.519927
100.004
99.9942
99.99
100.015
100.017
99.9766
99.9749
100.03
100.035
99.9651
99.9525
100.036
100.062
99.9664
99.9226
100.025
100.093
99.9899
99.8922
99.9873
100.118
100.044
99.8803
99.9195
100.109
100.121
99.9175
99.8404
100.039
100.186
100.026
99.8042
99.8998
100.172
100.178
99.8899
99.7531
100.022
100.265
100.111
99.7579
99.7611
100.158
100.312
100.029
99.6381
99.8006
100.275
100.344
99.9663
99.5152
99.8352
100.366
100.405
99.9472
99.3675
99.8203
100.427
100.522
100.02
99.1827
99.6958
100.441
100.698
100.279
98.9995
99.3745
100.346
100.865
100.851
99.0062
98.755
100.009
100.829
101.78
99.7044
97.8369
99.152
100.241
102.747
102.117
97.0724
96.9262
98.3935
102.998
110.371
97.7907
82.0873
49.9218
17.8332
2.68815
-10.3758
-3.50423
1.70351
2.4584
3.4396
-0.647826
-3.87756
-0.683049
0.940643
100.002
100.001
99.9892
99.9992
100.019
100.001
99.9724
99.9965
100.036
100.008
99.9568
99.985
100.05
100.025
99.9464
99.9615
100.054
100.055
99.9504
99.9275
100.038
100.09
99.9809
99.8945
99.9914
100.113
100.045
99.8899
99.9146
100.092
100.125
99.9476
99.8423
99.9976
100.169
100.073
99.8496
99.8508
100.103
100.2
99.9929
99.7723
99.8963
100.2
100.202
99.9138
99.708
99.9531
100.28
100.205
99.8486
99.6363
99.9949
100.35
100.243
99.8081
99.5327
99.9903
100.417
100.345
99.8237
99.3773
99.8914
100.468
100.532
99.9732
99.1835
99.619
100.433
100.784
100.395
99.0785
99.0684
100.155
100.958
101.238
99.4742
98.1915
99.3136
100.661
102.435
101.405
97.2796
97.0482
98.915
103.452
109.435
97.4258
82.1374
49.9802
19.0952
2.70959
-11.4792
-3.67387
0.977368
2.96211
5.45728
-1.0015
-4.60012
-1.25679
100.001
100.006
99.9916
99.9886
100.015
100.018
99.9785
99.9746
100.026
100.035
99.9717
99.9545
100.028
100.058
99.9773
99.9294
100.013
100.083
100.003
99.9076
99.9746
100.097
100.053
99.9076
99.9147
100.077
100.117
99.9534
99.8565
100.001
100.158
100.055
99.8516
99.8793
100.116
100.177
99.9497
99.7897
99.9524
100.217
100.141
99.8459
99.7637
100.043
100.294
100.083
99.7613
99.745
100.13
100.36
100.036
99.6926
99.7003
100.198
100.442
100.029
99.6355
99.5965
100.219
100.567
100.098
99.6088
99.4049
100.127
100.738
100.293
99.6829
99.1348
99.7905
100.881
100.667
100.009
98.9273
99.0397
100.73
101.177
100.807
99.2377
97.8415
99.6925
101.411
102.207
101.159
96.7425
96.6535
99.9098
103.893
109.313
97.2616
80.8696
49.9677
20.3028
2.95946
-10.8322
-4.23961
-1.1008
3.29005
6.30822
-0.356253
-2.42526
99.9967
100.009
100.004
99.9791
99.9934
100.033
100.011
99.9564
99.9825
100.054
100.028
99.9385
99.9587
100.066
100.059
99.9339
99.9201
100.059
100.103
99.9564
99.8745
100.018
100.144
100.02
99.8469
99.9328
100.148
100.12
99.879
99.8261
100.072
100.215
100.002
99.7704
99.8992
100.215
100.192
99.8583
99.7253
100.022
100.322
100.109
99.7356
99.7189
100.156
100.392
100.013
99.6423
99.7077
100.285
100.451
99.9431
99.5632
99.6472
100.398
100.539
99.9317
99.4917
99.4896
100.46
100.7
100.015
99.4629
99.1886
100.376
100.954
100.246
99.5873
98.7598
99.942
101.229
100.678
100.062
98.4425
98.8757
101.191
101.268
101.085
98.9388
97.1509
100.023
101.603
102.576
101.559
95.7859
96.3171
100.143
103.922
110.467
97.2624
79.6674
49.8953
19.7361
3.39322
-8.82652
-4.65983
-1.95441
2.85445
4.20213
0.755775
99.9961
99.9991
100.017
99.9987
99.9707
100.002
100.042
99.9999
99.9448
99.9948
100.068
100.015
99.9213
99.9708
100.087
100.049
99.9096
99.9263
100.087
100.102
99.9272
99.8678
100.047
100.159
99.9938
99.8231
99.9527
100.179
100.11
99.844
99.8219
100.108
100.231
99.9758
99.7385
99.9156
100.254
100.191
99.826
99.6966
100.057
100.353
100.102
99.6997
99.6888
100.209
100.409
100.017
99.5936
99.6727
100.354
100.454
99.9777
99.4898
99.6013
100.478
100.527
100.018
99.3913
99.414
100.553
100.662
100.177
99.3626
99.0438
100.485
100.864
100.488
99.5762
98.4945
100.061
101.056
100.92
100.308
98.0609
98.9597
100.962
101.262
101.718
98.6548
97.0877
99.9171
101.026
103.304
101.866
95.5199
96.5963
99.1646
103.69
111.548
97.154
80.2382
49.8584
17.8196
3.7127
-8.09218
-4.56536
0.183757
2.08755
1.13287
100.001
99.9919
100.005
100.017
99.9909
99.973
100.012
100.037
99.9873
99.9513
100.01
100.06
99.9961
99.9284
99.9929
100.081
100.023
99.9121
99.9549
100.089
100.072
99.9188
99.8994
100.063
100.129
99.9694
99.8488
99.986
100.16
100.071
99.8505
99.8673
100.114
100.185
99.9551
99.775
99.9575
100.223
100.144
99.8337
99.7504
100.079
100.288
100.076
99.7266
99.7539
100.2
100.324
100.024
99.6245
99.7538
100.305
100.359
100.017
99.513
99.7113
100.386
100.423
100.09
99.3969
99.5719
100.424
100.522
100.288
99.337
99.2695
100.361
100.622
100.648
99.5081
98.7803
100.06
100.626
101.094
100.22
98.3087
99.2921
100.355
101.274
101.704
98.6342
97.8935
99.5103
100.554
103.441
101.377
96.3859
97.2363
98.2464
103.725
110.883
96.7918
82.1484
49.9082
17.2071
3.76725
-10.377
-4.28123
3.2415
1.89227
100.002
99.9958
99.9955
100.01
100.007
99.984
99.9887
100.021
100.016
99.975
99.9769
100.027
100.031
99.9724
99.959
100.025
100.052
99.9823
99.9379
100.006
100.071
100.011
99.9241
99.9673
100.074
100.058
99.9362
99.9158
100.042
100.106
99.9921
99.8812
99.964
100.115
100.085
99.9118
99.8682
100.041
100.158
100.031
99.8431
99.888
100.119
100.173
99.972
99.7874
99.9206
100.187
100.181
99.9241
99.7315
99.9455
100.244
100.205
99.899
99.6593
99.9396
100.29
100.268
99.9184
99.5618
99.8703
100.315
100.378
100.029
99.4575
99.6911
100.276
100.514
100.298
99.4426
99.3601
100.081
100.577
100.754
99.7588
98.9372
99.5752
100.364
101.206
100.767
98.852
98.5959
99.566
101.024
102.553
100.437
97.2215
97.4609
99.0119
104.223
108.89
96.3712
82.7501
49.9781
19.6315
3.76965
-13.5564
-4.40851
2.41219
100.003
99.9974
99.9921
100.007
100.013
99.9885
99.9802
100.014
100.027
99.9844
99.9649
100.015
100.044
99.9895
99.9472
100.003
100.061
100.009
99.933
99.9749
100.069
100.045
99.935
99.9325
100.052
100.09
99.9697
99.8923
99.9969
100.117
100.045
99.8888
99.9102
100.084
100.134
99.9614
99.8413
99.9707
100.158
100.109
99.8735
99.8309
100.042
100.212
100.064
99.797
99.8382
100.104
100.26
100.022
99.7308
99.8371
100.146
100.323
100.006
99.6667
99.8029
100.154
100.416
100.047
99.6037
99.715
100.095
100.537
100.198
99.5703
99.566
99.9072
100.616
100.52
99.6624
99.3981
99.528
100.462
100.997
100.071
99.3837
99.0053
99.7454
101.299
100.974
99.9364
98.7564
98.2428
100.502
102.017
101.662
100.054
96.4755
97.0252
101.079
104.746
108.182
96.1746
80.3214
49.9704
22.9423
4.01814
-12.8161
-5.00601
100.002
100.005
99.9873
99.992
100.023
100.013
99.9676
99.9808
100.041
100.028
99.9527
99.9599
100.051
100.055
99.9497
99.9278
100.044
100.091
99.9694
99.8911
100.008
100.124
100.022
99.8695
99.9379
100.126
100.107
99.8963
99.8498
100.06
100.187
100.001
99.7992
99.9193
100.185
100.167
99.8639
99.7693
100.031
100.275
100.09
99.7439
99.79
100.142
100.338
99.9893
99.6546
99.819
100.235
100.401
99.8946
99.5853
99.8145
100.306
100.502
99.8334
99.5166
99.7428
100.331
100.678
99.8477
99.442
99.5815
100.238
100.943
100.019
99.3925
99.346
99.8863
101.209
100.475
99.4716
99.157
99.1419
101.124
101.294
99.8904
99.3168
98.1678
99.9905
102.117
100.904
100.263
97.9474
97.3019
101.469
102.317
102.228
100.526
94.4724
96.5993
101.899
104.797
110.473
96.1842
77.0125
49.8906
22.3258
4.48921
-5.49087
99.9969
100.009
100.003
99.9782
99.9957
100.034
100.007
99.9543
99.9865
100.057
100.023
99.9343
99.9636
100.072
100.054
99.9266
99.9242
100.068
100.1
99.9456
99.8751
100.03
100.146
100.007
99.8407
99.9448
100.159
100.11
99.8639
99.8323
100.089
100.216
99.9823
99.763
99.9173
100.23
100.181
99.8331
99.7323
100.045
100.331
100.085
99.7118
99.7421
100.177
100.398
99.9732
99.6268
99.7436
100.302
100.459
99.8822
99.5615
99.6913
100.411
100.554
99.8422
99.5048
99.5424
100.471
100.731
99.887
99.4817
99.2645
100.378
101.019
100.07
99.5764
98.8978
99.9274
101.345
100.465
99.9215
98.7009
98.8872
101.351
101.098
100.591
99.2777
97.4404
100.22
101.691
101.374
101.254
97.0803
97.175
101.113
101.562
104.005
100.965
93.6666
96.8919
99.7601
104.507
113.64
96.0921
77.6284
49.843
15.1369
4.85922
99.9969
99.9995
100.013
99.9984
99.9772
100.002
100.033
99.9989
99.957
99.9972
100.053
100.01
99.9384
99.979
100.068
100.036
99.9286
99.9445
100.069
100.078
99.9412
99.8986
100.039
100.123
99.9919
99.8624
99.9667
100.14
100.082
99.8764
99.8644
100.088
100.178
99.9766
99.7972
99.9392
100.2
100.144
99.8611
99.7678
100.049
100.274
100.072
99.7661
99.7637
100.168
100.314
100.003
99.6883
99.7516
100.281
100.343
99.9717
99.6133
99.6957
100.38
100.393
100.001
99.5443
99.5505
100.442
100.489
100.117
99.5335
99.2674
100.397
100.635
100.334
99.7133
98.86
100.083
100.781
100.607
100.272
98.5781
99.2746
100.74
100.766
101.231
99.1178
97.998
100.083
100.512
101.943
101.35
97.3814
98.2862
99.5856
100.847
104.659
100.454
95.7737
97.6645
96.7336
104.483
112.895
95.7129
84.8109
49.8914
4.94003
99.9999
99.9963
100.004
100.007
99.9928
99.9884
100.01
100.016
99.9884
99.9781
100.012
100.028
99.9897
99.9654
100.006
100.041
100
99.9534
99.9897
100.05
100.023
99.95
99.9611
100.045
100.056
99.9673
99.9286
100.013
100.082
100.014
99.9151
99.9539
100.075
100.078
99.9524
99.892
100.01
100.117
100.045
99.8945
99.8967
100.074
100.134
100.004
99.8452
99.9164
100.132
100.138
99.9731
99.7957
99.9359
100.179
100.148
99.964
99.7351
99.937
100.216
100.178
99.9924
99.6593
99.8928
100.241
100.228
100.088
99.5888
99.7647
100.235
100.278
100.283
99.6056
99.5182
100.149
100.268
100.551
99.8864
99.2039
99.8899
100.12
100.687
100.611
99.1441
99.3762
99.7936
100.267
101.531
100.058
98.8117
99.3594
99.0699
101.293
102.47
99.3328
98.799
98.0115
97.5826
104.992
105.582
95.2428
95.0015
49.9698
)
;

boundaryField
{
    left
    {
        type            fixedValue;
        value           uniform 100;
    }
    right
    {
        type            zeroGradient;
    }
    up
    {
        type            zeroGradient;
    }
    down
    {
        type            fixedValue;
        value           uniform 0;
    }
    frontAndBack
    {
        type            empty;
    }
}


// ************************************************************************* //
