0.01	1
0.02	0.949424
0.03	0.91754
0.04	0.916931
0.05	0.896787
0.06	0.932399
0.07	0.895373
0.08	0.931034
0.09	0.894671
0.1	0.910657
0.11	0.919159
0.12	0.903274
0.13	0.922996
0.14	0.896383
0.15	0.919196
0.16	0.913115
0.17	0.900948
0.18	0.920436
0.19	0.900215
0.2	0.903416
0.21	0.925449
0.22	0.896706
0.23	0.926033
0.24	0.895297
0.25	0.897125
0.26	0.928895
0.27	0.890945
0.28	0.926064
0.29	0.893592
0.3	0.905104
0.31	0.919101
0.32	0.900045
0.33	0.921979
0.34	0.899463
0.35	0.904731
0.36	0.918128
0.37	0.897297
0.38	0.919277
0.39	0.895304
0.4	0.901422
0.41	0.921061
0.42	0.89325
0.43	0.921032
0.44	0.891231
0.45	0.892927
0.46	0.925155
0.47	0.886741
0.48	0.903006
0.49	0.910284
0.5	0.895681
0.51	0.912939
0.52	0.89383
0.53	0.895732
0.54	0.917268
0.55	0.890955
0.56	0.913094
0.57	0.887042
0.58	0.896046
0.59	0.913162
0.6	0.886318
0.61	0.893624
0.62	0.905219
0.63	0.885773
0.64	0.886043
0.65	0.908834
0.66	0.87696
0.67	0.889856
0.68	0.897346
0.69	0.876623
0.7	0.906526
0.71	0.872336
0.72	0.885701
0.73	0.888989
0.74	0.874671
0.75	0.871429
0.76	0.876698
0.77	0.883149
0.78	0.862889
0.79	0.866738
0.8	0.876698
0.81	0.865645
0.82	0.861988
0.83	0.864114
0.84	0.866905
0.85	0.849895
0.86	0.857209
0.87	0.852993
0.88	0.856072
0.89	0.844067
0.9	0.845229
0.91	0.837794
0.92	0.844962
0.93	0.836903
0.94	0.808469
0.95	0.817343
0.96	0.827519
0.97	0.81512
0.98	0.828995
0.99	0.81313
1	0.827947
1.01	0.812661
1.02	0.827133
1.03	0.708862
1.04	0.874457
1.05	0.89515
1.06	0.904818
1.07	0.90545
1.08	0.882156
1.09	0.890404
1.1	0.892185
1.11	0.888516
1.12	0.874402
1.13	0.904266
1.14	0.869374
1.15	0.882409
1.16	0.878775
1.17	0.853114
1.18	0.884975
1.19	0.856466
1.2	0.859246
1.21	0.872418
1.22	0.857314
1.23	0.889157
1.24	0.846189
1.25	0.86469
1.26	0.864683
1.27	0.86297
1.28	0.868699
1.29	0.860354
1.3	0.864683
1.31	0.868865
1.32	0.858177
1.33	0.8639
1.34	0.871183
1.35	0.876609
1.36	0.861873
1.37	0.867338
1.38	0.856891
1.39	0.868617
1.4	0.872865
1.41	0.872353
1.42	0.872696
1.43	0.86662
1.44	0.862323
1.45	0.865428
1.46	0.864085
1.47	0.86966
1.48	0.869317
1.49	0.873413
1.5	0.8597
1.51	0.863257
1.52	0.847867
1.53	0.853676
1.54	0.819057
1.55	0.841997
1.56	0.802591
1.57	0.781346
1.58	0.746134
1.59	0.753254
1.6	0.719039
1.61	0.747276
1.62	0.659463
1.63	0.677399
1.64	0.683991
1.65	0.703209
1.66	0.675825
1.67	0.700336
1.68	0.707527
1.69	0.769822
1.7	0.721719
1.71	0.719133
1.72	0.759052
1.73	0.721368
1.74	0.725506
1.75	0.711617
1.76	0.687253
1.77	0.711362
1.78	0.740503
1.79	0.752346
1.8	0.729992
1.81	0.708126
1.82	0.74692
1.83	0.730366
1.84	0.674389
1.85	0.705241
1.86	0.711388
1.87	0.690245
1.88	0.671003
1.89	0.696809
1.9	0.724501
1.91	0.71912
1.92	0.71611
1.93	0.671236
1.94	0.710869
1.95	0.717035
1.96	0.760195
1.97	0.694476
1.98	0.697058
1.99	0.673562
2	0.657358
