0.01	35
0.02	35
0.03	34
0.04	34
0.05	34
0.06	35
0.07	35
0.08	34
0.09	35
0.1	34
0.11	35
0.12	34
0.13	34
0.14	34
0.15	34
0.16	34
0.17	34
0.18	34
0.19	34
0.2	34
0.21	34
0.22	34
0.23	34
0.24	34
0.25	35
0.26	34
0.27	34
0.28	34
0.29	34
0.3	34
0.31	34
0.32	34
0.33	34
0.34	34
0.35	34
0.36	34
0.37	34
0.38	34
0.39	34
0.4	35
0.41	33
0.42	35
0.43	32
0.44	34
0.45	35
0.46	34
0.47	34
0.48	34
0.49	34
0.5	34
0.51	34
0.52	34
0.53	35
0.54	34
0.55	35
0.56	34
0.57	34
0.58	34
0.59	34
0.6	35
0.61	34
0.62	35
0.63	34
0.64	35
0.65	34
0.66	35
0.67	34
0.68	34
0.69	34
0.7	34
0.71	35
0.72	34
0.73	35
0.74	34
0.75	35
0.76	34
0.77	35
0.78	34
0.79	35
0.8	34
0.81	35
0.82	34
0.83	34
0.84	34
0.85	34
0.86	34
0.87	34
0.88	34
0.89	34
0.9	34
0.91	34
0.92	34
0.93	34
0.94	34
0.95	35
0.96	34
0.97	35
0.98	35
0.99	35
1	35
1.01	35
1.02	35
1.03	33
1.04	34
1.05	34
1.06	34
1.07	34
1.08	34
1.09	34
1.1	34
1.11	34
1.12	34
1.13	33
1.14	34
1.15	34
1.16	34
1.17	35
1.18	34
1.19	34
1.2	34
1.21	34
1.22	34
1.23	33
1.24	36
1.25	34
1.26	34
1.27	35
1.28	34
1.29	34
1.3	34
1.31	34
1.32	34
1.33	34
1.34	35
1.35	35
1.36	34
1.37	35
1.38	35
1.39	35
1.4	35
1.41	34
1.42	35
1.43	34
1.44	34
1.45	34
1.46	34
1.47	34
1.48	34
1.49	34
1.5	34
1.51	34
1.52	34
1.53	34
1.54	34
1.55	33
1.56	35
1.57	34
1.58	34
1.59	35
1.6	34
1.61	33
1.62	34
1.63	34
1.64	34
1.65	33
1.66	33
1.67	33
1.68	32
1.69	34
1.7	34
1.71	34
1.72	34
1.73	33
1.74	33
1.75	34
1.76	34
1.77	35
1.78	34
1.79	34
1.8	34
1.81	34
1.82	34
1.83	34
1.84	33
1.85	34
1.86	34
1.87	34
1.88	34
1.89	33
1.9	34
1.91	33
1.92	33
1.93	34
1.94	34
1.95	34
1.96	34
1.97	32
1.98	33
1.99	34
2	34
