/*--------------------------------*- C++ -*----------------------------------*\
  =========                 |
  \\      /  F ield         | OpenFOAM: The Open Source CFD Toolbox
   \\    /   O peration     | Website:  https://openfoam.org
    \\  /    A nd           | Version:  8
     \\/     M anipulation  |
\*---------------------------------------------------------------------------*/
FoamFile
{
    version     2.0;
    format      ascii;
    class       volScalarField;
    location    "0.369";
    object      T;
}
// * * * * * * * * * * * * * * * * * * * * * * * * * * * * * * * * * * * * * //

dimensions      [0 0 0 1 0 0 0];

internalField   nonuniform List<scalar> 
10000
(
50
4.65384
-4.65336
-1.18584
1.18358
0.46071
-0.454147
-0.234879
0.220351
0.148585
-0.121726
-0.111812
0.0684098
0.0941505
-0.0316071
-0.0821249
0.00145186
0.0682669
0.0238862
-0.0485217
-0.041874
0.0224357
0.0480727
0.00604815
-0.0392247
-0.0289257
0.0168702
0.0370863
0.0103682
-0.0259829
-0.0287295
0.00124749
0.0269627
0.0212012
-0.00623896
-0.0246479
-0.0167435
0.0065812
0.0213779
0.0151349
-0.0038773
-0.0175324
-0.0150962
-0.000767227
0.0125016
0.0147781
0.00604683
-0.00579254
-0.0121545
-0.00977162
-0.00166825
0.00620084
0.00929211
0.00681318
0.00122802
-0.00394195
-0.0062599
-0.00530745
-0.00230631
0.000945074
0.00306201
0.00354338
0.00268981
0.00120926
-0.00020111
-0.00111205
-0.00141711
-0.00124547
-0.000824929
-0.000367301
-8.01802e-06
0.00020265
0.000277074
0.000258369
0.000193964
0.000120444
5.89132e-05
1.7068e-05
-6.0285e-06
-1.52549e-05
-1.61327e-05
-1.31134e-05
-9.07356e-06
-5.49395e-06
-2.89468e-06
-1.26494e-06
-3.77268e-07
2.89039e-08
1.64963e-07
1.72813e-07
1.34196e-07
8.90878e-08
5.28123e-08
2.8351e-08
1.37345e-08
5.8803e-09
2.05002e-09
4.65014e-10
-1.55508e-10
-2.04183e-10
95.3462
49.9998
10.4928
-4.65178
-2.82964
1.17811
1.14919
-0.441176
-0.603436
0.19553
0.382219
-0.08073
-0.275285
0.00832403
0.209885
0.0471169
-0.154959
-0.0900034
0.0966955
0.115517
-0.0325382
-0.115735
-0.0299982
0.0859269
0.0754987
-0.0312531
-0.0871915
-0.0294784
0.058087
0.0682177
-0.00153754
-0.0627838
-0.0488945
0.0162438
0.0580609
0.03651
-0.0192421
-0.0508614
-0.0314724
0.0146875
0.0430184
0.0313519
-0.00514725
-0.0333986
-0.0323591
-0.00709698
0.0201898
0.0298551
0.0181401
-0.00367983
-0.0200539
-0.0220176
-0.0111325
0.0040038
0.0144233
0.0157977
0.00946964
0.000189663
-0.00718611
-0.0100076
-0.00834678
-0.00409736
0.000418498
0.00353185
0.00464519
0.00406742
0.00256325
0.000910786
-0.000366416
-0.00106663
-0.00123914
-0.00106118
-0.000728656
-0.000390768
-0.000129355
3.18378e-05
0.000105457
0.000119194
0.000100994
7.17997e-05
4.39722e-05
2.28338e-05
9.21164e-06
1.74048e-06
-1.56553e-06
-2.4792e-06
-2.26215e-06
-1.66901e-06
-1.07479e-06
-6.18945e-07
-3.19135e-07
-1.44198e-07
-5.31523e-08
-1.16605e-08
3.83165e-09
7.38253e-09
6.48468e-09
4.39606e-09
2.8231e-09
1.20045e-09
104.654
89.5073
49.9995
12.1364
-4.64853
-3.51807
1.1683
1.51824
-0.420326
-0.838657
0.158938
0.548926
-0.0247447
-0.396246
-0.0677399
0.28975
0.138715
-0.19115
-0.185676
0.0871042
0.197339
0.0175923
-0.16359
-0.103341
0.0860703
0.143515
0.0134854
-0.119689
-0.0944989
0.0399699
0.114972
0.0528249
-0.0615191
-0.0986425
-0.0287585
0.0636942
0.0837416
0.0207919
-0.0553787
-0.0731743
-0.0242473
0.0403017
0.0642328
0.0337131
-0.0195355
-0.0517164
-0.0423792
-0.00460607
0.0312264
0.0418855
0.0250001
-0.00420326
-0.026387
-0.0305281
-0.0180939
0.0010176
0.0159694
0.0207457
0.0156967
0.00547392
-0.00439867
-0.0102043
-0.0109919
-0.0080174
-0.00347961
0.000644761
0.00323224
0.00407605
0.00359264
0.0024317
0.0011728
0.000177503
-0.000422556
-0.000660048
-0.000646705
-0.000505021
-0.000329941
-0.000177365
-6.93641e-05
-5.98952e-06
2.31555e-05
3.07378e-05
2.73528e-05
2.01081e-05
1.28906e-05
7.29431e-06
3.58551e-06
1.43179e-06
3.44408e-07
-1.08439e-07
-2.33416e-07
-2.17262e-07
-1.58407e-07
-1.00376e-07
-5.71575e-08
-2.95833e-08
-1.37455e-08
-5.66516e-09
-1.81709e-09
-2.04859e-10
101.186
104.653
87.8636
49.999
12.8249
-4.64302
-3.88787
1.1531
1.75562
-0.390272
-1.00978
0.109423
0.677231
0.0464739
-0.486406
-0.158144
0.338031
0.238772
-0.192731
-0.278209
0.0432237
0.260463
0.0934928
-0.178516
-0.183905
0.0484093
0.194401
0.084717
-0.116129
-0.159373
-0.0141295
0.132773
0.119014
-0.0213455
-0.125655
-0.091452
0.0302991
0.110624
0.0788315
-0.0216958
-0.0924812
-0.0762175
0.0017212
0.0694986
0.075277
0.0237318
-0.0386502
-0.0659923
-0.0452787
0.00183932
0.040988
0.0498252
0.0288914
-0.00429031
-0.0294649
-0.035453
-0.0235978
-0.00359164
0.013663
0.0215331
0.0193328
0.0107235
0.000748423
-0.00666949
-0.00985659
-0.009199
-0.00623309
-0.00266657
0.000265598
0.00201189
0.0025928
0.00234875
0.00169754
0.000977996
0.000390598
7.5447e-06
-0.000184669
-0.000239297
-0.000215444
-0.000159981
-0.000102213
-5.60406e-05
-2.49808e-05
-7.09343e-06
1.45766e-06
4.39225e-06
4.49454e-06
3.50775e-06
2.34944e-06
1.40049e-06
7.49106e-07
3.55083e-07
1.42214e-07
4.04677e-08
-7.36237e-10
-1.2748e-08
-1.30131e-08
-9.39992e-09
-6.37506e-09
-2.84076e-09
98.816
102.83
104.65
87.175
49.9984
13.1953
-4.63472
-4.1272
1.13152
1.93126
-0.349852
-1.14624
0.0461802
0.779721
0.132546
-0.550465
-0.26036
0.356163
0.341974
-0.161399
-0.359947
-0.0298928
0.297189
0.184946
-0.156952
-0.257509
-0.0220501
0.215414
0.167727
-0.0733179
-0.20541
-0.0925937
0.111089
0.175385
0.0496093
-0.114426
-0.148478
-0.0355466
0.0993567
0.129647
0.0418643
-0.0724849
-0.113936
-0.0589172
0.0356037
0.0920115
0.0746549
0.007331
-0.0559354
-0.0742365
-0.0438079
0.00807654
0.0471459
0.0540777
0.0317216
-0.00224004
-0.0286121
-0.0368441
-0.0276845
-0.00945779
0.00803296
0.018237
0.0195235
0.0141623
0.00607213
-0.001244
-0.00580832
-0.00727104
-0.00638342
-0.00430399
-0.00206151
-0.000294779
0.000766159
0.00118228
0.00115375
0.00089876
0.000585899
0.000314087
0.000122104
9.70424e-06
-4.17987e-05
-5.5019e-05
-4.88192e-05
-3.58283e-05
-2.29372e-05
-1.29605e-05
-6.35734e-06
-2.5275e-06
-5.96847e-07
2.049e-07
4.24013e-07
3.92812e-07
2.86298e-07
1.81744e-07
1.03919e-07
5.41719e-08
2.55309e-08
1.07811e-08
3.74424e-09
6.36438e-10
99.5396
98.8205
103.518
104.646
86.8045
49.9977
13.4358
-4.62309
-4.30652
1.10264
2.07536
-0.298069
-1.26153
-0.0312311
0.861799
0.232468
-0.589851
-0.371054
0.344584
0.442365
-0.099494
-0.423457
-0.125564
0.30173
0.280392
-0.0992148
-0.310823
-0.115665
0.198417
0.245472
0.00432585
-0.217403
-0.177641
0.0489992
0.201866
0.133553
-0.060645
-0.176667
-0.114831
0.0454433
0.148574
0.112961
-0.0127536
-0.113982
-0.114659
-0.0290118
0.0670539
0.10388
0.0658945
-0.00941924
-0.067971
-0.0772265
-0.041048
0.0114641
0.0488847
0.0552786
0.0344239
0.0023995
-0.0238067
-0.0345409
-0.0295791
-0.0152157
0.000517053
0.0116749
0.0159738
0.0143175
0.00927999
0.00356486
-0.000957332
-0.00352051
-0.00424329
-0.0037126
-0.00260237
-0.00143857
-0.000518868
6.15715e-05
0.00033781
0.000401478
0.000348458
0.000252264
0.000157362
8.37471e-05
3.54214e-05
8.32928e-06
-4.10116e-06
-7.9347e-06
-7.58068e-06
-5.73054e-06
-3.75779e-06
-2.20124e-06
-1.15739e-06
-5.37615e-07
-2.08778e-07
-5.48977e-08
5.41096e-09
2.16327e-08
2.0645e-08
1.44625e-08
9.49133e-09
4.08546e-09
100.455
98.8508
98.8292
103.888
104.639
86.5638
49.9968
13.6173
-4.60761
-4.45659
1.06557
2.20223
-0.234104
-1.36189
-0.122874
0.925359
0.344624
-0.604507
-0.486188
0.303717
0.533654
-0.0104876
-0.46207
-0.235542
0.270809
0.367714
-0.00964481
-0.332772
-0.219187
0.141038
0.301088
0.105397
-0.186468
-0.248791
-0.0444056
0.184793
0.20737
0.0272466
-0.160007
-0.181744
-0.0401815
0.120612
0.163265
0.0695823
-0.0673591
-0.137171
-0.0987842
0.00371509
0.0900096
0.106103
0.0540177
-0.0223144
-0.0738594
-0.076673
-0.0391908
0.0108285
0.046138
0.0536736
0.0368355
0.00898181
-0.0156723
-0.0285012
-0.028232
-0.0189537
-0.00664745
0.00373601
0.00967798
0.0110339
0.00914202
0.00578312
0.00243232
-6.22803e-05
-0.00145632
-0.0019076
-0.00174557
-0.00129923
-0.000808569
-0.000405192
-0.00013291
1.81647e-05
8.09123e-05
9.07495e-05
7.55883e-05
5.32565e-05
3.29287e-05
1.79249e-05
8.3542e-06
3.00499e-06
4.3403e-07
-5.45913e-07
-7.41109e-07
-6.23773e-07
-4.31927e-07
-2.63722e-07
-1.45212e-07
-7.24651e-08
-3.20256e-08
-1.22239e-08
-3.05609e-09
2.26373e-10
100.235
100.443
98.4811
98.843
104.128
104.629
86.3821
49.9958
13.7708
-4.5878
-4.59231
1.01953
2.31897
-0.157319
-1.44998
-0.228428
0.970505
0.466819
-0.593826
-0.601168
0.234523
0.609539
0.100807
-0.470385
-0.350323
0.204081
0.435196
0.103638
-0.315797
-0.317273
0.0471592
0.32046
0.213209
-0.111896
-0.286915
-0.151631
0.120452
0.248324
0.129738
-0.0948119
-0.211495
-0.133881
0.0465158
0.168933
0.145503
0.015485
-0.109574
-0.141916
-0.0744676
0.0317365
0.102847
0.102025
0.0432585
-0.0292993
-0.0740323
-0.07398
-0.0391273
0.00616755
0.039193
0.0490454
0.0379064
0.015924
-0.00565283
-0.0193746
-0.0231448
-0.0190635
-0.011103
-0.00300325
0.00289589
0.00584772
0.00626854
0.00511074
0.003343
0.00166205
0.000421446
-0.000303634
-0.000602062
-0.000622214
-0.000503515
-0.000345571
-0.000204146
-0.000100882
-3.66505e-05
-2.90173e-06
1.09443e-05
1.37991e-05
1.17628e-05
8.34948e-06
5.21807e-06
2.91845e-06
1.45264e-06
6.21727e-07
2.03465e-07
2.20233e-08
-3.91116e-08
-4.73839e-08
-3.78083e-08
-2.46631e-08
-1.55842e-08
-6.65407e-09
99.7787
100.604
100.423
98.2429
98.863
104.308
104.616
86.2283
49.9947
13.9115
-4.56316
-4.72148
0.963764
2.42906
-0.0672721
-1.52654
-0.34719
0.996444
0.596326
-0.557204
-0.711004
0.13883
0.664055
0.228235
-0.444718
-0.459655
0.104338
0.472542
0.229367
-0.256832
-0.39431
-0.0733779
0.294511
0.308388
-0.0016777
-0.278168
-0.250147
0.0165426
0.239891
0.220854
0.00831947
-0.188166
-0.206224
-0.0561849
0.119986
0.184656
0.107325
-0.0350247
-0.134746
-0.133477
-0.0495781
0.0511027
0.106766
0.095134
0.0361473
-0.0299496
-0.0692723
-0.0696924
-0.0404772
-0.00156553
0.0287149
0.0410874
0.0362189
0.0210692
0.00398427
-0.00892415
-0.0151475
-0.0152685
-0.0115415
-0.00647792
-0.00194532
0.00112845
0.002618
0.00287476
0.00240743
0.00166745
0.000955046
0.000414736
7.65065e-05
-9.28197e-05
-0.000148084
-0.000140646
-0.000107747
-7.1365e-05
-4.15898e-05
-2.10671e-05
-8.73672e-06
-2.29453e-06
5.05326e-07
1.35037e-06
1.31418e-06
9.86641e-07
6.41522e-07
3.75304e-07
2.00102e-07
9.72822e-08
4.2234e-08
1.59596e-08
4.22261e-09
4.93545e-11
99.8515
99.8023
100.84
100.395
98.0661
98.8901
104.459
104.598
86.0871
49.9934
14.0476
-4.53321
-4.84831
0.897607
2.53408
0.036288
-1.59122
-0.478076
1.00199
0.729937
-0.49437
-0.810494
0.0194919
0.691916
0.364449
-0.383465
-0.553171
-0.0225262
0.471857
0.354106
-0.157867
-0.436377
-0.205847
0.22087
0.372
0.12846
-0.217101
-0.316951
-0.108811
0.176382
0.274674
0.126407
-0.110362
-0.231131
-0.157794
0.0252636
0.167102
0.173823
0.062754
-0.073392
-0.144251
-0.118613
-0.029534
0.0608514
0.103962
0.0878122
0.0334576
-0.0248736
-0.060255
-0.0635036
-0.0418502
-0.0105732
0.0160295
0.0300542
0.0308076
0.0224546
0.0107049
0.000231839
-0.00648991
-0.00909585
-0.00856493
-0.00634346
-0.00370908
-0.00147686
1.69782e-05
0.000781406
0.00100129
0.000901793
0.000669834
0.000426289
0.000230462
9.84397e-05
2.27685e-05
-1.26529e-05
-2.38144e-05
-2.28461e-05
-1.73987e-05
-1.14974e-05
-6.78261e-06
-3.5866e-06
-1.67138e-06
-6.47503e-07
-1.66003e-07
2.27348e-08
7.26335e-08
6.77049e-08
4.79673e-08
2.88816e-08
1.64779e-08
6.2434e-09
100.123
99.6166
99.8377
101.013
100.356
97.9205
98.9253
104.596
104.576
85.9505
49.992
14.1837
-4.49751
-4.97511
0.820449
2.63447
0.15341
-1.64307
-0.619634
0.985858
0.864047
-0.405611
-0.89443
-0.119545
0.688841
0.501183
-0.287349
-0.621095
-0.167808
0.428491
0.463499
-0.0259955
-0.433102
-0.332416
0.104648
0.38877
0.257402
-0.108355
-0.333473
-0.230443
0.0652457
0.272227
0.229541
0.00706756
-0.194588
-0.225477
-0.0890165
0.091938
0.186766
0.147673
0.0226653
-0.0968866
-0.1424
-0.102953
-0.0169385
0.061775
0.096363
0.0809371
0.0344989
-0.0153785
-0.0476149
-0.0546939
-0.0413336
-0.0184323
0.00331825
0.0173478
0.0220354
0.0193716
0.0128606
0.00576514
0.000177855
-0.00311696
-0.00430116
-0.00403456
-0.00304825
-0.00190981
-0.000949623
-0.000291009
7.71893e-05
0.000228546
0.000247884
0.000204349
0.000143121
8.78472e-05
4.71718e-05
2.13265e-05
7.00895e-06
2.74101e-07
-2.13913e-06
-2.45181e-06
-1.96324e-06
-1.32254e-06
-7.89099e-07
-4.2338e-07
-2.02846e-07
-8.41629e-08
-2.63832e-08
-3.3283e-09
5.60401e-09
5.01948e-09
100.112
100.083
99.4482
99.886
101.151
100.306
97.7917
98.9694
104.727
104.549
85.8137
49.9904
14.3226
-4.45558
-5.10311
0.731753
2.73
0.283941
-1.6808
-0.770057
0.946895
0.99473
-0.291905
-0.9578
-0.273276
0.651849
0.629618
-0.159537
-0.654975
-0.32053
0.341655
0.543697
0.127086
-0.379212
-0.434432
-0.0418158
0.349907
0.362085
0.0334638
-0.289882
-0.321299
-0.0736285
0.207091
0.28864
0.135974
-0.100205
-0.234029
-0.186997
-0.0205953
0.135865
0.185336
0.117157
-0.00687995
-0.106648
-0.133793
-0.0898817
-0.012123
0.0553871
0.085114
0.0740413
0.0374761
-0.00341712
-0.0323689
-0.0428729
-0.0372776
-0.0227072
-0.00671739
0.00549615
0.01191
0.0130417
0.0107258
0.00698815
0.00336025
0.000659321
-0.000912202
-0.00153193
-0.00152622
-0.00121089
-0.000815044
-0.000467601
-0.000217739
-6.54807e-05
1.14817e-05
3.99915e-05
4.24363e-05
3.39867e-05
2.32268e-05
1.40457e-05
7.55892e-06
3.54975e-06
1.35352e-06
3.01773e-07
-1.13002e-07
-2.17767e-07
-1.97171e-07
-1.42005e-07
-9.03955e-08
-5.17337e-08
-2.9359e-08
-1.16796e-08
99.9303
100.277
100.028
99.3177
99.9484
101.269
100.243
97.6726
99.0231
104.856
104.516
85.674
49.9887
14.466
-4.40699
-5.23288
0.631051
2.82001
0.42752
-1.70294
-0.927203
0.884197
1.11784
-0.155013
-0.996007
-0.435732
0.579501
0.740827
-0.00559701
-0.648367
-0.468192
0.214741
0.582811
0.286105
-0.275551
-0.494966
-0.200301
0.255067
0.421493
0.185808
-0.187895
-0.358395
-0.211628
0.0881739
0.283568
0.241998
0.0303124
-0.174946
-0.234946
-0.134793
0.0343624
0.157465
0.171541
0.0900611
-0.0239966
-0.105452
-0.121783
-0.0804749
-0.0138557
0.0434282
0.0707196
0.0658413
0.0399255
0.00842662
-0.0163668
-0.0287656
-0.0292658
-0.0220011
-0.0119187
-0.00284161
0.00326568
0.0061007
0.00638232
0.00518315
0.00346452
0.0018651
0.000685281
-2.48571e-05
-0.000352271
-0.000428433
-0.000373189
-0.000271508
-0.000171862
-9.48411e-05
-4.40164e-05
-1.48948e-05
-7.10189e-07
4.62022e-06
5.46795e-06
4.50673e-06
3.13401e-06
1.94344e-06
1.09733e-06
5.67387e-07
2.672e-07
1.12364e-07
3.97539e-08
1.0207e-08
-7.47933e-10
-2.13608e-09
99.9051
99.9898
100.401
99.957
99.2125
100.025
101.372
100.167
97.5597
99.0872
104.985
104.477
85.5297
49.9869
14.6151
-4.35131
-5.36458
0.517945
2.90357
0.583585
-1.70799
-1.08863
0.797225
1.22911
0.0024829
-1.00507
-0.600154
0.472093
0.826255
0.166688
-0.597447
-0.597697
0.0552916
0.572286
0.433709
-0.129439
-0.501294
-0.348999
0.113102
0.420593
0.321871
-0.0414221
-0.328318
-0.317515
-0.0611953
0.209457
0.294043
0.162294
-0.0606831
-0.213223
-0.211389
-0.0842499
0.0706767
0.161578
0.15297
0.0703814
-0.0294977
-0.09615
-0.108014
-0.0739424
-0.0198613
0.0278825
0.0536287
0.0550531
0.0393915
0.0172906
-0.00228711
-0.0145255
-0.0187325
-0.01689
-0.0119151
-0.00636943
-0.00185629
0.00101045
0.00232248
0.00251891
0.00210094
0.00146962
0.000873141
0.000422646
0.000136492
-1.46115e-05
-7.45065e-05
-8.29628e-05
-6.84951e-05
-4.80792e-05
-2.98974e-05
-1.66451e-05
-8.21577e-06
-3.44971e-06
-1.06822e-06
-5.51884e-08
2.66164e-07
2.90169e-07
2.17494e-07
1.36282e-07
7.41974e-08
3.57373e-08
1.44649e-08
2.96081e-09
100.033
99.787
100.066
100.494
99.8707
99.1273
100.117
101.464
100.078
97.4515
99.1624
105.115
104.431
85.3796
49.985
14.7704
-4.28809
-5.4981
0.392107
2.97956
0.751363
-1.69447
-1.2516
0.685886
1.32429
0.177176
-0.98184
-0.759203
0.331759
0.878229
0.347672
-0.501468
-0.6964
-0.125394
0.508026
0.552289
0.0457524
-0.446992
-0.465506
-0.0586267
0.353521
0.415371
0.125247
-0.231054
-0.364637
-0.207951
0.0793681
0.273582
0.257702
0.0776799
-0.124231
-0.221724
-0.177759
-0.044511
0.0887354
0.153981
0.13448
0.0589224
-0.025584
-0.0810111
-0.0927058
-0.068291
-0.0271738
0.0112262
0.0349745
0.0413556
0.0344145
0.0209623
0.00720277
-0.00303215
-0.00849686
-0.00980451
-0.00842926
-0.00589416
-0.00332115
-0.00131304
-4.25754e-05
0.000580729
0.00075477
0.000679638
0.000506721
0.00032764
0.000184641
8.78903e-05
3.12057e-05
2.94316e-06
-8.04887e-06
-1.00878e-05
-8.40615e-06
-5.80887e-06
-3.52156e-06
-1.89852e-06
-8.97793e-07
-3.50929e-07
-8.77599e-08
1.74598e-08
4.77823e-08
4.36657e-08
3.5664e-08
1.84209e-08
100.083
99.9537
99.7044
100.157
100.561
99.7698
99.0604
100.223
101.544
99.975
97.3475
99.2492
105.248
104.379
85.2231
49.9829
14.9325
-4.21691
-5.63313
0.253287
3.04673
0.92988
-1.661
-1.41317
0.550588
1.39921
0.364866
-0.924148
-0.905234
0.162508
0.890455
0.526333
-0.363037
-0.753179
-0.313029
0.391169
0.625971
0.231783
-0.333341
-0.530144
-0.236354
0.225403
0.445617
0.281541
-0.0811587
-0.337661
-0.316852
-0.0777306
0.181059
0.286566
0.199143
0.00675397
-0.159021
-0.211041
-0.144729
-0.0190232
0.0916627
0.139315
0.118031
0.0542401
-0.0151079
-0.0618506
-0.0754326
-0.0611574
-0.0325908
-0.00353721
0.0169973
0.0260831
0.02545
0.0190368
0.0108352
0.00365215
-0.00120012
-0.00360914
-0.00414092
-0.00356514
-0.0025512
-0.0015424
-0.000755988
-0.000244551
3.06905e-05
0.00014151
0.000157311
0.000129797
9.06689e-05
5.56358e-05
3.00695e-05
1.3895e-05
4.90677e-06
6.0248e-07
-1.0342e-06
-1.35657e-06
-1.1526e-06
-8.19314e-07
-5.22158e-07
-3.06776e-07
-1.69197e-07
-8.70812e-08
-4.49482e-08
-1.68857e-08
99.9978
100.159
99.8607
99.6534
100.261
100.603
99.6559
99.0117
100.343
101.613
99.8579
97.2478
99.3482
105.383
104.319
85.0596
49.9806
15.1017
-4.13735
-5.76924
0.101307
3.10376
1.11796
-1.60634
-1.57015
0.392284
1.44997
0.560629
-0.83099
-1.03059
-0.0298412
0.858476
0.690891
-0.188183
-0.759484
-0.491428
0.228382
0.64257
0.407431
-0.169803
-0.529138
-0.393232
0.0524076
0.401947
0.39635
0.0942084
-0.237162
-0.359242
-0.223516
0.037265
0.236818
0.265467
0.13878
-0.0422949
-0.170152
-0.190902
-0.118144
-0.00731341
0.0832565
0.120409
0.103301
0.0534955
-0.00134715
-0.0405953
-0.0561306
-0.0508455
-0.0335115
-0.0134944
0.00261017
0.0119862
0.0149053
0.0133241
0.00956671
0.00549241
0.00218902
3.94789e-05
-0.00104062
-0.00135075
-0.00122048
-0.000911002
-0.000586236
-0.000324737
-0.000147214
-4.3681e-05
6.8247e-06
2.49766e-05
2.64587e-05
2.12439e-05
1.46987e-05
9.14349e-06
5.20029e-06
2.71669e-06
1.29794e-06
5.58004e-07
2.07959e-07
6.01812e-08
7.91668e-09
-5.44947e-09
-5.79399e-09
-1.86311e-09
99.9299
100.091
100.197
99.7582
99.6328
100.375
100.621
99.531
98.9821
100.476
101.669
99.7269
97.1533
99.4598
105.52
104.252
84.8888
49.9782
15.2782
-4.04899
-5.90587
-0.0639343
3.14929
1.31422
-1.52947
-1.71925
0.212503
1.47302
0.758903
-0.70264
-1.12794
-0.237811
0.780067
0.82952
0.0138315
-0.710252
-0.643861
0.0316357
0.595282
0.550898
0.0265816
-0.457183
-0.503436
-0.140158
0.286616
0.444375
0.260226
-0.0808067
-0.320861
-0.319986
-0.121145
0.119308
0.253909
0.228485
0.0891784
-0.0688727
-0.164591
-0.167905
-0.0996458
-0.00669485
0.0670392
0.0986093
0.0886709
0.053223
0.0120886
-0.0198136
-0.0359809
-0.0373495
-0.0290511
-0.0170555
-0.00595403
0.00184473
0.00586824
0.00684543
0.00595009
0.0042713
0.00256403
0.00121673
0.000336309
-0.000134181
-0.000315613
-0.000329154
-0.000266901
-0.000186031
-0.000114995
-6.33435e-05
-3.05477e-05
-1.21262e-05
-3.08961e-06
5.72265e-07
1.55406e-06
1.4286e-06
9.91837e-07
5.79283e-07
2.87762e-07
1.16263e-07
2.71223e-08
-7.23859e-09
-2.13724e-08
-1.59902e-08
99.9761
99.8994
100.189
100.201
99.6515
99.6425
100.494
100.613
99.3978
98.973
100.62
101.711
99.5822
97.0648
99.5843
105.659
104.176
84.7105
49.9757
15.4622
-3.95141
-6.04242
-0.242458
3.18191
1.5171
-1.42956
-1.85704
0.013361
1.46527
0.953622
-0.540737
-1.1906
-0.452514
0.655535
0.931117
0.230929
-0.604608
-0.75456
-0.182594
0.483921
0.642496
0.232883
-0.318977
-0.54646
-0.321534
0.115465
0.411825
0.381505
0.0994835
-0.206601
-0.339841
-0.251193
-0.0340188
0.165694
0.245162
0.189426
0.0554947
-0.0764102
-0.148386
-0.145174
-0.0878884
-0.0133728
0.0462289
0.0747021
0.0724235
0.0502406
0.0217071
-0.00262604
-0.0175446
-0.0226913
-0.0206565
-0.0149343
-0.00849781
-0.003182
0.00030458
0.00204222
0.00249878
0.00221705
0.00163846
0.00104435
0.00057038
0.000251321
6.76653e-05
-1.95808e-05
-4.8636e-05
-4.8376e-05
-3.7016e-05
-2.41825e-05
-1.38517e-05
-6.89119e-06
-2.80062e-06
-7.03665e-07
1.94817e-07
4.63551e-07
4.52784e-07
3.47688e-07
2.37767e-07
1.45657e-07
9.13692e-08
4.05052e-08
100.05
99.8814
99.908
100.286
100.17
99.5466
99.6823
100.614
100.578
99.2596
98.9859
100.774
101.738
99.4244
96.9835
99.7222
105.8
104.091
84.5245
49.973
15.6537
-3.84419
-6.17819
-0.434206
3.20024
1.72484
-1.30609
-1.98004
-0.202434
1.42427
1.13836
-0.348331
-1.2129
-0.663985
0.487906
0.986094
0.448891
-0.446294
-0.810271
-0.39464
0.315505
0.667301
0.422926
-0.129369
-0.510922
-0.460504
-0.0839808
0.300216
0.429921
0.264064
-0.0406828
-0.274745
-0.315752
-0.17879
0.0269792
0.182254
0.22272
0.156088
0.0376289
-0.0696779
-0.125689
-0.123122
-0.0797928
-0.0230268
0.0241513
0.0499806
0.0539765
0.0427852
0.0251655
0.00831331
-0.00373284
-0.00996586
-0.0113784
-0.0097814
-0.0069233
-0.0040444
-0.0017919
-0.000343472
0.000402106
0.000656457
0.000631591
0.000488097
0.000324492
0.000188165
9.30333e-05
3.5511e-05
5.58637e-06
-7.00292e-06
-1.02032e-05
-9.18765e-06
-6.85333e-06
-4.56319e-06
-2.79695e-06
-1.60302e-06
-8.67614e-07
-4.45912e-07
-2.19975e-07
-1.03426e-07
-5.0044e-08
-1.87963e-08
100.043
100.035
99.7957
99.9522
100.372
100.108
99.4502
99.7517
100.729
100.516
99.1199
99.0221
100.936
101.747
99.254
96.9106
99.8735
105.942
103.998
84.3308
49.9701
15.8528
-3.72692
-6.31245
-0.639037
3.20289
1.93551
-1.1588
-2.08479
-0.431597
1.34824
1.30649
-0.129883
-1.19048
-0.8616
0.28297
0.987134
0.652234
-0.243744
-0.80171
-0.583415
0.104079
0.617447
0.570631
0.0880041
-0.397214
-0.530916
-0.276862
0.127289
0.391499
0.374551
0.13823
-0.138908
-0.294896
-0.271493
-0.118657
0.060775
0.177509
0.19505
0.130964
0.0324242
-0.0534566
-0.0990849
-0.100762
-0.0717611
-0.0313125
0.0044533
0.0268683
0.0346721
0.0314214
0.0223808
0.0122039
0.00383562
-0.00156185
-0.00411316
-0.00459088
-0.00389915
-0.00277445
-0.00168238
-0.000840124
-0.000292931
5.19338e-06
0.000130875
0.000156241
0.000134475
9.82482e-05
6.40687e-05
3.80323e-05
2.0679e-05
1.0265e-05
4.58656e-06
1.78243e-06
5.51053e-07
9.19564e-08
-3.22136e-08
-3.88613e-08
-1.50901e-08
1.36781e-09
1.35403e-08
1.25376e-08
99.9761
100.121
99.9837
99.7285
100.027
100.44
100.016
99.3689
99.849
100.835
100.427
98.9828
99.0828
101.103
101.738
99.0721
96.8476
100.039
106.084
103.894
84.1292
49.967
16.0596
-3.59917
-6.4444
-0.856727
3.1885
2.147
-0.987775
-2.16791
-0.670289
1.23623
1.45142
0.108794
-1.12062
-1.03456
0.0491769
0.929871
0.825263
-0.00978036
-0.724781
-0.728478
-0.13029
0.493744
0.653642
0.303554
-0.218432
-0.516801
-0.427169
-0.0754522
0.270635
0.40325
0.286147
0.0334612
-0.192855
-0.283404
-0.224241
-0.0772539
0.071542
0.159104
0.166447
0.112815
0.0352153
-0.0322919
-0.0705996
-0.0772181
-0.0609981
-0.034762
-0.00948981
0.00845983
0.0174068
0.0188618
0.0156885
0.0106818
0.00582433
0.00213171
-0.000151044
-0.00123434
-0.00150204
-0.00132691
-0.000985083
-0.000640825
-0.00036817
-0.000183431
-7.39763e-05
-1.78333e-05
5.72327e-06
1.20909e-05
1.09802e-05
7.65107e-06
4.46685e-06
2.18342e-06
8.12708e-07
1.15606e-07
-1.69445e-07
-2.35391e-07
-2.12441e-07
-1.53202e-07
-1.11747e-07
-5.52778e-08
99.9497
100.03
100.172
99.9047
99.6881
100.127
100.483
99.901
99.3089
99.9716
100.925
100.312
98.8525
99.1686
101.273
101.709
98.8797
96.7957
100.217
106.226
103.781
83.9197
49.9638
16.274
-3.46053
-6.57322
-1.08696
3.15577
2.35703
-0.793427
-2.22612
-0.914156
1.0882
1.56675
0.360635
-1.00245
-1.17242
-0.202631
0.813435
0.953233
0.239079
-0.581417
-0.812243
-0.363309
0.306329
0.656784
0.48576
0.000744983
-0.416099
-0.504719
-0.26836
0.090443
0.340712
0.365021
0.196641
-0.0380332
-0.210564
-0.255442
-0.183553
-0.0544162
0.0652792
0.132533
0.138009
0.0983602
0.0408057
-0.0106907
-0.0427204
-0.0529963
-0.0467416
-0.0319832
-0.0158979
-0.00301544
0.00494795
0.00831643
0.00842811
0.00679719
0.00462967
0.00266317
0.00121521
0.000319553
-0.0001336
-0.000294383
-0.000295397
-0.000229992
-0.000152463
-8.77959e-05
-4.29892e-05
-1.61439e-05
-2.31153e-06
3.44654e-06
4.87799e-06
4.38346e-06
3.29098e-06
2.21946e-06
1.38734e-06
8.15774e-07
4.585e-07
2.43003e-07
1.32627e-07
5.3218e-08
99.9942
99.9089
100.107
100.189
99.8083
99.681
100.243
100.495
99.7677
99.2762
100.116
100.995
100.172
98.7335
99.28
101.442
101.658
98.6782
96.7566
100.41
106.367
103.658
83.7022
49.9604
16.4962
-3.31057
-6.69804
-1.32934
3.10343
2.5632
-0.576545
-2.25636
-1.15839
0.90506
1.64653
0.617488
-0.837213
-1.26567
-0.459649
0.640821
1.02356
0.483704
-0.379943
-0.822092
-0.568928
0.0741865
0.574835
0.605883
0.227244
-0.24217
-0.49161
-0.411554
-0.11127
0.199316
0.35332
0.305892
0.124523
-0.0761246
-0.203021
-0.22141
-0.152392
-0.0461802
0.0480995
0.101505
0.109283
0.0839253
0.0443512
0.00698555
-0.0186919
-0.0303747
-0.0306688
-0.0242183
-0.0154604
-0.00745939
-0.00168899
0.00161807
0.00293566
0.00297516
0.00238643
0.00162774
0.000953671
0.000462112
0.000155959
-5.06026e-06
-7.06456e-05
-8.29245e-05
-7.10635e-05
-5.21604e-05
-3.45185e-05
-2.10693e-05
-1.20001e-05
-6.41796e-06
-3.23579e-06
-1.54255e-06
-6.99992e-07
-3.05285e-07
-1.33696e-07
-5.9596e-08
-3.28857e-08
-1.62874e-08
100.042
99.9208
99.9075
100.193
100.168
99.7065
99.7111
100.365
100.471
99.6239
99.2754
100.276
101.039
100.01
98.6302
99.4166
101.607
101.584
98.469
96.7317
100.616
106.506
103.523
83.4766
49.9567
16.7261
-3.14885
-6.81795
-1.58337
3.0303
2.76296
-0.338294
-2.25584
-1.39777
0.688768
1.68545
0.870333
-0.628321
-1.30628
-0.707692
0.41903
1.02696
0.703758
-0.134841
-0.752163
-0.722259
-0.176556
0.414126
0.642696
0.424562
-0.0225295
-0.386763
-0.473602
-0.289901
0.0115064
0.252842
0.330585
0.246498
0.0764295
-0.0867868
-0.179816
-0.18654
-0.129239
-0.0468117
0.0258257
0.0691201
0.0801139
0.0671305
0.0426047
0.0174569
-0.00165369
-0.0125128
-0.0160556
-0.0146942
-0.0109761
-0.00683617
-0.00338234
-0.00101606
0.000315113
0.000872683
0.000954586
0.000804419
0.000583236
0.000377418
0.000220618
0.00011619
5.40721e-05
2.1042e-05
5.64225e-06
-2.80969e-07
-1.76782e-06
-1.55915e-06
-9.44356e-07
-4.16802e-07
-8.8209e-08
6.68313e-08
1.20105e-07
1.09429e-07
9.52885e-08
5.27392e-08
100.03
100.034
99.8478
99.9463
100.273
100.109
99.612
99.7795
100.482
100.41
99.4781
99.3102
100.448
101.054
99.8281
98.5472
99.5778
101.765
101.486
98.2539
96.7223
100.836
106.643
103.378
83.243
49.9528
16.9638
-2.97494
-6.93198
-1.84845
2.93527
2.95362
-0.0802418
-2.22209
-1.62677
0.442344
1.6791
1.10954
-0.381449
-1.28829
-0.931913
0.158963
0.958476
0.879343
0.134078
-0.604593
-0.802642
-0.415427
0.192619
0.586461
0.558781
0.205214
-0.207383
-0.439034
-0.404244
-0.177363
0.0894335
0.263913
0.291532
0.197503
0.051113
-0.077809
-0.147726
-0.152248
-0.110321
-0.0502027
0.00396455
0.0388076
0.0519054
0.0481459
0.0351932
0.020017
0.0071731
-0.00140273
-0.00572653
-0.00684679
-0.0060747
-0.00451951
-0.00291108
-0.00161407
-0.000730187
-0.000214075
3.59699e-05
0.000122873
0.000126098
9.67128e-05
6.22181e-05
3.42562e-05
1.55594e-05
4.84383e-06
-3.36588e-07
-2.23801e-06
-2.48229e-06
-2.05682e-06
-1.47961e-06
-9.69372e-07
-5.96864e-07
-3.40536e-07
-1.99981e-07
-8.43585e-08
99.9815
100.093
99.9872
99.792
100.021
100.332
100.014
99.5374
99.8837
100.585
100.311
99.3396
99.3825
100.622
101.035
99.6317
98.4886
99.7622
101.913
101.364
98.0348
96.73
101.069
106.776
103.22
83.0013
49.9487
17.2093
-2.7884
-7.03917
-2.1239
2.81733
3.13241
0.195636
-2.15305
-1.83964
0.169888
1.62419
1.32518
-0.104469
-1.20828
-1.11764
-0.124957
0.818289
0.992786
0.403118
-0.390031
-0.796534
-0.611281
-0.0616947
0.441483
0.604721
0.399733
0.0132371
-0.312928
-0.426681
-0.320113
-0.0930448
0.125942
0.247329
0.24833
0.161448
0.043079
-0.0567789
-0.111268
-0.118187
-0.0916481
-0.051071
-0.0127234
0.014177
0.0273801
0.0293137
0.0243402
0.0166632
0.00924699
0.00360366
9.43118e-05
-0.00159921
-0.00205404
-0.00183132
-0.00134807
-0.000853858
-0.000462492
-0.000200366
-4.95594e-05
2.25476e-05
4.70869e-05
4.73166e-05
3.79145e-05
2.6762e-05
1.72786e-05
1.03921e-05
5.88187e-06
3.1518e-06
1.60621e-06
7.8051e-07
3.6469e-07
1.62976e-07
7.49249e-08
2.72499e-08
99.9601
100.031
100.129
99.9108
99.7674
100.121
100.358
99.8934
99.4941
100.018
100.661
100.177
99.2179
99.4924
100.793
100.979
99.4254
98.4584
99.9677
102.046
101.217
97.8138
96.7562
101.316
106.905
103.05
82.7513
49.9444
17.4625
-2.58877
-7.13848
-2.40893
2.67558
3.29647
0.486951
-2.04714
-2.03052
-0.123435
1.51875
1.50742
0.192708
-1.06582
-1.25129
-0.415465
0.612168
1.03043
0.646708
-0.127247
-0.699837
-0.736491
-0.314112
0.2266
0.551193
0.523784
0.231593
-0.121175
-0.350931
-0.380307
-0.244487
-0.0414877
0.130508
0.214955
0.206457
0.135637
0.0450152
-0.0307733
-0.0742427
-0.0844695
-0.0709136
-0.0462407
-0.021109
-0.00184824
0.00948514
0.0137792
0.0132778
0.010347
0.00679988
0.00370389
0.00148618
0.000154999
-0.000484495
-0.000676145
-0.000628987
-0.000487751
-0.000335504
-0.000209751
-0.000120285
-6.32678e-05
-3.02396e-05
-1.282e-05
-4.54011e-06
-1.0959e-06
6.00397e-08
2.82067e-07
2.05132e-07
8.99054e-08
5.7256e-09
-2.80908e-08
-4.51797e-08
-3.2077e-08
99.9891
99.9365
100.101
100.127
99.8204
99.7836
100.234
100.343
99.7575
99.4911
100.174
100.701
100.014
99.1224
99.6383
100.952
100.886
99.2149
98.46
100.192
102.162
101.045
97.5932
96.8023
101.575
107.028
102.868
82.4931
49.9397
17.7237
-2.37559
-7.22886
-2.70264
2.50924
3.44286
0.7909
-1.90331
-2.19353
-0.431448
1.3623
1.64687
0.4984
-0.863739
-1.32131
-0.69341
0.351534
0.98425
0.839809
0.158259
-0.519236
-0.771064
-0.527949
-0.0268101
0.404098
0.551921
0.402741
0.0943662
-0.194811
-0.342792
-0.323197
-0.187516
-0.0185737
0.113519
0.174606
0.166896
0.115128
0.0495791
-0.00629207
-0.0408461
-0.0531934
-0.049027
-0.0361435
-0.0212832
-0.00871441
-0.00019919
0.00430351
0.00576511
0.00538617
0.00418347
0.0028355
0.00169577
0.000881769
0.000375426
0.000102189
-2.00432e-05
-5.78462e-05
-5.6192e-05
-4.10915e-05
-2.5177e-05
-1.30895e-05
-5.4561e-06
-1.3393e-06
4.9651e-07
1.06546e-06
1.04439e-06
8.12312e-07
5.63734e-07
3.49874e-07
2.22451e-07
9.92871e-08
100.029
99.926
99.9552
100.173
100.082
99.7342
99.8438
100.342
100.282
99.6209
99.534
100.339
100.699
99.8298
99.0616
99.8163
101.09
100.755
99.0064
98.4964
100.432
102.256
100.847
97.3753
96.8694
101.845
107.146
102.672
82.2266
49.9348
17.9927
-2.14839
-7.30917
-3.00401
2.31764
3.56861
1.10425
-1.72112
-2.32293
-0.747009
1.15603
1.73499
0.799493
-0.608327
-1.31908
-0.938883
0.0531168
0.853063
0.960465
0.436485
-0.272332
-0.706048
-0.669935
-0.279072
0.186608
0.47637
0.489948
0.284857
0.00322213
-0.218632
-0.308466
-0.268397
-0.149727
-0.0162606
0.0840941
0.131027
0.128751
0.0952621
0.0510844
0.0117849
-0.0147309
-0.027309
-0.0289418
-0.0240828
-0.0167686
-0.00974334
-0.00436667
-0.000946675
0.000810604
0.00142162
0.00138491
0.0010722
0.000709912
0.00040689
0.00019555
6.83881e-05
3.13022e-06
-2.32531e-05
-2.86788e-05
-2.48506e-05
-1.83326e-05
-1.22022e-05
-7.51623e-06
-4.34077e-06
-2.36791e-06
-1.22463e-06
-6.02883e-07
-2.80429e-07
-1.29525e-07
-4.4298e-08
100.031
100.002
99.8738
100.014
100.225
99.9979
99.671
99.9449
100.429
100.176
99.4991
99.6246
100.501
100.649
99.6341
99.0427
100.021
101.199
100.587
98.8067
98.5697
100.683
102.324
100.626
97.1629
96.959
102.128
107.256
102.463
81.9516
49.9296
18.2697
-1.90668
-7.37829
-3.31192
2.10032
3.67072
1.42334
-1.50084
-2.41324
-1.06212
0.902944
1.7646
1.08192
-0.309373
-1.2398
-1.13261
-0.261847
0.643447
0.992447
0.675946
0.013492
-0.545932
-0.715775
-0.488271
-0.0636674
0.310078
0.473496
0.405785
0.192862
-0.0432811
-0.207591
-0.26177
-0.220113
-0.125848
-0.0251156
0.0502217
0.0878897
0.0915456
0.0732281
0.0462323
0.0206514
0.00187423
-0.00882093
-0.012738
-0.0122117
-0.00951079
-0.00629603
-0.00351074
-0.00151615
-0.000306997
0.000293013
0.000497651
0.000488008
0.000389154
0.000273438
0.000174524
0.000102475
5.55341e-05
2.76517e-05
1.24646e-05
4.90914e-06
1.53274e-06
2.32465e-07
-1.45955e-07
-1.8043e-07
-1.17719e-07
-5.81829e-08
-1.63292e-08
3.65415e-09
99.9983
100.07
99.9426
99.8526
100.1
100.241
99.8866
99.6466
100.077
100.479
100.034
99.4076
99.76
100.646
100.549
99.4388
99.0712
100.244
101.273
100.385
98.6229
98.6813
100.941
102.364
100.381
96.9585
97.0721
102.421
107.358
102.24
81.6682
49.924
18.5547
-1.64996
-7.43503
-3.62512
1.85694
3.74623
1.74416
-1.24344
-2.45945
-1.36812
0.60792
1.73026
1.33132
0.0200879
-1.0832
-1.25753
-0.569045
0.369842
0.927631
0.847436
0.3039
-0.309232
-0.65505
-0.617777
-0.301038
0.0855255
0.356679
0.428834
0.32539
0.132891
-0.0547254
-0.175258
-0.210565
-0.177352
-0.108511
-0.0359311
0.0194583
0.0498587
0.0575602
0.0500026
0.0354168
0.0201886
0.00797336
5.32878e-06
-0.0040657
-0.00531454
-0.00491513
-0.00380636
-0.00259073
-0.00157125
-0.000842925
-0.000385453
-0.000132416
-1.2566e-05
3.13893e-05
3.82289e-05
3.06982e-05
2.02476e-05
1.15145e-05
5.61631e-06
2.1894e-06
4.70919e-07
-2.39223e-07
-4.27244e-07
-4.01053e-07
-2.91455e-07
-2.1076e-07
-1.02543e-07
99.9698
100.054
100.069
99.8684
99.875
100.196
100.209
99.7661
99.6721
100.224
100.479
99.8653
99.3599
99.9328
100.758
100.403
99.2565
99.15
100.476
101.304
100.154
98.4621
98.8317
101.202
102.373
100.115
96.7652
97.2098
102.724
107.45
102.002
81.3762
49.9181
18.8478
-1.37769
-7.47813
-3.94225
1.58733
3.79216
2.06228
-0.950669
-2.45707
-1.65579
0.277685
1.62859
1.53359
0.364195
-0.853909
-1.30015
-0.842829
0.0538145
0.767478
0.927678
0.56167
-0.026706
-0.493814
-0.643199
-0.480445
-0.151511
0.165862
0.349756
0.367619
0.260184
0.100906
-0.0428907
-0.132082
-0.158942
-0.137825
-0.0919136
-0.0424362
-0.0030485
0.0209668
0.0305709
0.0299271
0.0238217
0.0161178
0.00920585
0.00412361
0.000975515
-0.000616758
-0.00117322
-0.00115845
-0.000903924
-0.000605478
-0.000355021
-0.000179359
-7.22487e-05
-1.55821e-05
9.19634e-06
1.64617e-05
1.56181e-05
1.19958e-05
8.17005e-06
5.11073e-06
2.98747e-06
1.64634e-06
8.61892e-07
4.25063e-07
2.09629e-07
7.54265e-08
99.9764
99.9812
100.111
100.025
99.8038
99.9432
100.277
100.128
99.6577
99.7511
100.366
100.423
99.6882
99.3664
100.131
100.826
100.214
99.1004
99.2797
100.708
101.287
99.8993
98.3314
99.0204
101.459
102.347
99.8279
96.5858
97.373
103.036
107.532
101.749
81.0754
49.9117
19.1489
-1.08935
-7.50628
-4.26178
1.29156
3.80561
2.37286
-0.625141
-2.40233
-1.91555
-0.0790934
1.45878
1.67561
0.704703
-0.561832
-1.25199
-1.0581
-0.277066
0.523937
0.902603
0.751176
0.26189
-0.255043
-0.557546
-0.566052
-0.35072
-0.0544828
0.19009
0.310873
0.303768
0.210589
0.0876043
-0.0192755
-0.0859054
-0.109205
-0.0996736
-0.0726325
-0.0417038
-0.0156815
0.00174904
0.0106744
0.0131724
0.01183
0.0088471
0.00568869
0.00310512
0.00132482
0.000277133
-0.0002298
-0.000398254
-0.00038892
-0.000308095
-0.000215122
-0.000136604
-7.99398e-05
-4.32769e-05
-2.15969e-05
-9.80659e-06
-3.92812e-06
-1.2779e-06
-2.37532e-07
8.51631e-08
1.28396e-07
9.23933e-08
5.05273e-08
1.41663e-08
100.007
99.9342
100.032
100.142
99.9454
99.7717
100.048
100.323
100.005
99.583
99.8791
100.484
100.311
99.5213
99.4327
100.34
100.839
99.9937
98.9829
99.4578
100.927
101.219
99.6279
98.2373
99.2457
101.708
102.284
99.5234
96.4234
97.5627
103.356
107.602
101.48
80.7658
49.9049
19.4583
-0.784404
-7.51816
-4.58204
0.969938
3.78384
2.67077
-0.270401
-2.29251
-2.13778
-0.451937
1.22293
1.74615
1.02191
-0.222136
-1.11102
-1.19289
-0.591392
0.219499
0.770566
0.84393
0.513137
0.0233221
-0.374774
-0.54006
-0.468511
-0.251149
-0.00624832
0.175633
0.255729
0.242432
0.171024
0.0817411
0.00490056
-0.044551
-0.0652147
-0.0639305
-0.0502762
-0.0327201
-0.0168589
-0.0052928
0.00161162
0.00472711
0.00533734
0.00462113
0.00342909
0.00225949
0.00133374
0.000698058
0.000311025
0.00010269
6.66074e-06
-2.72654e-05
-3.16827e-05
-2.50858e-05
-1.6504e-05
-9.46341e-06
-4.73555e-06
-1.97972e-06
-5.70154e-07
3.53705e-08
2.37323e-07
2.35651e-07
2.04823e-07
1.1058e-07
100.028
99.9587
99.9268
100.104
100.131
99.8492
99.7887
100.17
100.317
99.8574
99.56
100.043
100.556
100.15
99.3844
99.5586
100.541
100.791
99.7538
98.9153
99.6787
101.122
101.099
99.3485
98.1861
99.505
101.942
102.182
99.2037
96.2812
97.7794
103.683
107.659
101.194
80.4471
49.8977
19.7761
-0.462245
-7.51239
-4.90129
0.622946
3.72425
2.95064
0.109199
-2.12587
-2.31314
-0.82892
0.926142
1.73667
1.29586
0.145536
-0.882357
-1.23079
-0.857211
-0.114871
0.543563
0.823738
0.687454
0.294809
-0.128179
-0.408171
-0.479996
-0.377265
-0.186032
0.00537363
0.138714
0.194811
0.185122
0.136142
0.0751849
0.021868
-0.0143381
-0.0323863
-0.036205
-0.0313927
-0.0229884
-0.0144613
-0.00761456
-0.00297555
-0.000318039
0.000893978
0.00121833
0.00109532
0.000812666
0.000526434
0.000301424
0.000149924
6.02061e-05
1.37625e-05
-6.24935e-06
-1.21237e-05
-1.15902e-05
-8.89969e-06
-6.05258e-06
-3.78493e-06
-2.21419e-06
-1.22882e-06
-6.40423e-07
-3.38099e-07
-1.29637e-07
100.019
100.023
99.9038
99.9643
100.17
100.071
99.7627
99.8603
100.285
100.25
99.7088
99.6001
100.224
100.569
99.9533
99.2962
99.7378
100.716
100.679
99.5098
98.9064
99.934
101.28
100.925
99.0705
98.1829
99.7943
102.154
102.039
98.8721
96.1623
98.0238
104.016
107.702
100.892
80.1193
49.8899
20.1022
-0.122234
-7.48742
-5.21754
0.251319
3.6243
3.20673
0.508359
-1.90187
-2.43263
-1.19671
0.576608
1.64174
1.50719
0.517782
-0.578426
-1.16258
-1.0448
-0.442408
0.246513
0.689357
0.755124
0.511974
0.135587
-0.198328
-0.38428
-0.403798
-0.301969
-0.148635
-0.00531436
0.0919866
0.13434
0.131815
0.102666
0.0646029
0.0300533
0.0051158
-0.00918487
-0.0148044
-0.0147668
-0.0118968
-0.00823348
-0.00494368
-0.00249986
-0.000937946
-8.43777e-05
0.000289447
0.000384867
0.000346322
0.000261987
0.000177182
0.000109845
6.31179e-05
3.37297e-05
1.67193e-05
7.61274e-06
3.11354e-06
1.08701e-06
2.74905e-07
6.90733e-09
-4.9949e-08
-4.3144e-08
-1.54975e-08
99.9922
100.059
99.9763
99.8714
100.04
100.205
99.9698
99.7128
99.979
100.365
100.127
99.5856
99.7052
100.396
100.512
99.7412
99.2713
99.958
100.847
100.507
99.279
98.962
100.212
101.391
100.702
98.8045
98.232
100.108
102.338
101.855
98.5321
96.07
98.2961
104.352
107.729
100.572
79.782
49.8816
20.4369
0.236206
-7.44173
-5.5286
-0.143801
3.4818
3.43309
0.920679
-1.62149
-2.48814
-1.5408
0.186017
1.46016
1.63846
0.868303
-0.219436
-0.988453
-1.13014
-0.723716
-0.083723
0.457059
0.702389
0.634356
0.363505
0.0424114
-0.207019
-0.32781
-0.324869
-0.240517
-0.126364
-0.0232757
0.0469033
0.0800372
0.0834336
0.0688572
0.0473599
0.0266815
0.0107914
0.000678868
-0.00444464
-0.00607465
-0.00570195
-0.00446825
-0.00308839
-0.0019179
-0.00107018
-0.00052645
-0.000215089
-5.79772e-05
8.48454e-06
2.80922e-05
2.72577e-05
1.99435e-05
1.24108e-05
6.76018e-06
3.18681e-06
1.20533e-06
2.56539e-07
-1.31035e-07
-2.11757e-07
-2.17934e-07
-1.2698e-07
99.9749
100.037
100.065
99.908
99.8831
100.134
100.188
99.8496
99.7196
100.125
100.388
99.9636
99.5127
99.8665
100.534
100.386
99.5376
99.319
100.201
100.917
100.283
99.0791
99.0845
100.5
101.446
100.435
98.5613
98.3362
100.441
102.489
101.63
98.1878
96.0075
98.5967
104.692
107.74
100.234
79.4352
49.8726
20.7802
0.613718
-7.37378
-5.83223
-0.561021
3.29492
3.62377
1.33895
-1.28738
-2.47298
-1.84634
-0.230893
1.1956
1.67609
1.17024
0.167798
-0.719426
-1.09923
-0.922677
-0.40307
0.160081
0.536797
0.639156
0.509211
0.258805
0.00415048
-0.176824
-0.256907
-0.249336
-0.187863
-0.108227
-0.0367488
0.0132553
0.0395659
0.0467521
0.0418937
0.0316015
0.0205851
0.0114221
0.00499734
0.00115152
-0.000741717
-0.00138618
-0.00136246
-0.00106569
-0.000721582
-0.000433225
-0.00022965
-0.000103361
-3.41243e-05
-1.41218e-06
1.06831e-05
1.26648e-05
1.06177e-05
7.61658e-06
4.95492e-06
2.99527e-06
1.71293e-06
9.16721e-07
4.98588e-07
1.95804e-07
99.9821
99.9824
100.087
100.026
99.8467
99.9456
100.214
100.113
99.7405
99.7916
100.269
100.341
99.7848
99.5091
100.065
100.614
100.2
99.368
99.441
100.446
100.915
100.019
98.9272
99.2715
100.781
101.436
100.132
98.3519
98.4968
100.786
102.599
101.363
97.8436
95.978
98.9255
105.032
107.731
99.8764
79.0785
49.8629
21.1324
1.01108
-7.28184
-6.12598
-0.998733
3.06199
3.77272
1.75516
-0.903652
-2.38188
-2.09852
-0.656869
0.856437
1.61115
1.39801
0.551962
-0.376473
-0.949849
-1.0112
-0.666687
-0.156888
0.285679
0.525786
0.543795
0.402445
0.195194
0.00318377
-0.126628
-0.182985
-0.179498
-0.14043
-0.089276
-0.0425828
-0.00856313
0.0112819
0.0194355
0.019856
0.0162954
0.0115042
0.00709141
0.00374252
0.00154943
0.000308898
-0.0002704
-0.000454009
-0.00043762
-0.000344269
-0.000239882
-0.000152799
-9.02571e-05
-4.97356e-05
-2.55755e-05
-1.22109e-05
-5.34304e-06
-2.084e-06
-6.75664e-07
-1.4104e-07
1.95133e-08
5.02649e-08
2.58925e-08
100.005
99.9484
100.029
100.111
99.9502
99.8224
100.047
100.252
99.9908
99.6737
99.9216
100.38
100.223
99.622
99.5833
100.275
100.619
99.9727
99.2558
99.631
100.667
100.834
99.735
98.8386
99.5166
101.039
101.357
99.8029
98.187
98.7134
101.133
102.663
101.057
97.5044
95.9846
99.2823
105.371
107.703
99.4993
78.7116
49.8525
21.4936
1.42903
-7.16405
-6.40703
-1.45481
2.78176
3.87372
2.16022
-0.476351
-2.21145
-2.28272
-1.07201
0.456398
1.44053
1.52884
0.898497
0.00957237
-0.693405
-0.973068
-0.834079
-0.44238
-0.00612329
0.317543
0.46186
0.441376
0.317016
0.158662
0.0197001
-0.0726039
-0.114405
-0.116527
-0.095152
-0.0651153
-0.0366458
-0.0148968
-0.00106992
0.00596526
0.00825009
0.00780142
0.00616199
0.00430125
0.00270653
0.00153898
0.000780014
0.000337338
0.000107599
5.29453e-06
-2.93611e-05
-3.30877e-05
-2.58028e-05
-1.6831e-05
-9.6301e-06
-4.85908e-06
-2.09018e-06
-6.80699e-07
-4.65151e-08
1.49844e-07
2.08127e-07
1.32606e-07
100.021
99.962
99.9512
100.092
100.088
99.8636
99.8543
100.161
100.227
99.8485
99.6733
100.087
100.428
100.05
99.507
99.7315
100.463
100.54
99.7299
99.2199
99.8743
100.842
100.676
99.4515
98.8251
99.8087
101.257
101.207
99.4601
98.0768
98.9837
101.474
102.676
100.713
97.1756
96.0304
99.6666
105.708
107.653
99.1016
78.3343
49.8411
21.8638
1.86826
-7.0186
-6.67244
-1.92666
2.45364
3.92086
2.54427
-0.0136583
-1.96102
-2.38586
-1.45473
0.0147141
1.16883
1.54608
1.17314
0.399991
-0.356256
-0.809407
-0.877768
-0.647644
-0.283238
0.060245
0.287535
0.373179
0.343308
0.247376
0.133898
0.0366509
-0.0286893
-0.0610516
-0.067806
-0.0590354
-0.0437309
-0.0280907
-0.0153758
-0.00659253
-0.00139817
0.0011248
0.00195931
0.00189983
0.00148049
0.00100365
0.000606027
0.000325226
0.00015027
5.34324e-05
6.78321e-06
-1.13138e-05
-1.51898e-05
-1.32031e-05
-9.63208e-06
-6.32287e-06
-3.8406e-06
-2.19852e-06
-1.17497e-06
-6.34366e-07
-2.45702e-07
100.019
100.006
99.9213
99.998
100.139
100.015
99.8006
99.9434
100.251
100.134
99.7215
99.7492
100.255
100.396
99.8502
99.466
99.9361
100.599
100.38
99.5022
99.2716
100.149
100.947
100.447
99.1919
98.8941
100.132
101.419
100.988
99.118
98.0301
99.3033
101.8
102.632
100.334
96.8629
96.1183
100.078
106.039
107.579
98.6825
77.9463
49.8288
22.2434
2.32961
-6.84355
-6.91912
-2.41139
2.07748
3.90854
2.89692
0.474473
-1.63258
-2.39697
-1.78301
-0.444994
0.808324
1.44107
1.34574
0.752635
0.0232877
-0.53927
-0.788829
-0.736805
-0.492559
-0.190037
0.066171
0.223422
0.277172
0.25311
0.187285
0.111587
0.0468234
0.00208261
-0.0223171
-0.0308512
-0.029421
-0.0232443
-0.0159634
-0.00959662
-0.00491523
-0.00192542
-0.000277103
0.000464311
0.000675738
0.000626967
0.00048375
0.00033275
0.000209775
0.000122701
6.68651e-05
3.38761e-05
1.58044e-05
6.6357e-06
2.36921e-06
5.93536e-07
-3.15846e-08
-1.68907e-07
-1.67005e-07
-8.43108e-08
100.001
100.041
99.958
99.914
100.073
100.141
99.9136
99.7917
100.07
100.284
99.9908
99.6463
99.8926
100.387
100.281
99.6586
99.5138
100.168
100.656
100.156
99.3211
99.412
100.426
100.967
100.164
98.98
99.0471
100.468
101.511
100.705
98.7921
98.0541
99.6656
102.098
102.529
99.9251
96.5722
96.2511
100.515
106.363
107.48
98.241
77.547
49.8155
22.6326
2.81401
-6.63676
-7.14364
-2.90563
1.65372
3.83141
3.20719
0.976089
-1.23122
-2.3078
-2.03501
-0.895123
0.379393
1.21496
1.39326
1.02548
0.397675
-0.199371
-0.580155
-0.693777
-0.592768
-0.377219
-0.144553
0.0396195
0.148426
0.18563
0.171707
0.131085
0.0839477
0.0429677
0.0135995
-0.00384545
-0.0117927
-0.0134892
-0.0118457
-0.00895284
-0.00604656
-0.00369397
-0.00203463
-0.000988071
-0.000395557
-9.91374e-05
2.50885e-05
6.08206e-05
5.8032e-05
4.30431e-05
2.76828e-05
1.59707e-05
8.32808e-06
3.87143e-06
1.53749e-06
4.28193e-07
5.5993e-09
-1.53232e-07
-1.21194e-07
99.9844
100.041
100.024
99.9054
99.9559
100.144
100.084
99.8176
99.8511
100.197
100.241
99.8303
99.6493
100.077
100.449
100.099
99.5144
99.6504
100.391
100.619
99.8947
99.2146
99.6314
100.675
100.893
99.8472
98.8374
99.2794
100.795
101.521
100.369
98.499
98.1537
100.062
102.359
102.362
99.4909
96.31
96.4312
100.976
106.677
107.354
97.776
77.136
49.8009
23.0315
3.32241
-6.39595
-7.34223
-3.40539
1.18353
3.68464
3.46363
1.47726
-0.765485
-2.11384
-2.19069
-1.30555
-0.0898186
0.880401
1.30418
1.183
0.716596
0.159906
-0.287505
-0.529857
-0.56824
-0.463346
-0.293492
-0.124265
0.00513325
0.0817218
0.110958
0.107175
0.0859183
0.0595191
0.0356198
0.0176238
0.00599605
-0.000363063
-0.00306561
-0.00361048
-0.00311631
-0.00228702
-0.00149163
-0.000875627
-0.000459471
-0.000208239
-7.26688e-05
-8.86029e-06
1.52413e-05
2.0069e-05
1.7189e-05
1.23624e-05
7.99362e-06
4.77689e-06
2.68052e-06
1.40261e-06
7.32526e-07
2.7241e-07
99.9812
100.009
100.066
99.9692
99.8833
100.038
100.174
99.979
99.7665
99.9697
100.285
100.124
99.6954
99.7392
100.261
100.42
99.8816
99.4503
99.8588
100.566
100.486
99.6303
99.2033
99.909
100.867
100.725
99.5251
98.782
99.5797
101.089
101.443
99.992
98.2552
98.3315
100.482
102.571
102.131
99.0377
96.0828
96.661
101.46
106.978
107.198
97.2866
76.7129
49.7848
23.4403
3.85572
-6.11873
-7.51074
-3.90598
0.669035
3.46409
3.65452
1.96201
-0.247721
-1.81501
-2.23282
-1.64497
-0.564543
0.461533
1.08034
1.20044
0.933547
0.482215
0.0374895
-0.279657
-0.429931
-0.435783
-0.350012
-0.22818
-0.112049
-0.0242896
0.0290196
0.0524481
0.0551658
0.0465545
0.0338869
0.0216815
0.0120606
0.00550646
0.0016146
-0.000343725
-0.00108705
-0.0011749
-0.00097791
-0.000707392
-0.00046346
-0.000279801
-0.000156612
-8.1124e-05
-3.84584e-05
-1.62184e-05
-5.63465e-06
-1.16145e-06
3.89543e-07
7.16998e-07
5.91066e-07
4.30048e-07
1.98818e-07
99.992
99.9743
100.055
100.049
99.9032
99.9148
100.128
100.139
99.8608
99.7872
100.116
100.298
99.9589
99.6266
99.9021
100.401
100.296
99.6717
99.4862
100.107
100.659
100.269
99.402
99.2964
100.215
100.973
100.472
99.2278
98.8257
99.9299
101.328
101.272
99.5924
98.0765
98.5868
100.912
102.725
101.836
98.5726
95.8974
96.9422
101.965
107.263
107.011
96.7717
76.2772
49.7672
23.8593
4.41487
-5.80278
-7.64495
-4.40213
0.11353
3.16697
3.76854
2.4127
0.305378
-1.41733
-2.14957
-1.88335
-1.0045
-0.0047724
0.741073
1.07043
1.01348
0.71208
0.331518
-0.000609562
-0.218469
-0.312568
-0.309316
-0.248642
-0.167505
-0.0916112
-0.0339899
0.00236503
0.0204884
0.0258301
0.0238162
0.0186384
0.0129576
0.00812387
0.00458393
0.00227747
0.00093096
0.000235883
-6.61414e-05
-0.000158319
-0.00015484
-0.000118544
-7.92132e-05
-4.7926e-05
-2.66008e-05
-1.3549e-05
-6.24441e-06
-2.51394e-06
-7.68348e-07
-9.16082e-08
1.63249e-07
1.44282e-07
100.007
99.9609
100.007
100.086
99.989
99.8644
99.9971
100.185
100.043
99.7734
99.8834
100.244
100.223
99.7882
99.6501
100.103
100.459
100.099
99.5146
99.6232
100.351
100.647
99.9966
99.2467
99.4891
100.511
100.974
100.156
98.9861
98.9723
100.306
101.489
101.014
99.1903
97.9773
98.9157
101.339
102.809
101.477
98.1038
95.7608
97.2767
102.488
107.528
106.79
96.2297
75.8281
49.7479
24.2889
5.00125
-5.44533
-7.74027
-4.88826
-0.479135
2.79138
3.79515
2.81115
0.874164
-0.932489
-1.9361
-1.9961
-1.36963
-0.473917
0.321893
0.807865
0.944937
0.813138
0.540701
0.246338
0.00839691
-0.14067
-0.203862
-0.203561
-0.16722
-0.118195
-0.0719317
-0.0360121
-0.0121757
0.00120361
0.00706294
0.00833138
0.00729857
0.0054652
0.0036541
0.00221335
0.00121223
0.000587982
0.000236976
6.1467e-05
-1.28908e-05
-3.53211e-05
-3.48735e-05
-2.68094e-05
-1.80694e-05
-1.11268e-05
-6.37649e-06
-3.43305e-06
-1.72599e-06
-8.53244e-07
-2.98e-07
100.016
99.9754
99.9592
100.061
100.073
99.9111
99.8823
100.101
100.177
99.9142
99.755
100.031
100.308
100.075
99.6621
99.7683
100.293
100.412
99.8672
99.4483
99.8418
100.546
100.525
99.7098
99.1932
99.7619
100.761
100.864
99.8059
98.8282
99.2171
100.68
101.555
100.677
98.8082
97.9693
99.3105
101.745
102.816
101.058
97.6407
95.6798
97.6653
103.027
107.771
106.532
95.6593
75.3648
49.7263
24.7292
5.61609
-5.04312
-7.79107
-5.35733
-1.1037
2.33628
3.72351
3.13722
1.43496
-0.377978
-1.59392
-1.96332
-1.62056
-0.895993
-0.129829
0.444918
0.736659
0.76895
0.627946
0.412149
0.199669
0.0355874
-0.0656881
-0.110581
-0.115351
-0.0976061
-0.0714975
-0.046102
-0.0258561
-0.0118967
-0.00350187
0.000781681
0.00243802
0.00265121
0.00222251
0.00161868
0.00106671
0.000646679
0.000362452
0.00018708
8.75375e-05
3.56489e-05
1.1151e-05
1.06517e-06
-2.16317e-06
-2.53573e-06
-1.99557e-06
-1.29297e-06
-8.16322e-07
-3.49231e-07
100.013
100.004
99.9434
99.9991
100.1
100.01
99.8567
99.9604
100.18
100.095
99.8001
99.822
100.183
100.281
99.8919
99.6219
99.9567
100.422
100.265
99.651
99.4941
100.104
100.651
100.305
99.4544
99.2574
100.082
100.926
100.646
99.4575
98.7767
99.5452
101.021
101.512
100.276
98.4704
98.0611
99.7596
102.114
102.737
100.585
97.1939
95.6615
98.1085
103.577
107.987
106.236
95.0593
74.8868
49.7023
25.1802
6.26018
-4.59353
-7.79179
-5.80121
-1.7524
1.80384
3.54519
3.37026
1.95913
0.219185
-1.13674
-1.77632
-1.72351
-1.21729
-0.551789
0.0386008
0.428131
0.59403
0.581382
0.462522
0.306007
0.160296
0.0502966
-0.0181815
-0.0510258
-0.0589319
-0.0526339
-0.040469
-0.027738
-0.0171068
-0.00941073
-0.00445306
-0.00160641
-0.000181985
0.00039284
0.000522662
0.000458488
0.000337023
0.00022138
0.000133192
7.40569e-05
3.80141e-05
1.7802e-05
7.35364e-06
2.44861e-06
3.82839e-07
-2.67252e-07
-4.47953e-07
-2.8581e-07
100.003
100.027
99.9647
99.9449
100.062
100.091
99.9234
99.8612
100.071
100.195
99.9643
99.7484
99.9591
100.288
100.162
99.7279
99.6868
100.169
100.451
100.046
99.5023
99.65
100.358
100.639
100.022
99.2757
99.4376
100.407
100.979
100.34
99.1504
98.8451
99.9328
101.297
101.356
99.8332
98.2007
98.2569
100.248
102.428
102.567
100.065
96.7747
95.7126
98.6064
104.135
108.171
105.897
94.4276
74.3931
49.6758
25.6427
6.93522
-4.0934
-7.73694
-6.21209
-2.41719
1.1979
3.25459
3.49231
2.41819
0.827171
-0.589093
-1.44204
-1.66162
-1.3973
-0.88612
-0.346079
0.0805376
0.336972
0.432208
0.410739
0.325664
0.221491
0.127094
0.0560121
0.0105134
-0.0135064
-0.0224777
-0.0225826
-0.018549
-0.0134052
-0.00874875
-0.00519156
-0.00277961
-0.00130347
-0.000488922
-9.20606e-05
6.77967e-05
0.000108397
9.83337e-05
7.30978e-05
4.84015e-05
2.94777e-05
1.67503e-05
8.94106e-06
4.48252e-06
2.09707e-06
9.34806e-07
2.86422e-07
99.9917
100.031
100.004
99.9302
99.9913
100.108
100.028
99.8568
99.9333
100.167
100.13
99.8337
99.7867
100.122
100.302
99.9829
99.6364
99.8457
100.346
100.365
99.8054
99.4607
99.8888
100.551
100.505
99.7214
99.2092
99.7133
100.688
100.905
99.9766
98.9231
99.0355
100.348
101.479
101.089
99.3757
98.0216
98.5555
100.756
102.67
102.302
99.5065
96.3951
95.8396
99.1583
104.696
108.32
105.512
93.7621
73.8822
49.6458
26.1168
7.64309
-3.53832
-7.61906
-6.57992
-3.0881
0.523535
2.84649
3.4845
2.78082
1.4088
0.0162431
-0.978164
-1.43002
-1.40677
-1.08344
-0.648385
-0.244573
0.0506151
0.218088
0.276699
0.261747
0.208949
0.145772
0.0889567
0.0458792
0.0175101
0.00140951
-0.00600869
-0.00812321
-0.00751127
-0.00585088
-0.00407358
-0.0025947
-0.00152495
-0.000826117
-0.000407727
-0.000177628
-6.24179e-05
-1.133e-05
7.2211e-06
1.11207e-05
9.55459e-06
6.7109e-06
4.21038e-06
2.39039e-06
1.34809e-06
5.30428e-07
99.9868
100.017
100.037
99.9572
99.9347
100.061
100.103
99.9346
99.8508
100.047
100.2
100.003
99.7577
99.9085
100.253
100.215
99.7993
99.6519
100.057
100.436
100.18
99.6022
99.5432
100.162
100.639
100.267
99.459
99.2739
100.046
100.881
100.704
99.599
98.8083
99.3369
100.751
101.544
100.721
98.9347
97.9525
98.9502
101.263
102.822
101.943
98.9227
96.0683
96.0481
99.7622
105.256
108.428
105.079
93.0611
73.353
49.6116
26.6022
8.38456
-2.92495
-7.43063
-6.89271
-3.75103
-0.20846
2.32134
3.33121
3.01396
1.91808
0.630073
-0.424945
-1.04921
-1.23999
-1.11131
-0.814031
-0.479581
-0.193684
0.00565624
0.116436
0.156858
0.151725
0.123634
0.088969
0.0573401
0.0329036
0.0162637
0.00619657
0.000875049
-0.00143008
-0.00205192
-0.00188001
-0.00143449
-0.000976441
-0.000608875
-0.000351481
-0.000188039
-9.24909e-05
-4.08781e-05
-1.52834e-05
-3.85885e-06
4.56524e-07
1.63424e-06
1.4959e-06
1.19616e-06
6.02657e-07
99.9898
99.9953
100.044
100.004
99.9213
99.9872
100.112
100.037
99.8605
99.9179
100.152
100.148
99.8642
99.773
100.073
100.299
100.049
99.6729
99.7761
100.26
100.407
99.9403
99.4913
99.737
100.409
100.595
99.9677
99.2867
99.467
100.385
100.951
100.397
99.2555
98.8284
99.7247
101.102
101.475
100.276
98.5436
98.0083
99.4278
101.742
102.869
101.491
98.3276
95.8081
96.344
100.416
105.807
108.489
104.593
92.3222
72.8044
49.5731
27.0996
9.16135
-2.24958
-7.16451
-7.13896
-4.39127
-0.984429
1.68508
3.02391
3.09072
2.31087
1.19734
0.161507
-0.565845
-0.926036
-0.977281
-0.829878
-0.595227
-0.357209
-0.16381
-0.0319008
0.0423174
0.0727089
0.0752784
0.0636323
0.047268
0.0316727
0.0192741
0.0105674
0.00506278
0.00192883
0.00035342
-0.000303098
-0.000478851
-0.000440936
-0.000334009
-0.000225597
-0.000140156
-8.12261e-05
-4.41734e-05
-2.25392e-05
-1.07447e-05
-4.6963e-06
-1.84752e-06
-5.78435e-07
-6.9932e-08
99.9976
99.9794
100.028
100.042
99.9505
99.9304
100.062
100.106
99.941
99.8493
100.033
100.196
100.026
99.7739
99.8803
100.217
100.239
99.8599
99.6499
99.9752
100.392
100.262
99.709
99.507
100
100.57
100.422
99.6648
99.2435
99.7615
100.674
100.876
100.02
98.9947
98.9911
100.162
101.359
101.268
99.7832
98.2364
98.1969
99.9686
102.166
102.797
100.954
97.738
95.6285
96.7317
101.115
106.343
108.496
104.049
91.542
72.2342
49.5291
27.6093
9.97583
-1.50691
-6.81124
-7.30441
-4.99116
-1.78751
0.947146
2.55755
2.98674
2.54307
1.65894
0.715752
-0.0413639
-0.513074
-0.710212
-0.70355
-0.579875
-0.413761
-0.255456
-0.130533
-0.0457631
0.0033364
0.0260187
0.0319608
0.0290316
0.0226158
0.0158395
0.0101629
0.0060082
0.00325946
0.00159499
0.000672376
0.000210202
8.61839e-06
-5.96256e-05
-6.80271e-05
-5.49242e-05
-3.7954e-05
-2.37414e-05
-1.37632e-05
-7.47632e-06
-3.78581e-06
-1.88081e-06
-6.55343e-07
100.005
99.976
100.001
100.054
99.9996
99.9163
99.989
100.113
100.038
99.8648
99.9146
100.141
100.151
99.8857
99.775
100.041
100.283
100.088
99.7139
99.7438
100.187
100.408
100.037
99.5518
99.6512
100.27
100.604
100.152
99.422
99.3452
100.109
100.858
100.662
99.6257
98.8586
99.2863
100.601
101.489
100.93
99.281
98.0446
98.5182
100.546
102.509
102.597
100.342
97.1732
95.5435
97.2145
101.855
106.856
108.443
103.442
90.7176
71.6401
49.478
28.1307
10.8293
-0.692202
-6.36078
-7.37247
-5.5283
-2.59347
0.126769
1.93825
2.68822
2.5779
1.95688
1.16496
0.445619
-0.0760328
-0.373602
-0.482446
-0.463545
-0.377557
-0.271111
-0.173029
-0.096605
-0.0443829
-0.0129966
0.00312025
0.00945732
0.0103641
0.00879907
0.00651044
0.00437117
0.00270832
0.0015574
0.00082917
0.000403699
0.00017411
6.08229e-05
1.11109e-05
-6.83942e-06
-1.06546e-05
-9.19476e-06
-6.56084e-06
-4.08294e-06
-2.55258e-06
-1.10824e-06
100.009
99.9843
99.977
100.039
100.041
99.9434
99.9326
100.066
100.103
99.941
99.8549
100.029
100.186
100.033
99.7908
99.8724
100.189
100.24
99.9011
99.6671
99.9268
100.343
100.298
99.7978
99.517
99.8908
100.478
100.494
99.841
99.295
99.5796
100.446
100.9
100.333
99.2727
98.8754
99.6855
100.991
101.465
100.485
98.8138
97.9946
98.9625
101.128
102.741
102.265
99.6713
96.6551
95.5675
97.7943
102.63
107.336
108.323
102.769
89.8455
71.0199
49.4186
28.6635
11.7231
0.199041
-5.80317
-7.32564
-5.97741
-3.37199
-0.74676
1.18626
2.19879
2.39749
2.05128
1.45112
0.826204
0.31387
-0.0330581
-0.220763
-0.286029
-0.2737
-0.222968
-0.161631
-0.1058
-0.0623994
-0.0324375
-0.0138777
-0.00366073
0.00113735
0.00280394
0.00289808
0.00236094
0.00169054
0.00110608
0.000672701
0.000383147
0.000204643
0.000102044
4.69144e-05
1.92979e-05
6.59694e-06
1.30759e-06
-4.06129e-07
-9.01021e-07
-5.93062e-07
100.009
99.9982
99.9675
100.009
100.058
99.991
99.9154
99.9974
100.111
100.03
99.869
99.9225
100.134
100.142
99.8962
99.7879
100.027
100.262
100.101
99.7491
99.7405
100.137
100.386
100.093
99.6161
99.6197
100.163
100.566
100.263
99.561
99.3178
99.905
100.708
100.782
99.9374
99.0196
99.0538
100.143
101.277
101.279
99.9672
98.4281
98.1048
99.5098
101.677
102.838
101.8
98.9617
96.2073
95.7144
98.4718
103.43
107.773
108.124
102.02
88.9211
70.3706
49.349
29.2074
12.6589
1.17194
-5.12741
-7.14432
-6.30883
-4.08475
-1.63129
0.340021
1.54475
2.00923
1.92717
1.53765
1.04657
0.592335
0.244034
0.0175662
-0.103098
-0.147272
-0.144886
-0.119918
-0.0884492
-0.0594416
-0.0366518
-0.0206511
-0.0104357
-0.00449158
-0.00137601
4.14133e-05
0.000539435
0.000600311
0.000492969
0.000350021
0.000225952
0.000135488
7.62232e-05
4.03559e-05
2.00972e-05
9.31075e-06
3.97133e-06
1.4948e-06
3.31894e-07
100.004
100.01
99.9732
99.981
100.047
100.034
99.9364
99.9422
100.072
100.092
99.9351
99.8672
100.035
100.173
100.026
99.8062
99.8818
100.171
100.225
99.921
99.6935
99.9098
100.299
100.3
99.857
99.5512
99.8338
100.392
100.506
99.9633
99.3802
99.4925
100.257
100.836
100.518
99.5414
98.9144
99.3785
100.599
101.417
100.937
99.4263
98.1688
98.3817
100.129
102.153
102.778
101.209
98.2388
95.855
95.9965
99.2453
104.246
108.154
107.839
101.19
87.9386
69.6876
49.2662
29.7612
13.6386
2.23283
-4.32011
-6.80521
-6.48737
-4.68498
-2.47187
-0.543503
0.777606
1.45214
1.60636
1.42762
1.0928
0.732546
0.423279
0.195839
0.0505463
-0.0281004
-0.0604283
-0.0650463
-0.0560032
-0.0423905
-0.0291976
-0.0185648
-0.010942
-0.00595344
-0.00294453
-0.00127261
-0.000426522
-4.87849e-05
8.69434e-05
0.000111621
9.42252e-05
6.71671e-05
4.32447e-05
2.58374e-05
1.45594e-05
7.67251e-06
4.06384e-06
1.53636e-06
99.9992
100.016
99.9884
99.9656
100.02
100.056
99.9784
99.92
100.012
100.105
100.014
99.8741
99.9405
100.13
100.122
99.8968
99.8093
100.03
100.239
100.093
99.7744
99.7585
100.112
100.353
100.111
99.6691
99.6272
100.097
100.511
100.31
99.6713
99.3477
99.785
100.559
100.798
100.149
99.216
98.9847
99.8091
100.989
101.378
100.467
98.9197
98.0742
98.8175
100.779
102.512
102.546
100.51
97.5339
95.6248
96.4246
100.11
105.065
108.467
107.455
100.27
86.8917
68.9656
49.1657
30.3221
14.6619
3.38706
-3.36711
-6.28161
-6.47108
-5.1152
-3.19857
-1.38807
-0.0280767
0.791136
1.13794
1.15097
0.975537
0.728477
0.486298
0.288246
0.146232
0.0558856
0.00559855
-0.017487
-0.0243236
-0.0228567
-0.0181296
-0.0129211
-0.00848879
-0.00520017
-0.00298229
-0.00159819
-0.000793166
-0.000356748
-0.000137837
-3.81863e-05
1.03128e-06
1.24645e-05
1.27319e-05
9.73778e-06
6.29185e-06
4.05936e-06
1.80346e-06
99.9953
100.015
100.005
99.966
99.9911
100.052
100.02
99.9317
99.9592
100.078
100.073
99.926
99.8867
100.048
100.154
100.008
99.8209
99.9055
100.162
100.197
99.9223
99.7244
99.9189
100.267
100.276
99.8854
99.5948
99.8219
100.329
100.479
100.028
99.4654
99.4772
100.13
100.74
100.594
99.745
99.0265
99.23
100.284
101.247
101.152
99.9184
98.5092
98.1714
99.3887
101.407
102.715
102.134
99.7255
96.8834
95.5446
97.0077
101.058
105.87
108.694
106.959
99.2497
85.7729
68.1991
49.0438
30.8879
15.7293
4.63885
-2.25696
-5.55058
-6.22146
-5.31915
-3.73808
-2.10739
-0.779675
0.117463
0.604569
0.776539
0.747129
0.615844
0.454045
0.304059
0.185028
0.100785
0.0469337
0.015981
0.000407871
-0.00589415
-0.00724802
-0.00637915
-0.00481467
-0.00329214
-0.00208744
-0.00124084
-0.000694501
-0.000365824
-0.000180295
-8.19858e-05
-3.32841e-05
-1.11133e-05
-1.9704e-06
9.18337e-07
1.73175e-06
1.1245e-06
99.9939
100.009
100.016
99.9781
99.9713
100.032
100.046
99.9644
99.9319
100.029
100.094
99.9924
99.8832
99.9668
100.127
100.093
99.8915
99.839
100.046
100.213
100.067
99.7914
99.7929
100.108
100.314
100.097
99.7066
99.6615
100.072
100.454
100.305
99.7407
99.4052
99.7405
100.445
100.754
100.259
99.3861
99.0178
99.6176
100.726
101.325
100.755
99.3551
98.2537
98.4697
100.055
101.957
102.725
101.546
98.8901
96.328
95.6412
97.7517
102.079
106.643
108.815
106.334
98.1157
84.5716
67.3796
48.894
31.4544
16.8395
5.99106
-0.980482
-4.5934
-5.70691
-5.25009
-4.02856
-2.62724
-1.39558
-0.48616
0.0838971
0.371927
0.46207
0.435075
0.353711
0.259275
0.17437
0.108145
0.0615758
0.0316212
0.013969
0.00454104
0.000124617
-0.00152035
-0.0018054
-0.00153646
-0.00112452
-0.000748095
-0.000463266
-0.000270172
-0.000149228
-7.8168e-05
-3.87893e-05
-1.80772e-05
-7.83578e-06
-3.10491e-06
-7.88912e-07
99.9948
100.001
100.02
99.9945
99.9652
100.006
100.051
100.001
99.9327
99.982
100.08
100.046
99.918
99.9142
100.065
100.129
99.9813
99.8386
99.9404
100.157
100.158
99.9104
99.76
99.9483
100.244
100.233
99.8876
99.6419
99.8457
100.29
100.429
100.041
99.5344
99.5115
100.07
100.646
100.588
99.8641
99.1522
99.2023
100.084
101.055
101.194
100.231
98.8541
98.2011
98.9569
100.757
102.367
102.516
100.801
98.0486
95.9123
95.9396
98.6569
103.155
107.36
108.808
105.562
96.8543
83.2758
66.4959
48.7048
32.0101
17.9804
7.43269
0.454908
-3.41001
-4.91559
-4.88092
-4.0262
-2.88827
-1.80458
-0.942043
-0.345817
0.0106006
0.185038
0.239776
0.227215
0.184836
0.135779
0.0920088
0.0580396
0.0341413
0.0186333
0.00929367
0.00408295
0.00142018
0.000209837
-0.000241577
-0.00033789
-0.000294522
-0.000214821
-0.000141198
-8.61552e-05
-4.94912e-05
-2.70236e-05
-1.38866e-05
-7.16695e-06
-2.64927e-06
99.997
99.995
100.016
100.009
99.9711
99.9841
100.04
100.029
99.9535
99.9516
100.045
100.074
99.9691
99.8997
99.9979
100.119
100.056
99.8865
99.8773
100.068
100.182
100.028
99.8057
99.8406
100.118
100.27
100.061
99.7319
99.7155
100.078
100.4
100.263
99.7707
99.474
99.7564
100.376
100.678
100.28
99.5011
99.1022
99.5523
100.542
101.203
100.861
99.6534
98.4942
98.3799
99.5953
101.423
102.578
102.075
99.9307
97.2564
95.6844
96.462
99.7182
104.264
107.991
108.647
104.621
95.4469
81.8689
65.5308
48.4575
32.5327
19.1261
8.93406
2.01763
-2.03048
-3.87161
-4.2255
-3.73158
-2.87686
-1.98022
-1.21404
-0.642939
-0.264598
-0.0435532
0.0653806
0.103662
0.103236
0.0856381
0.063606
0.043539
0.027838
0.0167224
0.00944341
0.0049906
0.0024383
0.00107132
0.000394161
9.13309e-05
-2.36643e-05
-5.33094e-05
-4.97213e-05
-3.67576e-05
-2.42782e-05
-1.44664e-05
-8.78105e-06
-3.76144e-06
99.9995
99.9919
100.009
100.017
99.9836
99.9725
100.02
100.041
99.9821
99.9425
100.007
100.073
100.016
99.9169
99.9485
100.078
100.096
99.954
99.8641
99.9816
100.149
100.11
99.8938
99.8031
99.9906
100.223
100.176
99.8733
99.6938
99.8956
100.27
100.362
100.013
99.5863
99.5803
100.067
100.567
100.527
99.9031
99.2609
99.2567
100.001
100.897
101.128
100.368
99.1119
98.3449
98.7903
100.321
101.97
102.541
101.409
98.9873
96.5788
95.6929
97.2257
100.923
105.375
108.503
108.299
103.483
93.867
80.323
64.453
48.1151
32.9789
20.2259
10.4377
3.64584
-0.517099
-2.63263
-3.33174
-3.17892
-2.6115
-1.92548
-1.29182
-0.787288
-0.427614
-0.19551
-0.0607761
0.00748788
0.0349243
0.0401132
0.0350813
0.0267726
0.0186659
0.0121356
0.00743272
0.00430861
0.00236591
0.00122712
0.000596485
0.000267195
0.000106253
3.3711e-05
4.76719e-06
-4.75101e-06
-5.87209e-06
-5.2532e-06
-2.79961e-06
100.001
99.9918
100.002
100.018
99.9969
99.9713
100.001
100.04
100.007
99.9509
99.9772
100.054
100.046
99.9511
99.9259
100.028
100.1
100.015
99.8894
99.9234
100.087
100.141
99.9856
99.8257
99.8987
100.133
100.216
100.01
99.7546
99.7858
100.105
100.346
100.192
99.7728
99.5512
99.818
100.345
100.586
100.231
99.5599
99.2103
99.5874
100.449
101.066
100.829
99.7955
98.7055
98.4521
99.3975
101.046
102.315
102.222
100.546
98.0411
96.0895
95.9851
98.2406
102.251
106.45
108.851
107.72
102.106
92.0726
78.5927
63.2108
47.6182
33.2799
21.2014
11.856
5.2444
1.03121
-1.2964
-2.29077
-2.44782
-2.15695
-1.68885
-1.20813
-0.797934
-0.486744
-0.271527
-0.134722
-0.0550438
-0.0132498
0.00557672
0.0117879
0.01191
0.00967578
0.00698531
0.00465077
0.0029059
0.00171931
0.000967509
0.000518455
0.000264152
0.000127245
5.74102e-05
2.35815e-05
8.54285e-06
2.13258e-06
-7.97526e-08
100.002
99.9937
99.9961
100.015
100.007
99.9775
99.9867
100.029
100.024
99.9688
99.9617
100.027
100.056
99.987
99.9277
99.9854
100.079
100.055
99.9339
99.9001
100.022
100.13
100.055
99.8829
99.8565
100.036
100.195
100.107
99.8555
99.7555
99.9616
100.255
100.278
99.9608
99.6313
99.6759
100.104
100.498
100.423
99.879
99.349
99.3693
100.017
100.789
100.998
100.354
99.2522
98.523
98.8247
100.128
101.663
102.381
101.615
99.5467
97.1833
95.8694
96.6037
99.5043
103.664
107.433
108.974
106.85
100.429
89.9993
76.6069
61.7254
46.8796
33.3405
21.9497
13.0797
6.69987
2.50008
0.0261156
-1.20556
-1.62922
-1.58924
-1.33023
-1.00709
-0.704853
-0.46034
-0.281151
-0.159897
-0.0835762
-0.0389105
-0.014816
-0.00310713
0.00172368
0.00308924
0.00293756
0.00228139
0.00158522
0.00102046
0.00061885
0.000356732
0.000196371
0.000103446
5.2174e-05
2.49465e-05
1.18044e-05
3.99369e-06
100.003
99.9964
99.9931
100.009
100.012
99.9868
99.9802
100.015
100.029
99.9881
99.9598
100.003
100.05
100.015
99.9452
99.9596
100.047
100.07
99.9794
99.9061
99.9718
100.094
100.091
99.9485
99.8583
99.9608
100.138
100.151
99.9575
99.7864
99.8681
100.137
100.281
100.103
99.7653
99.6415
99.9097
100.334
100.475
100.134
99.5802
99.3366
99.6984
100.431
100.927
100.695
99.7984
98.8569
98.6232
99.4227
100.87
102.059
102.114
100.75
98.5054
96.5252
96.0022
97.5801
100.995
105.101
108.242
108.783
105.6
98.3639
87.5565
74.2717
59.8979
45.7953
33.0517
22.3568
13.9898
7.88957
3.76568
1.2134
-0.191245
-0.827943
-0.999823
-0.925912
-0.749527
-0.554328
-0.381939
-0.247461
-0.151316
-0.0872644
-0.0472086
-0.0236521
-0.0106678
-0.00402795
-0.000950146
0.000270839
0.000610207
0.000585602
0.000448121
0.000304889
0.000191906
0.000113728
6.43729e-05
3.43332e-05
1.87267e-05
7.37712e-06
100.002
99.999
99.9925
100.003
100.013
99.9958
99.9801
100.002
100.027
100.003
99.967
99.9859
100.036
100.03
99.9683
99.9509
100.016
100.066
100.014
99.9296
99.9442
100.05
100.097
100.003
99.8883
99.9179
100.072
100.151
100.035
99.8497
99.8304
100.029
100.228
100.18
99.9025
99.6861
99.7924
100.157
100.423
100.287
99.819
99.4342
99.5285
100.102
100.712
100.817
100.223
99.2924
98.7126
99.0121
100.152
101.487
102.132
101.503
99.7058
97.5516
96.1916
96.5631
98.9207
102.657
106.465
108.759
108.154
103.847
95.7909
84.6282
71.4738
57.6187
44.2597
32.3117
22.3239
14.4898
8.71867
4.73479
2.17507
0.666634
-0.122431
-0.458014
-0.53476
-0.483348
-0.383714
-0.279417
-0.190343
-0.122511
-0.0748638
-0.0434976
-0.0239926
-0.0124977
-0.00607961
-0.00269858
-0.00103445
-0.000284898
9.47701e-06
9.60281e-05
9.93703e-05
7.66419e-05
5.21119e-05
3.17307e-05
1.97823e-05
8.70396e-06
100.001
100.001
99.9937
99.9991
100.011
100.002
99.9841
99.994
100.02
100.012
99.9782
99.9779
100.02
100.034
99.9894
99.955
99.9928
100.05
100.034
99.9583
99.9372
100.012
100.082
100.038
99.9289
99.9055
100.015
100.123
100.079
99.9188
99.8366
99.9531
100.152
100.199
100.011
99.7709
99.7505
100.012
100.316
100.341
100.01
99.5942
99.4907
99.8608
100.451
100.77
100.481
99.7028
98.9713
98.8752
99.6274
100.867
101.836
101.82
100.596
98.6181
96.8467
96.3063
97.598
100.586
104.38
107.605
108.819
106.925
101.443
92.5753
81.0938
68.1054
54.7915
42.1871
31.0435
21.7805
14.5127
9.12139
5.34192
2.84602
1.3045
0.427072
-0.0188623
-0.205119
-0.249338
-0.226046
-0.178488
-0.129045
-0.0873475
-0.055991
-0.0342003
-0.0199668
-0.0111499
-0.00594674
-0.00301663
-0.00144332
-0.000640726
-0.000254901
-8.26509e-05
-1.39421e-05
9.08742e-06
1.2416e-05
1.14565e-05
6.2154e-06
100.001
100.002
99.9956
99.9967
100.008
100.006
99.9895
99.9901
100.012
100.016
99.9891
99.9772
100.006
100.03
100.004
99.9659
99.9799
100.031
100.039
99.9837
99.9443
99.9869
100.058
100.053
99.9668
99.9146
99.9772
100.084
100.093
99.9761
99.8685
99.9133
100.079
100.178
100.077
99.8622
99.7642
99.917
100.197
100.323
100.132
99.7599
99.543
99.7244
100.214
100.628
100.582
100.017
99.2857
98.9367
99.3255
100.336
101.399
101.805
101.128
99.5158
97.6731
96.5637
96.9657
99.097
102.465
105.986
108.311
108.211
104.907
98.2248
88.5861
76.8506
64.0898
51.3623
39.5425
29.2268
20.7159
14.0526
9.09223
5.57892
3.21402
1.70607
0.80126
0.296883
0.0424518
-0.0665037
-0.0978783
-0.0928177
-0.0743132
-0.0539072
-0.0364723
-0.0233518
-0.0142626
-0.00834746
-0.00469208
-0.00253433
-0.00131384
-0.000651741
-0.000307345
-0.000136416
-5.54275e-05
-1.99805e-05
-5.08281e-06
7.72461e-08
100
100.002
99.9975
99.9959
100.004
100.007
99.9946
99.9896
100.005
100.015
99.9975
99.981
99.9969
100.022
100.012
99.9784
99.976
100.015
100.036
100.001
99.9583
99.9742
100.034
100.052
99.9948
99.9345
99.9587
100.047
100.086
100.014
99.909
99.9036
100.022
100.137
100.105
99.9387
99.8087
99.8722
100.095
100.264
100.188
99.8959
99.6397
99.6783
100.038
100.455
100.569
100.212
99.5747
99.1078
99.215
99.9558
100.955
101.59
101.35
100.155
98.4607
97.0862
96.8516
98.1993
100.961
104.359
107.221
108.319
106.7
101.908
94.0525
83.7297
71.8451
59.4057
47.335
36.3481
26.8957
19.1695
13.1487
8.66566
5.47269
3.2972
1.88094
1.00252
0.486259
0.201606
0.0571746
-0.00746883
-0.0300441
-0.0326747
-0.0274301
-0.0203026
-0.013863
-0.00891643
-0.0054624
-0.00320794
-0.00181276
-0.000987667
-0.000519136
-0.000263109
-0.000128381
-5.96872e-05
-2.74676e-05
-9.08264e-06
99.9998
100.002
99.999
99.9962
100.002
100.006
99.9983
99.9913
100
100.011
100.002
99.9865
99.9926
100.014
100.014
99.989
99.9781
100.003
100.028
100.011
99.9732
99.9717
100.015
100.043
100.011
99.9564
99.9554
100.019
100.068
100.033
99.946
99.9135
99.9874
100.093
100.105
99.9907
99.8621
99.8657
100.024
100.193
100.193
99.9879
99.7437
99.6943
99.9309
100.297
100.491
100.301
99.7957
99.3122
99.2372
99.7322
100.585
101.295
101.35
100.533
99.0937
97.6774
97.0573
97.787
99.9311
102.98
105.974
107.768
107.342
104.056
97.7721
88.8405
77.9807
66.0994
54.1103
42.7911
32.7003
24.1529
17.2434
11.8963
7.9262
5.09411
3.15184
1.87136
1.0607
0.568931
0.284251
0.128094
0.0479575
0.0104423
-0.00465562
-0.00891152
-0.00855621
-0.00669062
-0.00469315
-0.00306267
-0.00189245
-0.00111802
-0.000635238
-0.000348088
-0.000184939
-9.3857e-05
-4.88318e-05
-1.85787e-05
99.9997
100.001
100
99.9971
100
100.005
100.001
99.9937
99.998
100.008
100.005
99.9917
99.9917
100.007
100.013
99.9964
99.9831
99.9966
100.019
100.014
99.9853
99.9753
100.003
100.031
100.017
99.9748
99.9611
100.001
100.048
100.037
99.9734
99.9322
99.9715
100.056
100.089
100.019
99.9099
99.8818
99.9836
100.129
100.169
100.038
99.8321
99.7421
99.883
100.176
100.39
100.313
99.9384
99.4993
99.3309
99.6364
100.321
101.005
101.224
100.701
99.5356
98.2118
97.4102
97.7113
99.324
101.95
104.83
106.945
107.286
105.113
100.109
92.4222
82.592
71.4028
59.7181
48.3325
37.871
28.7415
21.1361
15.0655
10.4097
6.9718
4.52407
2.8421
1.72615
1.01133
0.569624
0.30673
0.156454
0.0743398
0.0317924
0.0111864
0.00212428
-0.0012471
-0.00205361
-0.00186206
-0.00139431
-0.000941691
-0.000593876
-0.000355054
-0.000204412
-0.000111289
-6.28804e-05
-2.58421e-05
99.9997
100.001
100
99.998
99.9993
100.003
100.001
99.996
99.9973
100.005
100.005
99.9957
99.9929
100.003
100.01
100
99.9885
99.9943
100.011
100.012
99.9936
99.9815
99.9966
100.02
100.017
99.9877
99.9706
99.9931
100.03
100.033
99.9904
99.952
99.969
100.03
100.067
100.029
99.9456
99.9072
99.9679
100.081
100.134
100.055
99.8957
99.7989
99.8762
100.098
100.295
100.282
100.013
99.6446
99.4481
99.6275
100.159
100.765
101.05
100.726
99.8015
98.6305
97.7887
97.8311
99.0392
101.262
103.91
106.098
106.875
105.463
101.433
94.781
85.8886
75.4172
64.1584
52.8913
42.2721
32.7717
24.658
18.016
12.7877
8.82059
5.91368
3.85367
2.44035
1.50096
0.895864
0.518141
0.289758
0.156148
0.0806571
0.039587
0.0181766
0.00756701
0.0026404
0.00055647
-0.000193391
-0.00037044
-0.000336337
-0.000246841
-0.000164002
-9.88186e-05
-6.15964e-05
-2.73367e-05
99.9998
100
100
99.9989
99.9991
100.002
100.001
99.9979
99.9976
100.002
100.004
99.9982
99.995
100
100.006
100.002
99.9932
99.9947
100.006
100.009
99.9981
99.9878
99.9951
100.012
100.013
99.995
99.9802
99.9915
100.018
100.024
99.9984
99.9686
99.9742
100.015
100.047
100.027
99.9681
99.9329
99.9682
100.05
100.099
100.052
99.9345
99.8501
99.8928
100.056
100.219
100.232
100.038
99.7423
99.5577
99.6666
100.079
100.592
100.879
100.67
99.9309
98.9212
98.1212
98.0354
98.9673
100.857
103.244
105.365
106.343
105.409
102.074
96.2267
88.1252
78.32
67.5249
56.4838
45.8584
36.1562
27.6995
20.6324
14.9508
10.5447
7.2419
4.84464
3.15761
2.00529
1.24075
0.747739
0.438673
0.250303
0.138717
0.0745147
0.0386773
0.0193064
0.00919688
0.00412593
0.00169909
0.000605378
0.000151905
-1.04615e-05
-5.38535e-05
-4.99336e-05
-4.05093e-05
-2.09184e-05
99.9999
100
100
99.9994
99.9993
100.001
100.001
99.999
99.9984
100.001
100.002
99.9995
99.997
99.9997
100.004
100.002
99.9964
99.9963
100.003
100.006
99.9998
99.9929
99.9961
100.006
100.009
99.998
99.9879
99.9937
100.01
100.016
100
99.9803
99.9823
100.009
100.031
100.019
99.9794
99.9537
99.9766
100.034
100.071
100.039
99.9533
99.889
99.9182
100.041
100.168
100.182
100.034
99.7985
99.6445
99.7236
100.055
100.483
100.737
100.583
99.9695
99.1
98.378
98.2513
99.015
100.657
102.805
104.796
105.829
105.165
102.294
97.0369
89.5625
80.3294
69.978
59.2087
48.6719
38.8914
30.225
22.8605
16.8376
12.0839
8.45474
5.76995
3.84238
2.49763
1.58512
0.982335
0.594468
0.351246
0.202571
0.113971
0.0625039
0.0333718
0.0173154
0.00870805
0.00422771
0.00196939
0.000870859
0.000359394
0.000132094
4.01418e-05
4.14104e-06
-4.6082e-06
99.9999
100
100
99.9998
99.9997
100
100.001
99.9996
99.9992
100
100.001
99.9998
99.9986
99.9998
100.002
100.001
99.9983
99.9982
100.001
100.003
99.9998
99.9963
99.9982
100.004
100.005
99.9984
99.9932
99.9971
100.007
100.009
99.9988
99.9872
99.9902
100.008
100.021
100.01
99.9831
99.9682
99.9874
100.029
100.051
100.023
99.9589
99.9148
99.9433
100.041
100.137
100.14
100.015
99.8246
99.7052
99.7798
100.063
100.423
100.633
100.493
99.9568
99.1947
98.5565
98.4389
99.114
100.588
102.545
104.392
105.4
104.866
102.283
97.4345
90.4296
81.6564
71.6931
61.1959
50.7954
41.0176
32.2405
24.6823
18.4158
13.3994
9.51326
6.59412
4.46463
2.95399
1.91071
1.20859
0.747781
0.452637
0.268066
0.155324
0.0880398
0.0488015
0.0264417
0.0139938
0.00722608
0.0036354
0.00177781
0.000842631
0.000385072
0.000167925
7.125e-05
2.1475e-05
100
100
100
99.9999
100
100
100
99.9998
99.9999
100
100
99.9997
99.9997
100
100.001
99.9998
99.9992
99.9998
100.001
100.001
99.999
99.9983
100
100.003
100.001
99.9974
99.9962
100.001
100.006
100.004
99.996
99.9906
99.9965
100.009
100.014
100.002
99.9826
99.977
99.9974
100.029
100.039
100.009
99.9572
99.9297
99.964
100.049
100.121
100.11
99.993
99.8315
99.7429
99.8262
100.085
100.397
100.565
100.418
99.9213
99.2337
98.6691
98.5836
99.2224
100.593
102.408
104.128
105.074
104.586
102.166
97.586
90.9156
82.4935
72.8482
62.5968
52.3465
42.6179
33.7979
26.1237
19.6923
14.4858
10.4049
7.30174
5.00897
3.36061
2.20613
1.41764
0.892027
0.549791
0.331996
0.196457
0.113933
0.0647597
0.0360756
0.0196932
0.0105316
0.00551535
0.00282685
0.0014163
0.00069422
0.000328604
0.000158861
5.68375e-05
100
100
99.9999
100
100
100
99.9997
99.9998
100
100
99.9996
99.9994
100
100.001
100
99.9989
99.9994
100.001
100.001
99.9995
99.9979
99.9992
100.002
100.003
99.9992
99.996
99.9977
100.003
100.006
100.001
99.9931
99.9917
100.001
100.012
100.012
99.9966
99.9801
99.9814
100.005
100.032
100.033
99.9988
99.9522
99.9366
99.9787
100.059
100.116
100.091
99.9731
99.8281
99.763
99.8599
100.109
100.392
100.525
100.361
99.8812
99.24
98.7323
98.6845
99.3175
100.63
102.351
103.97
104.848
104.357
102.02
97.6046
91.1602
82.9924
73.5929
63.5465
53.4385
43.7795
34.9584
27.2233
20.6872
15.3496
11.1273
7.8856
5.46602
3.70789
2.4627
1.60222
1.02149
0.638427
0.391284
0.235236
0.138756
0.0803186
0.0456315
0.0254469
0.0139296
0.00748421
0.00394703
0.00204121
0.00103835
0.000511199
0.000261078
9.91602e-05
100
100
99.9998
99.9999
100
100
99.9994
99.9997
100.001
100.001
99.9993
99.9991
100.001
100.001
99.9999
99.9982
99.9993
100.002
100.002
99.9989
99.997
99.9994
100.003
100.003
99.9981
99.9946
99.998
100.005
100.007
99.9997
99.9908
99.9915
100.003
100.015
100.011
99.9928
99.9772
99.983
100.01
100.035
100.031
99.9918
99.9468
99.9387
99.9879
100.068
100.116
100.08
99.958
99.8209
99.7718
99.8817
100.131
100.396
100.505
100.323
99.8459
99.231
98.763
98.7493
99.3911
100.677
102.337
103.883
104.699
104.186
101.883
97.563
91.2648
83.2737
74.0558
64.1712
54.1861
44.6002
35.8004
28.04
21.4418
16.0176
11.6963
8.35352
5.83849
3.99552
2.67859
1.75995
1.13384
0.716516
0.444314
0.270451
0.161641
0.0948849
0.0547173
0.0310041
0.0172645
0.00944832
0.00508347
0.00268609
0.00140007
0.000706446
0.000372765
0.000146369
100
100
99.9997
99.9999
100
100
99.9993
99.9996
100.001
100.001
99.9992
99.9988
100.001
100.002
99.9999
99.9978
99.999
100.002
100.002
99.9987
99.9963
99.9993
100.004
100.004
99.9976
99.9936
99.9979
100.006
100.008
99.9991
99.9892
99.9908
100.005
100.017
100.011
99.9907
99.9747
99.9831
100.013
100.039
100.031
99.9877
99.9423
99.9384
99.9931
100.075
100.119
100.074
99.9476
99.8133
99.7741
99.8947
100.147
100.404
100.497
100.3
99.8187
99.2166
98.7742
98.7874
99.443
100.719
102.346
103.841
104.61
104.068
101.773
97.5021
91.2929
83.4186
74.3285
64.5648
54.6784
45.1592
36.3899
28.6254
21.9942
16.5162
12.1287
8.71511
6.13098
4.22491
2.85336
1.88953
1.22746
0.782519
0.489767
0.301056
0.181808
0.107899
0.0629484
0.0361093
0.0203716
0.0113045
0.0061732
0.00331351
0.0017575
0.000902145
0.000486715
0.000195344
100
100
99.9997
99.9999
100.001
100
99.9993
99.9995
100.001
100.001
99.9991
99.9986
100.001
100.002
100
99.9976
99.9988
100.002
100.003
99.9986
99.9959
99.9991
100.004
100.004
99.9975
99.993
99.9977
100.007
100.009
99.999
99.9882
99.99
100.005
100.018
100.012
99.9896
99.9729
99.9826
100.015
100.041
100.031
99.9855
99.9389
99.9371
99.9956
100.08
100.122
100.072
99.9412
99.8068
99.7731
99.9014
100.158
100.412
100.495
100.287
99.7997
99.2025
98.7754
98.8078
99.4771
100.753
102.361
103.826
104.559
103.991
101.691
97.4434
91.2862
83.4866
74.4835
64.8067
54.9958
45.5323
36.7944
29.0367
22.3905
16.8806
12.4502
8.98843
6.35551
4.40363
2.99148
1.99337
1.3035
0.836849
0.527675
0.326915
0.199069
0.119183
0.0701773
0.0406511
0.0231719
0.0129993
0.00718145
0.00390172
0.00209732
0.00109058
0.000598185
0.000243969
100
100
99.9997
99.9998
100.001
100
99.9992
99.9994
100.001
100.001
99.9991
99.9985
100.001
100.002
100
99.9975
99.9986
100.002
100.003
99.9987
99.9956
99.9989
100.005
100.005
99.9975
99.9925
99.9973
100.007
100.009
99.9992
99.9876
99.9894
100.005
100.019
100.013
99.9892
99.9717
99.9818
100.016
100.043
100.032
99.9846
99.9367
99.9355
99.9965
100.083
100.125
100.072
99.9376
99.8021
99.7709
99.9043
100.165
100.419
100.496
100.28
99.7876
99.191
98.7719
98.817
99.4975
100.777
102.378
103.824
104.533
103.945
101.635
97.3953
91.2657
83.511
74.5642
64.9469
55.1908
45.7708
37.061
29.3146
22.6641
17.1372
12.6807
9.18757
6.52164
4.53781
3.09665
2.07351
1.36297
0.879886
0.558084
0.347916
0.213259
0.128572
0.0762654
0.0445221
0.0255873
0.0144788
0.00807225
0.00442761
0.00240498
0.00126312
0.000701687
0.00028971
100
100
99.9997
99.9998
100.001
100
99.9993
99.9994
100.001
100.001
99.9992
99.9984
100
100.002
100
99.9975
99.9985
100.002
100.003
99.9988
99.9955
99.9987
100.005
100.005
99.9976
99.9924
99.997
100.007
100.01
99.9995
99.9874
99.9889
100.005
100.019
100.013
99.9892
99.971
99.9812
100.016
100.044
100.033
99.9844
99.9354
99.9343
99.9965
100.084
100.127
100.073
99.9359
99.799
99.7688
99.9051
100.169
100.424
100.499
100.278
99.7805
99.1829
98.7677
98.8204
99.5091
100.793
102.391
103.827
104.521
103.917
101.598
97.3599
91.2444
83.5163
74.6051
65.0276
55.31
45.9223
37.2354
29.5008
22.8513
17.3159
12.8438
9.33073
6.64282
4.63704
3.17545
2.13432
1.40866
0.913349
0.582009
0.364632
0.224684
0.136217
0.0812786
0.0477455
0.0276212
0.0157384
0.00883924
0.00488542
0.00267596
0.00141667
0.000794988
0.000331439
100
100
99.9997
99.9998
100.001
100
99.9993
99.9993
100.001
100.001
99.9992
99.9984
100
100.002
100
99.9975
99.9984
100.002
100.003
99.9989
99.9955
99.9986
100.005
100.005
99.9977
99.9923
99.9969
100.007
100.01
99.9996
99.9873
99.9886
100.005
100.02
100.014
99.9893
99.9707
99.9807
100.016
100.044
100.034
99.9844
99.9347
99.9334
99.9963
100.085
100.128
100.073
99.9352
99.7971
99.7671
99.905
100.171
100.427
100.501
100.277
99.7766
99.1773
98.7635
98.8208
99.515
100.803
102.401
103.832
104.517
103.903
101.576
97.3352
91.2255
83.5116
74.6215
65.0692
55.3773
46.0126
37.3432
29.6193
22.9733
17.4348
12.9544
9.42937
6.72761
4.70748
3.23217
2.17867
1.4424
0.93836
0.600102
0.37742
0.233524
0.142198
0.0852437
0.0503227
0.0292648
0.0167672
0.00947238
0.00526727
0.00290447
0.00154741
0.000875383
0.000367797
100
100
99.9997
99.9998
100.001
100
99.9993
99.9993
100.001
100.001
99.9992
99.9984
100
100.002
100
99.9975
99.9984
100.002
100.003
99.9989
99.9955
99.9985
100.005
100.005
99.9978
99.9922
99.9968
100.007
100.01
99.9998
99.9873
99.9885
100.005
100.02
100.014
99.9894
99.9705
99.9804
100.016
100.044
100.034
99.9846
99.9344
99.9328
99.996
100.085
100.129
100.074
99.935
99.7961
99.7658
99.9046
100.172
100.429
100.503
100.277
99.7747
99.174
98.7605
98.82
99.5177
100.808
102.408
103.836
104.516
103.896
101.562
97.3195
91.212
83.5058
74.6283
65.092
55.417
46.068
37.4114
29.6959
23.0536
17.5144
13.0296
9.49746
6.78691
4.75737
3.27282
2.21083
1.46714
0.956901
0.613659
0.387102
0.240285
0.14682
0.088338
0.0523539
0.030573
0.017594
0.00998627
0.00558017
0.00309362
0.0016566
0.000943268
0.000398815
100
100
99.9997
99.9998
100.001
100
99.9993
99.9993
100.001
100.001
99.9992
99.9984
100
100.002
100
99.9975
99.9984
100.002
100.003
99.999
99.9955
99.9985
100.005
100.005
99.9979
99.9922
99.9967
100.007
100.01
99.9999
99.9873
99.9884
100.005
100.02
100.014
99.9896
99.9705
99.9802
100.015
100.044
100.035
99.9848
99.9343
99.9324
99.9956
100.085
100.129
100.075
99.9351
99.7956
99.765
99.904
100.172
100.43
100.504
100.278
99.7739
99.172
98.7583
98.8188
99.5187
100.811
102.412
103.84
104.517
103.893
101.555
97.3095
91.202
83.4991
74.6282
65.101
55.4366
46.0979
37.4501
29.7412
23.1026
17.5642
13.0776
9.54169
6.82609
4.79084
3.30048
2.233
1.48442
0.970011
0.623357
0.394107
0.24523
0.150236
0.0906497
0.0538869
0.0315703
0.0182307
0.0103859
0.0058258
0.0032436
0.00174393
0.000998153
0.000424144
100
100
99.9997
99.9998
100.001
100
99.9993
99.9993
100.001
100.001
99.9993
99.9984
100
100.002
100
99.9975
99.9984
100.002
100.003
99.999
99.9955
99.9985
100.005
100.005
99.9979
99.9923
99.9967
100.007
100.01
99.9999
99.9874
99.9884
100.005
100.02
100.014
99.9897
99.9705
99.9801
100.015
100.044
100.035
99.985
99.9343
99.9323
99.9954
100.085
100.129
100.075
99.9353
99.7954
99.7646
99.9037
100.172
100.431
100.505
100.278
99.7737
99.1711
98.757
98.818
99.5189
100.813
102.414
103.842
104.518
103.891
101.551
97.3039
91.1961
83.495
74.628
65.1064
55.4485
46.1165
37.4747
29.7703
23.1344
17.5969
13.1095
9.57145
6.85273
4.81384
3.31968
2.24854
1.49664
0.97937
0.630345
0.3992
0.248858
0.152765
0.0923757
0.0550415
0.032328
0.0187185
0.0106947
0.00601724
0.00336155
0.00181314
0.00104207
0.000444594
100
100
99.9997
99.9998
100.001
100
99.9993
99.9993
100.001
100.001
99.9993
99.9984
100
100.002
100
99.9975
99.9984
100.002
100.003
99.999
99.9955
99.9985
100.005
100.005
99.9979
99.9923
99.9967
100.007
100.01
99.9999
99.9874
99.9883
100.005
100.02
100.014
99.9897
99.9705
99.98
100.015
100.044
100.035
99.985
99.9343
99.9322
99.9953
100.085
100.13
100.075
99.9354
99.7953
99.7643
99.9034
100.172
100.431
100.505
100.279
99.7737
99.1704
98.7561
98.8172
99.5188
100.814
102.416
103.844
104.519
103.891
101.55
97.3005
91.1918
83.4909
74.6255
65.1068
55.4526
46.1246
37.4867
29.7856
23.152
17.6156
13.1283
9.5894
6.86914
4.82827
3.33194
2.25862
1.50468
0.985612
0.635063
0.40268
0.251367
0.154532
0.093595
0.0558656
0.0328743
0.0190736
0.0109217
0.00615926
0.0034499
0.00186541
0.00107558
0.000460347
100
100
99.9997
99.9998
100.001
100
99.9993
99.9993
100.001
100.001
99.9993
99.9984
100
100.002
100
99.9975
99.9984
100.002
100.003
99.999
99.9955
99.9984
100.005
100.005
99.9979
99.9923
99.9966
100.007
100.01
100
99.9874
99.9883
100.005
100.02
100.014
99.9897
99.9705
99.98
100.015
100.044
100.035
99.9851
99.9343
99.9321
99.9952
100.085
100.13
100.075
99.9355
99.7953
99.7641
99.9032
100.172
100.431
100.506
100.279
99.7738
99.1703
98.7557
98.8168
99.5186
100.814
102.417
103.845
104.52
103.891
101.549
97.2989
91.1899
83.4893
74.625
65.108
55.4561
46.1307
37.4952
29.7961
23.1639
17.6283
13.1411
9.60157
6.88031
4.83813
3.34035
2.26558
1.51027
0.989973
0.638383
0.405145
0.253155
0.155801
0.0944764
0.0564655
0.0332747
0.0193358
0.0110906
0.00626563
0.00351658
0.00190512
0.00110124
0.000472507
100
100
99.9997
99.9998
100.001
100
99.9993
99.9993
100.001
100.001
99.9993
99.9984
100
100.002
100
99.9975
99.9984
100.002
100.003
99.999
99.9955
99.9984
100.005
100.005
99.9979
99.9923
99.9966
100.007
100.01
100
99.9874
99.9883
100.005
100.02
100.014
99.9898
99.9705
99.98
100.015
100.044
100.035
99.9852
99.9344
99.9321
99.9952
100.085
100.13
100.075
99.9356
99.7953
99.7641
99.9031
100.172
100.431
100.506
100.279
99.7739
99.1702
98.7554
98.8164
99.5183
100.814
102.417
103.845
104.52
103.892
101.549
97.2979
91.1882
83.4873
74.6231
65.1068
55.456
46.132
37.498
29.8003
23.1692
17.6344
13.1475
9.60804
6.88646
4.84373
3.34525
2.26972
1.51366
0.992671
0.640469
0.406718
0.254312
0.156633
0.0950616
0.0568684
0.0335468
0.0195159
0.0112077
0.00634015
0.00356376
0.00193346
0.00111976
0.000481363
100
100
99.9997
99.9998
100.001
100
99.9993
99.9993
100.001
100.001
99.9993
99.9984
100
100.002
100
99.9975
99.9984
100.002
100.003
99.999
99.9955
99.9985
100.005
100.005
99.9979
99.9923
99.9967
100.007
100.01
100
99.9874
99.9884
100.005
100.02
100.014
99.9898
99.9706
99.98
100.015
100.044
100.035
99.9852
99.9344
99.9321
99.9952
100.085
100.13
100.075
99.9356
99.7953
99.7641
99.9031
100.172
100.431
100.506
100.279
99.774
99.1702
98.7554
98.8163
99.5183
100.814
102.417
103.845
104.52
103.892
101.548
97.2976
91.1879
83.4871
74.6233
65.1075
55.4575
46.1344
37.5012
29.8043
23.1738
17.6393
13.1525
9.61288
6.89097
4.84778
3.34876
2.27267
1.51607
0.994581
0.641946
0.407832
0.255133
0.157225
0.0954792
0.0571571
0.0337424
0.0196459
0.0112927
0.00639451
0.00359838
0.00195435
0.00113348
0.000487971
100
100
99.9997
99.9998
100.001
100
99.9993
99.9993
100.001
100.001
99.9993
99.9984
100
100.002
100
99.9975
99.9984
100.002
100.003
99.999
99.9955
99.9985
100.005
100.005
99.9979
99.9923
99.9967
100.007
100.01
100
99.9874
99.9883
100.005
100.02
100.014
99.9898
99.9705
99.98
100.015
100.044
100.035
99.9852
99.9344
99.9321
99.9952
100.085
100.13
100.075
99.9356
99.7953
99.764
99.903
100.172
100.431
100.506
100.279
99.774
99.1701
98.7552
98.8161
99.5181
100.814
102.417
103.846
104.521
103.892
101.548
97.2973
91.1871
83.486
74.6219
65.1062
55.4564
46.1337
37.5011
29.8047
23.1748
17.6407
13.1542
9.61478
6.89291
4.84964
3.35047
2.27417
1.51734
0.995623
0.642775
0.408473
0.255616
0.15758
0.0957341
0.0573362
0.0338657
0.019729
0.0113478
0.00643012
0.00362134
0.00196835
0.0011428
0.000492504
100
100
99.9997
99.9998
100.001
100
99.9993
99.9993
100.001
100.001
99.9993
99.9984
100
100.002
100
99.9975
99.9984
100.002
100.003
99.999
99.9955
99.9985
100.005
100.005
99.9979
99.9923
99.9966
100.007
100.01
100
99.9874
99.9883
100.005
100.02
100.014
99.9898
99.9706
99.98
100.015
100.044
100.035
99.9852
99.9344
99.9321
99.9951
100.085
100.13
100.075
99.9356
99.7954
99.7641
99.903
100.172
100.431
100.506
100.279
99.774
99.1702
98.7553
98.8162
99.5181
100.814
102.417
103.846
104.521
103.892
101.548
97.2973
91.1873
83.4864
74.6225
65.107
55.4575
46.1351
37.5028
29.8066
23.1768
17.6428
13.1564
9.61681
6.89479
4.85133
3.35194
2.27541
1.51836
0.996437
0.64341
0.408957
0.255976
0.157843
0.0959214
0.0574672
0.0339556
0.0197895
0.0113878
0.00645603
0.00363806
0.00197856
0.0011496
0.000495824
100
100
99.9997
99.9998
100.001
100
99.9993
99.9993
100.001
100.001
99.9993
99.9984
100
100.002
100
99.9975
99.9984
100.002
100.003
99.999
99.9955
99.9985
100.005
100.005
99.9979
99.9923
99.9966
100.007
100.01
100
99.9874
99.9883
100.005
100.02
100.014
99.9898
99.9706
99.98
100.015
100.044
100.035
99.9852
99.9344
99.9321
99.9951
100.085
100.13
100.075
99.9356
99.7953
99.764
99.903
100.172
100.431
100.506
100.279
99.774
99.1702
98.7552
98.8161
99.518
100.814
102.417
103.846
104.521
103.892
101.549
97.2972
91.1868
83.4856
74.6215
65.1059
55.4563
46.134
37.5018
29.8059
23.1764
17.6426
13.1564
9.61704
6.89513
4.85174
3.35237
2.27583
1.51874
0.996771
0.643689
0.409182
0.256152
0.157976
0.0960201
0.0575384
0.0340058
0.0198241
0.0114113
0.0064715
0.00364824
0.00198486
0.00115389
0.000497948
100
100
99.9997
99.9998
100.001
100
99.9993
99.9993
100.001
100.001
99.9993
99.9984
100
100.002
100
99.9975
99.9984
100.002
100.003
99.999
99.9955
99.9985
100.005
100.005
99.9979
99.9923
99.9967
100.007
100.01
100
99.9874
99.9884
100.005
100.02
100.014
99.9898
99.9706
99.98
100.015
100.044
100.035
99.9852
99.9344
99.9321
99.9951
100.085
100.13
100.075
99.9356
99.7954
99.7641
99.903
100.172
100.431
100.506
100.279
99.7741
99.1703
98.7553
98.8161
99.5181
100.814
102.417
103.846
104.521
103.892
101.549
97.2973
91.1872
83.4861
74.6223
65.1068
55.4574
46.1352
37.5031
29.8072
23.1777
17.6439
13.1576
9.61808
6.89606
4.85254
3.35305
2.27639
1.5192
0.997131
0.643968
0.409394
0.256309
0.158091
0.0961022
0.057596
0.0340455
0.019851
0.0114292
0.00648318
0.00365583
0.00198954
0.00115703
0.000499499
100
100
99.9997
99.9998
100.001
100
99.9993
99.9993
100.001
100.001
99.9993
99.9984
100
100.002
100
99.9975
99.9984
100.002
100.003
99.999
99.9955
99.9985
100.005
100.005
99.9979
99.9923
99.9967
100.007
100.01
100
99.9874
99.9883
100.005
100.02
100.014
99.9898
99.9706
99.98
100.015
100.044
100.035
99.9852
99.9344
99.9321
99.9951
100.085
100.13
100.075
99.9356
99.7953
99.764
99.903
100.172
100.431
100.506
100.279
99.7741
99.1702
98.7552
98.816
99.518
100.814
102.417
103.846
104.521
103.892
101.549
97.2972
91.1868
83.4855
74.6214
65.1058
55.4563
46.134
37.502
29.8062
23.1768
17.6432
13.1571
9.61775
6.89586
4.85244
3.35302
2.27641
1.51924
0.99719
0.644029
0.40945
0.256359
0.158131
0.0961341
0.0576203
0.0340634
0.0198638
0.0114382
0.00648929
0.00365999
0.00199216
0.00115887
0.000500429
100
100
99.9997
99.9998
100.001
100
99.9993
99.9993
100.001
100.001
99.9993
99.9984
100
100.002
100
99.9975
99.9984
100.002
100.003
99.999
99.9955
99.9985
100.005
100.005
99.9979
99.9923
99.9966
100.007
100.01
100
99.9874
99.9883
100.005
100.02
100.014
99.9898
99.9706
99.98
100.015
100.044
100.035
99.9852
99.9344
99.9321
99.9951
100.085
100.13
100.075
99.9356
99.7954
99.7641
99.903
100.172
100.431
100.506
100.279
99.7741
99.1703
98.7553
98.8161
99.518
100.814
102.417
103.846
104.521
103.892
101.549
97.2973
91.1871
83.486
74.6221
65.1066
55.4572
46.135
37.503
29.8072
23.1778
17.6441
13.1578
9.61838
6.89639
4.85288
3.35337
2.27669
1.51946
0.997357
0.644155
0.409544
0.256427
0.15818
0.0961684
0.0576441
0.0340796
0.0198747
0.0114454
0.00649399
0.00366303
0.00199405
0.00116012
0.000501063
100
100
99.9997
99.9998
100.001
100
99.9993
99.9993
100.001
100.001
99.9993
99.9984
100
100.002
100
99.9975
99.9984
100.002
100.003
99.999
99.9955
99.9985
100.005
100.005
99.9979
99.9923
99.9966
100.007
100.01
100
99.9874
99.9883
100.005
100.02
100.014
99.9898
99.9706
99.98
100.015
100.044
100.035
99.9852
99.9344
99.9321
99.9951
100.085
100.13
100.075
99.9356
99.7954
99.7641
99.903
100.172
100.431
100.506
100.279
99.7741
99.1703
98.7553
98.8161
99.518
100.814
102.417
103.846
104.521
103.892
101.549
97.2974
91.1873
83.4863
74.6225
65.1071
55.4578
46.1357
37.5037
29.8079
23.1784
17.6447
13.1584
9.61888
6.89682
4.85325
3.35368
2.27694
1.51966
0.997511
0.644273
0.409633
0.256492
0.158228
0.0962025
0.057668
0.0340962
0.019886
0.011453
0.00649895
0.00366628
0.00199606
0.0011615
0.000501746
)
;

boundaryField
{
    left
    {
        type            fixedValue;
        value           uniform 100;
    }
    right
    {
        type            zeroGradient;
    }
    up
    {
        type            zeroGradient;
    }
    down
    {
        type            fixedValue;
        value           uniform 0;
    }
    frontAndBack
    {
        type            empty;
    }
}


// ************************************************************************* //
