/*--------------------------------*- C++ -*----------------------------------*\
  =========                 |
  \\      /  F ield         | OpenFOAM: The Open Source CFD Toolbox
   \\    /   O peration     | Website:  https://openfoam.org
    \\  /    A nd           | Version:  8
     \\/     M anipulation  |
\*---------------------------------------------------------------------------*/
FoamFile
{
    version     2.0;
    format      ascii;
    class       volScalarField;
    location    "0.589";
    object      T;
}
// * * * * * * * * * * * * * * * * * * * * * * * * * * * * * * * * * * * * * //

dimensions      [0 0 0 1 0 0 0];

internalField   nonuniform List<scalar> 
10000
(
50
4.65023
-4.65011
-1.17835
1.1778
0.448797
-0.447186
-0.217868
0.214272
0.126109
-0.119344
-0.08438
0.0730881
0.0638199
-0.0466291
-0.0530546
0.0288257
0.0467423
-0.0149123
-0.0419071
0.00289862
0.0366615
0.00772258
-0.0298097
-0.0165259
0.0208305
0.022515
-0.0100073
-0.0245263
-0.00146793
0.0217508
0.0115889
-0.0143163
-0.0179724
0.00373325
0.0186737
0.00708999
-0.0132016
-0.0145276
0.00329156
0.015628
0.00715854
-0.00976805
-0.0134133
-0.000356631
0.0122684
0.00942027
-0.00432192
-0.0121459
-0.00557534
0.00683388
0.0108382
0.00274229
-0.00775141
-0.00932847
-0.00108939
0.00768774
0.00810278
0.000470673
-0.00706166
-0.00728387
-0.000656469
0.00606797
0.00676799
0.00141473
-0.00474198
-0.00631547
-0.00249524
0.0030646
0.00561763
0.00357524
-0.00108947
-0.00439084
-0.00423227
-0.000934002
0.00253526
0.00402276
0.00251332
-0.000322984
-0.00272311
-0.00305297
-0.00154573
0.000657731
0.00224237
0.00223876
0.00120493
-0.000513149
-0.00145259
-0.00177801
-0.000962427
-5.2929e-05
0.000851727
0.00116236
0.000883347
0.000447345
-0.000276774
-0.000518234
-0.000666452
-0.00054427
-6.77265e-05
95.3498
50
10.4786
-4.64972
-2.80482
1.17645
1.11368
-0.443954
-0.558069
0.20799
0.329693
-0.108658
-0.221246
0.0566117
0.163628
-0.0231814
-0.128979
-0.00223441
0.104198
0.0234549
-0.082389
-0.0411196
0.059891
0.0541167
-0.035323
-0.060457
0.00935487
0.0581557
0.0154232
-0.0462674
-0.0349654
0.0259346
0.0448474
-0.00105714
-0.0419706
-0.0219633
0.0264893
0.0358333
-0.00307635
-0.0352443
-0.0195776
0.0200384
0.0317221
0.00316422
-0.0273779
-0.0227658
0.00870694
0.0278593
0.0134457
-0.0153741
-0.0249735
-0.00624676
0.018038
0.0212912
0.00180397
-0.0182104
-0.0181819
0.00014636
0.0170077
0.0160946
-0.000130695
-0.0150004
-0.014902
-0.00132762
0.0123236
0.0141352
0.00371398
-0.00889172
-0.0131269
-0.00639995
0.00467259
0.0111648
0.00853273
5.29478e-06
-0.00776708
-0.00910609
-0.00422403
0.0030931
0.00736427
0.00658904
0.00171543
-0.00348291
-0.00595728
-0.00474175
-0.000960175
0.00259571
0.00447655
0.0035235
0.00129119
-0.00147281
-0.00276674
-0.00287032
-0.0014908
0.000100019
0.00130693
0.00196768
0.00132414
0.000925743
-0.00026878
-0.000747839
104.65
89.5214
49.9999
12.105
-4.64891
-3.46964
1.174
1.45387
-0.438691
-0.76179
0.198529
0.466952
-0.0935478
-0.321816
0.0345524
0.24078
0.00665127
-0.188171
-0.0397779
0.146869
0.0673265
-0.108065
-0.0882862
0.0677479
0.0998549
-0.0255861
-0.0988161
-0.0154866
0.0830772
0.0498876
-0.0533194
-0.0707794
0.0142887
0.0724503
0.0250575
-0.0533083
-0.0533248
0.0183703
0.0605844
0.0204119
-0.0434112
-0.0474237
0.00862107
0.0501856
0.0274046
-0.0270257
-0.0456057
-0.00931228
0.0353744
0.036684
-0.00337996
-0.0370148
-0.0279797
0.0105074
0.0352427
0.0215903
-0.0132035
-0.0322338
-0.0179934
0.0127022
0.028975
0.0168173
-0.00989447
-0.025555
-0.0172666
0.00535983
0.0215199
0.0182625
0.000352581
-0.0162529
-0.0184907
-0.00636088
0.00944064
0.0165997
0.0112074
-0.00161255
-0.0117481
-0.0130437
-0.00550992
0.00444521
0.01053
0.00938792
0.00292258
-0.00426589
-0.00816841
-0.00691568
-0.00245707
0.00275346
0.00554297
0.00538085
0.0026279
-0.000635305
-0.00320386
-0.00361848
-0.00289654
-0.000792865
0.00086361
0.00174449
0.00239955
0.00100398
101.178
104.65
87.895
49.9998
12.7698
-4.64754
-3.80989
1.17018
1.65785
-0.431006
-0.899659
0.185438
0.568656
-0.0735855
-0.400779
0.00663886
0.302546
0.0428032
-0.234138
-0.0831966
0.176325
0.115373
-0.1197
-0.136482
0.0610676
0.142178
-0.00223818
-0.12867
-0.0507459
0.0949697
0.0890498
-0.0449976
-0.103745
-0.0113803
0.0896761
0.0595001
-0.0494325
-0.083988
-0.00456366
0.0752622
0.0521541
-0.0359888
-0.0727869
-0.0165855
0.056203
0.0561412
-0.0108959
-0.0606699
-0.0368087
0.0275127
0.0565785
0.0209808
-0.0351139
-0.0496614
-0.0106914
0.0366994
0.0431981
0.00575332
-0.0346829
-0.0384234
-0.0051711
0.0304139
0.0352172
0.00779092
-0.0243483
-0.0326357
-0.0123812
0.0165047
0.0292819
0.0174297
-0.00706565
-0.0237219
-0.0209779
-0.00298214
0.0151578
0.0208601
0.0114638
-0.00433508
-0.0156487
-0.0154367
-0.00587157
0.0061302
0.0128525
0.0112787
0.00381062
-0.00484968
-0.00928758
-0.00869382
-0.00354683
0.00214049
0.00590799
0.00645169
0.00381921
0.000426388
-0.00257208
-0.00413616
-0.00309445
-0.00224269
0.000300918
0.00144251
98.8221
102.805
104.649
87.2302
49.9996
13.1101
-4.64546
-4.01412
1.16472
1.79636
-0.42053
-1.00262
0.168305
0.649713
-0.0484227
-0.465643
-0.0272658
0.352644
0.0850107
-0.268558
-0.131632
0.193245
0.166005
-0.117776
-0.183411
0.0408436
0.178372
0.0326426
-0.147499
-0.0929796
0.0924057
0.12834
-0.0219083
-0.129089
-0.0478699
0.093066
0.0968022
-0.0298499
-0.107762
-0.0389191
0.0754741
0.0855907
-0.0128514
-0.0886494
-0.0506112
0.046109
0.0813736
0.0185929
-0.0615568
-0.0660479
0.00408394
0.0649724
0.05083
-0.0169617
-0.0621529
-0.0395337
0.021958
0.0569682
0.0330787
-0.0212288
-0.0512005
-0.0308467
0.0163618
0.0450432
0.031443
-0.00841939
-0.0377278
-0.0329609
-0.00157433
0.0282033
0.0330858
0.0120046
-0.0159705
-0.0294584
-0.0202666
0.00204228
0.0206383
0.0231412
0.0104468
-0.00755762
-0.0184127
-0.0169538
-0.0055696
0.00731485
0.0142981
0.012659
0.00435431
-0.00438637
-0.0101169
-0.00937296
-0.00501392
0.00115928
0.0056667
0.00640847
0.00530377
0.00124547
-0.0015058
-0.00324839
-0.00429041
-0.00163244
99.5513
98.8232
103.47
104.648
86.8898
49.9994
13.3145
-4.64254
-4.15315
1.15736
1.90048
-0.406913
-1.08577
0.146768
0.717859
-0.0177965
-0.520353
-0.0671591
0.392913
0.132814
-0.292125
-0.183991
0.197898
0.217424
-0.102785
-0.226696
0.00838323
0.205907
0.0765092
-0.153364
-0.138364
0.0749641
0.163223
0.0140671
-0.14279
-0.0908461
0.0807416
0.131111
0.00383255
-0.119365
-0.0794797
0.0591098
0.113687
0.0232072
-0.0896086
-0.0864425
0.019611
0.0955047
0.0556337
-0.0451018
-0.0883214
-0.0307448
0.0564737
0.0770566
0.0147427
-0.0585674
-0.0667726
-0.00718995
0.0551945
0.059323
0.00646189
-0.048445
-0.0544648
-0.0107438
0.0389837
0.0506897
0.0181327
-0.0267717
-0.0457879
-0.0262961
0.0120101
0.0374741
0.0321867
0.00384483
-0.0244159
-0.0323947
-0.0174317
0.00764215
0.0246222
0.0240693
0.0084984
-0.0100119
-0.020337
-0.0174833
-0.00544643
0.00780742
0.0149692
0.0132459
0.0056012
-0.00395697
-0.00924306
-0.0103492
-0.00582526
-0.000438764
0.00419715
0.00684751
0.00483868
0.00360372
-0.000714251
-0.0025724
100.447
98.8864
98.8254
103.81
104.647
86.6854
49.9992
13.4539
-4.63863
-4.25817
1.14783
1.98547
-0.389829
-1.15705
0.12051
0.777266
0.0184661
-0.566951
-0.112898
0.424155
0.185563
-0.305026
-0.238976
0.190425
0.267681
-0.0753949
-0.263983
-0.0346177
0.222579
0.126386
-0.145045
-0.182872
0.0432944
0.189495
0.0598869
-0.141914
-0.135217
0.0525945
0.1568
0.0480803
-0.11507
-0.11988
0.0266538
0.129983
0.0668876
-0.0728149
-0.116252
-0.0200943
0.0928744
0.0921813
-0.0121665
-0.0959579
-0.069334
0.0299403
0.0906886
0.0528491
-0.0363968
-0.0826299
-0.0437594
0.0347981
0.0742345
0.0410081
-0.0274238
-0.0656482
-0.0425276
0.0156975
0.0556267
0.0455656
-0.000932792
-0.042491
-0.0467644
-0.0147139
0.0253088
0.0426118
0.0275869
-0.00529647
-0.0307954
-0.0329536
-0.0132135
0.0123655
0.0272483
0.0236446
0.00675954
-0.0117111
-0.0210248
-0.0176374
-0.00555675
0.00741604
0.0146437
0.0136475
0.00646587
-0.00201215
-0.00863169
-0.00934295
-0.00748887
-0.00174067
0.00248435
0.00476029
0.00641698
0.00254545
100.218
100.444
98.5461
98.8288
104.014
104.644
86.546
49.9989
13.5594
-4.63361
-4.34453
1.1359
2.05942
-0.368977
-1.22084
0.0892686
0.830199
0.0604458
-0.606409
-0.164197
0.446588
0.242431
-0.30721
-0.295119
0.171013
0.314748
-0.0365498
-0.293043
-0.0860597
0.226636
0.17896
-0.122139
-0.222483
-0.000893403
0.203573
0.111559
-0.124869
-0.175583
0.0103153
0.169068
0.0978136
-0.0931867
-0.153428
-0.01884
0.129572
0.111176
-0.0385133
-0.132775
-0.0668227
0.0709479
0.119559
0.0323976
-0.0841378
-0.102269
-0.01103
0.0852812
0.0875022
0.00151658
-0.0797151
-0.0774448
-0.00136415
0.070195
0.0715213
0.00806809
-0.0574221
-0.0675197
-0.0191534
0.0410685
0.0622855
0.0316097
-0.0210748
-0.052479
-0.0413792
-0.000920527
0.035914
0.0436907
0.020566
-0.0135344
-0.0349617
-0.0313966
-0.00903397
0.0160534
0.0282202
0.02269
0.00539508
-0.012361
-0.0206942
-0.0175078
-0.00597704
0.00627729
0.0133746
0.0135573
0.00733066
-0.000209662
-0.00620752
-0.00916623
-0.00644728
-0.00441657
0.00111542
0.00337018
99.7855
100.558
100.44
98.342
98.8339
104.153
104.641
86.4405
49.9987
13.6465
-4.62735
-4.42045
1.12133
2.1269
-0.344079
-1.27962
0.0528316
0.877836
0.108131
-0.639071
-0.220637
0.460112
0.302428
-0.298554
-0.350814
0.140004
0.35658
0.0124797
-0.311873
-0.143469
0.216878
0.230712
-0.0851141
-0.253404
-0.0549128
0.202751
0.164427
-0.0915537
-0.206718
-0.0427464
0.164458
0.146956
-0.0543023
-0.173964
-0.0721108
0.109866
0.148389
0.0098995
-0.130598
-0.112431
0.0309343
0.130203
0.0806059
-0.0521184
-0.120488
-0.058728
0.0587214
0.10863
0.0474432
-0.0553406
-0.0975335
-0.0449918
0.0449134
0.0870685
0.048559
-0.0290383
-0.0752866
-0.0545737
0.00904638
0.0596053
0.0586456
0.0126523
-0.038291
-0.0559754
-0.0315425
0.0123392
0.0429948
0.041319
0.0130133
-0.0202608
-0.0366502
-0.0290148
-0.00516915
0.0181013
0.028164
0.0214862
0.00451359
-0.0117217
-0.0200536
-0.0166563
-0.00695544
0.00462417
0.0118882
0.0121101
0.00875154
0.000911753
-0.00389151
-0.00671545
-0.00771193
-0.00258284
99.874
99.7914
100.762
100.432
98.2033
98.8407
104.259
104.636
86.3533
49.9983
13.7235
-4.61972
-4.49061
1.10391
2.19057
-0.314882
-1.33478
0.0110403
0.920709
0.161417
-0.66491
-0.281665
0.464466
0.364421
-0.278973
-0.404362
0.0979575
0.391188
0.0700828
-0.318781
-0.204056
0.192742
0.278059
-0.0353097
-0.272291
-0.115243
0.18541
0.213508
-0.043397
-0.224037
-0.101864
0.141251
0.189086
-0.0012822
-0.176668
-0.126325
0.071053
0.171321
0.0662858
-0.107168
-0.148181
-0.0222491
0.119223
0.122823
-0.00363488
-0.117366
-0.102906
0.0140378
0.108538
0.0905119
-0.0126116
-0.0960019
-0.0844535
0.00255077
0.0802367
0.0816688
0.0132719
-0.0602946
-0.0779462
-0.0314057
0.0354463
0.0686841
0.0469498
-0.00705918
-0.0504363
-0.0536997
-0.0198708
0.0234624
0.0463389
0.0370479
0.00590403
-0.0246848
-0.0368099
-0.0260761
-0.00264037
0.0190316
0.0271047
0.0203724
0.00465391
-0.0108704
-0.0178885
-0.0167998
-0.00711334
0.00216126
0.00954031
0.0118847
0.00737304
0.00442004
-0.00321357
-0.00493483
100.12
99.6702
99.8005
100.9
100.422
98.0989
98.8497
104.345
104.631
86.2762
49.998
13.7951
-4.61059
-4.55783
1.0834
2.25203
-0.28116
-1.38707
-0.036209
0.958946
0.220106
-0.683673
-0.346602
0.45933
0.427147
-0.248494
-0.45401
0.0456971
0.416705
0.134312
-0.312476
-0.26479
0.154351
0.317521
0.0250905
-0.276456
-0.17772
0.15116
0.253856
0.0167013
-0.224034
-0.161334
0.0997113
0.21813
0.0609665
-0.158725
-0.173915
0.0162171
0.17435
0.122582
-0.0633903
-0.166241
-0.0806423
0.0855313
0.149604
0.0535675
-0.090368
-0.132958
-0.0409267
0.0840353
0.119297
0.0399345
-0.0700133
-0.107911
-0.0469845
0.0497806
0.0958866
0.0577842
-0.02428
-0.0794271
-0.0669966
-0.00427531
0.0555463
0.0684274
0.0308608
-0.0244212
-0.0567987
-0.0475951
-0.008357
0.0313939
0.0467646
0.0319563
0.000321194
-0.0270661
-0.0355919
-0.0236666
-0.00105904
0.0182144
0.0258524
0.0192211
0.00546803
-0.00852452
-0.0165188
-0.0147967
-0.00958886
0.0010167
0.00642163
0.00945066
0.00965149
0.00247107
100.084
100.109
99.5326
99.8132
101.003
100.409
98.0136
98.8611
104.421
104.624
86.2045
49.9976
13.8643
-4.59983
-4.62384
1.05961
2.3122
-0.242711
-1.43682
-0.0889607
0.992423
0.283903
-0.694987
-0.414643
0.444404
0.489239
-0.207312
-0.497996
-0.0156635
0.431461
0.202913
-0.29214
-0.32251
0.102561
0.345893
0.0931381
-0.264057
-0.237784
0.100931
0.280951
0.084548
-0.204649
-0.214989
0.0421696
0.229065
0.125964
-0.119805
-0.207549
-0.0489101
0.154393
0.169942
-0.00372855
-0.161128
-0.134473
0.0323556
0.153618
0.109031
-0.0419653
-0.14033
-0.0949584
0.0376539
0.124739
0.0901105
-0.023222
-0.106748
-0.090445
0.00164056
0.0843906
0.0906294
0.023591
-0.0557669
-0.0846237
-0.0470521
0.021373
0.0672744
0.0611262
0.0136943
-0.0374173
-0.0582495
-0.0394385
0.00134225
0.0361402
0.0450673
0.0270135
-0.0033042
-0.0276336
-0.0334479
-0.0217536
-0.00100479
0.0167146
0.023158
0.0190595
0.00612111
-0.00540011
-0.0133071
-0.0147206
-0.00819606
-0.00404378
0.00532155
0.00660852
99.9266
100.222
100.095
99.4305
99.8299
101.087
100.393
97.9392
98.875
104.492
104.615
86.1352
49.9972
13.9327
-4.58734
-4.68973
1.03233
2.37164
-0.199367
-1.48411
-0.147199
1.02086
0.352416
-0.698429
-0.484875
0.419461
0.549254
-0.155826
-0.534609
-0.0847186
0.434054
0.273376
-0.257497
-0.374043
0.038947
0.360429
0.165254
-0.234257
-0.290772
0.0369622
0.291083
0.154957
-0.165537
-0.256786
-0.0271162
0.218553
0.186349
-0.0622658
-0.221146
-0.116596
0.111551
0.200096
0.0642748
-0.130857
-0.173821
-0.0330286
0.131318
0.151569
0.0204689
-0.120685
-0.135865
-0.0224496
0.102734
0.125035
0.0346124
-0.0784186
-0.114938
-0.0521856
0.0477713
0.100274
0.0691379
-0.0122052
-0.0763283
-0.0779124
-0.0233065
0.0417531
0.0710977
0.0495322
-0.00173812
-0.0457642
-0.0558947
-0.0311285
0.00870634
0.0379465
0.0421107
0.0229308
-0.00537465
-0.0261681
-0.0312722
-0.0197861
-0.002156
0.0139644
0.0208311
0.0168614
0.00889419
-0.00372476
-0.00911973
-0.0118974
-0.0104652
-0.0019386
99.9362
99.9427
100.323
100.075
99.349
99.851
101.159
100.372
97.8713
98.8917
104.559
104.605
86.0666
49.9967
14.0017
-4.57298
-4.75621
1.00139
2.43062
-0.150988
-1.52881
-0.21085
1.04387
0.425169
-0.693568
-0.556289
0.384382
0.605709
-0.0946559
-0.562238
-0.15979
0.423413
0.343017
-0.20884
-0.416351
-0.0342367
0.359001
0.237413
-0.187307
-0.332233
-0.0373124
0.281687
0.222155
-0.10818
-0.281416
-0.102314
0.185403
0.234708
0.00900077
-0.210767
-0.17808
0.0492988
0.206688
0.131044
-0.0775317
-0.190419
-0.100398
0.0839285
0.171558
0.0858949
-0.0752249
-0.153303
-0.0840643
0.0556107
0.134544
0.0898506
-0.0277038
-0.111855
-0.0968981
-0.00552503
0.081618
0.0977151
0.0387023
-0.0427253
-0.0850648
-0.0631052
-0.000419953
0.0554869
0.0686213
0.0365855
-0.0140778
-0.0497525
-0.0514481
-0.0235786
0.0133066
0.0377569
0.0384186
0.0198846
-0.00570171
-0.0241303
-0.0277502
-0.0194069
-0.00254468
0.00995992
0.0176308
0.0162545
0.00758486
0.00201886
-0.00848976
-0.00794361
100.047
99.8359
99.9644
100.402
100.05
99.2802
99.8768
101.223
100.348
97.807
98.9115
104.626
104.594
85.9975
49.9962
14.0719
-4.55665
-4.82372
0.966604
2.48924
-0.0974604
-1.57072
-0.279783
1.06102
0.501603
-0.68
-0.627799
0.339179
0.657109
-0.0246473
-0.579417
-0.238959
0.398842
0.409052
-0.147047
-0.446649
-0.114144
0.340226
0.305351
-0.124573
-0.358231
-0.117468
0.251576
0.280236
-0.0358224
-0.284836
-0.176541
0.1308
0.264434
0.087034
-0.175234
-0.224718
-0.0258337
0.186356
0.186379
-0.00723364
-0.179212
-0.158286
0.017515
0.162977
0.141702
-0.0107844
-0.141278
-0.133589
-0.00804461
0.114006
0.128409
0.034172
-0.0796482
-0.119201
-0.0613875
0.0380321
0.099118
0.0810958
0.00676613
-0.0644454
-0.0835516
-0.0447434
0.0187909
0.0626209
0.0622387
0.0244319
-0.0228046
-0.0502766
-0.046259
-0.0176053
0.0156701
0.035667
0.0352607
0.0172634
-0.00436535
-0.021228
-0.0250672
-0.0172112
-0.00597589
0.00864048
0.0125825
0.0145164
0.00994292
1.93094e-05
100.053
100.024
99.7581
99.9921
100.468
100.02
99.2201
99.9076
101.283
100.319
97.7449
98.9346
104.692
104.58
85.9271
49.9957
14.144
-4.53823
-4.89255
0.927806
2.54748
-0.0386977
-1.60953
-0.353815
1.07183
0.581078
-0.657368
-0.69825
0.28401
0.701971
0.0531274
-0.584864
-0.320093
0.360053
0.468684
-0.0735648
-0.46253
-0.197436
0.303556
0.364779
-0.048495
-0.36561
-0.198347
0.201094
0.323627
0.0467138
-0.264707
-0.242481
0.058307
0.270489
0.163506
-0.116436
-0.249119
-0.104979
0.139392
0.220981
0.0707109
-0.139404
-0.195928
-0.0578405
0.1248
0.176159
0.0612613
-0.0997248
-0.159058
-0.0750506
0.065793
0.139357
0.0921751
-0.0246368
-0.111204
-0.103949
-0.0192924
0.0710453
0.100884
0.056818
-0.0214219
-0.0763456
-0.0752041
-0.0262458
0.0327008
0.0644938
0.0541261
0.0142806
-0.0276284
-0.0488967
-0.0406912
-0.0139598
0.016114
0.0328243
0.0314116
0.0171376
-0.00379148
-0.0163479
-0.0224474
-0.0168841
-0.00546389
0.00157935
0.0129776
0.00955656
99.9708
100.13
99.9942
99.6956
100.026
100.523
99.9839
99.1663
99.9437
101.339
100.286
97.684
98.9611
104.759
104.565
85.8547
49.9952
14.2184
-4.5176
-4.96286
0.884837
2.60523
0.0253568
-1.64486
-0.4327
1.07584
0.662876
-0.625384
-0.766427
0.219201
0.738854
0.137367
-0.577527
-0.400888
0.307204
0.519183
0.00960053
-0.462074
-0.280396
0.249357
0.41161
0.0374893
-0.352238
-0.274366
0.132183
0.347544
0.133343
-0.220705
-0.293062
-0.0263424
0.250069
0.229589
-0.0393072
-0.246185
-0.177974
0.0699742
0.227914
0.144967
-0.0749079
-0.205191
-0.12957
0.0615642
0.180801
0.12701
-0.034966
-0.152947
-0.130374
-0.000787454
0.117894
0.131125
0.0401534
-0.0729956
-0.120084
-0.0741921
0.0202885
0.090378
0.0909078
0.0305442
-0.042616
-0.0799577
-0.0630555
-0.0104471
0.0414941
0.0624064
0.0460039
0.00701641
-0.0296622
-0.0452728
-0.0367722
-0.0109577
0.0137462
0.0295824
0.028383
0.0156316
0.000923379
-0.0148693
-0.0163882
-0.0167563
-0.00838183
0.00255782
99.953
100.002
100.19
99.9581
99.6447
100.066
100.571
99.942
99.1177
99.9852
101.392
100.248
97.6237
98.9913
104.827
104.548
85.7802
49.9946
14.2952
-4.49465
-5.03472
0.837549
2.66232
0.0947256
-1.67632
-0.516132
1.07257
0.746204
-0.583851
-0.831079
0.145258
0.766396
0.226551
-0.556624
-0.478917
0.240928
0.557992
0.0999271
-0.44397
-0.359083
0.178947
0.442201
0.129086
-0.317217
-0.339885
0.0483437
0.348443
0.217157
-0.154713
-0.322178
-0.115683
0.203087
0.276968
0.0485442
-0.213979
-0.234669
-0.0141299
0.203879
0.203853
0.00591212
-0.182235
-0.184738
-0.0170269
0.152437
0.172746
0.041121
-0.114292
-0.160549
-0.0711908
0.067127
0.139741
0.0980305
-0.0133195
-0.103559
-0.110119
-0.0386365
0.051358
0.0969205
0.0739243
0.00676825
-0.0562275
-0.0773024
-0.050185
0.00177806
0.0453674
0.058314
0.0384488
0.00279356
-0.0290922
-0.0412303
-0.032249
-0.0113953
0.0124615
0.0234264
0.0261785
0.0155287
0.00176799
-0.00639499
-0.0172906
-0.010476
100.015
99.8948
100.039
100.236
99.9158
99.6035
100.111
100.611
99.8943
99.0738
100.032
101.443
100.205
97.5638
99.0253
104.897
104.528
85.7031
49.994
14.3747
-4.46926
-5.10815
0.785808
2.71853
0.169397
-1.70347
-0.603747
1.06157
0.830204
-0.532683
-0.890939
0.0628749
0.783354
0.318963
-0.521696
-0.551703
0.162337
0.582835
0.194453
-0.407609
-0.429514
0.0945844
0.453598
0.221367
-0.261029
-0.389623
-0.0455334
0.324412
0.290993
-0.0707876
-0.32539
-0.201208
0.13239
0.298888
0.137611
-0.15423
-0.266384
-0.102443
0.150025
0.237254
0.0913387
-0.128572
-0.212479
-0.0976114
0.0942503
0.187949
0.113338
-0.0494626
-0.157147
-0.128936
-0.00209943
0.114127
0.133153
0.0523495
-0.0575817
-0.11545
-0.0877861
-0.00471822
0.0718576
0.0934298
0.0546137
-0.0121676
-0.0630157
-0.0707662
-0.0385591
0.0101299
0.0456617
0.0527488
0.0328882
1.90302e-05
-0.0257075
-0.0371458
-0.0286215
-0.0107531
0.00690211
0.021455
0.0192126
0.0170511
0.00441359
-0.00586405
100.042
99.9768
99.8513
100.083
100.272
99.8677
99.5713
100.163
100.645
99.8409
99.0344
100.085
101.491
100.157
97.5041
99.0633
104.968
104.506
85.6232
49.9933
14.457
-4.44134
-5.18313
0.729494
2.77359
0.249328
-1.72588
-0.695127
1.04245
0.913971
-0.471909
-0.944753
-0.0270782
0.788636
0.412731
-0.472617
-0.616795
0.0730026
0.591815
0.289883
-0.353144
-0.487867
-0.000615201
0.443743
0.309056
-0.185565
-0.419064
-0.143487
0.275407
0.348066
0.0251092
-0.300469
-0.274226
0.0435995
0.29107
0.217593
-0.072321
-0.267229
-0.183185
0.072042
0.238392
0.168125
-0.0511249
-0.206204
-0.165611
0.0155322
0.167784
0.166431
0.0288989
-0.119156
-0.159764
-0.0736697
0.0592606
0.135221
0.106124
0.00575244
-0.0875751
-0.111723
-0.0603483
0.0233161
0.0819649
0.0839258
0.036182
-0.0254437
-0.0643015
-0.0630125
-0.0284845
0.0141298
0.0440924
0.0466565
0.0282563
0.000512511
-0.0235356
-0.0301011
-0.0273752
-0.010321
0.00431348
0.0129631
0.0208746
0.00970468
99.9968
100.084
99.9326
99.821
100.132
100.296
99.8144
99.5479
100.22
100.672
99.7819
98.9997
100.143
101.537
100.104
97.4447
99.1055
105.041
104.482
85.5406
49.9926
14.5423
-4.41078
-5.25961
0.668489
2.82724
0.334453
-1.74311
-0.789811
1.01486
0.996557
-0.401667
-0.991292
-0.123565
0.781322
0.505858
-0.409611
-0.671825
-0.0250833
0.583482
0.382703
-0.281495
-0.530651
-0.102808
0.411606
0.386824
-0.0940557
-0.424792
-0.238882
0.203341
0.382559
0.125565
-0.247706
-0.326741
-0.0553708
0.252319
0.278615
0.0232323
-0.235045
-0.244897
-0.0204822
0.205059
0.223633
0.0387392
-0.164996
-0.207971
-0.0699277
0.11435
0.188421
0.104546
-0.0534904
-0.155237
-0.130217
-0.0120907
0.102481
0.132863
0.0689538
-0.0338252
-0.102554
-0.0978634
-0.0331788
0.0431656
0.0842151
0.0713716
0.0211857
-0.0335864
-0.061941
-0.0548296
-0.02197
0.0166057
0.0390515
0.0425755
0.0240883
0.00155565
-0.0176552
-0.028241
-0.0202554
-0.0148264
0.0026929
0.0103677
99.9628
100.041
100.11
99.884
99.8033
100.185
100.31
99.7568
99.5333
100.282
100.692
99.7176
98.9699
100.207
101.58
100.046
97.3857
99.152
105.115
104.455
85.4549
49.9919
14.6306
-4.37746
-5.3375
0.602686
2.87917
0.424675
-1.75469
-0.887286
0.978474
1.07697
-0.32222
-1.02936
-0.225384
0.76068
0.596252
-0.333259
-0.714571
-0.12954
0.556891
0.469282
-0.194358
-0.554863
-0.20756
0.35729
0.449574
0.00905403
-0.404766
-0.32483
0.112031
0.390133
0.222277
-0.170018
-0.352273
-0.155016
0.184807
0.312396
0.121668
-0.171866
-0.278027
-0.115249
0.140174
0.247868
0.126894
-0.0940282
-0.215618
-0.146281
0.0365387
0.173233
0.161014
0.0263056
-0.114916
-0.157324
-0.0824226
0.0423786
0.124349
0.11404
0.030542
-0.0623114
-0.105049
-0.0791559
-0.0100454
0.0550952
0.0807377
0.0591057
0.00959389
-0.0363296
-0.058136
-0.0470994
-0.0176453
0.0150001
0.0359157
0.0349151
0.0248763
0.0013944
-0.012559
-0.0203966
-0.0232589
-0.00743762
99.9924
99.9389
100.089
100.122
99.8325
99.798
100.241
100.313
99.6958
99.528
100.347
100.704
99.6484
98.9456
100.276
101.621
99.9817
97.3272
99.203
105.191
104.426
85.3663
49.9912
14.7219
-4.34128
-5.4167
0.531987
2.92906
0.519863
-1.7602
-0.986985
0.933048
1.1542
-0.23396
-1.05783
-0.331172
0.726197
0.681753
-0.244511
-0.743019
-0.237638
0.511676
0.545997
-0.0941855
-0.558155
-0.310019
0.282102
0.492741
0.118289
-0.358544
-0.394662
0.00704901
0.368385
0.306706
-0.0728626
-0.34659
-0.245113
0.094081
0.313325
0.211143
-0.083951
-0.276366
-0.198834
0.051687
0.235246
0.19862
-0.00405976
-0.185364
-0.198512
-0.0513074
0.122305
0.185172
0.102715
-0.0468971
-0.147217
-0.133644
-0.0299557
0.0819074
0.127526
0.0865075
-0.00280601
-0.0791437
-0.0990104
-0.0595594
0.00693133
0.0606764
0.0737493
0.0483047
0.00264248
-0.0367275
-0.0511553
-0.0426027
-0.0138765
0.0115373
0.0294533
0.0328117
0.0184687
0.00933688
-0.0116245
-0.0146521
100.03
99.9452
99.9304
100.138
100.121
99.7799
99.8049
100.298
100.305
99.6326
99.5323
100.417
100.709
99.5748
98.927
100.351
101.658
99.9125
97.2696
99.2586
105.269
104.394
85.2745
49.9904
14.8163
-4.30213
-5.49709
0.456309
2.97656
0.619849
-1.75919
-1.08829
0.878404
1.22718
-0.137423
-1.07564
-0.439412
0.677612
0.760183
-0.144701
-0.755444
-0.346357
0.448104
0.609374
0.0158536
-0.538997
-0.405126
0.188576
0.512618
0.227421
-0.287452
-0.442441
-0.104584
0.317206
0.370837
0.0360867
-0.308327
-0.315781
-0.0113158
0.279362
0.280176
0.018731
-0.238206
-0.258615
-0.0482743
0.185868
0.241124
0.0900845
-0.120985
-0.215499
-0.131973
0.0448737
0.170456
0.158126
0.033517
-0.101232
-0.151918
-0.0953449
0.0167043
0.104798
0.117033
0.057425
-0.0282741
-0.0858482
-0.0881037
-0.0424494
0.0186403
0.0600783
0.066669
0.0384816
-0.000285156
-0.0337987
-0.0459564
-0.0349154
-0.0165009
0.0111968
0.0213691
0.026617
0.0217055
0.00278327
100.017
100.036
99.8985
99.9368
100.186
100.106
99.7283
99.824
100.355
100.286
99.5684
99.5464
100.488
100.705
99.4973
98.9148
100.43
101.691
99.8378
97.2129
99.3189
105.348
104.359
85.1796
49.9895
14.9138
-4.2599
-5.57853
0.375589
3.02133
0.72443
-1.75127
-1.19054
0.814446
1.29487
-0.0332816
-1.08184
-0.548466
0.61494
0.829412
-0.0355218
-0.750484
-0.452486
0.367108
0.656254
0.131984
-0.49681
-0.48789
0.0804023
0.506643
0.329843
-0.194594
-0.463485
-0.214896
0.238953
0.407982
0.147563
-0.239343
-0.358634
-0.120656
0.212553
0.319218
0.123647
-0.166916
-0.284819
-0.145113
0.105906
0.246005
0.172059
-0.0329397
-0.192616
-0.188938
-0.0436416
0.118883
0.179209
0.10736
-0.0300153
-0.131857
-0.135945
-0.0531876
0.0521547
0.112763
0.0992268
0.0309731
-0.0446162
-0.0857121
-0.0750645
-0.0290784
0.0246954
0.0572994
0.0572233
0.0338211
-0.00351063
-0.0273878
-0.0398648
-0.0321524
-0.0118792
0.000523193
0.0219643
0.0175236
99.9786
100.062
100.027
99.855
99.9571
100.231
100.079
99.6797
99.855
100.411
100.256
99.5046
99.5708
100.561
100.692
99.4164
98.9094
100.515
101.719
99.7577
97.1575
99.3841
105.428
104.321
85.0816
49.9887
15.0144
-4.2145
-5.66089
0.289769
3.06303
0.833378
-1.73604
-1.29304
0.741156
1.35623
0.0776649
-1.07564
-0.656604
0.538472
0.887405
0.0810143
-0.727197
-0.552724
0.270272
0.683934
0.249969
-0.432028
-0.553653
-0.0377354
0.473615
0.419003
-0.084721
-0.454789
-0.315569
0.138362
0.413474
0.251557
-0.144675
-0.367798
-0.222201
0.118977
0.322024
0.217343
-0.070689
-0.272184
-0.224048
0.00682073
0.210969
0.227046
0.0634288
-0.132962
-0.210013
-0.124928
0.0408699
0.160367
0.156837
0.0490923
-0.0782345
-0.140516
-0.108235
-0.0149608
0.0750494
0.109629
0.079227
0.00999636
-0.0535806
-0.0801185
-0.0638111
-0.0181713
0.0253796
0.0526263
0.0499979
0.0271715
0.00106978
-0.0266164
-0.0291589
-0.0296228
-0.0147184
0.00457086
99.9771
99.99
100.101
100.003
99.8175
99.9899
100.27
100.039
99.6363
99.8974
100.462
100.214
99.4427
99.6055
100.635
100.671
99.3331
98.9113
100.603
101.744
99.6723
97.1038
99.4542
105.51
104.28
84.9804
49.9878
15.1182
-4.16583
-5.74401
0.198796
3.10131
0.94644
-1.71315
-1.39507
0.658588
1.41025
0.194502
-1.05634
-0.762028
0.448769
0.932266
0.202614
-0.685083
-0.643775
0.15979
0.690271
0.36527
-0.346109
-0.598322
-0.160376
0.413803
0.488801
0.036035
-0.415295
-0.398575
0.022239
0.385155
0.338226
-0.0321554
-0.340634
-0.304493
0.00815955
0.286558
0.287212
0.0384535
-0.220887
-0.272426
-0.0963783
0.140404
0.244484
0.150698
-0.0469058
-0.189971
-0.181724
-0.0470143
0.105134
0.169773
0.116455
-0.00462061
-0.107643
-0.133028
-0.076843
0.0153413
0.0860247
0.10067
0.0595548
-0.0038245
-0.0569454
-0.0724767
-0.0527131
-0.0139045
0.026814
0.0431917
0.0453787
0.023966
6.90946e-06
-0.014189
-0.0315706
-0.0176711
100.01
99.9403
100.015
100.132
99.9677
99.7887
100.034
100.3
99.9895
99.6
99.9504
100.508
100.163
99.3842
99.6507
100.707
100.639
99.2479
98.921
100.696
101.763
99.5816
97.052
99.5293
105.593
104.236
84.876
49.9869
15.2251
-4.11378
-5.82773
0.102627
3.13579
1.06334
-1.68225
-1.49588
0.566875
1.45592
0.316196
-1.02342
-0.862881
0.34667
0.962263
0.326733
-0.624116
-0.722422
0.0384388
0.673775
0.473187
-0.241527
-0.618575
-0.281502
0.329004
0.533963
0.160472
-0.346059
-0.456762
-0.100963
0.323667
0.398784
0.0882037
-0.278146
-0.357602
-0.107863
0.215423
0.323142
0.146133
-0.136735
-0.2817
-0.187368
0.0448749
0.220047
0.212469
0.0497029
-0.131778
-0.201416
-0.125578
0.0255634
0.142515
0.154991
0.0700552
-0.0461835
-0.120366
-0.115491
-0.0479822
0.0363523
0.0883696
0.0879301
0.0448385
-0.0140343
-0.0533604
-0.0658748
-0.0435975
-0.0101462
0.0202132
0.0415205
0.0329406
0.0268648
0.0017415
-0.0136292
100.025
99.9845
99.9143
100.051
100.152
99.9227
99.7708
100.087
100.32
99.9306
99.5728
100.013
100.546
100.101
99.3307
99.7061
100.778
100.598
99.1619
98.9389
100.792
101.776
99.4858
97.0025
99.6095
105.677
104.189
84.7684
49.9859
15.3351
-4.05823
-5.91188
0.00123142
3.16612
1.18374
-1.64303
-1.59467
0.466243
1.49226
0.441585
-0.976513
-0.957268
0.233302
0.975882
0.450602
-0.544785
-0.785625
-0.0904661
0.633712
0.569026
-0.12174
-0.61207
-0.394803
0.222552
0.55041
0.280699
-0.250328
-0.48445
-0.221706
0.232603
0.426366
0.20503
-0.185128
-0.374303
-0.215768
0.11584
0.318979
0.237425
-0.030671
-0.248956
-0.251037
-0.0602841
0.156728
0.236451
0.138275
-0.046388
-0.178913
-0.1771
-0.0601224
0.0810681
0.154638
0.126015
0.0269811
-0.0736833
-0.119762
-0.0948513
-0.0235843
0.0473627
0.0856232
0.074623
0.033033
-0.0163512
-0.0514718
-0.0535393
-0.0413076
-0.00698237
0.0160326
0.028967
0.0366447
0.0135408
100.001
100.048
99.9491
99.9016
100.095
100.159
99.8712
99.7658
100.146
100.329
99.8646
99.5566
100.084
100.576
100.029
99.2836
99.7715
100.845
100.547
99.0759
98.9655
100.891
101.783
99.385
96.9556
99.695
105.762
104.139
84.6576
49.9849
15.4483
-3.99908
-5.99628
-0.1054
3.19191
1.30731
-1.59521
-1.69061
0.35702
1.51835
0.569388
-0.915439
-1.04329
0.110094
0.971889
0.571291
-0.448132
-0.830643
-0.22314
0.570204
0.648311
0.00888165
-0.577651
-0.494003
0.0992555
0.535631
0.388637
-0.133481
-0.478008
-0.33009
0.118407
0.416856
0.30666
-0.0699345
-0.351136
-0.302488
-0.000937833
0.27368
0.298981
0.0825129
-0.177813
-0.276119
-0.157347
0.0648031
0.217148
0.201076
0.0490997
-0.118341
-0.189487
-0.131671
0.000229926
0.115417
0.147973
0.0915787
-0.00699422
-0.0886279
-0.110567
-0.074448
-0.0068319
0.0532059
0.0764422
0.0654269
0.023061
-0.0155289
-0.0432973
-0.050027
-0.0290008
-0.0156942
0.0161346
0.0219574
99.9775
100.036
100.056
99.9085
99.9037
100.142
100.151
99.8167
99.7751
100.208
100.323
99.7938
99.5527
100.161
100.595
99.9499
99.2445
99.8464
100.907
100.486
98.9908
99.0009
100.993
101.784
99.2795
96.9117
99.7856
105.848
104.085
84.5437
49.9838
15.5647
-3.93625
-6.08074
-0.217258
3.21282
1.43363
-1.53857
-1.78288
0.239632
1.53335
0.698231
-0.840242
-1.11912
-0.0212574
0.949383
0.685791
-0.335749
-0.855158
-0.355458
0.484281
0.707015
0.145226
-0.5155
-0.573247
-0.0348208
0.488961
0.476605
-0.00274081
-0.436305
-0.416741
-0.0100477
0.369495
0.382397
0.0562464
-0.289083
-0.356933
-0.120904
0.191797
0.321175
0.18632
-0.078215
-0.257438
-0.22939
-0.0397367
0.15736
0.225138
0.134961
-0.0325535
-0.159509
-0.172072
-0.079808
0.0475958
0.130156
0.129757
0.0593486
-0.0317109
-0.0916895
-0.0991893
-0.0553273
0.00299222
0.0524851
0.0694439
0.0516992
0.0235624
-0.0182533
-0.0329559
-0.0405051
-0.0324823
-0.00370629
99.9881
99.9728
100.073
100.047
99.8675
99.9213
100.189
100.128
99.7626
99.7992
100.272
100.303
99.7208
99.5625
100.242
100.602
99.8636
99.2148
99.9301
100.963
100.416
98.9077
99.0456
101.096
101.778
99.1693
96.8712
99.8816
105.934
104.027
84.4265
49.9828
15.6842
-3.86962
-6.16508
-0.334331
3.22849
1.56232
-1.47292
-1.87063
0.114592
1.53648
0.826668
-0.751167
-1.18298
-0.158817
0.907827
0.791102
-0.209738
-0.85737
-0.483103
0.377867
0.741758
0.281671
-0.427174
-0.627458
-0.172688
0.411707
0.537905
0.13331
-0.360916
-0.473664
-0.142209
0.287109
0.423711
0.180564
-0.193634
-0.3715
-0.229104
0.0830299
0.299713
0.265128
0.0350375
-0.197025
-0.26348
-0.138152
0.0677946
0.205226
0.193161
0.0598712
-0.0938646
-0.171875
-0.138909
-0.0312771
0.0783412
0.130941
0.106089
0.0331106
-0.0461393
-0.0895082
-0.0835825
-0.0446461
0.0120068
0.0453795
0.0611927
0.0460659
0.0145029
-0.00440063
-0.0357694
-0.0266442
100.015
99.9535
99.9846
100.108
100.024
99.8308
99.9537
100.23
100.09
99.7129
99.8382
100.332
100.268
99.6483
99.5866
100.326
100.596
99.7719
99.1958
100.022
101.013
100.336
98.8277
99.0997
101.201
101.764
99.0549
96.8344
99.9829
106.02
103.966
84.3061
49.9816
15.8068
-3.79911
-6.24912
-0.456601
3.23856
1.69294
-1.39812
-1.95302
-0.0175091
1.52705
0.953195
-0.648656
-1.23323
-0.300448
0.847047
0.884292
-0.0726624
-0.836045
-0.601698
0.253723
0.749954
0.412308
-0.315564
-0.652621
-0.306802
0.307119
0.567294
0.265311
-0.256076
-0.494958
-0.266732
0.175939
0.425169
0.289845
-0.0742751
-0.343095
-0.311541
-0.0389733
0.236369
0.306582
0.144589
-0.103921
-0.252989
-0.212466
-0.0349151
0.144917
0.21122
0.13889
-0.00773569
-0.131109
-0.162588
-0.100672
0.0074712
0.0949063
0.121018
0.0847519
0.0115963
-0.0503697
-0.0837264
-0.0710424
-0.0323603
0.00792195
0.0463789
0.0451659
0.0430313
0.0165076
-0.0107952
100.019
100.001
99.9245
100.011
100.134
99.9865
99.8028
99.9994
100.263
100.039
99.671
99.8913
100.386
100.219
99.5792
99.6255
100.41
100.576
99.6765
99.1887
100.121
101.053
100.246
98.7517
99.1634
101.306
101.743
98.9364
96.8017
100.089
106.107
103.901
84.1826
49.9805
15.9325
-3.7246
-6.33266
-0.584045
3.24268
1.82504
-1.31404
-2.0292
-0.155996
1.50446
1.07624
-0.533354
-1.26833
-0.443819
0.767256
0.962547
0.0724792
-0.790571
-0.706917
0.115407
0.729932
0.531163
-0.18483
-0.646023
-0.429433
0.180293
0.561369
0.383712
-0.128487
-0.477358
-0.372401
0.0452197
0.385076
0.371938
0.0563925
-0.273644
-0.356941
-0.158261
0.138923
0.303499
0.233115
0.00711778
-0.198847
-0.24874
-0.131138
0.0558685
0.185066
0.187057
0.0788288
-0.059407
-0.145659
-0.141884
-0.0633361
0.0330018
0.100768
0.106736
0.0644235
0.00151835
-0.0545842
-0.0696082
-0.0641242
-0.0249556
0.00981892
0.0297876
0.0498372
0.0238315
99.996
100.044
99.9743
99.9061
100.049
100.149
99.9388
99.7873
100.056
100.284
99.9761
99.6405
99.9569
100.431
100.155
99.5163
99.6791
100.492
100.541
99.5794
99.1945
100.225
101.084
100.148
98.6809
99.2367
101.411
101.714
98.8141
96.7734
100.201
106.194
103.832
84.0558
49.9793
16.0614
-3.64597
-6.41548
-0.716618
3.24049
1.95812
-1.22063
-2.0983
-0.300089
1.46819
1.19419
-0.406132
-1.28691
-0.586419
0.669087
1.02324
0.222284
-0.721032
-0.794621
-0.0327826
0.681072
0.632434
-0.0403132
-0.606478
-0.533066
0.038004
0.518918
0.479424
0.0130078
-0.420674
-0.449095
-0.0934726
0.305881
0.417033
0.183869
-0.17017
-0.358315
-0.258558
0.0203789
0.25523
0.285977
0.117838
-0.109826
-0.239681
-0.201956
-0.0441622
0.120266
0.193193
0.145845
0.025341
-0.0928731
-0.143831
-0.115367
-0.0348344
0.0507473
0.094611
0.0947402
0.0471489
-0.00512826
-0.0469203
-0.0670211
-0.0449282
-0.0307939
0.0109111
0.0263325
99.9804
100.023
100.056
99.9382
99.902
100.094
100.149
99.8846
99.7873
100.119
100.289
99.9051
99.6241
100.033
100.464
100.08
99.4627
99.7468
100.568
100.492
99.4826
99.2141
100.334
101.104
100.042
98.6164
99.3196
101.515
101.676
98.6885
96.7499
100.319
106.28
103.759
83.9258
49.978
16.1935
-3.56312
-6.49737
-0.854251
3.23164
2.09165
-1.11787
-2.15946
-0.448904
1.41786
1.30537
-0.268098
-1.28779
-0.725597
0.55363
1.06402
0.373009
-0.628273
-0.86103
-0.18591
0.603935
0.710786
0.111637
-0.534537
-0.610885
-0.111592
0.44119
0.544544
0.157972
-0.328061
-0.48882
-0.227185
0.194239
0.418949
0.293344
-0.0442913
-0.314186
-0.32557
-0.102581
0.168159
0.29386
0.209452
-0.00145283
-0.186313
-0.233265
-0.134413
0.0308399
0.155727
0.177946
0.101166
-0.0174723
-0.107647
-0.133737
-0.0882963
-0.0139867
0.0561215
0.0899921
0.0747907
0.0432394
-0.0127883
-0.038455
-0.0521187
-0.0494593
-0.0108986
99.9927
99.9719
100.056
100.052
99.8988
99.9144
100.141
100.132
99.8287
99.8046
100.184
100.277
99.8295
99.6243
100.116
100.482
99.9935
99.4209
99.8275
100.637
100.428
99.3882
99.2479
100.446
101.113
99.9286
98.5591
99.412
101.617
101.629
98.5598
96.7317
100.441
106.366
103.682
83.7926
49.9767
16.3286
-3.47596
-6.57811
-0.996854
3.21579
2.22508
-1.00582
-2.21184
-0.60147
1.35323
1.40814
-0.120587
-1.27004
-0.858628
0.422428
1.08293
0.520679
-0.51393
-0.902913
-0.338577
0.500326
0.761673
0.263953
-0.432587
-0.657274
-0.259444
0.331983
0.573095
0.295171
-0.205957
-0.486658
-0.342865
0.0605455
0.37612
0.371551
0.0890555
-0.229153
-0.349259
-0.211989
0.0549921
0.254813
0.265936
0.106839
-0.0983686
-0.218912
-0.195606
-0.0639649
0.0841417
0.167448
0.149184
0.0607995
-0.0455943
-0.112201
-0.1145
-0.0704101
0.00389584
0.0527956
0.0796073
0.0669701
0.0261881
0.00181697
-0.0431098
-0.0363073
100.014
99.9623
99.9802
100.088
100.032
99.8622
99.9436
100.184
100.098
99.7765
99.8397
100.248
100.247
99.7534
99.6426
100.203
100.483
99.8995
99.3934
99.9198
100.696
100.35
99.2985
99.2964
100.559
101.108
99.8088
98.5103
99.5137
101.717
101.574
98.4286
96.719
100.569
106.452
103.601
83.6563
49.9753
16.4668
-3.3844
-6.65748
-1.14434
3.19264
2.35784
-0.88461
-2.25466
-0.756747
1.2742
1.50088
0.0348675
-1.23303
-0.982786
0.277444
1.07848
0.661221
-0.38039
-0.917739
-0.485151
0.373254
0.781613
0.409223
-0.304775
-0.668246
-0.39621
0.197464
0.5616
0.413534
-0.0636284
-0.441393
-0.428752
-0.0820915
0.291983
0.408514
0.213534
-0.113499
-0.325468
-0.291497
-0.0671221
0.174795
0.277067
0.195604
0.00717845
-0.161659
-0.215083
-0.143447
-0.00390628
0.116589
0.159427
0.119688
0.0255078
-0.0586566
-0.108469
-0.098025
-0.0493351
0.00323234
0.0577994
0.0600147
0.0595746
0.0274994
-0.0113297
100.015
100.004
99.9359
100.004
100.114
99.9969
99.8345
99.9879
100.218
100.047
99.7332
99.8919
100.305
100.199
99.6813
99.6798
100.291
100.466
99.8006
99.3823
100.022
100.742
100.259
99.2158
99.3595
100.672
101.091
99.6838
98.4708
99.6244
101.813
101.509
98.2951
96.7123
100.703
106.537
103.515
83.5167
49.9739
16.6082
-3.28833
-6.73528
-1.2966
3.16189
2.48935
-0.754381
-2.28714
-0.913639
1.1808
1.58202
0.196566
-1.17638
-1.09538
0.121016
1.04963
0.790567
-0.230726
-0.903769
-0.619968
0.226826
0.76836
0.54005
-0.156827
-0.641717
-0.512858
0.0457998
0.509408
0.503054
0.0875717
-0.355712
-0.475596
-0.219176
0.174681
0.398845
0.313475
0.0181079
-0.256578
-0.328982
-0.179154
0.0664814
0.240622
0.248714
0.109787
-0.0726406
-0.189846
-0.189331
-0.0885394
0.0388642
0.130856
0.14257
0.0886741
0.00639222
-0.0699824
-0.0920845
-0.0871051
-0.0366096
0.0107655
0.0376855
0.0669503
0.0333915
99.9964
100.037
99.9787
99.92
100.041
100.127
99.9501
99.8207
100.044
100.237
99.9841
99.7035
99.9589
100.35
100.134
99.6177
99.7356
100.374
100.429
99.7003
99.3892
100.13
100.773
100.156
99.1423
99.4372
100.782
101.059
99.5546
98.4417
99.7437
101.904
101.435
98.1599
96.7119
100.841
106.62
103.425
83.3739
49.9725
16.7527
-3.18762
-6.81129
-1.45355
3.1232
2.61903
-0.615334
-2.30852
-1.07098
1.07319
1.65004
0.362635
-1.1
-1.19379
-0.0441597
0.995896
0.904726
-0.0686489
-0.860122
-0.737505
0.0661429
0.72104
0.649382
0.00417773
-0.577688
-0.6012
-0.113304
0.418841
0.555575
0.235055
-0.236099
-0.477604
-0.33623
0.0363048
0.342524
0.375723
0.14851
-0.151458
-0.31825
-0.263189
-0.0526858
0.163021
0.255821
0.190018
0.0296972
-0.125805
-0.190981
-0.151558
-0.0439081
0.0692887
0.126596
0.125866
0.061974
-0.00786385
-0.0632749
-0.09012
-0.0601603
-0.0412823
0.0147226
0.0356312
99.9833
100.021
100.046
99.9449
99.9193
100.084
100.123
99.897
99.8247
100.107
100.238
99.9122
99.6915
100.037
100.378
100.054
99.5671
99.8088
100.45
100.373
99.6021
99.4153
100.244
100.788
100.043
99.0801
99.5288
100.887
101.013
99.4225
98.4238
99.8711
101.991
101.351
98.0235
96.7181
100.985
106.703
103.331
83.2279
49.971
16.9004
-3.08217
-6.88525
-1.61507
3.07628
2.74623
-0.46773
-2.31808
-1.22751
0.951673
1.70346
0.53102
-1.0041
-1.27549
-0.215037
0.91733
0.999884
0.101533
-0.786874
-0.832567
-0.102811
0.640279
0.730844
0.170061
-0.478379
-0.654435
-0.269121
0.29522
0.565524
0.365963
-0.0925078
-0.433157
-0.420298
-0.108154
0.245143
0.391418
0.260197
-0.0246356
-0.259982
-0.305646
-0.162615
0.0578544
0.215109
0.232888
0.122983
-0.0357213
-0.15007
-0.177465
-0.110745
-0.0103021
0.0813798
0.12214
0.0978119
0.0534631
-0.0221215
-0.0543795
-0.0713713
-0.0651977
-0.0127283
99.9924
99.9784
100.05
100.039
99.909
99.9363
100.127
100.1
99.8442
99.8486
100.17
100.219
99.8371
99.7002
100.122
100.388
99.9631
99.5332
99.8971
100.512
100.299
99.5101
99.461
100.358
100.785
99.9215
99.0314
99.6336
100.987
100.952
99.2889
98.418
100.006
102.071
101.258
97.8863
96.7314
101.134
106.784
103.232
83.0787
49.9694
17.0512
-2.97185
-6.95691
-1.78098
3.02083
2.87027
-0.311908
-2.31514
-1.38192
0.816743
1.74091
0.699496
-0.889261
-1.33811
-0.388244
0.814638
1.07253
0.274985
-0.685154
-0.90053
-0.273339
0.528329
0.779142
0.331905
-0.348297
-0.667727
-0.410584
0.146693
0.530588
0.46828
0.0623344
-0.345291
-0.461483
-0.242287
0.117484
0.357604
0.337475
0.105799
-0.162312
-0.299571
-0.243851
-0.0567645
0.135127
0.229357
0.187822
0.0610483
-0.0787689
-0.157647
-0.149118
-0.0825749
0.0185191
0.0793056
0.109514
0.0855807
0.0285301
-0.00472267
-0.0634356
-0.0494388
100.011
99.9661
99.9904
100.078
100.014
99.8784
99.9706
100.164
100.059
99.7985
99.8922
100.228
100.178
99.7648
99.731
100.209
100.375
99.8659
99.5195
99.9973
100.559
100.208
99.428
99.5261
100.47
100.763
99.7944
98.9979
99.7505
101.078
100.876
99.1553
98.4251
100.148
102.144
101.155
97.749
96.7519
101.288
106.864
103.128
82.9263
49.9678
17.2051
-2.85657
-7.02602
-1.95113
2.95659
2.99048
-0.148289
-2.29907
-1.53282
0.669076
1.76114
0.86571
-0.756438
-1.37958
-0.560161
0.689203
1.11962
0.446495
-0.557197
-0.937605
-0.438308
0.389076
0.790458
0.480558
-0.194113
-0.638712
-0.527133
-0.0162362
0.452183
0.532029
0.214083
-0.22176
-0.454221
-0.350321
-0.0254564
0.27796
0.368825
0.22107
-0.0404403
-0.245319
-0.282328
-0.160193
0.0323992
0.178877
0.213094
0.140254
0.00753645
-0.098758
-0.152102
-0.123449
-0.0511781
0.0206451
0.0879349
0.0822552
0.0768132
0.0269319
-0.0219333
100.014
99.9968
99.946
100.017
100.095
99.9758
99.8602
100.019
100.187
100.003
99.7664
99.9533
100.274
100.117
99.7018
99.7838
100.291
100.339
99.7674
99.5282
100.106
100.587
100.103
99.3594
99.6098
100.577
100.721
99.6643
98.9813
99.878
101.159
100.785
99.0233
98.4457
100.296
102.21
101.042
97.6121
96.7802
101.446
106.941
103.019
82.7706
49.966
17.3621
-2.73624
-7.09233
-2.12532
2.88334
3.10617
0.0226501
-2.26935
-1.6788
0.509521
1.76311
1.02723
-0.606949
-1.39812
-0.727026
0.543067
1.13872
0.61066
-0.406298
-0.941067
-0.590495
0.227921
0.762765
0.607223
-0.0243204
-0.567805
-0.609609
-0.181468
0.33549
0.550399
0.348181
-0.0743892
-0.398107
-0.419287
-0.166053
0.162157
0.349365
0.304098
0.0862181
-0.150965
-0.272586
-0.231978
-0.0742513
0.0931919
0.194626
0.182192
0.0922906
-0.0226354
-0.114267
-0.127744
-0.107387
-0.0297378
0.0301177
0.0632953
0.0917655
0.0391922
100
100.03
99.9707
99.9391
100.054
100.097
99.9286
99.8599
100.077
100.191
99.9357
99.7536
100.028
100.302
100.04
99.6541
99.8566
100.362
100.28
99.6731
99.5607
100.217
100.592
99.9874
99.308
99.7107
100.674
100.659
99.5338
98.983
100.014
101.228
100.681
98.8945
98.4804
100.449
102.266
100.92
97.4761
96.8165
101.61
107.017
102.906
82.6118
49.9643
17.5222
-2.61074
-7.15562
-2.30337
2.80084
3.21667
0.200386
-2.2255
-1.81846
0.339071
1.74592
1.18161
-0.442442
-1.39234
-0.885022
0.378877
1.12806
0.762071
-0.236705
-0.909387
-0.722912
0.0515351
0.695986
0.703986
0.151277
-0.458255
-0.650994
-0.336254
0.189076
0.520551
0.451229
0.0822646
-0.298298
-0.440457
-0.286531
0.0247043
0.281909
0.341571
0.198447
-0.0327979
-0.216592
-0.258133
-0.166103
-0.00608964
0.133295
0.18234
0.153268
0.0499266
-0.0416924
-0.106471
-0.122223
-0.069254
-0.0375858
0.0407268
0.0552365
99.9867
100.025
100.03
99.9394
99.9496
100.093
100.079
99.8803
99.8805
100.136
100.172
99.8653
99.7637
100.109
100.307
99.9518
99.627
99.9458
100.416
100.201
99.5889
99.617
100.327
100.574
99.8643
99.2765
99.8264
100.759
100.577
99.4061
99.004
100.158
101.283
100.563
98.7705
98.5297
100.606
102.313
100.788
97.3418
96.8611
101.778
107.09
102.787
82.4496
49.9625
17.6855
-2.47995
-7.21563
-2.48509
2.70888
3.32127
0.384351
-2.16712
-1.95037
0.158862
1.70884
1.32635
-0.264876
-1.3612
-1.03033
0.199843
1.08661
0.895447
-0.0535173
-0.842307
-0.829082
-0.132393
0.592054
0.764252
0.322113
-0.316046
-0.646915
-0.468198
0.0243659
0.443882
0.512354
0.232328
-0.165193
-0.410123
-0.371761
-0.116006
0.175537
0.327169
0.279348
0.087522
-0.12217
-0.236777
-0.223178
-0.0986454
0.0414526
0.147165
0.168421
0.11061
0.0365228
-0.0634926
-0.0890969
-0.101282
-0.071674
-0.000653617
99.9898
99.9904
100.05
100.012
99.9116
99.9781
100.126
100.043
99.8392
99.922
100.188
100.131
99.7992
99.7985
100.189
100.287
99.8582
99.6245
100.047
100.45
100.104
99.5202
99.6959
100.429
100.531
99.7385
99.2676
99.9542
100.828
100.477
99.2844
99.045
100.306
101.322
100.432
98.6532
98.5938
100.767
102.35
100.647
97.2097
96.9143
101.95
107.16
102.663
82.2842
49.9606
17.852
-2.34374
-7.27207
-2.67027
2.60723
3.41925
0.573906
-2.09383
-2.07304
-0.0298063
1.65134
1.45894
-0.0765413
-1.30409
-1.15918
0.00972739
1.01412
1.00577
0.137408
-0.740928
-0.903312
-0.315398
0.454928
0.783183
0.47738
-0.149655
-0.5961
-0.566201
-0.145053
0.325973
0.524605
0.35974
-0.013039
-0.330799
-0.410771
-0.240073
0.0440156
0.264231
0.314408
0.190164
-0.00609845
-0.174828
-0.230051
-0.17137
-0.052884
0.0806664
0.136895
0.14972
0.0865791
0.00589531
-0.0395709
-0.10418
-0.0631935
100.005
99.9695
100.01
100.066
99.9801
99.8956
100.021
100.145
99.9901
99.8134
99.9813
100.226
100.069
99.7457
99.8568
100.262
100.24
99.767
99.6488
100.152
100.458
99.9931
99.4721
99.7949
100.519
100.464
99.6149
99.2828
100.091
100.878
100.36
99.1717
99.1064
100.457
101.344
100.289
98.5441
98.6729
100.929
102.375
100.497
97.0805
96.9765
102.127
107.227
102.534
82.1155
49.9586
18.0217
-2.20198
-7.32466
-2.85867
2.4957
3.50986
0.768328
-2.00538
-2.185
-0.225448
1.57308
1.57689
0.119934
-1.22086
-1.26793
-0.187183
0.911248
1.08847
0.329577
-0.607807
-0.941003
-0.488576
0.290565
0.758129
0.606657
0.0303844
-0.50082
-0.621284
-0.30465
0.176585
0.485737
0.449988
0.141719
-0.212016
-0.39711
-0.330693
-0.0936125
0.163311
0.295653
0.260847
0.105726
-0.0804953
-0.188998
-0.209766
-0.122898
-0.0109698
0.0829115
0.143744
0.105645
0.0818484
-0.00503488
-0.0516683
100.013
99.9854
99.961
100.04
100.068
99.9394
99.8979
100.073
100.143
99.9283
99.8091
100.052
100.241
99.9915
99.7121
99.935
100.318
100.17
99.6859
99.7004
100.256
100.438
99.8754
99.4488
99.9103
100.592
100.373
99.4985
99.3231
100.232
100.906
100.228
99.0713
99.188
100.607
101.348
100.136
98.4449
98.7671
101.093
102.388
100.339
96.9548
97.0478
102.308
107.292
102.399
81.9435
49.9566
18.1945
-2.05455
-7.3731
-3.04999
2.37414
3.59233
0.966808
-1.9016
-2.28477
-0.426397
1.47402
1.67777
0.321601
-1.11192
-1.35319
-0.386153
0.779607
1.13964
0.516074
-0.446988
-0.938974
-0.643047
0.106788
0.688937
0.700725
0.212029
-0.366937
-0.627513
-0.440364
0.00933132
0.398174
0.492756
0.281146
-0.0682807
-0.330935
-0.376631
-0.214462
0.0375621
0.228696
0.286454
0.190752
0.0323156
-0.118302
-0.195486
-0.163755
-0.0988549
0.023839
0.0830139
0.114024
0.114025
0.0281383
100.006
100.017
99.9597
99.9694
100.073
100.05
99.8988
99.9214
100.123
100.118
99.8661
99.83
100.127
100.231
99.9061
99.7042
100.027
100.351
100.079
99.6224
99.7774
100.35
100.389
99.7571
99.4531
100.037
100.642
100.263
99.3944
99.3887
100.373
100.911
100.083
98.9862
99.2892
100.755
101.333
99.9743
98.3575
98.8763
101.256
102.389
100.172
96.8335
97.1285
102.493
107.353
102.259
81.7683
49.9544
18.3705
-1.90135
-7.41712
-3.24396
2.24244
3.66593
1.16847
-1.78247
-2.3709
-0.630837
1.3544
1.75932
0.525256
-0.978253
-1.41199
-0.582135
0.621791
1.15627
0.68983
-0.263898
-0.895751
-0.770461
-0.0870745
0.578116
0.752401
0.382415
-0.203392
-0.583117
-0.539513
-0.160037
0.269439
0.483309
0.387428
0.0841454
-0.222069
-0.370235
-0.299964
-0.0950168
0.129746
0.256273
0.241066
0.133939
-0.0307972
-0.129668
-0.17925
-0.142093
-0.0476724
0.00589413
0.104222
0.0830282
99.9924
100.028
100.004
99.9374
99.9951
100.098
100.014
99.868
99.9652
100.163
100.071
99.8132
99.8763
100.195
100.193
99.8216
99.7252
100.125
100.356
99.9745
99.5832
99.8759
100.428
100.314
99.6452
99.4867
100.17
100.666
100.135
99.3074
99.4785
100.511
100.891
99.9297
98.9192
99.409
100.897
101.297
99.8054
98.2835
99.0001
101.418
102.376
99.9969
96.7171
97.219
102.682
107.41
102.113
81.5896
49.9522
18.5497
-1.74227
-7.45643
-3.44028
2.10051
3.72994
1.37241
-1.64805
-2.44205
-0.836841
1.21474
1.81946
0.727516
-0.821389
-1.44182
-0.769925
0.441305
1.13639
0.843922
-0.0651287
-0.811751
-0.863423
-0.280805
0.430927
0.756955
0.529027
-0.0217278
-0.490828
-0.591796
-0.315925
0.112829
0.421319
0.447595
0.226907
-0.0870724
-0.308792
-0.341856
-0.207995
0.0123673
0.177242
0.252324
0.193672
0.0700969
-0.0467794
-0.152937
-0.136317
-0.124089
-0.037394
0.0414684
99.988
100.007
100.041
99.9769
99.9277
100.034
100.107
99.9645
99.8554
100.024
100.184
100.005
99.7788
99.9445
100.248
100.129
99.748
99.7756
100.22
100.33
99.8643
99.5731
99.99
100.482
100.214
99.5469
99.5495
100.301
100.661
99.9947
99.2419
99.5908
100.639
100.845
99.7703
98.873
99.546
101.029
101.241
99.6314
98.2244
99.1382
101.576
102.349
99.8148
96.6065
97.3193
102.875
107.463
101.961
81.4077
49.9499
18.7321
-1.57718
-7.49076
-3.63866
1.94826
3.78363
1.57766
-1.4985
-2.49688
-1.04238
1.0558
1.8563
0.924859
-0.643393
-1.44069
-0.944289
0.242497
1.0791
0.971855
0.141752
-0.689247
-0.915947
-0.463789
0.255175
0.712354
0.640947
0.164143
-0.356887
-0.591447
-0.44321
-0.054839
0.311225
0.456373
0.338715
0.058557
-0.202711
-0.334819
-0.278464
-0.111673
0.0767804
0.210373
0.210227
0.160838
0.0230594
-0.0693304
-0.118715
-0.152527
-0.05728
99.997
99.9798
100.031
100.039
99.9434
99.9367
100.077
100.094
99.9106
99.8669
100.089
100.179
99.9294
99.7703
100.028
100.276
100.045
99.6944
99.8526
100.301
100.274
99.7574
99.5951
100.112
100.507
100.095
99.4691
99.64
100.425
100.626
99.8475
99.2019
99.7228
100.754
100.774
99.6092
98.8497
99.6982
101.151
101.163
99.4542
98.1816
99.29
101.73
102.308
99.6258
96.5024
97.4298
103.07
107.512
101.804
81.2223
49.9475
18.9178
-1.40593
-7.51979
-3.83878
1.78561
3.82625
1.78321
-1.33407
-2.53415
-1.24532
0.878627
1.8682
1.11364
-0.446846
-1.40722
-1.10004
0.0304866
0.984705
1.06777
0.348394
-0.5323
-0.923941
-0.625285
0.0605284
0.61999
0.709131
0.339301
-0.190822
-0.538436
-0.527195
-0.217583
0.166037
0.411966
0.403074
0.198924
-0.074453
-0.27146
-0.303791
-0.214778
-0.0252357
0.114801
0.201385
0.195226
0.0910011
0.0317931
-0.0978207
-0.100147
100.009
99.9761
99.9881
100.056
100.019
99.9137
99.9661
100.114
100.059
99.8628
99.9039
100.15
100.147
99.8544
99.7919
100.116
100.274
99.9473
99.6685
99.9503
100.361
100.189
99.6632
99.6497
100.234
100.499
99.9633
99.4176
99.7546
100.535
100.561
99.6993
99.1903
99.8707
100.85
100.677
99.4505
98.8512
99.8632
101.258
101.065
99.2763
98.1566
99.4546
101.878
102.251
99.4306
96.4054
97.5506
103.269
107.557
101.64
81.0336
49.9451
19.1067
-1.22836
-7.54318
-4.04028
1.61253
3.85706
1.98795
-1.15515
-2.55263
-1.44339
0.68455
1.85376
1.29013
-0.234873
-1.34071
-1.23215
-0.188927
0.854841
1.12663
0.546061
-0.346906
-0.885362
-0.755154
-0.141896
0.485085
0.726513
0.490217
-0.00685315
-0.43623
-0.55798
-0.359613
0.00548734
0.314387
0.416932
0.309055
0.0592651
-0.15984
-0.289424
-0.262662
-0.130372
0.00670035
0.157625
0.164669
0.16509
0.0821779
-0.0287168
100.011
99.998
99.9602
100.012
100.07
99.9836
99.8978
100.012
100.136
100.005
99.8319
99.9631
100.195
100.088
99.7916
99.8434
100.198
100.239
99.8476
99.6757
100.06
100.391
100.082
99.5907
99.7346
100.346
100.458
99.8265
99.3973
99.8884
100.623
100.467
99.5565
99.2091
100.03
100.924
100.556
99.2986
98.8786
100.038
101.347
100.947
99.1001
98.1505
99.6311
102.018
102.179
99.23
96.3165
97.6818
103.47
107.597
101.47
80.8413
49.9425
19.299
-1.04434
-7.5606
-4.24278
1.42901
3.87531
2.19071
-0.962245
-2.5512
-1.63422
0.475245
1.81191
1.45058
-0.0111574
-1.24119
-1.33594
-0.409322
0.692499
1.14451
0.726003
-0.141008
-0.800195
-0.845084
-0.339247
0.315436
0.690069
0.604732
0.177683
-0.290965
-0.534605
-0.46162
-0.154297
0.175835
0.381491
0.365128
0.190748
-0.0340503
-0.22388
-0.255729
-0.22262
-0.071326
0.0545221
0.121893
0.190644
0.0872124
100.001
100.021
99.9756
99.9583
100.045
100.066
99.9403
99.9033
100.066
100.133
99.9398
99.8265
100.037
100.215
100.009
99.7516
99.9207
100.263
100.174
99.7573
99.7175
100.172
100.386
99.9615
99.5476
99.8449
100.439
100.383
99.6934
99.4111
100.035
100.685
100.347
99.4256
99.2593
100.196
100.973
100.415
99.1578
98.9327
100.22
101.417
100.809
98.928
98.1644
99.8184
102.149
102.092
99.0247
96.2363
97.8237
103.674
107.631
101.293
80.6456
49.9397
19.4945
-0.853737
-7.5717
-4.44586
1.23512
3.88028
2.39025
-0.756052
-2.52891
-1.81539
0.252708
1.74198
1.59133
0.220119
-1.10955
-1.40735
-0.623778
0.501906
1.11915
0.879528
0.0762561
-0.671202
-0.888745
-0.517977
0.120732
0.602623
0.670604
0.347949
-0.116629
-0.459449
-0.508201
-0.300735
0.0232371
0.290676
0.368505
0.295524
0.0796206
-0.102234
-0.225254
-0.249684
-0.134542
-0.0693654
0.0921012
0.118111
99.9912
100.021
100.015
99.9508
99.9749
100.076
100.042
99.9005
99.933
100.117
100.103
99.8765
99.8508
100.113
100.203
99.9206
99.7426
100.015
100.3
100.082
99.6875
99.7919
100.273
100.345
99.8369
99.5394
99.9734
100.506
100.279
99.5729
99.4601
100.187
100.715
100.206
99.313
99.3405
100.362
100.992
100.255
99.0326
99.0135
100.405
101.465
100.653
98.7627
98.1992
100.015
102.27
101.988
98.8156
96.1657
97.9763
103.88
107.66
101.11
80.4464
49.9369
19.6934
-0.656437
-7.57616
-4.64909
1.03094
3.8713
2.58529
-0.537386
-2.48494
-1.98444
0.0192205
1.64376
1.70886
0.454428
-0.947594
-1.44293
-0.82529
0.288616
1.04996
0.998537
0.295145
-0.504508
-0.881147
-0.666733
-0.0853556
0.469718
0.679788
0.491256
0.0652951
-0.33321
-0.500372
-0.410664
-0.1246
0.151195
0.333753
0.334668
0.18912
0.0292564
-0.167664
-0.1966
-0.208346
-0.126624
0.0176728
99.9907
99.9998
100.037
99.9935
99.9347
100.008
100.095
99.9984
99.8758
99.9838
100.152
100.048
99.8273
99.9041
100.18
100.159
99.8358
99.7686
100.115
100.302
99.9746
99.648
99.8931
100.354
100.269
99.7196
99.5691
100.111
100.539
100.15
99.4736
99.5432
100.335
100.711
100.048
99.2248
99.451
100.523
100.98
100.081
98.9272
99.1206
100.59
101.489
100.48
98.6069
98.2555
100.22
102.378
101.868
98.6035
96.1054
98.1396
104.088
107.683
100.921
80.2437
49.9339
19.8956
-0.452292
-7.57365
-4.85205
0.816595
3.84771
2.77454
-0.307194
-2.41861
-2.13898
-0.22266
1.51745
1.79995
0.686935
-0.758015
-1.44001
-1.0071
0.0596083
0.937625
1.07677
0.504607
-0.3079
-0.820531
-0.776149
-0.28601
0.297202
0.634242
0.590053
0.239214
-0.167665
-0.444585
-0.458334
-0.265591
0.00254843
0.249914
0.309115
0.28687
0.115347
-0.0461726
-0.132041
-0.23429
-0.117881
99.9995
99.9804
100.021
100.04
99.9619
99.9364
100.05
100.092
99.9455
99.8752
100.047
100.161
99.9767
99.8035
99.9797
100.224
100.086
99.7678
99.8288
100.208
100.267
99.8627
99.6453
100.012
100.404
100.164
99.6209
99.6362
100.246
100.534
100.005
99.4032
99.6574
100.472
100.67
99.8812
99.1661
99.5879
100.671
100.936
99.8968
98.8454
99.2526
100.771
101.487
100.293
98.4633
98.3338
100.431
102.473
101.732
98.3894
96.0562
98.3139
104.297
107.7
100.725
80.0374
49.9308
20.1012
-0.241134
-7.56381
-5.0543
0.592216
3.80887
2.95666
-0.0665317
-2.3294
-2.27659
-0.470118
1.36364
1.86172
0.912444
-0.544129
-1.39709
-1.16241
-0.177476
0.784716
1.10967
0.69275
-0.0896313
-0.710865
-0.835507
-0.46821
0.0981383
0.538682
0.628765
0.396856
0.00714909
-0.333401
-0.448076
-0.378361
-0.123517
0.10443
0.263404
0.311695
0.177512
0.102305
-0.0966865
-0.142307
100.008
99.9813
99.9853
100.045
100.025
99.9313
99.9597
100.09
100.064
99.8954
99.9029
100.11
100.139
99.9012
99.8124
100.066
100.236
99.9935
99.7284
99.9172
100.279
100.196
99.7602
99.6822
100.136
100.416
100.037
99.5508
99.7371
100.369
100.49
99.8531
99.3679
99.7971
100.589
100.593
99.7127
99.1409
99.7469
100.802
100.86
99.7083
98.7907
99.4076
100.942
101.458
100.093
98.3345
98.4342
100.646
102.552
101.58
98.1745
96.0188
98.4991
104.507
107.711
100.521
79.8274
49.9276
20.3103
-0.022789
-7.54626
-5.25536
0.357971
3.75413
3.13024
0.183408
-2.21696
-2.39484
-0.720137
1.18349
1.89155
1.12567
-0.310111
-1.31382
-1.28454
-0.414913
0.596783
1.09287
0.850134
0.138304
-0.557881
-0.836954
-0.622391
-0.105289
0.391892
0.611062
0.516053
0.171573
-0.169665
-0.402231
-0.416733
-0.243465
-0.0510455
0.196435
0.240406
0.259333
0.167901
-0.0140665
100.009
100
99.9662
100.006
100.06
99.9924
99.9136
100.002
100.113
100.015
99.8614
99.9563
100.158
100.087
99.836
99.8557
100.15
100.21
99.8949
99.7257
100.023
100.319
100.096
99.6801
99.757
100.252
100.387
99.9009
99.5176
99.865
100.469
100.407
99.7043
99.3719
99.955
100.678
100.482
99.5508
99.1522
99.9226
100.909
100.752
99.5208
98.7659
99.583
101.101
101.401
99.8843
98.2231
98.5566
100.864
102.615
101.412
97.9597
95.9942
98.6952
104.718
107.715
100.311
79.6138
49.9243
20.5228
0.202911
-7.52058
-5.4547
0.114094
3.68288
3.29383
0.441241
-2.08111
-2.4914
-0.969449
0.978701
1.88713
1.32154
-0.0614074
-1.19033
-1.36838
-0.64353
0.380428
1.0243
0.969392
0.359888
-0.365286
-0.783807
-0.73143
-0.298742
0.203518
0.546756
0.566928
0.330338
0.00152444
-0.306399
-0.381438
-0.356843
-0.147688
0.0542952
0.160225
0.291484
0.149389
100.001
100.018
99.9802
99.9644
100.036
100.057
99.9519
99.9178
100.053
100.112
99.9532
99.8544
100.026
100.179
100.012
99.7951
99.9286
100.214
100.149
99.8054
99.763
100.133
100.318
99.9787
99.6337
99.8633
100.348
100.318
99.7673
99.5262
100.01
100.535
100.29
99.5697
99.4169
100.122
100.733
100.342
99.4038
99.2013
100.109
100.987
100.615
99.34
98.7733
99.7753
101.244
101.316
99.6687
98.1316
98.7007
101.083
102.659
101.228
97.7463
95.9829
98.9022
104.929
107.711
100.093
79.3964
49.9207
20.7389
0.436123
-7.48637
-5.65176
-0.139118
3.59452
3.44596
0.705389
-1.92186
-2.56411
-1.21439
0.751312
1.84703
1.49467
0.196086
-1.02812
-1.41026
-0.852743
0.141603
0.907884
1.04001
0.563998
-0.144304
-0.681441
-0.777892
-0.478603
0.00671723
0.423804
0.55641
0.463116
0.143674
-0.137746
-0.33101
-0.387562
-0.217494
-0.123755
0.124129
0.179281
99.9928
100.018
100.012
99.9584
99.9808
100.064
100.032
99.9156
99.9473
100.1
100.082
99.894
99.8795
100.099
100.165
99.928
99.7887
100.02
100.248
100.059
99.7399
99.8374
100.23
100.276
99.8573
99.6287
99.9904
100.41
100.213
99.65
99.5781
100.161
100.562
100.147
99.4597
99.502
100.289
100.748
100.178
99.2797
99.2878
100.297
101.032
100.451
99.1721
98.8142
99.9807
101.365
101.203
99.4498
98.0624
98.8658
101.299
102.685
101.03
97.5355
95.9858
99.12
105.14
107.7
99.8677
79.1752
49.9169
20.9585
0.676995
-7.44322
-5.84596
-0.401327
3.48858
3.58507
0.974196
-1.73958
-2.61087
-1.45124
0.5039
1.77061
1.63938
0.456827
-0.831545
-1.40551
-1.03479
-0.109731
0.748399
1.05315
0.744083
0.0823092
-0.524463
-0.767705
-0.621892
-0.179354
0.239868
0.51376
0.512789
0.285326
0.043028
-0.26087
-0.304711
-0.32231
-0.199317
0.0262691
99.9919
100.002
100.03
99.9906
99.9466
100.013
100.078
99.9902
99.8968
99.9973
100.128
100.027
99.8522
99.9347
100.158
100.117
99.8503
99.8211
100.115
100.242
99.9543
99.7104
99.94
100.301
100.194
99.7478
99.6682
100.125
100.432
100.081
99.5613
99.6707
100.304
100.544
99.9865
99.3835
99.6233
100.445
100.721
99.9983
99.1858
99.4094
100.482
101.04
100.266
99.0229
98.8892
100.195
101.462
101.063
99.2313
98.0176
99.0509
101.511
102.689
100.816
97.3285
96.0035
99.3485
105.35
107.682
99.6347
78.9502
49.913
21.1816
0.925667
-7.39071
-6.03672
-0.672109
3.36462
3.70965
1.24588
-1.53498
-2.62956
-1.67654
0.240227
1.65705
1.75152
0.713576
-0.605369
-1.35103
-1.18404
-0.358477
0.545983
1.01302
0.882112
0.302688
-0.319666
-0.712481
-0.692674
-0.368354
0.0476512
0.415326
0.481894
0.430023
0.153187
-0.0937766
-0.22071
-0.36891
-0.178661
99.9983
99.9853
100.021
100.029
99.9623
99.9536
100.051
100.068
99.9418
99.9046
100.056
100.127
99.9584
99.8402
100.01
100.189
100.041
99.7955
99.8891
100.196
100.194
99.8503
99.724
100.057
100.333
100.082
99.6651
99.7496
100.25
100.407
99.9352
99.5116
99.7973
100.427
100.482
99.821
99.3483
99.7744
100.578
100.652
99.8119
99.1284
99.5625
100.653
101.009
100.065
98.898
98.9978
100.412
101.531
100.897
99.0169
97.9993
99.2547
101.717
102.672
100.59
97.1269
96.0369
99.5876
105.559
107.654
99.3938
78.7214
49.9088
21.4085
1.18232
-7.3284
-6.2235
-0.950988
3.22212
3.81833
1.51834
-1.30868
-2.61875
-1.88638
-0.0358576
1.50631
1.8281
0.957137
-0.352386
-1.25031
-1.28935
-0.596272
0.309528
0.924227
0.957921
0.518945
-0.10396
-0.591388
-0.702354
-0.537493
-0.114188
0.225938
0.444912
0.47779
0.244704
0.11896
-0.19253
-0.235523
100.006
99.9829
99.9937
100.039
100.01
99.939
99.9814
100.081
100.034
99.9018
99.9408
100.109
100.093
99.892
99.8641
100.09
100.182
99.9503
99.7765
99.9823
100.247
100.111
99.7648
99.7811
100.171
100.32
99.9543
99.6216
99.865
100.353
100.336
99.7904
99.5078
99.9475
100.517
100.377
99.6629
99.3585
99.9463
100.681
100.543
99.6285
99.112
99.7412
100.803
100.938
99.8539
98.8028
99.1386
100.628
101.568
100.707
98.8106
98.0089
99.4757
101.913
102.632
100.35
96.9319
96.0866
99.8372
105.766
107.618
99.1449
78.4886
49.9044
21.6392
1.44716
-7.25582
-6.40559
-1.23755
3.06074
3.90954
1.78944
-1.0615
-2.57739
-2.07609
-0.321408
1.3212
1.86367
1.18185
-0.0800696
-1.10599
-1.3404
-0.820096
0.0620406
0.774388
0.980724
0.704887
0.107449
-0.396525
-0.685971
-0.61481
-0.293026
0.0225138
0.382542
0.395485
0.395606
0.203674
-0.0681275
100.008
99.9954
99.974
100.015
100.046
99.9777
99.9328
100.024
100.091
99.9834
99.8843
99.9987
100.139
100.033
99.8452
99.9217
100.157
100.136
99.8636
99.7998
100.084
100.257
100.004
99.7133
99.8752
100.266
100.26
99.827
99.6249
100.002
100.418
100.226
99.6619
99.5524
100.108
100.565
100.238
99.5251
99.4156
100.128
100.745
100.397
99.4586
99.1394
99.9384
100.925
100.829
99.64
98.7416
99.309
100.836
101.572
100.496
98.6163
98.0478
99.7117
102.098
102.569
100.098
96.7451
96.1533
100.097
105.971
107.573
98.8876
78.2518
49.8996
21.8736
1.72033
-7.17245
-6.58229
-1.53127
2.88034
3.98138
2.05737
-0.795554
-2.50343
-2.24254
-0.611108
1.10397
1.8537
1.38374
0.197667
-0.912957
-1.34244
-1.00924
-0.18966
0.567461
0.961366
0.817123
0.340475
-0.191435
-0.600842
-0.610769
-0.489403
-0.101858
0.186643
0.33064
0.467027
0.195239
100.003
100.011
99.9776
99.9801
100.04
100.032
99.9442
99.9503
100.067
100.073
99.9291
99.8979
100.064
100.135
99.9576
99.8315
100.002
100.194
100.059
99.799
99.8634
100.177
100.222
99.8911
99.7063
99.993
100.325
100.161
99.718
99.6769
100.143
100.437
100.086
99.5642
99.6431
100.265
100.565
100.074
99.4194
99.5175
100.308
100.763
100.223
99.3122
99.2113
100.146
101.013
100.683
99.4309
98.7182
99.5057
101.03
101.541
100.268
98.4383
98.1169
99.9607
102.268
102.481
99.836
96.5678
96.2376
100.367
106.173
107.518
98.6217
78.011
49.8945
22.1121
2.0019
-7.07769
-6.75311
-1.83125
2.68046
4.0327
2.3196
-0.512731
-2.39551
-2.38358
-0.897089
0.853772
1.80165
1.55013
0.476521
-0.678395
-1.29763
-1.14071
-0.454322
0.34562
0.864626
0.876099
0.562708
-0.0108879
-0.399924
-0.616797
-0.566743
-0.234789
-0.0599544
0.324475
0.313496
99.9963
100.016
99.9994
99.964
100.002
100.056
100.001
99.9235
99.9896
100.096
100.029
99.8887
99.9424
100.119
100.096
99.8867
99.8572
100.088
100.191
99.9636
99.7717
99.9572
100.24
100.145
99.792
99.7473
100.117
100.337
100.035
99.6434
99.773
100.273
100.405
99.9325
99.5093
99.7727
100.401
100.515
99.8981
99.3559
99.6585
100.472
100.733
100.03
99.1988
99.3261
100.353
101.059
100.506
99.2343
98.7351
99.7239
101.206
101.474
100.025
98.2804
98.2168
100.22
102.421
102.368
99.5644
96.4018
96.34
100.646
106.371
107.454
98.3469
77.7661
49.8889
22.3547
2.29221
-6.971
-6.91729
-2.13689
2.46059
4.06252
2.57278
-0.213214
-2.25527
-2.49309
-1.17684
0.575786
1.70738
1.67016
0.757819
-0.425532
-1.18424
-1.23058
-0.698958
0.113992
0.680449
0.920635
0.685223
0.220524
-0.189573
-0.58073
-0.506354
-0.460647
-0.144506
0.159411
99.993
100.008
100.02
99.9782
99.9653
100.033
100.052
99.9603
99.9266
100.04
100.098
99.9699
99.8766
100.008
100.147
100.029
99.8386
99.919
100.159
100.145
99.871
99.7896
100.064
100.262
100.038
99.7246
99.8318
100.227
100.299
99.8994
99.6154
99.9023
100.372
100.324
99.7809
99.5049
99.9295
100.504
100.416
99.725
99.3415
99.8295
100.609
100.655
99.8277
99.1262
99.4796
100.552
101.062
100.302
99.0583
98.7939
99.9583
101.356
101.37
99.7718
98.1467
98.3474
100.487
102.554
102.231
99.2849
96.2486
96.461
100.935
106.566
107.379
98.063
77.5171
49.8826
22.6013
2.59138
-6.85192
-7.07339
-2.4479
2.22161
4.06777
2.81538
0.0994194
-2.082
-2.56579
-1.44829
0.282053
1.55913
1.75157
1.01647
-0.15113
-1.0054
-1.28494
-0.874735
-0.17016
0.486886
0.875157
0.741217
0.487488
-0.0586278
-0.359346
-0.502929
-0.566539
-0.173516
99.9955
99.9943
100.023
100.008
99.9586
99.9855
100.059
100.026
99.9266
99.9567
100.084
100.068
99.9133
99.8995
100.077
100.137
99.9489
99.8277
100.004
100.197
100.064
99.8013
99.8515
100.163
100.235
99.9207
99.7025
99.9475
100.305
100.214
99.7736
99.6398
100.049
100.428
100.202
99.6494
99.5538
100.099
100.562
100.277
99.57
99.3795
100.019
100.708
100.531
99.6297
99.1006
99.6655
100.73
101.017
100.078
98.9104
98.8946
100.202
101.477
101.23
99.5141
98.0409
98.5084
100.757
102.665
102.068
98.9992
96.11
96.6012
101.232
106.754
107.293
97.7697
77.2644
49.8756
22.8525
2.89896
-6.71976
-7.22132
-2.76278
1.96404
4.0468
3.04641
0.418378
-1.8714
-2.60642
-1.69614
-0.0291171
1.36476
1.79141
1.2284
0.159889
-0.809845
-1.24706
-1.01896
-0.451961
0.30072
0.687117
0.833063
0.603204
0.139156
-0.098046
-0.53775
-0.401731
100.001
99.986
100.008
100.03
99.9844
99.9531
100.019
100.066
99.9832
99.914
100.007
100.106
100.014
99.8774
99.9539
100.131
100.09
99.8768
99.8592
100.093
100.192
99.9653
99.7711
99.9467
100.234
100.162
99.8132
99.7316
100.076
100.337
100.093
99.677
99.7154
100.193
100.431
100.051
99.5541
99.6526
100.262
100.567
100.108
99.4474
99.469
100.213
100.76
100.368
99.448
99.1255
99.8753
100.879
100.926
99.8437
98.7974
99.0359
100.45
101.562
101.056
99.2566
97.9664
98.6988
101.029
102.75
101.88
98.709
95.9875
96.7611
101.539
106.938
107.196
97.4661
77.0075
49.868
23.1087
3.21565
-6.57363
-7.36131
-3.08023
1.68554
4.00171
3.26026
0.746046
-1.62793
-2.61238
-1.91251
-0.363695
1.1482
1.75856
1.42333
0.462046
-0.583385
-1.11677
-1.16858
-0.629074
0.0120737
0.513451
0.849432
0.598642
0.46267
-0.0414563
-0.319632
100.006
99.989
99.9883
100.027
100.02
99.9588
99.9686
100.053
100.048
99.9397
99.9307
100.06
100.096
99.9498
99.8756
100.026
100.151
100.015
99.8326
99.9277
100.164
100.142
99.8701
99.7889
100.057
100.26
100.055
99.7365
99.809
100.196
100.315
99.9544
99.6253
99.8333
100.316
100.379
99.8901
99.5078
99.7923
100.404
100.516
99.9242
99.3693
99.6047
100.396
100.758
100.175
99.2949
99.2017
100.099
100.99
100.79
99.6077
98.7254
99.2147
100.692
101.608
100.85
99.0049
97.9261
98.917
101.298
102.809
101.668
98.4161
95.8827
96.9406
101.853
107.114
107.088
97.1523
76.7462
49.859
23.3691
3.54263
-6.41331
-7.48942
-3.40133
1.3878
3.92779
3.45272
1.08316
-1.3593
-2.56442
-2.11084
-0.692123
0.886917
1.66099
1.59668
0.712627
-0.262195
-0.987881
-1.2013
-0.787923
-0.327396
0.4017
0.626572
0.726079
0.604146
0.0635939
100.005
99.9999
99.9787
100.004
100.038
99.9944
99.9456
100.002
100.072
100.008
99.9125
99.9742
100.1
100.053
99.8959
99.9114
100.096
100.13
99.9318
99.8298
100.018
100.198
100.056
99.8005
99.8532
100.158
100.236
99.9352
99.7062
99.9226
100.285
100.241
99.8192
99.628
99.9781
100.399
100.277
99.7383
99.5177
99.9589
100.507
100.412
99.7423
99.3446
99.777
100.554
100.702
99.9641
99.1817
99.3271
100.324
101.056
100.613
99.3799
98.6993
99.4267
100.922
101.612
100.616
98.7651
97.9231
99.1609
101.559
102.838
101.432
98.1231
95.798
97.14
102.175
107.282
106.968
96.828
76.4822
49.8482
23.6341
3.87762
-6.23883
-7.60437
-3.72481
1.07754
3.81778
3.62992
1.40888
-1.05544
-2.47445
-2.27568
-0.993168
0.563205
1.54961
1.66062
0.974247
0.0576672
-0.827441
-1.07425
-1.01442
-0.478607
0.116807
0.404753
0.817953
0.458608
100.001
100.01
99.9853
99.9808
100.027
100.031
99.9639
99.9543
100.042
100.064
99.9591
99.9142
100.032
100.109
99.9894
99.8707
99.9763
100.141
100.071
99.8633
99.8715
100.107
100.185
99.9547
99.7736
99.9515
100.23
100.163
99.8241
99.7298
100.053
100.328
100.126
99.709
99.6868
100.13
100.429
100.136
99.6151
99.5847
100.134
100.559
100.265
99.5798
99.3777
99.973
100.673
100.592
99.7495
99.1171
99.4963
100.539
101.07
100.402
99.1705
98.7224
99.6665
101.131
101.571
100.357
98.5427
97.9595
99.4283
101.81
102.835
101.173
97.8316
95.7352
97.3603
102.505
107.441
106.835
96.4915
76.2148
49.8369
23.9068
4.22091
-6.04804
-7.71226
-4.04664
0.747689
3.68139
3.7883
1.72326
-0.711589
-2.36998
-2.37172
-1.31551
0.248109
1.38276
1.65105
1.2618
0.270784
-0.505994
-1.02004
-1.10189
-0.571234
-0.289266
0.428073
0.540827
99.9967
100.012
100.002
99.9729
99.998
100.042
100.006
99.943
99.9851
100.07
100.03
99.9201
99.9474
100.083
100.082
99.9248
99.8846
100.052
100.148
99.9899
99.8291
99.9487
100.172
100.127
99.8606
99.7975
100.063
100.255
100.055
99.7446
99.8046
100.177
100.316
99.9871
99.6424
99.7943
100.266
100.401
99.9737
99.5372
99.7028
100.299
100.552
100.087
99.4532
99.4675
100.176
100.742
100.435
99.546
99.1075
99.7007
100.73
101.03
100.165
98.9894
98.7957
99.9263
101.313
101.484
100.08
98.3433
98.0359
99.7155
102.047
102.799
100.892
97.5432
95.6948
97.6004
102.842
107.592
106.69
96.1424
75.9408
49.8236
24.1836
4.57899
-5.8401
-7.80426
-4.36961
0.392356
3.51787
3.90582
2.05327
-0.35707
-2.19877
-2.42875
-1.6402
-0.0522808
1.08277
1.6778
1.41315
0.5685
-0.144444
-0.984998
-0.942601
-0.917348
-0.435465
0.209697
99.9948
100.006
100.015
99.9844
99.9734
100.024
100.04
99.972
99.9442
100.027
100.074
99.9803
99.9073
100.003
100.109
100.026
99.8808
99.9355
100.116
100.112
99.9081
99.8405
100.042
100.196
100.035
99.7971
99.8684
100.164
100.227
99.9335
99.7138
99.918
100.271
100.248
99.8478
99.6318
99.9355
100.366
100.316
99.8117
99.5164
99.8592
100.433
100.485
99.8959
99.3766
99.6082
100.37
100.753
100.241
99.369
99.1562
99.9292
100.886
100.935
99.9134
98.8466
98.919
100.197
101.458
101.351
99.7915
98.1739
98.1534
100.018
102.264
102.729
100.593
97.2623
95.6796
97.8584
103.185
107.73
106.535
95.7829
75.6655
49.806
24.4611
4.94599
-5.62021
-7.86783
-4.69631
0.0404124
3.30204
3.99745
2.35587
0.00237266
-1.94437
-2.47583
-1.84215
-0.435309
0.794438
1.5931
1.42457
0.961541
0.0223087
-0.606901
-0.868171
-1.06808
-0.393654
99.9965
99.9962
100.017
100.005
99.9691
99.9909
100.044
100.017
99.9447
99.9704
100.064
100.048
99.9333
99.9283
100.061
100.099
99.9573
99.8735
100.009
100.147
100.041
99.8497
99.8961
100.127
100.169
99.9326
99.7807
99.9713
100.23
100.149
99.8234
99.7392
100.049
100.317
100.135
99.7315
99.6805
100.089
100.414
100.185
99.6717
99.5572
100.036
100.52
100.364
99.7112
99.3594
99.7888
100.536
100.703
100.023
99.2322
99.2627
100.169
100.997
100.788
99.6571
98.7502
99.0908
100.471
101.561
101.173
99.4969
98.0402
98.3139
100.332
102.456
102.619
100.275
96.9917
95.6943
98.1385
103.531
107.853
106.363
95.4087
75.3923
49.7894
24.7522
5.3152
-5.38465
-7.92899
-5.01922
-0.314603
3.05174
4.09568
2.59781
0.418867
-1.72872
-2.4389
-2.02168
-0.830559
0.610708
1.30801
1.59167
1.09012
0.24452
-0.216658
-1.01655
-0.730119
100
99.9901
100.008
100.021
99.9854
99.9674
100.019
100.046
99.9812
99.9385
100.013
100.077
100
99.9083
99.9775
100.101
100.054
99.9003
99.9071
100.082
100.134
99.9561
99.8326
99.9819
100.18
100.099
99.8448
99.8167
100.083
100.246
100.037
99.7481
99.8171
100.173
100.306
99.9964
99.659
99.782
100.232
100.401
100.025
99.5736
99.6559
100.212
100.548
100.2
99.5524
99.4049
99.9934
100.66
100.593
99.7979
99.1463
99.4214
100.406
101.054
100.595
99.4086
98.7055
99.3053
100.738
101.617
100.954
99.203
97.9445
98.5148
100.655
102.623
102.473
99.9397
96.7286
95.7363
98.4406
103.888
107.966
106.175
95.0165
75.1043
49.7731
25.0512
5.71044
-5.12196
-7.98029
-5.33646
-0.725797
2.78985
4.12711
2.87285
0.862273
-1.4778
-2.28373
-2.31362
-1.09972
0.194852
1.08353
1.72198
1.10617
0.846011
-0.181403
-0.701715
100.004
99.991
99.9943
100.021
100.009
99.9672
99.9843
100.043
100.026
99.949
99.9592
100.055
100.06
99.9488
99.917
100.038
100.106
99.9879
99.8748
99.9722
100.132
100.08
99.8823
99.8633
100.074
100.185
100.001
99.7946
99.8978
100.176
100.206
99.9167
99.7249
99.9329
100.265
100.237
99.8569
99.6443
99.9207
100.34
100.327
99.8598
99.5328
99.801
100.365
100.511
100.01
99.4385
99.5108
100.202
100.727
100.432
99.5836
99.1208
99.6229
100.623
101.05
100.364
99.1829
98.7177
99.5538
100.985
101.621
100.7
98.9216
97.8925
98.7508
100.975
102.758
102.293
99.5967
96.4799
95.8048
98.7528
104.248
108.067
105.985
94.6166
74.8111
49.7458
25.3319
6.1248
-4.85468
-7.9613
-5.65645
-1.11467
2.46301
4.06952
3.13599
1.20568
-1.03344
-2.15371
-2.36835
-1.35411
-0.337402
0.93797
1.30885
1.35653
1.04688
0.0610245
100.004
99.9973
99.9858
100.009
100.025
99.9874
99.9633
100.014
100.05
99.9901
99.9366
100
100.076
100.017
99.9146
99.9583
100.087
100.074
99.9237
99.8911
100.048
100.141
99.9996
99.8423
99.9343
100.147
100.14
99.9023
99.7961
100.005
100.229
100.119
99.8131
99.76
100.064
100.305
100.122
99.7417
99.6917
100.075
100.394
100.202
99.7123
99.557
99.9753
100.473
100.412
99.8161
99.3835
99.6697
100.396
100.729
100.23
99.3975
99.1617
99.857
100.805
100.983
100.106
98.993
98.7924
99.8307
101.201
101.566
100.414
98.6616
97.8938
99.0255
101.288
102.851
102.071
99.2457
96.2578
95.9138
99.0845
104.601
108.136
105.776
94.2037
74.5414
49.7228
25.6347
6.51892
-4.5905
-7.94296
-5.98511
-1.43434
2.07931
4.10412
3.25386
1.58479
-0.682192
-2.08106
-2.21614
-1.77406
-0.391001
0.567704
1.11997
1.55436
0.656874
100.002
100.005
99.9868
99.9923
100.024
100.013
99.9668
99.9792
100.041
100.032
99.9546
99.9519
100.045
100.067
99.9638
99.9126
100.018
100.106
100.013
99.8844
99.9449
100.11
100.104
99.9183
99.8491
100.025
100.18
100.057
99.8279
99.8495
100.112
100.228
100.004
99.7498
99.8465
100.183
100.286
99.9834
99.6723
99.7935
100.218
100.386
100.045
99.6047
99.6434
100.156
100.524
100.262
99.6386
99.3937
99.8661
100.557
100.665
100.002
99.2535
99.266
100.109
100.942
100.854
99.8315
98.8453
98.9259
100.128
101.382
101.454
100.099
98.4227
97.9447
99.3387
101.599
102.909
101.804
98.8765
96.0477
96.0605
99.4514
104.97
108.195
105.528
93.7582
74.2402
49.7129
25.9735
6.95698
-4.26358
-7.96501
-6.29786
-1.89606
1.7011
4.08788
3.40411
2.16039
-0.431352
-1.70735
-2.41327
-2.10388
-0.664167
-0.0878585
1.44154
1.27585
99.9992
100.008
99.9954
99.9823
100.009
100.028
99.9894
99.9609
100.009
100.051
99.9974
99.9372
99.9903
100.072
100.029
99.9234
99.9453
100.072
100.085
99.9465
99.8852
100.018
100.136
100.034
99.8619
99.9015
100.109
100.161
99.9576
99.7992
99.9415
100.191
100.172
99.8878
99.7424
99.9659
100.264
100.209
99.8475
99.6631
99.9318
100.324
100.316
99.8794
99.5551
99.7804
100.317
100.508
100.079
99.5014
99.4697
100.078
100.666
100.541
99.7711
99.1669
99.4258
100.357
101.021
100.673
99.5619
98.7516
99.109
100.425
101.518
101.296
99.7755
98.2176
98.0383
99.6689
101.891
102.935
101.516
98.512
95.8469
96.2234
99.8146
105.35
108.258
105.298
93.311
73.9001
49.6756
26.2366
7.45437
-3.93063
-7.82566
-6.57019
-2.36089
1.28483
3.75381
3.60558
2.42518
0.155303
-1.20411
-2.36813
-1.89346
-1.45959
-0.329054
0.700989
99.9969
100.007
100.006
99.9837
99.9906
100.025
100.015
99.9673
99.9758
100.038
100.036
99.9604
99.9482
100.035
100.069
99.9768
99.9133
100.001
100.099
100.032
99.8986
99.927
100.086
100.116
99.9525
99.8491
99.9844
100.161
100.096
99.8702
99.825
100.049
100.222
100.074
99.7985
99.7941
100.093
100.289
100.09
99.7415
99.7182
100.083
100.375
100.192
99.7327
99.5743
99.9512
100.434
100.423
99.8833
99.4238
99.6088
100.284
100.707
100.36
99.5581
99.1525
99.6363
100.582
101.027
100.443
99.3144
98.7296
99.3446
100.707
101.586
101.079
99.4544
98.0707
98.1953
100.014
102.141
102.898
101.195
98.1694
95.7036
96.4325
100.174
105.692
108.257
105.068
92.8696
73.6484
49.642
26.5159
7.87111
-3.68866
-7.65979
-6.90533
-2.53976
0.804104
3.67823
3.61795
2.48033
0.674039
-1.33032
-1.80375
-2.06425
-1.389
-0.0358713
99.9967
100.002
100.011
99.9939
99.9799
100.009
100.03
99.9908
99.9602
100.006
100.05
100.002
99.9398
99.984
100.067
100.036
99.9328
99.9387
100.058
100.089
99.9657
99.8873
99.9953
100.125
100.057
99.8858
99.884
100.072
100.165
100.003
99.8187
99.8982
100.144
100.196
99.9574
99.7562
99.8931
100.201
100.253
99.9508
99.685
99.8271
100.222
100.36
100.033
99.6259
99.6587
100.133
100.494
100.28
99.6968
99.4125
99.7969
100.467
100.677
100.138
99.3751
99.2089
99.8866
100.776
100.963
100.17
99.091
98.7756
99.6312
100.979
101.592
100.801
99.121
97.9696
98.4196
100.4
102.373
102.8
100.808
97.8022
95.5941
96.7115
100.611
106.044
108.229
104.727
92.3606
73.356
49.6606
26.9481
8.34194
-3.2886
-7.70018
-7.25957
-3.02381
0.247416
3.76523
3.58469
3.28696
0.936335
-0.941673
-1.72345
-2.92444
-1.29596
99.9982
99.9964
100.01
100.006
99.9813
99.9898
100.026
100.016
99.9678
99.9743
100.036
100.038
99.9648
99.947
100.029
100.069
99.9862
99.9165
99.9896
100.092
100.044
99.9127
99.9173
100.065
100.12
99.9798
99.8571
99.955
100.137
100.12
99.9104
99.8185
99.9976
100.2
100.122
99.8529
99.7717
100.015
100.263
100.164
99.8236
99.6903
99.9667
100.319
100.285
99.8712
99.5782
99.7929
100.295
100.487
100.102
99.5478
99.4679
100.006
100.603
100.584
99.9035
99.2432
99.3251
100.145
100.921
100.842
99.887
98.91
98.8738
99.9336
101.22
101.555
100.501
98.8023
97.8988
98.6653
100.787
102.595
102.697
100.413
97.431
95.4509
96.9839
101.04
106.461
108.267
104.428
91.8484
72.8945
49.616
27.1759
8.98243
-2.79938
-7.42127
-7.35975
-3.69813
-0.23603
2.96095
3.55973
3.53015
1.42129
0.398623
-1.57079
-1.85257
100.001
99.9936
100.004
100.013
99.9925
99.9787
100.009
100.03
99.9916
99.9607
100.004
100.049
100.005
99.9434
99.9801
100.061
100.04
99.9419
99.9362
100.045
100.088
99.9814
99.8939
99.9782
100.11
100.072
99.9102
99.8769
100.04
100.157
100.038
99.8463
99.8711
100.096
100.2
100.017
99.7881
99.8438
100.131
100.263
100.04
99.7366
99.7604
100.111
100.353
100.157
99.7344
99.6042
99.96
100.407
100.406
99.9116
99.4636
99.5938
100.212
100.665
100.425
99.6824
99.1912
99.5061
100.387
100.984
100.655
99.6175
98.8111
99.0455
100.233
101.384
101.435
100.187
98.5513
97.9165
98.9489
101.122
102.727
102.528
100.047
97.1455
95.4005
97.2691
101.379
106.782
108.197
104.235
91.4056
72.6718
49.5527
27.3246
9.41719
-2.69298
-6.98785
-7.64814
-3.59035
-0.5849
2.62891
3.64311
2.74184
1.94349
-0.24567
-1.12529
100.002
99.9945
99.9966
100.013
100.006
99.9799
99.9905
100.026
100.016
99.9686
99.9753
100.034
100.037
99.9682
99.9493
100.024
100.065
99.9918
99.9228
99.9838
100.082
100.048
99.9263
99.9162
100.047
100.115
99.999
99.8718
99.9383
100.111
100.127
99.9452
99.8281
99.9615
100.168
100.146
99.9059
99.7769
99.9555
100.217
100.202
99.9049
99.7048
99.8819
100.237
100.32
99.9959
99.6403
99.699
100.14
100.461
100.26
99.7237
99.4486
99.7806
100.405
100.651
100.205
99.4778
99.2176
99.7515
100.617
100.968
100.392
99.3455
98.786
99.3054
100.56
101.49
101.215
99.8085
98.3238
98.0353
99.336
101.492
102.787
102.228
99.5756
96.8491
95.4788
97.7004
101.876
107.037
108.016
103.759
90.8267
72.4851
49.6321
27.9806
9.87317
-2.24327
-7.13729
-8.24465
-4.00801
-1.50108
3.13095
3.53683
3.91533
2.71002
-0.349441
100.003
99.9979
99.9917
100.006
100.014
99.9905
99.9785
100.011
100.029
99.9906
99.9618
100.004
100.047
100.005
99.9462
99.9799
100.057
100.04
99.9477
99.9373
100.038
100.085
99.9902
99.901
99.9696
100.098
100.078
99.928
99.8774
100.018
100.146
100.059
99.8709
99.8597
100.06
100.193
100.055
99.8219
99.8197
100.074
100.253
100.1
99.7926
99.7319
100.023
100.317
100.232
99.839
99.6042
99.8367
100.298
100.452
100.083
99.5706
99.4944
99.9883
100.558
100.58
99.9699
99.3127
99.2971
100.013
100.813
100.904
100.111
99.094
98.7977
99.5863
100.884
101.577
100.98
99.4176
98.0887
98.1454
99.7348
101.899
102.895
101.963
99.0511
96.4756
95.4133
98.1322
102.433
107.516
108.048
103.285
90.2024
71.7542
49.5841
28.208
10.7345
-1.32126
-6.74489
-7.89712
-5.12608
-2.17328
1.65397
2.61983
4.3771
2.49218
100.002
100.002
99.9917
99.9974
100.015
100.005
99.9791
99.9917
100.026
100.014
99.9696
99.9767
100.032
100.035
99.971
99.9519
100.02
100.061
99.9961
99.9288
99.9796
100.073
100.051
99.9383
99.917
100.033
100.108
100.014
99.8867
99.9267
100.088
100.129
99.975
99.8418
99.9335
100.135
100.159
99.9535
99.7918
99.9088
100.167
100.222
99.9782
99.7356
99.8189
100.151
100.325
100.102
99.7231
99.646
99.9962
100.393
100.368
99.9044
99.4949
99.6129
100.183
100.623
100.438
99.7571
99.2421
99.4479
100.248
100.91
100.763
99.8513
98.9461
98.8998
99.8597
101.104
101.555
100.73
99.1228
97.9874
98.3018
100.063
102.139
102.914
101.714
98.7206
96.2655
95.4106
98.4307
102.677
107.865
107.944
103.265
89.7991
71.5294
49.4447
27.9559
11.1855
-1.57409
-5.87236
-7.9111
-4.57019
-1.6809
0.834848
3.24103
2.11855
100
100.004
99.9954
99.9915
100.008
100.013
99.9888
99.9805
100.012
100.027
99.9892
99.9655
100.006
100.042
100.003
99.9515
99.9828
100.051
100.036
99.954
99.9436
100.031
100.076
99.995
99.913
99.9677
100.083
100.075
99.9446
99.8882
100.003
100.126
100.067
99.8987
99.8649
100.03
100.169
100.077
99.8635
99.821
100.026
100.218
100.132
99.8577
99.7419
99.9536
100.25
100.26
99.941
99.6584
99.7633
100.169
100.421
100.207
99.7258
99.4986
99.8086
100.371
100.6
100.213
99.5493
99.2663
99.697
100.492
100.912
100.503
99.5548
98.8832
99.1446
100.216
101.271
101.377
100.333
98.8154
98.0219
98.6742
100.508
102.327
102.696
101.207
98.2955
96.1631
95.8053
98.972
103.166
107.852
107.497
102.655
89.1555
71.721
49.6201
29.0891
11.5403
-1.24013
-6.23052
-9.36269
-4.75753
-3.39337
2.14557
3.77247
99.9988
100.005
100
99.9897
99.9996
100.016
100.002
99.9783
99.9951
100.027
100.011
99.969
99.9809
100.033
100.03
99.9699
99.9566
100.022
100.057
99.9937
99.9336
99.9829
100.068
100.047
99.9427
99.9228
100.029
100.1
100.016
99.8967
99.9276
100.076
100.123
99.9867
99.8551
99.926
100.115
100.157
99.977
99.8098
99.8919
100.134
100.22
100.017
99.7681
99.7972
100.095
100.305
100.153
99.791
99.6434
99.9123
100.319
100.399
100.023
99.5734
99.5489
100.024
100.534
100.536
99.9682
99.3575
99.3235
99.9681
100.735
100.894
100.219
99.2398
98.8134
99.4045
100.609
101.487
101.214
99.9006
98.4103
97.9763
99.0345
101.065
102.702
102.589
100.703
97.5797
95.8307
95.8989
99.7011
103.98
108.382
107.522
101.729
88.3304
70.4666
49.5746
29.5108
12.6987
0.792151
-5.7887
-8.04087
-6.54628
-4.89546
-0.105964
99.9982
100.003
100.005
99.9932
99.9917
100.01
100.013
99.9872
99.9818
100.014
100.025
99.988
99.9675
100.007
100.04
100.002
99.9543
99.9841
100.047
100.034
99.958
99.9463
100.027
100.071
99.9996
99.9199
99.9641
100.073
100.076
99.9572
99.893
99.9897
100.114
100.077
99.9194
99.8646
100.004
100.154
100.098
99.8958
99.8175
99.9845
100.192
100.163
99.9118
99.7474
99.8934
100.194
100.285
100.029
99.7062
99.7015
100.055
100.388
100.311
99.8665
99.5157
99.6587
100.195
100.593
100.415
99.7785
99.2815
99.4409
100.178
100.849
100.804
99.9953
99.0688
98.8434
99.6159
100.841
101.559
101.065
99.642
98.2069
97.9996
99.2191
101.373
102.839
102.609
100.451
97.3232
95.6139
95.79
99.9561
104.058
108.982
107.478
102.131
88.0094
70.055
49.2938
28.2197
13.1804
-0.253973
-4.30646
-7.06427
-5.42583
-1.56251
99.9985
100
100.006
99.9986
99.9899
100.002
100.015
99.9989
99.9806
99.9986
100.024
100.006
99.9725
99.9865
100.029
100.023
99.9727
99.9651
100.02
100.047
99.9931
99.9448
99.9867
100.057
100.039
99.9532
99.9353
100.022
100.083
100.018
99.9167
99.9352
100.057
100.105
99.9995
99.8828
99.9265
100.083
100.137
100.002
99.8484
99.8885
100.087
100.19
100.051
99.8278
99.8032
100.029
100.245
100.18
99.8847
99.6933
99.8464
100.2
100.365
100.132
99.7192
99.5655
99.8678
100.353
100.529
100.177
99.5952
99.3411
99.7046
100.408
100.823
100.526
99.6994
99.02
99.1046
99.9851
101.016
101.373
100.651
99.2986
98.2321
98.3724
99.7231
101.608
102.64
102.086
99.8799
97.2389
95.8471
96.6246
100.373
104.367
108.399
106.615
101.552
87.3278
71.2658
49.5943
30.2773
13.3516
-0.659685
-4.90441
-11.1628
-5.21114
99.9992
99.9981
100.005
100.003
99.9908
99.9946
100.013
100.009
99.9842
99.9867
100.017
100.02
99.9829
99.973
100.014
100.035
99.9939
99.9578
99.9938
100.046
100.023
99.9562
99.9572
100.032
100.062
99.9906
99.9266
99.9761
100.07
100.062
99.954
99.9056
99.9985
100.104
100.064
99.9226
99.8802
100.009
100.139
100.086
99.9046
99.8356
99.9852
100.173
100.15
99.9259
99.7718
99.8937
100.166
100.263
100.046
99.7461
99.7142
100.017
100.339
100.311
99.9271
99.574
99.6425
100.107
100.52
100.445
99.9012
99.3815
99.403
100.012
100.697
100.827
100.21
99.31
98.8867
99.3663
100.473
101.347
101.285
100.138
98.7391
97.9893
98.7103
100.428
102.256
102.823
101.511
99.0433
96.2706
95.7863
97.0886
101.67
105.614
108.788
106.581
99.515
86.1893
69.0572
49.5612
31.5428
14.8446
4.27658
-4.46781
-7.67155
100
99.9968
100.002
100.007
99.9966
99.9892
100.004
100.015
99.9964
99.9801
100.001
100.025
100.004
99.9716
99.989
100.03
100.021
99.9712
99.9667
100.022
100.045
99.9917
99.9454
99.9875
100.056
100.039
99.9543
99.9353
100.02
100.082
100.021
99.9195
99.9312
100.05
100.107
100.009
99.8866
99.9159
100.071
100.142
100.021
99.8558
99.8698
100.063
100.195
100.084
99.8495
99.7806
99.983
100.232
100.225
99.9415
99.6923
99.7764
100.133
100.384
100.231
99.7997
99.5298
99.7325
100.249
100.576
100.356
99.743
99.2971
99.4733
100.183
100.826
100.804
100.043
99.1306
98.8246
99.4877
100.68
101.521
101.28
99.9683
98.4945
97.7941
98.7502
100.564
102.656
102.967
101.73
98.733
95.9666
95.3124
96.6119
101.989
105.511
110.255
106.739
100.751
85.9756
67.8001
49.089
27.4863
15.3938
1.37477
-2.32079
100.001
99.9977
99.9989
100.005
100.002
99.9916
99.9969
100.011
100.005
99.9866
99.991
100.015
100.014
99.9855
99.9802
100.012
100.026
99.9941
99.9681
99.9962
100.035
100.017
99.967
99.9675
100.024
100.047
99.9947
99.945
99.979
100.051
100.05
99.9703
99.9273
99.9912
100.076
100.056
99.9509
99.905
99.9915
100.1
100.08
99.9456
99.87
99.9624
100.116
100.135
99.9789
99.831
99.8801
100.086
100.211
100.094
99.8487
99.7509
99.9316
100.215
100.292
100.053
99.7236
99.6477
99.9364
100.332
100.442
100.12
99.6324
99.4323
99.7475
100.348
100.718
100.494
99.7948
99.1648
99.1447
99.8436
100.778
101.262
100.814
99.6889
98.5582
98.3148
99.2146
100.845
102.284
102.348
101.131
98.4929
96.6895
95.8534
97.9134
101.599
105.362
108.624
105.329
100.854
85.298
71.7415
49.5186
31.5042
15.3661
-3.04307
100.001
99.9982
99.9974
100.004
100.005
99.9931
99.993
100.009
100.01
99.9904
99.9856
100.009
100.019
99.9934
99.9758
100.001
100.028
100.007
99.9694
99.9823
100.029
100.031
99.9792
99.9573
100.006
100.05
100.017
99.9512
99.9577
100.033
100.065
99.9977
99.9264
99.9601
100.059
100.08
99.9851
99.9005
99.9504
100.077
100.11
99.9924
99.8714
99.9114
100.076
100.159
100.044
99.8577
99.8297
100.013
100.203
100.169
99.9262
99.7399
99.8342
100.133
100.32
100.174
99.8163
99.6092
99.7907
100.217
100.48
100.293
99.7863
99.4151
99.553
100.133
100.679
100.688
100.089
99.312
99.0057
99.4821
100.461
101.245
101.156
100.208
98.8583
98.2115
98.591
100.194
101.828
102.682
101.958
99.6502
97.4276
95.5238
96.7709
99.0993
103.895
107.19
108.133
105.127
95.9463
83.7621
67.5673
49.5057
36.9029
17.1461
100.001
100
99.9957
100
100.008
99.9995
99.989
99.9996
100.014
100.003
99.9825
99.9935
100.02
100.012
99.9796
99.9806
100.018
100.028
99.9876
99.9642
100.002
100.041
100.014
99.9589
99.9673
100.032
100.051
99.988
99.9366
99.9814
100.061
100.054
99.9614
99.9173
99.9941
100.089
100.063
99.9409
99.8905
99.9914
100.117
100.094
99.9381
99.8479
99.9518
100.133
100.162
99.9846
99.8043
99.8479
100.087
100.25
100.133
99.841
99.6972
99.8847
100.229
100.364
100.115
99.7056
99.5534
99.8496
100.345
100.561
100.249
99.6439
99.2919
99.5565
100.275
100.856
100.76
99.9889
99.0868
98.8283
99.4563
100.683
101.515
101.403
100.131
98.5888
97.7703
98.2658
100.308
102.084
103.594
102.16
100.206
96.5298
94.8328
95.5863
97.9806
104.953
106.97
112.195
105.596
98.969
83.6309
62.1319
48.8409
17.8053
100
100.001
99.998
99.9977
100.004
100.004
99.995
99.9945
100.006
100.008
99.9939
99.9892
100.005
100.014
99.9973
99.983
99.9984
100.019
100.008
99.9806
99.9844
100.016
100.024
99.991
99.9692
99.9968
100.033
100.019
99.9721
99.9643
100.013
100.047
100.012
99.9544
99.9594
100.026
100.062
100.011
99.9375
99.9452
100.032
100.084
100.027
99.9253
99.912
100.014
100.111
100.076
99.939
99.8614
99.9463
100.109
100.161
100.028
99.8442
99.8153
99.9933
100.204
100.219
99.9973
99.7469
99.7266
99.9869
100.299
100.359
100.075
99.6738
99.521
99.7881
100.295
100.614
100.454
99.8652
99.306
99.2079
99.7483
100.574
101.094
100.922
99.9475
98.9857
98.3109
98.9968
100.086
101.776
102.329
101.709
100.147
97.3018
96.8678
95.7575
99.6182
101.865
106.084
108.485
103.596
103.097
82.9813
81.0509
49.3542
)
;

boundaryField
{
    left
    {
        type            fixedValue;
        value           uniform 100;
    }
    right
    {
        type            zeroGradient;
    }
    up
    {
        type            zeroGradient;
    }
    down
    {
        type            fixedValue;
        value           uniform 0;
    }
    frontAndBack
    {
        type            empty;
    }
}


// ************************************************************************* //
