/*--------------------------------*- C++ -*----------------------------------*\
  =========                 |
  \\      /  F ield         | OpenFOAM: The Open Source CFD Toolbox
   \\    /   O peration     | Website:  https://openfoam.org
    \\  /    A nd           | Version:  8
     \\/     M anipulation  |
\*---------------------------------------------------------------------------*/
FoamFile
{
    version     2.0;
    format      ascii;
    class       volScalarField;
    location    "0.546";
    object      T;
}
// * * * * * * * * * * * * * * * * * * * * * * * * * * * * * * * * * * * * * //

dimensions      [0 0 0 1 0 0 0];

internalField   nonuniform List<scalar> 
2500
(
49.9999
4.65874
-4.65756
-1.1961
1.19058
0.4773
-0.461261
-0.258626
0.223503
0.179076
-0.115665
-0.145916
0.047951
0.124742
0.00566535
-0.0982373
-0.0484224
0.0583677
0.0725198
-0.00778534
-0.0676275
-0.0384003
0.0320479
0.0578311
0.0172798
-0.0369738
-0.0473497
-0.00984775
0.0329224
0.0409174
0.0120848
-0.0237741
-0.036485
-0.0196614
0.00970016
0.0288228
0.0266011
0.00788216
-0.0129539
-0.0240149
-0.0207707
-0.00820527
0.00633708
0.0158691
0.0172007
0.0135054
0.00406643
-0.00124054
-0.00884704
-0.00887122
95.3414
49.9995
10.5117
-4.65372
-2.86291
1.17728
1.19622
-0.430042
-0.661098
0.164989
0.442354
-0.0228326
-0.322906
-0.0786283
0.224229
0.151896
-0.116176
-0.183929
-0.000675104
0.157034
0.0988573
-0.0706338
-0.136621
-0.0401976
0.0889666
0.109198
0.0154852
-0.0831425
-0.0919157
-0.0156672
0.0660143
0.0831019
0.0312804
-0.0388248
-0.0723867
-0.051448
0.00103783
0.0464674
0.0583812
0.0366743
-0.0018162
-0.0326408
-0.045663
-0.0354497
-0.0157668
0.0075795
0.023491
0.0268413
0.0289834
0.0132897
104.658
89.4884
49.9988
12.1783
-4.64582
-3.5822
1.15363
1.60106
-0.380557
-0.930334
0.0809
0.630038
0.098324
-0.437387
-0.226556
0.258141
0.29889
-0.0675368
-0.288111
-0.109919
0.179483
0.215139
-0.00447561
-0.192297
-0.147554
0.0481679
0.172529
0.112872
-0.0474599
-0.14678
-0.106274
0.0192862
0.1153
0.111699
0.0264128
-0.0672076
-0.105197
-0.0722564
-0.0011819
0.061459
0.083018
0.0611733
0.0158158
-0.0306656
-0.0533648
-0.0596862
-0.0368548
-0.018999
0.00886281
0.0230403
101.196
104.656
87.8217
49.9977
12.8982
-4.63251
-3.98996
1.11726
1.87787
-0.310279
-1.13237
-0.0297268
0.766062
0.244611
-0.49674
-0.386024
0.230474
0.430282
0.0369522
-0.343713
-0.245819
0.133787
0.308707
0.113461
-0.182396
-0.250808
-0.0551593
0.172823
0.211232
0.0523341
-0.13493
-0.187767
-0.0833371
0.0734523
0.158233
0.122496
0.0100063
-0.0950016
-0.129806
-0.0887827
-0.00564635
0.0654854
0.0997061
0.0824161
0.0412409
-0.00990079
-0.0479724
-0.0574635
-0.065471
-0.0322488
98.8083
102.863
104.65
87.1015
49.9962
13.308
-4.61253
-4.27357
1.06604
2.09471
-0.217265
-1.29328
-0.166596
0.858742
0.410858
-0.502884
-0.545298
0.145734
0.529915
0.182549
-0.338651
-0.381741
0.0247933
0.351792
0.254519
-0.100095
-0.311276
-0.191668
0.0963975
0.264116
0.181293
-0.0448722
-0.209331
-0.193904
-0.0378022
0.12603
0.186815
0.122431
-0.0053631
-0.113793
-0.14711
-0.104334
-0.0221838
0.0589931
0.0966784
0.104879
0.0622913
0.0301744
-0.0195159
-0.0426385
99.5233
98.8194
103.583
104.64
86.6913
49.9944
13.5958
-4.58462
-4.50262
0.997993
2.27976
-0.10018
-1.42313
-0.328147
0.90977
0.590107
-0.45637
-0.691466
0.0108703
0.583411
0.350586
-0.267798
-0.490674
-0.131883
0.325667
0.383747
0.0435132
-0.299963
-0.319464
-0.0450956
0.237788
0.288554
0.101117
-0.142615
-0.253214
-0.173866
0.0108587
0.165932
0.202105
0.12253
-0.0121154
-0.117099
-0.15881
-0.120237
-0.0505618
0.0304039
0.0837887
0.0939847
0.0994168
0.0442619
100.463
98.8033
98.8404
103.992
104.623
86.4029
49.9923
13.8321
-4.54762
-4.70697
0.911404
2.44515
0.0416639
-1.52482
-0.511549
0.918125
0.773866
-0.358444
-0.811288
-0.163904
0.579666
0.519442
-0.134132
-0.54841
-0.311515
0.22412
0.466221
0.22101
-0.205031
-0.394766
-0.216649
0.123231
0.3247
0.253027
0.00400431
-0.217663
-0.26849
-0.143932
0.048384
0.189221
0.210279
0.127249
0.000140502
-0.10943
-0.149807
-0.145385
-0.0731202
-0.0246715
0.048162
0.070506
100.258
100.434
98.3966
98.8735
104.277
104.599
86.1658
49.9899
14.0476
-4.50035
-4.90058
0.804758
2.59574
0.208292
-1.5978
-0.712763
0.882039
0.952485
-0.212161
-0.892168
-0.36505
0.512216
0.666277
0.0509884
-0.536881
-0.483478
0.0552417
0.473946
0.39372
-0.0359265
-0.383882
-0.368671
-0.0586132
0.260126
0.350145
0.185068
-0.0820719
-0.264178
-0.265642
-0.120991
0.0692179
0.192503
0.21791
0.137558
0.0318767
-0.0780118
-0.133195
-0.135022
-0.124321
-0.0431164
99.7742
100.663
100.388
98.1171
98.9213
104.509
104.567
85.9492
49.9871
14.2574
-4.44172
-5.09023
0.676778
2.73271
0.399047
-1.63988
-0.926612
0.800075
1.11557
-0.022963
-0.923107
-0.576142
0.380232
0.769103
0.268505
-0.446944
-0.61551
-0.158969
0.391874
0.519358
0.177081
-0.273307
-0.450463
-0.260411
0.0978258
0.343717
0.332188
0.113064
-0.14235
-0.286195
-0.257955
-0.111658
0.0639214
0.185217
0.207406
0.169288
0.0575012
-0.00709076
-0.1002
-0.106005
99.8207
99.8303
100.936
100.32
97.8966
98.9856
104.716
104.525
85.738
49.984
14.4694
-4.37064
-5.27907
0.526414
2.85525
0.612594
-1.64816
-1.14691
0.671777
1.25248
0.20111
-0.895612
-0.778733
0.189087
0.809068
0.493329
-0.280305
-0.678631
-0.385382
0.222042
0.561129
0.388341
-0.0755576
-0.425382
-0.420823
-0.123739
0.217941
0.379198
0.294788
0.0596815
-0.175976
-0.285441
-0.25902
-0.114787
0.0286918
0.157174
0.190734
0.171341
0.126479
0.0201001
100.118
99.5536
99.9124
101.142
100.23
97.7069
99.0685
104.914
104.472
85.5242
49.9806
14.6882
-4.28605
-5.46832
0.352868
2.96144
0.846903
-1.61967
-1.36658
0.49813
1.35281
0.449418
-0.804563
-0.953507
-0.0495023
0.772689
0.696793
-0.0503107
-0.652021
-0.584489
-0.0149605
0.496505
0.546301
0.170805
-0.283404
-0.482948
-0.338623
0.000117034
0.291317
0.384072
0.259243
0.0331395
-0.178277
-0.276819
-0.250543
-0.154141
-0.000619628
0.0734535
0.173828
0.141259
100.147
100.027
99.3609
100.022
101.309
100.114
97.5357
99.1715
105.108
104.406
85.3033
49.9768
14.9163
-4.1869
-5.65804
0.155568
3.04871
1.0993
-1.55162
-1.5779
0.281772
1.407
0.709063
-0.648828
-1.08171
-0.318073
0.653718
0.849906
0.218955
-0.527106
-0.716919
-0.282309
0.323809
0.605608
0.408684
-0.0472741
-0.413728
-0.472769
-0.245352
0.0862311
0.327087
0.368423
0.247179
0.026886
-0.140183
-0.259293
-0.236934
-0.181912
-0.0845472
0.03387
99.9496
100.33
99.9055
99.2189
100.159
101.445
99.9734
97.3782
99.2961
105.303
104.328
85.0727
49.9727
15.1554
-4.07216
-5.84762
-0.0658108
3.11412
1.36645
-1.44177
-1.77261
0.0271927
1.40683
0.965279
-0.431775
-1.14661
-0.594379
0.454531
0.926802
0.494842
-0.310293
-0.750358
-0.532319
0.0654007
0.538646
0.575767
0.228651
-0.216603
-0.470963
-0.432895
-0.168924
0.127812
0.331736
0.351908
0.243119
0.0706475
-0.107515
-0.173135
-0.251865
-0.158088
99.8724
100.077
100.45
99.757
99.1195
100.323
101.555
99.8066
97.2332
99.4435
105.499
104.236
84.8306
49.9682
15.4064
-3.94078
-6.03592
-0.311324
3.15448
1.64434
-1.28859
-1.94216
-0.25919
1.3459
1.202
-0.161478
-1.13494
-0.852903
0.186716
0.908171
0.739671
-0.0235672
-0.666075
-0.714389
-0.234439
0.344574
0.62027
0.470111
0.06529
-0.320094
-0.482135
-0.384623
-0.135932
0.14191
0.290765
0.349865
0.234596
0.135173
-0.0216957
-0.119308
99.9957
99.7674
100.229
100.515
99.5863
99.0617
100.51
101.636
99.6142
97.1017
99.6148
105.696
104.128
84.5761
49.9633
15.67
-3.79178
-6.22152
-0.580733
3.16659
1.92839
-1.09146
-2.07804
-0.569037
1.22034
1.40275
0.14925
-1.03858
-1.06704
-0.129017
0.784781
0.915676
0.297026
-0.464675
-0.784871
-0.517031
0.0549649
0.515325
0.605812
0.352179
-0.0542228
-0.360405
-0.472894
-0.34839
-0.137331
0.101821
0.254907
0.280727
0.291848
0.127181
100.102
99.845
99.7289
100.394
100.526
99.4002
99.047
100.717
101.686
99.3974
96.9855
99.8105
105.895
104.004
84.3084
49.958
15.9465
-3.62414
-6.40274
-0.873548
3.14729
2.21343
-0.850818
-2.17198
-0.892261
1.02904
1.55152
0.483338
-0.855544
-1.21147
-0.464184
0.559499
0.990446
0.605388
-0.167723
-0.717166
-0.719799
-0.271069
0.2704
0.588302
0.548543
0.254469
-0.108919
-0.370573
-0.427343
-0.360619
-0.134533
-0.000611994
0.193469
0.215967
100.049
100.124
99.6908
99.754
100.562
100.483
99.207
99.0777
100.94
101.703
99.1577
96.8874
100.031
106.094
103.862
84.0272
49.9522
16.2363
-3.43679
-6.57772
-1.18905
3.09346
2.49384
-0.568099
-2.21623
-1.21728
0.773973
1.63367
0.820286
-0.590744
-1.26471
-0.784923
0.248179
0.942299
0.851599
0.184251
-0.510319
-0.788271
-0.562021
-0.0606967
0.402495
0.5878
0.498541
0.1886
-0.098523
-0.34286
-0.387079
-0.33545
-0.230095
-0.0196855
99.9377
100.192
100.076
99.5503
99.8392
100.719
100.385
99.0167
99.1561
101.171
101.682
98.8978
96.8104
100.278
106.291
103.702
83.732
49.946
16.5396
-3.22873
-6.74435
-1.5261
3.00219
2.76338
-0.246123
-2.20385
-1.53101
0.460727
1.63687
1.13679
-0.256826
-1.21146
-1.05469
-0.119694
0.764262
0.989948
0.533874
-0.190741
-0.69286
-0.744194
-0.392451
0.0807573
0.455461
0.564748
0.444216
0.205593
-0.0922888
-0.21793
-0.379936
-0.270414
99.9238
99.9979
100.305
99.9672
99.4407
99.9786
100.851
100.236
98.8402
99.2832
101.404
101.621
98.6208
96.758
100.549
106.485
103.522
83.4225
49.9392
16.8564
-2.9989
-6.90044
-1.88331
2.87081
3.01549
0.111024
-2.12908
-1.81949
0.098411
1.55232
1.40837
0.126259
-1.04513
-1.2384
-0.503653
0.467185
0.987911
0.815324
0.192105
-0.444348
-0.752748
-0.644126
-0.277305
0.167087
0.424506
0.548817
0.395376
0.247047
0.0107146
-0.162927
100.01
99.8317
100.113
100.368
99.8131
99.3781
100.162
100.944
100.04
98.6887
99.459
101.631
101.517
98.3305
96.7337
100.846
106.674
103.322
83.0986
49.9319
17.187
-2.74625
-7.04372
-2.25899
2.69702
3.24338
0.497973
-1.98774
-2.06844
-0.300401
1.37578
1.61113
0.532276
-0.770205
-1.30629
-0.857592
0.0831236
0.830158
0.972548
0.563532
-0.0845488
-0.568944
-0.744754
-0.548195
-0.215755
0.157975
0.398887
0.438909
0.458055
0.201762
100.073
99.8957
99.8043
100.26
100.368
99.6321
99.3754
100.377
100.985
99.8043
98.5736
99.6812
101.843
101.366
98.0313
96.7407
101.167
106.857
103.1
82.7601
49.924
17.5314
-2.46967
-7.17163
-2.65108
2.47878
3.43984
0.907913
-1.77719
-2.26331
-0.719636
1.10784
1.72309
0.929329
-0.402046
-1.23809
-1.13281
-0.3385
0.52413
0.968947
0.833562
0.32697
-0.245976
-0.622214
-0.670079
-0.528628
-0.160848
0.0459768
0.340082
0.348833
100.041
100.079
99.7685
99.8502
100.41
100.296
99.4467
99.4408
100.606
100.965
99.5396
98.5055
99.9462
102.031
101.17
97.7285
96.7827
101.512
107.03
102.855
82.4066
49.9154
17.8898
-2.16797
-7.28154
-3.0572
2.21445
3.5976
1.33276
-1.49687
-2.39033
-1.14033
0.754781
1.72681
1.28198
0.0338297
-1.02952
-1.28156
-0.743223
0.114357
0.78037
0.94475
0.686202
0.145803
-0.288305
-0.61591
-0.60326
-0.482427
-0.267318
0.0427705
99.964
100.149
100.009
99.6628
99.9663
100.533
100.155
99.2816
99.577
100.83
100.876
99.259
98.4939
100.248
102.187
100.926
97.4276
96.8628
101.88
107.192
102.586
82.038
49.9061
18.2623
-1.84008
-7.37074
-3.47451
1.9031
3.70938
1.76297
-1.14888
-2.4369
-1.5412
0.330054
1.61025
1.55557
0.498786
-0.690367
-1.27145
-1.06781
-0.33156
0.416984
0.878888
0.864837
0.549894
0.102762
-0.322867
-0.465047
-0.630157
-0.377759
99.9362
100.042
100.214
99.8794
99.6101
100.138
100.604
99.9552
99.1612
99.7798
101.027
100.717
98.9779
98.5466
100.578
102.3
100.636
97.135
96.9841
102.268
107.34
102.291
81.654
49.8959
18.649
-1.48475
-7.43618
-3.89973
1.54415
3.7678
2.18765
-0.737594
-2.39209
-1.89914
-0.146836
1.36822
1.71871
0.943684
-0.24185
-1.09728
-1.23602
-0.758425
-0.0336242
0.599172
0.834059
0.823229
0.428565
0.157704
-0.243555
-0.386783
99.9816
99.8992
100.162
100.207
99.7209
99.6331
100.338
100.599
99.7151
99.1073
100.038
101.178
100.489
98.7134
98.669
100.927
102.363
100.302
96.8573
97.1495
102.677
107.472
101.97
81.2543
49.8849
19.05
-1.10068
-7.47491
-4.32937
1.1377
3.76608
2.5949
-0.269889
-2.2487
-2.18981
-0.65266
1.00894
1.74116
1.32521
0.264298
-0.759685
-1.21244
-1.08451
-0.473827
0.123462
0.645263
0.783745
0.69951
0.522033
0.0898806
100.042
99.8774
99.9425
100.282
100.118
99.5715
99.7411
100.535
100.507
99.4618
99.1366
100.335
101.262
100.199
98.4837
98.8638
101.282
102.367
99.9273
96.6019
97.3616
103.102
107.585
101.621
80.8387
49.8729
19.4656
-0.686715
-7.48372
-4.75929
0.68491
3.6976
2.97181
0.243349
-2.00207
-2.39046
-1.15627
0.549391
1.6039
1.60003
0.75574
-0.271292
-1.01963
-1.18165
-0.877239
-0.354324
0.251854
0.493019
0.79726
0.548607
100.054
99.9843
99.8023
100.059
100.355
99.9573
99.471
99.928
100.692
100.327
99.2269
99.2585
100.645
101.263
99.8595
98.3066
99.1301
101.63
102.305
99.5173
96.3761
97.6225
103.542
107.675
101.243
80.4065
49.8597
19.896
-0.241249
-7.45887
-5.18484
0.187273
3.55573
3.30468
0.788236
-1.64957
-2.48249
-1.61742
0.00601598
1.31697
1.70225
1.19586
0.271511
-0.632232
-1.04061
-1.13257
-0.682491
-0.33556
0.183848
0.447721
100.011
100.097
99.8718
99.7977
100.217
100.349
99.7529
99.4535
100.172
100.774
100.071
99.0434
99.473
100.942
101.17
99.4885
98.1993
99.4636
101.956
102.171
99.0781
96.1878
97.9339
103.995
107.74
100.833
79.9574
49.8452
20.3414
0.237252
-7.39703
-5.60095
-0.353107
3.3362
3.57807
1.35089
-1.19935
-2.44386
-2.00659
-0.576955
0.886018
1.60541
1.52792
0.760741
-0.0441044
-0.7707
-1.02349
-0.945295
-0.761317
-0.186723
99.9609
100.107
100.058
99.7541
99.8827
100.37
100.245
99.5481
99.5393
100.436
100.755
99.7633
98.9424
99.7697
101.196
100.979
99.1075
98.1768
99.8561
102.245
101.961
98.6176
96.0452
98.2971
104.456
107.777
100.392
79.491
49.8294
20.802
0.749859
-7.29427
-6.00183
-0.931635
3.03473
3.77711
1.91139
-0.664389
-2.25737
-2.29698
-1.13066
0.30642
1.35678
1.60959
1.2131
0.520866
-0.300835
-0.63409
-1.05482
-0.743217
99.9516
100.017
100.175
99.9415
99.6862
100.048
100.466
100.05
99.3925
99.7302
100.675
100.622
99.4407
98.9485
100.128
101.376
100.692
98.7418
98.2509
100.295
102.479
101.674
98.1453
95.956
98.7126
104.921
107.783
99.9158
79.0066
49.8116
21.2781
1.29842
-7.14577
-6.38161
-1.54252
2.64511
3.89111
2.43923
-0.0465243
-1.93749
-2.42234
-1.64403
-0.32452
0.913269
1.44342
1.53069
0.896979
0.419158
-0.282105
-0.6194
99.9861
99.9193
100.126
100.165
99.7852
99.7111
100.254
100.462
99.7973
99.3317
100.006
100.843
100.378
99.1458
99.0761
100.517
101.456
100.32
98.4189
98.429
100.765
102.644
101.31
97.6718
95.9285
99.1809
105.388
107.752
99.4038
78.503
49.7922
21.7703
1.88574
-6.94841
-6.73221
-2.18361
2.17047
3.89984
2.92029
0.622591
-1.47863
-2.35897
-2.07826
-0.903202
0.225848
1.17843
1.43007
1.26746
0.947456
0.171525
100.03
99.8986
99.974
100.229
100.059
99.6496
99.8444
100.444
100.337
99.5382
99.3969
100.327
100.897
100.044
98.924
99.3263
100.899
101.415
99.8835
98.1672
98.7132
101.245
102.723
100.871
97.2099
95.9705
99.7006
105.85
107.682
98.854
77.9803
49.7705
22.2784
2.51214
-6.69719
-7.04538
-2.84598
1.61489
3.7833
3.34066
1.28214
-0.846482
-2.16986
-2.25738
-1.51009
-0.435756
0.652973
1.0418
1.50127
0.965949
100.045
99.9623
99.8555
100.101
100.262
99.8792
99.5969
100.066
100.554
100.102
99.3356
99.5958
100.636
100.812
99.6592
98.8165
99.6848
101.231
101.242
99.4106
98.0135
99.0992
101.713
102.704
100.364
96.7732
96.0896
100.27
106.303
107.568
98.2643
77.4377
49.746
22.8036
3.17772
-6.3837
-7.31869
-3.50838
0.962088
3.56043
3.62507
1.95898
-0.148788
-1.75794
-2.21659
-2.01594
-0.93302
-0.232575
0.745415
1.01086
100.024
100.05
99.8594
99.9045
100.243
100.184
99.6846
99.6689
100.321
100.535
99.7963
99.2483
99.9074
100.873
100.581
99.2775
98.8539
100.122
101.47
100.935
98.9356
97.9809
99.5764
102.142
102.574
99.7961
96.3757
96.293
100.889
106.742
107.404
97.6307
76.8711
49.7194
23.3459
3.89289
-6.00809
-7.53323
-4.18053
0.231987
3.19904
3.76626
2.62099
0.549843
-1.03164
-2.12183
-2.05245
-1.60405
-0.883286
0.135517
99.987
100.094
99.9677
99.7952
100.046
100.326
99.9996
99.5522
99.8688
100.533
100.367
99.4904
99.3164
100.282
100.979
100.223
98.9597
99.0504
100.591
101.578
100.51
98.4999
98.0866
100.125
102.506
102.327
99.1824
96.0341
96.5853
101.551
107.158
107.19
96.9532
76.2821
49.6871
23.9031
4.65441
-5.56448
-7.66974
-4.85566
-0.531061
2.63309
3.83472
3.04646
1.42684
-0.338361
-1.60868
-1.88587
-2.11489
-1.08274
99.9618
100.067
100.09
99.8403
99.8319
100.225
100.288
99.7628
99.5496
100.154
100.626
100.07
99.2643
99.5494
100.647
100.914
99.7859
98.7663
99.3999
101.037
101.524
99.9931
98.1476
98.3422
100.719
102.774
101.956
98.5395
95.7685
96.9746
102.25
107.541
106.914
96.2288
75.6766
49.6513
24.4848
5.44412
-5.03114
-7.76775
-5.44718
-1.40377
2.02052
3.64269
3.37931
2.22396
0.315731
-0.647787
-1.87859
-1.66504
99.9643
99.9977
100.142
99.9885
99.7491
99.9824
100.359
100.114
99.56
99.7061
100.443
100.549
99.7083
99.189
99.9172
100.925
100.667
99.3333
98.7434
99.8731
101.402
101.294
99.421
97.9166
98.7475
101.33
102.924
101.461
97.8796
95.5901
97.4676
102.99
107.891
106.569
95.4456
75.0302
49.6174
25.0835
6.31802
-4.4223
-7.75643
-6.02347
-2.34735
1.29573
3.12301
3.75035
2.58916
1.49533
-0.0196328
-1.08458
99.9894
99.9353
100.099
100.132
99.8328
99.7701
100.195
100.363
99.8496
99.4829
99.9942
100.638
100.298
99.3757
99.3072
100.349
101.04
100.265
98.9492
98.9163
100.411
101.625
100.896
98.8524
97.8436
99.2828
101.913
102.933
100.859
97.2337
95.5127
98.0515
103.752
108.202
106.17
94.6143
74.353
49.556
25.6773
7.2497
-3.73582
-7.54653
-6.60533
-3.11691
0.169101
2.67436
3.42043
3.05739
2.35044
0.596427
100.019
99.9176
100
100.183
100.01
99.7161
99.9284
100.371
100.203
99.5931
99.5911
100.332
100.651
99.9209
99.176
99.6211
100.747
100.937
99.7644
98.7192
99.2902
100.942
101.646
100.348
98.3532
97.9711
99.9306
102.414
102.763
100.154
96.6432
95.5814
98.7434
104.513
108.423
105.678
93.7292
73.7003
49.5013
26.3492
8.12941
-2.90301
-7.44454
-6.91705
-4.06922
-0.738985
2.02453
2.86496
3.69569
2.14582
100.035
99.947
99.9108
100.128
100.165
99.8239
99.7273
100.173
100.41
99.9166
99.454
99.8753
100.609
100.453
99.5123
99.1808
100.076
101.019
100.615
99.2484
98.6955
99.8291
101.397
101.449
99.6894
97.9636
98.3022
100.67
102.819
102.411
99.3427
96.0934
95.7882
99.5699
105.319
108.602
105.061
92.7395
72.923
49.478
27.025
9.25668
-1.96667
-7.09201
-7.19285
-5.21983
-1.60176
0.446812
2.82792
2.96972
100.031
100.003
99.8747
100.008
100.221
100.019
99.6849
99.8952
100.384
100.263
99.6176
99.5155
100.245
100.706
100.084
99.2082
99.4147
100.553
101.072
100.132
98.841
98.9051
100.435
101.68
101.05
99.0236
97.7537
98.8
101.402
103.074
101.921
98.519
95.6348
96.0971
100.423
106.112
108.746
104.471
91.7293
72.1181
49.3003
27.5521
10.3663
-1.0378
-6.14405
-7.46758
-5.28721
-3.12519
-0.372771
1.43737
100.012
100.051
99.9069
99.8979
100.158
100.181
99.8087
99.7044
100.165
100.434
99.9571
99.447
99.7996
100.567
100.543
99.6375
99.1351
99.8632
100.923
100.835
99.5604
98.6638
99.3806
101.021
101.682
100.426
98.4323
97.8366
99.5104
102.064
103.048
101.197
97.7048
95.4132
96.6721
101.377
106.774
108.626
103.684
90.6479
71.5381
49.2382
28.4954
11.1816
0.224145
-6.07732
-7.33647
-6.13684
-4.25002
-0.531562
99.9905
100.072
99.9728
99.8425
100.039
100.251
99.9945
99.6564
99.9061
100.408
100.271
99.6103
99.492
100.218
100.723
100.156
99.2413
99.3215
100.422
101.103
100.355
98.9955
98.7318
100.05
101.537
101.432
99.6308
97.9113
98.1529
100.408
102.718
102.837
100.248
96.7722
95.2541
97.4545
102.602
107.59
108.532
102.574
89.285
70.3582
49.265
29.2371
13.0004
1.87537
-4.89417
-6.64111
-7.73038
-4.69532
99.9729
100.06
100.052
99.8599
99.8997
100.204
100.185
99.768
99.6879
100.192
100.463
99.9568
99.4164
99.7628
100.57
100.609
99.6991
99.0874
99.7227
100.867
100.991
99.7881
98.6606
99.0581
100.696
101.782
100.979
98.9211
97.6579
98.6295
101.203
103.127
102.495
99.3954
96.071
95.1955
98.1495
103.53
108.323
108.457
101.998
88.1338
69.5285
48.7018
29.298
13.9081
2.35215
-2.7145
-6.72507
-4.92775
99.9709
100.026
100.091
99.9322
99.8361
100.082
100.252
99.9512
99.6537
99.9458
100.413
100.239
99.6071
99.5171
100.211
100.694
100.177
99.3
99.3087
100.314
101.049
100.483
99.1853
98.7113
99.7556
101.274
101.574
100.154
98.3053
97.894
99.5464
101.982
103.056
101.578
98.3473
95.7027
95.8411
99.3764
104.558
108.455
107.561
100.636
86.7835
69.4265
48.944
31.4815
14.6166
4.72132
-3.75351
-6.97734
99.9743
99.9899
100.109
100.01
99.8079
99.9573
100.268
100.125
99.6848
99.734
100.294
100.45
99.8473
99.3826
99.8524
100.648
100.57
99.6105
99.0631
99.7721
100.918
101.008
99.7831
98.6321
98.985
100.617
101.812
101.175
99.1459
97.6429
98.2499
100.684
102.972
103.039
100.482
96.8927
94.9398
96.3384
100.96
106.382
109.413
107.281
98.6003
84.6505
66.5083
48.5951
31.0339
17.9432
8.13729
0.792621
99.992
99.9526
100.073
100.097
99.8764
99.8317
100.144
100.266
99.8889
99.6224
99.9967
100.464
100.216
99.5483
99.5001
100.249
100.743
100.192
99.2612
99.2363
100.275
101.114
100.624
99.254
98.5784
99.496
101.157
101.806
100.606
98.552
97.5808
98.7883
101.37
103.254
102.692
99.7914
96.293
94.8888
96.6643
101.726
106.699
109.979
106.763
99.0367
83.6332
67.0052
47.3866
30.105
17.1804
2.8986
100.002
99.9489
100.038
100.109
99.9397
99.8219
100.051
100.256
100.009
99.6758
99.8668
100.344
100.319
99.7448
99.4831
100.006
100.613
100.393
99.5538
99.2155
99.9167
100.846
100.815
99.738
98.8074
99.1513
100.538
101.557
101.066
99.3723
98.0043
98.321
100.269
102.365
102.851
101.089
98.0408
95.7714
95.9368
99.0746
103.681
107.682
108.286
104.161
95.1831
81.3512
67.2377
48.9608
38.7999
20.2908
100.018
99.9348
99.989
100.146
100.028
99.7769
99.9149
100.283
100.195
99.703
99.6432
100.217
100.533
100.003
99.3643
99.6325
100.525
100.774
99.9187
99.0352
99.3533
100.603
101.265
100.42
98.9143
98.4602
99.7176
101.507
101.972
100.456
98.2046
97.2872
98.7216
101.599
103.649
103.175
100.002
96.2604
94.0524
95.7311
100.11
106.459
110.186
110.404
104.303
92.3945
78.413
57.9703
46.645
23.3644
100.022
99.9666
99.9434
100.081
100.105
99.8897
99.8271
100.107
100.259
99.9499
99.656
99.918
100.381
100.288
99.6984
99.4841
100.04
100.633
100.392
99.5452
99.1919
99.8765
100.838
100.889
99.8482
98.8141
98.9802
100.319
101.544
101.373
99.7875
98.1206
97.8866
99.506
101.855
103.181
102.267
99.4865
96.4166
95.0115
96.6065
100.326
105.808
108.13
110.039
102.279
97.8943
78.436
73.091
46.7714
)
;

boundaryField
{
    left
    {
        type            fixedValue;
        value           uniform 100;
    }
    right
    {
        type            zeroGradient;
    }
    up
    {
        type            zeroGradient;
    }
    down
    {
        type            fixedValue;
        value           uniform 0;
    }
    frontAndBack
    {
        type            empty;
    }
}


// ************************************************************************* //
