/*--------------------------------*- C++ -*----------------------------------*\
  =========                 |
  \\      /  F ield         | OpenFOAM: The Open Source CFD Toolbox
   \\    /   O peration     | Website:  https://openfoam.org
    \\  /    A nd           | Version:  8
     \\/     M anipulation  |
\*---------------------------------------------------------------------------*/
FoamFile
{
    version     2.0;
    format      ascii;
    class       volScalarField;
    location    "0.76";
    object      T;
}
// * * * * * * * * * * * * * * * * * * * * * * * * * * * * * * * * * * * * * //

dimensions      [0 0 0 1 0 0 0];

internalField   nonuniform List<scalar> 
2500
(
50
4.6535
-4.65306
-1.18513
1.18307
0.459576
-0.453579
-0.233255
0.219964
0.146462
-0.121841
-0.109308
0.0693777
0.0916087
-0.0337245
-0.0801128
0.00470485
0.0676056
0.0199167
-0.049875
-0.0382915
0.0259544
0.0465021
0.000968758
-0.0404907
-0.0249843
0.0217752
0.0359181
0.00467034
-0.0291751
-0.0263734
0.00851244
0.0282925
0.0176444
-0.0129553
-0.0272938
-0.0100115
0.0112606
0.025377
0.0098448
-0.0127709
-0.0177985
-0.015092
0.0088783
0.0190555
0.00985092
0.00456373
-0.0162353
-0.016885
-0.000786749
95.3466
49.9998
10.4914
-4.65162
-2.82733
1.17807
1.1459
-0.441706
-0.599309
0.197204
0.377651
-0.0841254
-0.27105
0.0137906
0.207192
0.0397554
-0.15517
-0.0819989
0.101116
0.10884
-0.0408156
-0.113657
-0.0194521
0.0902707
0.0669691
-0.0412189
-0.086603
-0.0164226
0.0649603
0.0627896
-0.0154082
-0.0685803
-0.0372562
0.0274465
0.0644465
0.0226089
-0.0337352
-0.0512693
-0.0248305
0.0365164
0.0442032
0.0206769
-0.0162646
-0.0520285
-0.0190958
0.00791402
0.0278329
0.0447882
-0.00333216
-0.0206664
104.653
89.5086
49.9995
12.1335
-4.64865
-3.51359
1.16909
1.51236
-0.422592
-0.831872
0.163577
0.542228
-0.0324233
-0.391295
-0.0569726
0.288616
0.126156
-0.195899
-0.174167
0.0985312
0.190892
0.00187769
-0.167091
-0.0874253
0.0988834
0.137174
-0.00626898
-0.127106
-0.0784418
0.0574751
0.118437
0.0296753
-0.0774678
-0.0949044
-0.00831884
0.0868745
0.0706094
0.00277415
-0.0771127
-0.0725144
0.00964141
0.0511147
0.0743951
0.0130088
-0.0575234
-0.0460849
-0.0435783
0.0226419
0.0695924
0.0221247
101.185
104.652
87.8665
49.9991
12.8198
-4.64361
-3.88069
1.15516
1.74681
-0.395011
-1.00035
0.117962
0.669005
0.0335944
-0.482053
-0.141654
0.340412
0.221721
-0.204264
-0.265141
0.0625789
0.258216
0.0706296
-0.190568
-0.166915
0.0714965
0.196066
0.0568844
-0.133853
-0.149924
0.0160938
0.149192
0.0955458
-0.0467789
-0.142906
-0.0641358
0.0645597
0.114168
0.0674165
-0.0702998
-0.100293
-0.0540202
0.0247812
0.114094
0.051553
-0.0105912
-0.0553234
-0.103401
-0.00332417
0.0426827
98.8165
102.827
104.65
87.1801
49.9986
13.1874
-4.636
-4.11686
1.13538
1.91929
-0.35787
-1.13436
0.059539
0.770861
0.113686
-0.548229
-0.238289
0.364286
0.321584
-0.181277
-0.348361
-0.00231655
0.303032
0.156798
-0.179211
-0.246065
0.0127053
0.22806
0.139243
-0.10394
-0.2111
-0.0516534
0.138828
0.168396
0.0135
-0.154905
-0.124832
-0.00379148
0.137358
0.127934
-0.0180381
-0.0911195
-0.131467
-0.0219684
0.102354
0.0814565
0.0765354
-0.0410726
-0.123132
-0.038693
99.5407
98.8207
103.514
104.646
86.8124
49.9979
13.4247
-4.62535
-4.29257
1.10888
2.06008
-0.31021
-1.2476
-0.0121485
0.853416
0.207149
-0.591512
-0.34402
0.360632
0.42034
-0.128345
-0.417524
-0.0897037
0.317888
0.252045
-0.133793
-0.310393
-0.0713695
0.223206
0.228122
-0.0429102
-0.239234
-0.138689
0.087615
0.225388
0.0876451
-0.111701
-0.179097
-0.0939157
0.120679
0.155336
0.0766792
-0.0498056
-0.179977
-0.0718423
0.0234474
0.0927837
0.157772
-0.00526268
-0.0698275
100.454
98.8541
98.8286
103.881
104.64
86.575
49.9971
13.6023
-4.61117
-4.43864
1.07485
2.18363
-0.251235
-1.34656
-0.0972103
0.91871
0.312843
-0.612229
-0.45497
0.329087
0.51302
-0.048935
-0.465421
-0.193153
0.298693
0.34641
-0.0589948
-0.344851
-0.174832
0.182135
0.30272
0.0438542
-0.220719
-0.233202
0.0102246
0.23643
0.166267
-0.018481
-0.211209
-0.169033
0.0467304
0.141969
0.183089
0.00773501
-0.157225
-0.114392
-0.0978848
0.0802669
0.176661
0.0464015
100.233
100.443
98.4871
98.8412
104.118
104.631
86.3972
49.9962
13.7513
-4.59302
-4.57003
1.03253
2.29718
-0.180389
-1.43399
-0.195584
0.967203
0.428807
-0.609727
-0.567072
0.269914
0.594544
0.0518407
-0.484575
-0.307163
0.247155
0.425508
0.041924
-0.341622
-0.286188
0.111092
0.339039
0.154336
-0.161334
-0.308799
-0.0803944
0.182334
0.243143
0.092375
-0.194421
-0.205071
-0.0806026
0.0999203
0.247405
0.0712206
-0.0517913
-0.143776
-0.201477
0.0377183
0.103276
99.7792
100.6
100.425
98.2519
98.8596
104.294
104.619
86.2478
49.9951
13.8872
-4.57047
-4.69456
0.981209
2.40444
-0.0972667
-1.51073
-0.306991
0.998646
0.552189
-0.582506
-0.677001
0.185652
0.657901
0.17017
-0.471417
-0.423264
0.166818
0.47449
0.166807
-0.3039
-0.382638
0.0105604
0.326237
0.277804
-0.0774882
-0.330094
-0.183296
0.0746902
0.298643
0.18307
-0.103748
-0.204214
-0.220792
0.041137
0.22162
0.140017
0.0989717
-0.147479
-0.224347
-0.0395
99.8537
99.8008
100.833
100.399
98.0784
98.8844
104.441
104.602
86.1116
49.9939
14.0179
-4.54303
-4.81657
0.920277
2.50698
-0.00139398
-1.57678
-0.43038
1.0117
0.680377
-0.529912
-0.780628
0.079658
0.695587
0.303311
-0.42789
-0.526766
0.0567064
0.487793
0.304498
-0.235928
-0.439211
-0.123521
0.27471
0.381956
0.0254422
-0.278568
-0.295769
-0.048273
0.293626
0.238754
0.0551313
-0.180568
-0.307484
-0.0386048
0.0995339
0.207597
0.22285
-0.101617
-0.141528
100.123
99.6214
99.8333
101.003
100.363
97.9362
98.9167
104.574
104.582
85.9805
49.9926
14.1482
-4.5103
-4.93833
0.849149
2.60528
0.107475
-1.63164
-0.563909
1.00411
0.811562
-0.453804
-0.870733
-0.0473206
0.704997
0.443255
-0.35496
-0.603486
-0.0845771
0.470374
0.429069
-0.130417
-0.449269
-0.27905
0.198836
0.425502
0.157177
-0.17333
-0.388319
-0.152917
0.194297
0.27108
0.228416
-0.132675
-0.288003
-0.148842
-0.0684865
0.243037
0.253463
0.0120628
100.109
100.086
99.4552
99.8778
101.139
100.317
97.811
98.9571
104.7
104.557
85.8498
49.991
14.2809
-4.47209
-5.06088
0.767092
2.69969
0.228617
-1.67365
-0.706491
0.975141
0.942444
-0.356061
-0.940163
-0.1952
0.688934
0.574479
-0.246542
-0.651656
-0.244632
0.422639
0.516083
0.022515
-0.428337
-0.415592
0.0921596
0.394311
0.315326
-0.0565461
-0.406587
-0.238583
0.0132096
0.290364
0.33751
-0.0369237
-0.166687
-0.274767
-0.200116
0.198837
0.176252
99.9294
100.273
100.035
99.3265
99.9353
101.254
100.259
97.6954
99.0065
104.823
104.527
85.7167
49.9893
14.4179
-4.42816
-5.18488
0.673391
2.7904
0.361079
-1.70046
-0.858352
0.926451
1.06651
-0.23431
-0.988249
-0.356938
0.645489
0.685572
-0.0979234
-0.678065
-0.396014
0.327897
0.566913
0.207753
-0.384557
-0.490938
-0.0672555
0.317353
0.457697
0.0517873
-0.313296
-0.327959
-0.182192
0.273493
0.336394
0.126668
-0.00829293
-0.36145
-0.240083
0.0442464
99.9078
99.9844
100.395
99.9697
99.2222
100.006
101.356
100.19
97.5858
99.0654
104.947
104.491
85.5794
49.9874
14.5603
-4.37765
-5.31095
0.567773
2.87586
0.505692
-1.71125
-1.01708
0.85687
1.17857
-0.08642
-1.01659
-0.51858
0.562325
0.779658
0.0771409
-0.674083
-0.520551
0.171126
0.598893
0.37859
-0.291079
-0.501577
-0.273859
0.229856
0.514674
0.175909
-0.130085
-0.41645
-0.312847
0.165425
0.245432
0.329714
0.114384
-0.326824
-0.197833
100.035
99.79
100.055
100.489
99.8895
99.1368
100.091
101.446
100.107
97.4805
99.1342
105.073
104.449
85.4371
49.9845
14.7088
-4.32021
-5.43834
0.450146
2.95357
0.663185
-1.70692
-1.17521
0.760093
1.28022
0.0780827
-1.01614
-0.673085
0.43426
0.860908
0.248823
-0.60989
-0.628872
-0.0230867
0.603384
0.494172
-0.115149
-0.482988
-0.461941
0.126159
0.446785
0.339747
0.0622996
-0.439621
-0.342743
-0.0578204
0.130943
0.469762
0.167516
-0.123959
100.081
99.9612
99.706
100.14
100.558
99.7955
99.0684
100.189
101.527
100.012
97.3794
99.2133
105.201
104.4
85.2903
49.9806
14.8644
-4.25768
-5.56498
0.319399
3.02496
0.829686
-1.6861
-1.32897
0.634833
1.37461
0.243025
-0.971033
-0.829982
0.283052
0.912443
0.405739
-0.474142
-0.739775
-0.197623
0.537479
0.567291
0.120186
-0.463107
-0.550469
-0.0346634
0.300715
0.511099
0.182942
-0.326662
-0.313884
-0.326748
0.0604718
0.440767
0.176682
99.9945
100.159
99.8737
99.6518
100.238
100.604
99.6885
99.017
100.301
101.596
99.9027
97.2828
99.3041
105.331
104.343
85.138
49.9764
15.029
-4.19087
-5.69122
0.17325
3.09369
1.00148
-1.64322
-1.48552
0.489749
1.45365
0.411039
-0.880387
-0.996225
0.13224
0.903622
0.575863
-0.301352
-0.833592
-0.334911
0.370663
0.648436
0.339848
-0.406588
-0.533464
-0.279859
0.167053
0.605775
0.246052
-0.0700104
-0.311481
-0.524641
0.0175785
0.229616
99.9308
100.083
100.202
99.7759
99.6258
100.347
100.627
99.5697
98.9828
100.426
101.656
99.7793
97.1899
99.4065
105.466
104.277
84.978
49.9704
15.2033
-4.11509
-5.81923
0.0117437
3.15276
1.18409
-1.57585
-1.64357
0.326763
1.4988
0.600796
-0.761676
-1.14055
-0.0367483
0.826887
0.770662
-0.129719
-0.840344
-0.482583
0.132933
0.724949
0.48388
-0.225911
-0.473587
-0.549872
0.0602139
0.520993
0.337098
0.257987
-0.320105
-0.539059
-0.108117
99.9801
99.8952
100.177
100.212
99.6726
99.6272
100.461
100.628
99.4421
98.9662
100.562
101.705
99.6432
97.1021
99.5174
105.605
104.205
84.814
49.9585
15.3849
-4.02922
-5.9449
-0.15946
3.18834
1.38281
-1.49585
-1.77479
0.133029
1.51103
0.798039
-0.628184
-1.21262
-0.25634
0.726072
0.92047
0.0444948
-0.723822
-0.665041
-0.075739
0.693143
0.54934
0.0769946
-0.424926
-0.676576
-0.0689951
0.246959
0.459934
0.469254
-0.235382
-0.310727
100.052
99.8885
99.8962
100.272
100.191
99.57
99.6567
100.577
100.604
99.3102
98.9705
100.704
101.739
99.4955
97.0248
99.6363
105.746
104.12
84.653
49.9419
15.5758
-3.94568
-6.06256
-0.337744
3.20902
1.59042
-1.41943
-1.86335
-0.100157
1.5291
0.956424
-0.467755
-1.23172
-0.510156
0.65812
0.956849
0.263241
-0.574573
-0.838361
-0.184427
0.506981
0.623123
0.35283
-0.410651
-0.588299
-0.264351
-0.0171626
0.575807
0.42973
-0.0419066
100.039
100.044
99.8035
99.9322
100.358
100.138
99.4739
99.7163
100.69
100.553
99.1749
99.0002
100.855
101.756
99.3311
96.9605
99.77
105.89
104.016
84.4888
49.9268
15.7859
-3.86599
-6.18137
-0.535417
3.23411
1.80553
-1.32983
-1.94374
-0.368076
1.56034
1.07994
-0.241461
-1.27116
-0.75452
0.57507
0.92719
0.571476
-0.478358
-0.935178
-0.307017
0.223451
0.79153
0.522354
-0.31639
-0.432096
-0.595693
-0.148824
0.603286
0.331532
99.9727
100.118
99.9996
99.7325
99.9997
100.431
100.055
99.3868
99.8044
100.799
100.476
99.0344
99.053
101.017
101.761
99.1464
96.9021
99.9174
106.048
103.898
84.3084
49.9057
16.0115
-3.75945
-6.3103
-0.754179
3.23069
2.0394
-1.19145
-2.026
-0.647768
1.51489
1.21796
0.0445732
-1.28623
-0.950945
0.34496
0.894159
0.883864
-0.332535
-0.859476
-0.56943
-0.0887974
0.867647
0.598285
0.0531259
-0.266864
-0.886178
-0.265763
0.263386
99.9514
100.02
100.175
99.9279
99.6823
100.091
100.486
99.9508
99.3145
99.9134
100.898
100.38
98.8959
99.1228
101.178
101.761
98.9521
96.8515
100.058
106.219
103.778
84.1313
49.8643
16.2276
-3.62068
-6.43585
-0.948691
3.14675
2.29105
-1.04971
-2.04307
-0.898233
1.35295
1.3708
0.255991
-1.14935
-1.08384
0.0303263
0.859946
0.968762
-0.0539484
-0.649504
-0.804331
-0.246029
0.617348
0.549951
0.472068
-0.14866
-0.726964
-0.282631
99.9998
99.9041
100.09
100.203
99.8394
99.6629
100.197
100.51
99.8322
99.2701
100.04
100.972
100.266
98.7753
99.2179
101.323
101.741
98.7565
96.8325
100.192
106.382
103.636
83.9857
49.8226
16.4409
-3.50354
-6.56317
-1.09614
3.02951
2.57062
-0.995086
-1.98632
-1.14918
1.2149
1.52997
0.326485
-0.906641
-1.27439
-0.150058
0.854421
0.87481
0.291733
-0.619874
-0.894224
-0.196646
0.259491
0.645079
0.606663
-0.269083
-0.366051
100.043
99.9312
99.8945
100.172
100.191
99.741
99.6834
100.314
100.495
99.6959
99.2622
100.193
101.015
100.117
98.6705
99.3574
101.465
101.683
98.5367
96.8494
100.357
106.54
103.447
83.8268
49.8098
16.6983
-3.39624
-6.72868
-1.28213
2.94346
2.9009
-0.932807
-1.94276
-1.50422
1.1322
1.68713
0.4947
-0.658613
-1.60782
-0.289937
0.741274
0.949858
0.751407
-0.720485
-0.928203
-0.423621
-0.103329
1.01669
0.719731
-0.110157
100.026
100.043
99.8559
99.9245
100.258
100.141
99.6374
99.7401
100.443
100.447
99.5414
99.2785
100.375
101.044
99.9391
98.5578
99.5299
101.625
101.617
98.2739
96.8628
100.551
106.737
103.253
83.5979
49.7897
16.9639
-3.18167
-6.91229
-1.53163
2.79038
3.20578
-0.684199
-1.90202
-1.84629
0.876441
1.71656
0.863635
-0.364161
-1.72107
-0.582532
0.304189
1.06279
1.12706
-0.407562
-0.671295
-0.922149
-0.55984
0.864239
0.639393
99.9764
100.093
100.007
99.7889
99.9855
100.334
100.064
99.5444
99.8197
100.562
100.379
99.3931
99.3093
100.552
101.062
99.7689
98.4476
99.697
101.771
101.579
98.0126
96.8697
100.698
106.961
103.103
83.3815
49.7321
17.1295
-2.87947
-7.07548
-1.65855
2.49671
3.40544
-0.40988
-1.82968
-1.88877
0.44503
1.66344
1.04402
-0.15226
-1.37299
-0.858973
-0.0119116
0.914455
0.937715
0.118461
-0.319606
-0.934676
-0.466614
0.180372
99.9614
100.015
100.139
99.9434
99.7519
100.069
100.373
99.9659
99.4903
99.9248
100.643
100.279
99.2814
99.3824
100.701
101.028
99.6132
98.3972
99.8703
101.855
101.512
97.7975
96.9422
100.806
107.125
102.918
83.2619
49.7185
17.2656
-2.67234
-7.29501
-1.6375
2.22953
3.67901
-0.348619
-1.83055
-1.83843
0.0848177
1.89103
0.9707
-0.0824013
-1.15186
-1.20442
0.219483
0.817765
0.74978
0.441498
-0.696573
-0.810325
-0.0994277
99.9959
99.9303
100.081
100.144
99.8573
99.7606
100.178
100.364
99.8344
99.4844
100.076
100.682
100.118
99.1932
99.5286
100.853
100.918
99.4183
98.4096
100.115
101.916
101.345
97.5628
97.0845
101.018
107.24
102.632
83.0808
49.7878
17.5567
-2.50551
-7.58792
-1.81577
2.05482
4.12643
-0.205371
-1.80902
-2.16007
-0.301362
2.19303
1.12194
0.358559
-1.26806
-1.78117
0.165685
0.588814
1.29846
1.05373
-0.967781
-0.845143
100.031
99.9324
99.9397
100.161
100.109
99.7551
99.8085
100.308
100.32
99.6734
99.5031
100.266
100.713
99.9146
99.0907
99.7133
101.044
100.789
99.1687
98.4007
100.42
102.033
101.162
97.2337
97.1823
101.321
107.44
102.386
82.702
49.8112
17.8599
-2.11604
-7.76359
-2.22594
1.77849
4.32654
0.309434
-1.5409
-2.48087
-0.782813
1.82583
1.38618
1.07941
-1.00105
-1.78589
-0.546277
-0.200497
1.47345
1.39513
-0.0348798
100.03
100.017
99.8678
99.9827
100.235
100.047
99.6633
99.8778
100.425
100.259
99.5267
99.5336
100.44
100.732
99.7347
98.9956
99.8731
101.212
100.701
98.9486
98.3622
100.662
102.16
101.077
96.9164
97.221
101.49
107.713
102.271
82.3817
49.7478
17.8914
-1.61638
-7.83539
-2.3461
1.43313
4.11266
0.785553
-1.39327
-2.19257
-1.00911
1.17715
1.43186
0.994951
-0.472403
-1.09689
-0.883929
-0.328821
0.797345
0.589715
99.9893
100.077
99.9712
99.8316
100.05
100.269
99.9625
99.6222
99.9727
100.485
100.162
99.4407
99.6161
100.559
100.677
99.5968
98.9909
100.029
101.265
100.59
98.815
98.4313
100.814
102.178
100.967
96.761
97.3566
101.537
107.858
102.063
82.3422
49.7622
17.9137
-1.37969
-8.12164
-2.16481
1.2263
4.19325
0.956464
-1.72465
-1.84978
-1.23173
1.28173
1.71998
0.421872
-0.252248
-1.29545
-1.0124
0.589613
0.592745
99.9694
100.038
100.086
99.9013
99.8469
100.142
100.242
99.8444
99.6469
100.118
100.482
99.9919
99.4033
99.7946
100.661
100.509
99.4305
99.0961
100.27
101.241
100.345
98.6836
98.6599
101.042
102.109
100.65
96.6457
97.631
101.791
107.863
101.624
82.2259
49.8794
18.3707
-1.26562
-8.52075
-2.41946
0.970471
4.80919
1.27732
-1.74582
-2.11102
-2.08167
1.54013
2.10478
0.916027
0.377484
-2.23231
-1.63883
0.248952
99.9803
99.9714
100.104
100.048
99.8156
99.9094
100.256
100.169
99.6948
99.7095
100.308
100.457
99.7646
99.3634
100.032
100.802
100.292
99.1964
99.2065
100.605
101.265
100.026
98.4465
98.8824
101.433
102.109
100.271
96.3142
97.8659
102.262
108.021
101.257
81.6873
49.8877
18.8858
-0.79324
-8.51008
-3.1408
0.485954
4.91531
1.85506
-0.867035
-2.31067
-2.75587
0.804663
1.52813
1.90416
1.36829
-1.71468
-1.40239
100.015
99.9256
100.011
100.165
99.9813
99.7405
99.9926
100.356
100.083
99.5609
99.7788
100.479
100.431
99.5638
99.3221
100.231
100.941
100.124
98.9893
99.2436
100.899
101.326
99.8305
98.1673
98.9913
101.745
102.226
100.097
95.8849
97.9736
102.469
108.432
101.148
81.2078
49.7525
18.7954
-0.105297
-8.27614
-3.3559
0.201556
4.12057
2.20183
-0.342289
-1.92213
-2.14421
-0.136558
0.775718
1.66643
0.943268
-0.256856
100.032
99.976
99.8967
100.07
100.184
99.9061
99.7213
100.081
100.386
99.9859
99.5103
99.8734
100.559
100.351
99.456
99.3645
100.36
100.95
99.9948
98.9295
99.321
101.035
101.263
99.7588
98.0566
99.1477
101.768
102.27
99.9942
95.7882
98.1231
102.336
108.695
100.906
81.3438
49.728
18.5737
0.198753
-8.64295
-2.93472
0.262426
3.82107
2.49462
-1.11953
-1.69418
-1.6352
-0.293604
1.74026
1.0656
-0.104139
100.01
100.04
99.9246
99.9229
100.133
100.132
99.8246
99.789
100.189
100.316
99.8455
99.5624
100.047
100.549
100.151
99.4018
99.5631
100.503
100.786
99.7746
98.9911
99.6024
101.107
101.004
99.5411
98.1687
99.5208
101.779
102.043
99.6113
95.9774
98.4802
102.518
108.525
100.272
81.4977
49.8813
19.2075
0.230185
-9.37507
-3.08296
-0.151937
4.67509
3.24798
-1.4724
-1.74619
-3.01291
-0.660782
2.91494
1.42738
99.9881
100.057
99.9949
99.8743
100.008
100.197
100.015
99.7318
99.9247
100.326
100.183
99.6489
99.6629
100.304
100.525
99.8502
99.31
99.8556
100.741
100.58
99.4028
99.0239
100.012
101.337
100.68
99.0979
98.2121
100.017
102.141
101.711
99.0385
95.804
98.9579
103.221
108.428
99.7141
80.7782
49.9244
20.1736
0.720789
-9.19733
-4.11278
-1.22187
4.95665
3.72941
0.0894886
-1.13408
-4.32073
-1.5395
1.22278
99.9698
100.031
100.09
99.9163
99.8398
100.117
100.247
99.8821
99.6498
100.068
100.457
100.053
99.4582
99.7484
100.545
100.533
99.5758
99.1899
100.078
101.011
100.46
99.0614
98.9383
100.315
101.679
100.49
98.7428
97.9547
100.417
102.557
101.712
98.6658
95.1839
99.2771
103.613
108.981
99.6084
79.8368
49.7472
20.0116
1.64514
-8.28213
-4.61133
-1.51844
3.59602
3.20886
1.4605
-0.545321
-2.83437
-1.29118
99.9886
99.9542
100.087
100.089
99.8464
99.8486
100.202
100.242
99.7841
99.6395
100.175
100.495
99.9493
99.384
99.8318
100.652
100.498
99.4402
99.1776
100.178
101.125
100.362
98.9784
98.8692
100.466
101.75
100.466
98.6735
97.7676
100.621
102.475
102.006
98.489
95.055
99.3003
103.299
109.594
99.4421
80.0485
49.6612
19.1668
2.1499
-8.53952
-3.97998
-0.618936
2.54568
3.26771
0.421941
-1.53076
-0.831712
100.016
99.9489
99.9832
100.117
100.031
99.8203
99.9318
100.234
100.138
99.7324
99.7565
100.258
100.379
99.8228
99.4796
100
100.61
100.289
99.4102
99.3828
100.312
100.965
100.125
99.0564
99.1038
100.629
101.434
100.3
98.6646
98.1699
100.772
102.133
101.825
98.2007
95.7625
99.4054
103.263
109.224
98.686
80.84
49.8373
19.7613
2.11416
-10.0946
-3.75999
-0.82966
3.42226
5.27482
-0.771071
-2.13466
100.02
99.9766
99.9427
100.061
100.102
99.9134
99.8412
100.091
100.228
99.9375
99.6974
99.9874
100.364
100.144
99.6211
99.6718
100.307
100.523
99.9102
99.3213
99.7583
100.616
100.712
99.6645
99.008
99.6353
100.968
101.168
99.6767
98.4884
98.7992
101.27
102.194
100.922
97.706
96.0961
100.133
104.172
108.413
97.8525
80.1569
49.9573
21.691
2.48422
-10.1531
-4.92536
-3.30392
4.21796
6.39829
0.943972
100.019
100.018
99.9085
99.9745
100.162
100.053
99.7744
99.888
100.274
100.208
99.7146
99.6587
100.236
100.491
99.9105
99.3808
99.8359
100.646
100.507
99.5293
99.1195
100.092
100.987
100.656
99.1164
98.8199
99.9773
101.517
101.203
98.9887
98.1543
98.8448
102.189
102.515
100.451
97.0524
95.3289
101.092
104.949
108.883
97.6466
78.2293
49.7724
21.9438
3.58602
-7.7789
-5.90985
-4.54617
2.67726
3.44631
99.9887
100.066
99.9837
99.8552
100.027
100.228
99.9909
99.6873
99.9474
100.387
100.168
99.5768
99.657
100.388
100.549
99.7767
99.2459
99.9311
100.813
100.538
99.3166
99.0204
100.181
101.22
100.691
98.8719
98.7016
99.9097
101.961
101.188
99.0016
97.7585
98.5991
102.662
102.51
101.113
96.4188
94.8847
101.096
104.576
110.387
97.6168
78.0192
49.5858
19.7672
4.4365
-6.90988
-5.29472
-1.52139
0.6357
99.9759
100.022
100.075
99.9396
99.8675
100.083
100.202
99.9214
99.7188
100.034
100.359
100.065
99.5858
99.7775
100.406
100.426
99.7131
99.3641
100.036
100.728
100.398
99.3234
99.2252
100.181
101.138
100.454
99.0698
98.8231
99.9808
101.767
100.872
99.3918
97.7129
99.0524
102.088
102.22
101.406
96.3251
96.0144
100.308
104.109
110.268
96.8717
80.1612
49.7306
19.3078
4.46441
-10.4256
-4.50784
0.996412
99.9886
99.9895
100.054
100.015
99.904
99.9684
100.134
100.066
99.8375
99.8771
100.17
100.201
99.8593
99.7093
100.057
100.365
100.093
99.6158
99.7037
100.291
100.504
99.9533
99.386
99.6746
100.48
100.738
99.9254
99.1388
99.3565
100.551
101.21
100.334
98.9832
98.4113
100.014
101.785
101.843
99.9525
96.7456
97.2219
100.852
104.965
107.94
95.7278
80.5424
49.9493
23.315
4.61551
-13.1852
-5.41365
99.9937
99.966
100.056
100.067
99.9014
99.8871
100.127
100.176
99.87
99.745
100.093
100.34
99.998
99.5929
99.8468
100.414
100.364
99.681
99.4346
100.049
100.715
100.306
99.4314
99.2075
100.207
100.997
100.491
99.2936
98.6844
100.08
101.168
101.404
99.4949
97.9984
98.9244
100.611
103.13
101.282
98.4694
96.2698
96.6371
103.318
106.236
107.248
95.2446
76.5141
49.8241
26.4807
5.72727
-6.87727
100.021
99.9413
99.9713
100.135
100.052
99.794
99.8974
100.263
100.189
99.7096
99.6877
100.261
100.464
99.8487
99.4002
99.9229
100.678
100.387
99.4288
99.2346
100.254
101.021
100.298
99.0995
98.9127
100.522
101.288
100.757
98.7152
98.3675
100.116
101.593
102.184
98.81
97.8156
97.9976
101
104.427
101.147
99.1845
94.2821
95.6307
104.335
106.101
110.767
95.3115
73.3615
49.5369
20.5955
6.98104
100.022
100.005
99.908
100.003
100.163
100.009
99.7674
99.9481
100.294
100.136
99.6704
99.7359
100.312
100.424
99.793
99.4197
99.9837
100.675
100.331
99.4311
99.2533
100.306
100.924
100.373
99.04
99.0457
100.355
101.28
100.857
98.6954
98.6842
99.4999
101.874
101.899
99.2943
98.2858
97.0687
101.398
103.212
102.088
100.435
93.496
96.7246
101.37
105.152
113.42
94.7446
79.2118
49.5754
7.29259
100.001
100.028
99.9712
99.9425
100.05
100.094
99.9404
99.862
100.05
100.187
99.9881
99.7678
99.9382
100.256
100.168
99.773
99.6984
100.135
100.397
100.074
99.5578
99.6914
100.295
100.546
100.046
99.3349
99.6157
100.255
100.922
100.132
99.309
99.1597
99.8778
101.394
100.594
99.9688
98.3952
98.677
101.158
101.246
102.212
99.0781
96.4131
98.9185
99.1028
105.547
107.143
93.3822
92.4554
49.862
)
;

boundaryField
{
    left
    {
        type            fixedValue;
        value           uniform 100;
    }
    right
    {
        type            zeroGradient;
    }
    up
    {
        type            zeroGradient;
    }
    down
    {
        type            fixedValue;
        value           uniform 0;
    }
    frontAndBack
    {
        type            empty;
    }
}


// ************************************************************************* //
