/*--------------------------------*- C++ -*----------------------------------*\
  =========                 |
  \\      /  F ield         | OpenFOAM: The Open Source CFD Toolbox
   \\    /   O peration     | Website:  https://openfoam.org
    \\  /    A nd           | Version:  8
     \\/     M anipulation  |
\*---------------------------------------------------------------------------*/
FoamFile
{
    version     2.0;
    format      ascii;
    class       volVectorField;
    location    "89";
    object      U;
}
// * * * * * * * * * * * * * * * * * * * * * * * * * * * * * * * * * * * * * //

dimensions      [0 1 -1 0 0 0 0];

internalField   nonuniform List<vector> 
2844
(
(1.00004 -0.00315962 0.000264604)
(1.02345 -0.00161594 4.82039e-05)
(1.0281 -0.0205451 -0.000212491)
(1.06872 -0.00759243 -0.00061428)
(1.08104 -0.0162679 -0.000171515)
(1.08003 -0.00858934 0.000390099)
(1.05882 0.00518694 0.000246869)
(1.0679 -0.0107541 0.0005102)
(1.01432 0.00870256 -0.000314413)
(1.00621 0.0135777 0.000325435)
(0.949028 0.00448218 -0.000336211)
(0.932164 0.00242195 -6.36365e-05)
(0.874846 -0.0136592 0.000719144)
(0.859722 -0.0260196 -0.000272612)
(0.857785 -0.0486194 -0.000359904)
(0.941547 -0.038771 0.00036667)
(0.975178 -0.037659 -0.000378404)
(1.00385 -0.0382344 4.87862e-05)
(1.05903 -0.00731162 0.000190192)
(1.04017 -0.0166474 0.000121885)
(1.00194 -0.0210399 0.00032557)
(1.02848 -0.0226823 0.00107003)
(1.02283 -0.0117185 -0.000570753)
(1.08148 -0.0282015 -0.00134347)
(1.08763 0.00940485 -0.00126284)
(1.10358 0.0316305 0.000154126)
(1.06188 -0.00166353 0.00212399)
(1.07451 0.0427582 0.00118591)
(1.04597 0.0433025 -0.000613422)
(0.997897 0.0399837 0.00152377)
(0.967794 0.0554638 -0.000426222)
(0.92604 0.0550476 -0.000568971)
(0.835442 0.0701362 0.000289519)
(0.849925 0.040006 -0.000367095)
(0.845524 -0.00890112 -0.000326046)
(0.95756 -0.0541264 -0.000286023)
(0.982386 -0.00387104 -0.0013777)
(1.04942 -0.0214288 0.000633374)
(1.10149 -0.0258574 0.00103361)
(1.03066 0.028585 -0.000251762)
(0.96663 -0.0326863 -0.000615568)
(1.0714 -0.031122 0.00223054)
(1.05067 -0.0579924 0.00378747)
(1.11876 -0.0483273 -0.00700272)
(1.12967 -0.0229047 -0.00732245)
(1.13174 0.017621 0.00175936)
(1.11064 0.0113579 0.00728801)
(1.09757 -0.010225 0.00578047)
(1.08687 0.0775717 0.0050062)
(0.981481 0.0672259 -0.000670473)
(1.00808 0.071416 -0.00467083)
(0.956817 0.111279 0.00244626)
(0.850698 0.0438565 0.00013498)
(0.885107 -0.0364623 0.00315087)
(0.784291 -0.134329 0.0046632)
(0.936988 -0.135071 -0.00415476)
(1.07573 -0.0908786 -0.00278948)
(1.03208 -0.137376 -0.00321264)
(1.06506 0.00504702 -0.00241611)
(1.06646 0.0419394 0.00211225)
(0.976152 -0.0534042 -7.37367e-05)
(1.07598 -0.10817 0.0015607)
(1.09699 -0.0763966 0.0051006)
(1.14029 -0.0151628 -0.00154516)
(1.11497 0.0565871 -0.0170067)
(1.17245 0.0421018 -0.0134744)
(1.30746 -0.0406901 0.0102076)
(1.18798 0.0183737 0.0267749)
(1.10849 0.10399 0.00752193)
(1.05181 0.116586 -0.00452176)
(1.07876 0.103086 0.0138747)
(0.916479 0.145851 0.00205063)
(0.766688 0.140616 -0.0124192)
(0.778365 0.0754053 0.0044872)
(0.650989 -0.0479234 0.00462699)
(0.905593 -0.217458 -0.0175131)
(1.1057 -0.00417487 -0.0169669)
(1.05836 0.0496171 0.0035567)
(1.18927 -0.0293015 -0.000678827)
(1.20389 0.0147199 -0.00813533)
(1.00655 -0.0781204 0.00398978)
(1.08104 -0.146658 0.00650996)
(1.2064 -0.16215 -0.0218199)
(1.19136 -0.0318214 0.00840828)
(1.08723 0.125805 0.0021657)
(1.33448 -0.0437509 -0.0211447)
(1.48255 -0.129518 0.00161324)
(1.32328 -0.0539256 0.0233319)
(1.33159 0.169161 0.0335641)
(1.11459 0.13834 0.0174225)
(1.00262 0.144086 -0.0135644)
(1.04434 0.344199 -0.0206462)
(0.921606 0.195616 0.00699161)
(0.730575 -0.0160254 0.0119869)
(0.575507 -0.292217 -0.0141124)
(0.681868 -0.338514 -0.0250465)
(0.945243 -0.0342526 -0.0229125)
(1.13538 -0.202723 -0.017112)
(1.25938 -0.0862938 -0.00237967)
(0.986655 0.0829304 0.00322719)
(0.984284 -0.162077 0.00555426)
(1.20623 -0.298999 0.00658858)
(1.17703 -0.0131343 -0.0315028)
(1.21171 0.0435004 -0.043987)
(1.4982 -0.0607143 0.0265168)
(1.40589 -0.0409204 0.0374592)
(1.53798 -0.053992 -0.0162817)
(1.79061 -0.155278 -0.00276094)
(1.44502 -0.0686028 0.055134)
(1.24705 0.315941 0.0418015)
(1.02492 0.30046 -0.0229403)
(1.32076 0.361193 -0.0267219)
(1.02959 0.399065 0.0192418)
(0.787889 0.304001 -0.0200427)
(0.632573 0.178732 -0.0172597)
(0.440249 -0.289436 0.00448441)
(0.805284 -0.127732 -0.00299005)
(0.879822 -0.0530479 -0.0119937)
(0.998598 0.144374 -0.0314841)
(1.11722 0.237814 -0.0200592)
(0.931041 -0.267123 0.0417151)
(1.20036 -0.321755 -0.0648797)
(1.4098 -0.0122551 -0.0281095)
(1.44055 0.0472885 0.0585251)
(1.87699 -0.235501 0.013878)
(1.66451 -0.151775 -0.0042227)
(1.64485 -0.130425 -0.0138731)
(1.4525 -0.177953 -0.0409362)
(1.85472 0.0819247 -0.0435879)
(1.72065 0.222833 0.0418238)
(1.01682 0.222746 0.0784573)
(0.728762 0.510914 0.0318286)
(0.56313 0.494953 -0.0323528)
(0.693757 0.415407 -0.0492422)
(0.455114 0.0603382 -0.00673954)
(0.373769 -0.562211 0.0121306)
(0.519421 -0.387063 -0.000429118)
(0.664482 -0.314657 0.00444231)
(0.907911 0.0291681 0.0137881)
(1.02828 0.18884 0.00323743)
(0.799773 -0.456458 0.0169535)
(0.932063 -0.131604 0.0335402)
(1.65909 -0.391673 0.0967512)
(1.83475 -0.961688 0.0397963)
(1.8334 -0.284377 -0.0374132)
(1.46389 0.0965326 -0.0231763)
(1.4333 0.266501 -0.0806082)
(1.40528 0.119272 -0.0299602)
(1.78961 0.157368 -0.053426)
(1.73766 0.44507 -0.0658412)
(1.68601 0.47644 0.0858697)
(1.38205 0.586172 0.0883309)
(1.09129 0.667939 -0.0660071)
(1.25623 0.667892 -0.0409776)
(1.28496 0.645363 0.0459744)
(1.17658 -0.238379 0.024774)
(0.822542 -0.387071 0.0397866)
(0.742506 -0.401194 0.0200408)
(0.992552 -0.310438 0.00756265)
(1.15581 0.077521 0.015557)
(1.05689 -0.24212 0.0648853)
(-0.231169 -0.901804 0.0961714)
(0.227671 -1.84339 -0.0369824)
(-0.00949067 -0.0139768 -0.0417525)
(0.318035 0.020242 0.0304723)
(0.73824 -0.0104807 -0.00808463)
(1.19933 0.503493 -0.0244681)
(1.52135 0.440599 0.0394543)
(1.60299 0.699668 0.00251351)
(1.27614 0.78243 -0.019686)
(1.35839 0.571234 0.0358596)
(1.31072 0.175587 -0.0222721)
(1.34761 -0.230178 -0.102655)
(1.31249 -0.470174 -0.0183617)
(1.12423 -0.651172 0.0379757)
(1.13845 -0.444665 -0.0413418)
(1.11192 -0.0847959 -0.038207)
(0.927154 0.0740299 -0.0168216)
(1.82087 -0.016124 0.0880332)
(-0.375165 -0.515149 -0.404186)
(0.0941222 -0.00286951 -0.0160627)
(-0.323166 -0.380614 0.0197732)
(-0.158571 -0.536719 -0.0473399)
(0.500118 0.107045 -0.0664705)
(0.739818 0.181234 -0.029072)
(0.91664 0.620058 0.0533362)
(1.00229 0.830969 0.115126)
(1.42035 0.792157 0.01612)
(1.45169 1.0007 -0.120276)
(1.22397 0.399786 -0.0405359)
(1.36807 -0.126442 -0.0203838)
(1.34452 -0.610355 0.0236084)
(1.29586 -0.0585308 0.0298268)
(1.06745 0.36974 -0.0111485)
(0.458172 0.0574212 -0.0757134)
(1.14902 0.164324 0.0120217)
(0.0594462 0.391366 -0.00810009)
(-0.348996 -0.140481 0.0456768)
(-0.346914 -0.325199 -0.0759441)
(0.146046 0.325197 -0.0383778)
(0.137319 0.249798 0.0140791)
(0.555956 0.344656 0.0618286)
(1.23837 0.257327 -0.0309765)
(1.43342 0.621909 -0.126102)
(1.29657 0.973805 0.00126492)
(1.10001 -0.295242 0.0975872)
(1.03825 -0.574264 0.0238019)
(0.951596 -0.830655 -0.0315331)
(1.07365 -0.59768 0.0237106)
(0.974417 0.0890154 0.0230945)
(1.48249 0.0525513 -0.0548574)
(1.03192 0.619326 0.00421925)
(0.181492 1.32682 -0.0801033)
(0.0700353 0.383412 -0.0230801)
(0.713409 -0.570861 0.0494884)
(-0.101146 -0.450515 0.00749227)
(0.319873 0.0218099 -0.0590342)
(0.309243 -0.064259 -0.036786)
(0.727902 0.159007 -0.154369)
(1.14401 0.818204 -0.247488)
(1.09155 1.44727 -0.139672)
(1.20362 0.580582 0.0524351)
(1.2598 -0.366188 -0.00414868)
(1.20397 -0.299219 -0.0358765)
(1.14298 -0.368517 -0.036693)
(1.01473 -0.0970399 -0.000384624)
(0.960375 0.322047 0.0150337)
(0.947197 0.203957 -0.0238521)
(1.11899 0.28842 0.0660684)
(0.834584 1.2615 -0.0627752)
(-0.020115 0.0462222 0.00689033)
(0.774015 -0.0304644 0.0273496)
(1.34578 -0.243271 -0.13278)
(1.46613 -0.452159 0.0875438)
(0.79401 -0.102148 0.110131)
(0.329464 -0.168573 0.0125975)
(0.493367 0.591958 -0.192018)
(0.634478 1.29071 -0.190288)
(0.873193 0.954179 0.00106533)
(1.41282 0.157113 0.0451408)
(1.35406 -0.309427 0.00979808)
(1.34099 -0.304353 -0.0463624)
(1.33858 -0.563845 -0.0722357)
(1.50764 -0.423584 -0.0404047)
(1.28474 0.116597 0.00134129)
(0.91235 0.0872793 0.0271783)
(1.11273 0.357842 -0.00859293)
(1.26157 0.0860849 0.00200182)
(1.81016 0.532721 0.0514497)
(2.13593 0.161064 -0.0154337)
(1.68856 -0.210101 0.00754683)
(1.74471 0.00529808 0.0411946)
(1.54973 -0.314542 0.0551753)
(1.00273 -0.432425 0.0233675)
(0.911869 0.110302 -0.0115774)
(1.13374 -0.267913 0.0592613)
(0.60097 0.241645 0.109399)
(0.76872 0.937447 0.0522372)
(1.18744 0.499385 0.0522561)
(1.39451 -0.0704555 0.033849)
(1.00684 -0.335803 0.0454889)
(0.681173 -0.0187016 0.0137912)
(0.531707 -0.0992369 -0.0321154)
(0.749403 0.176277 -0.05231)
(0.743268 0.45086 -0.00989509)
(0.975514 0.0409255 0.00837644)
(1.02723 0.173293 -0.00828574)
(1.24541 0.288847 -0.042447)
(1.50797 0.0821059 0.0241158)
(1.27641 -0.201139 0.0482801)
(1.47795 -0.195453 -0.0322368)
(1.58695 0.0382942 0.0194253)
(1.29666 -0.11692 0.0209798)
(1.15616 -0.340099 0.00327835)
(0.870342 -0.178817 0.0326113)
(1.05315 -0.146891 -0.0227372)
(0.962076 -0.123824 0.0357114)
(1.03476 0.118939 0.0831844)
(1.17191 0.0280046 0.0307252)
(1.43361 0.0355371 -0.0189473)
(1.43497 -0.187692 0.0168367)
(1.02043 -0.234304 0.0480828)
(0.873254 -0.421563 0.0345098)
(0.493724 -0.177908 0.0226058)
(0.601729 0.206493 0.00367527)
(0.976504 0.00384774 -0.00366812)
(1.09004 0.218912 0.00250049)
(1.13681 0.0187442 0.00852946)
(1.22296 -0.0481667 0.0063929)
(1.22563 0.04403 -0.0269072)
(1.29443 -0.0253912 -0.024831)
(1.33926 0.0145782 0.0128435)
(1.17986 -0.148958 0.013019)
(1.06637 -0.205313 0.00118928)
(0.966558 -0.123978 0.00257764)
(0.991186 -0.121107 -0.0132338)
(1.05285 0.133974 -0.00265482)
(1.07498 0.162881 0.0274534)
(0.947237 0.0123987 0.0128547)
(1.02046 -0.0388029 -0.0117555)
(1.07543 -0.0772136 -0.00813173)
(1.05641 0.0276302 0.00899807)
(0.90167 -0.0483983 0.0194917)
(0.492006 0.1602 -0.0138998)
(0.633351 0.319445 -0.032846)
(0.991692 0.0343683 -0.000729293)
(1.0328 0.0494009 0.00682107)
(1.08085 0.0641649 -0.00322691)
(1.06422 0.0708494 -0.0149175)
(1.18228 0.0353384 -0.00495416)
(1.19206 -0.0472848 0.00989131)
(1.10183 -0.045143 0.00606189)
(1.18913 -0.0369713 -0.0026671)
(1.0471 -0.136456 0.000994785)
(0.97911 -0.049324 0.00572168)
(0.932621 -0.114774 0.00605322)
(0.859696 -0.0984986 0.00379645)
(1.00518 0.0781128 -0.00326496)
(1.04298 0.0157332 -0.00140857)
(1.02395 -0.0310463 0.00507029)
(0.936154 -0.170932 0.00611696)
(0.860458 -0.0883388 -0.00247403)
(0.888131 -0.138682 0.0282971)
(0.599227 0.119043 0.00720931)
(0.758985 0.292943 -0.0214845)
(0.994537 -0.00316001 0.000854682)
(1.02768 0.0592748 0.00061933)
(1.02483 0.012777 -0.00399845)
(1.09815 0.0357312 9.50105e-05)
(1.1212 0.0367291 0.00387936)
(1.11893 -0.0377601 0.0028446)
(1.0526 -0.0207526 -0.00151177)
(1.09502 -0.0393379 0.000190579)
(1.02947 -0.0498919 0.00182792)
(0.981309 -0.0798679 0.000714857)
(0.982861 -0.0440611 -0.00247996)
(0.917477 0.0395817 -0.00112582)
(0.936767 0.0239175 0.00269876)
(0.98407 0.029134 -0.00221798)
(1.01225 0.0336136 -0.00129101)
(0.983272 -0.00148275 -0.00144368)
(0.920765 0.0747956 -2.14534e-05)
(0.942013 -0.0436368 0.0108045)
(0.773003 0.125724 0.0193013)
(0.894282 0.243064 0.00949819)
(0.983342 0.00631921 -8.34142e-06)
(1.01764 0.0173007 0.000133507)
(1.0345 0.0313645 -0.000917821)
(1.04594 0.0271869 0.000763144)
(1.07868 0.00309959 0.00105896)
(1.07131 -0.0184439 -0.000636316)
(1.04902 -0.0127538 7.56334e-05)
(1.05041 -0.0345882 0.00049776)
(0.999638 -0.0604294 -0.000753835)
(0.989811 -0.0186208 0.000463838)
(0.914098 -0.0472652 0.00107725)
(0.917382 -0.0351981 -0.000788936)
(0.942448 -0.000381669 -6.6657e-05)
(0.927039 -0.019846 -0.000292028)
(0.947488 -0.0276049 0.00154336)
(0.916881 -0.0792297 -0.00190225)
(0.91307 -0.0475238 0.00232091)
(0.926692 -0.0581772 -0.00201889)
(0.839543 0.00305871 0.00796449)
(0.95138 0.0556924 0.0126286)
(0.989786 -0.00254124 -9.86001e-05)
(1.01403 0.011365 0.000128902)
(1.02175 -0.00248452 -8.75485e-05)
(1.0456 -6.87652e-05 0.000306708)
(1.0591 0.00756105 -7.53057e-06)
(1.06136 -0.00243557 -6.46923e-05)
(1.0395 -0.0021694 -8.29931e-05)
(1.04716 0.000743009 7.8941e-05)
(0.989559 0.00384071 0.000233281)
(0.975553 -0.0142634 0.000144695)
(0.944106 0.00345964 -0.000103474)
(0.923851 0.0247165 -0.000209579)
(0.935858 0.0128534 0.000263526)
(0.933986 0.026673 -0.000280751)
(0.948967 0.0302794 0.000256381)
(0.932002 0.0367744 -0.000612605)
(0.906804 0.0463833 0.000962597)
(0.923407 0.0209615 -0.00121457)
(0.873688 0.0440587 0.00335418)
(0.952678 0.0516475 0.00567419)
(1.00033 -0.00318056 0.000497836)
(1.02292 -0.000940784 0.0001675)
(1.02813 -0.0210994 -0.000617567)
(1.06872 -0.00775568 -0.00121098)
(1.08152 -0.0166451 -0.000294939)
(1.07976 -0.00847639 0.0007427)
(1.05893 0.00610491 0.000421689)
(1.06803 -0.0113742 0.000679047)
(1.01353 0.0095928 -0.000697522)
(1.00726 0.0131923 0.000405277)
(0.948111 0.00453492 -0.000617461)
(0.932173 0.00264537 -4.92386e-05)
(0.875915 -0.0142897 0.00123656)
(0.858608 -0.0259209 -0.000427959)
(0.858284 -0.0487947 -0.00149203)
(0.94226 -0.0391822 -0.000931819)
(0.974957 -0.037268 -0.00162355)
(1.00391 -0.0379317 -0.000564015)
(1.05908 -0.00714133 6.29799e-06)
(1.04017 -0.0166521 7.81729e-05)
(1.00378 -0.0184032 0.000654224)
(1.02501 -0.0226483 0.00223696)
(1.02462 -0.0134334 -0.001719)
(1.0818 -0.0338142 -0.003013)
(1.08962 0.00841469 -0.00229771)
(1.10387 0.0353531 2.57456e-05)
(1.05889 -0.000596596 0.00310689)
(1.07733 0.0486792 0.00103895)
(1.04333 0.039134 -0.000925539)
(1.00349 0.0431563 0.00243465)
(0.963285 0.0531125 -0.00187598)
(0.927506 0.0526537 -0.00147182)
(0.841013 0.0782949 0.000709336)
(0.844117 0.0380947 -0.000333545)
(0.850049 -0.0129727 -0.00257371)
(0.962518 -0.0492549 -0.00579289)
(0.981439 -0.00675456 -0.00537743)
(1.04971 -0.0212881 -0.00083579)
(1.10202 -0.0242178 0.000550605)
(1.0315 0.0297832 -0.000713674)
(0.974582 -0.0284948 -0.000782231)
(1.05907 -0.0202682 0.00476102)
(1.04828 -0.0667411 0.00517712)
(1.12505 -0.0601536 -0.0153019)
(1.14417 -0.0343267 -0.0124894)
(1.11976 0.0226975 0.00449996)
(1.09451 0.0298955 0.011969)
(1.09927 0.000111455 0.00852924)
(1.06971 0.0713519 0.00392286)
(0.999726 0.082134 -0.00369524)
(0.994689 0.0722708 -0.00580757)
(0.960219 0.0981487 0.0047339)
(0.858869 0.0509369 -0.000370508)
(0.870551 -0.0388718 0.00340714)
(0.809844 -0.146215 0.00061752)
(0.950123 -0.130997 -0.0198541)
(1.07364 -0.0969107 -0.0186934)
(1.03755 -0.131913 -0.0137639)
(1.06746 0.0145234 -0.00882539)
(1.06744 0.0394357 0.000733851)
(0.985721 -0.0527009 0.00111489)
(1.06616 -0.0790951 0.00123597)
(1.06461 -0.058534 0.0102712)
(1.16784 -0.0940105 -0.00795672)
(1.16306 0.00540403 -0.0382853)
(1.14858 0.0877142 -0.0169708)
(1.24098 0.016944 0.0277374)
(1.13987 0.0759807 0.0370337)
(1.11035 0.132484 0.00471592)
(1.06559 0.113189 -0.00937656)
(1.0587 0.067194 0.00438876)
(0.948244 0.149406 0.00281384)
(0.781604 0.168133 -0.00199967)
(0.779927 0.0877657 0.0162361)
(0.692211 -0.0381123 0.00349217)
(0.928081 -0.228649 -0.0409504)
(1.0835 -0.0231769 -0.042253)
(1.08025 0.0206772 -0.00853331)
(1.20912 -0.044673 -0.00539134)
(1.18535 0.0377838 -0.0111896)
(1.01205 -0.0745795 0.00615583)
(1.07195 -0.08603 0.00747296)
(1.16886 -0.151519 -0.0322487)
(1.1852 -0.123946 0.0177412)
(1.20538 0.00706717 -0.011584)
(1.35738 -0.0617883 -0.0517959)
(1.3414 0.00378311 0.00933707)
(1.18279 0.14714 0.0636601)
(1.25073 0.17483 0.0732456)
(1.17004 0.138702 0.000239394)
(1.05124 0.272133 -0.0405536)
(0.97523 0.330538 -0.0369276)
(0.81558 0.109679 0.00123577)
(0.695475 -0.0119176 0.00274716)
(0.545864 -0.297813 -0.0334459)
(0.611042 -0.47636 -0.0410771)
(0.896935 -0.217263 -0.0483363)
(1.07535 -0.212913 -0.0364025)
(1.23353 -0.0528624 -0.0192359)
(1.01056 0.0371629 -0.0052981)
(1.03449 -0.123948 0.00645858)
(1.07841 -0.178025 -0.0138529)
(1.23878 -0.189648 -0.0266573)
(1.33405 -0.0762806 -0.0263212)
(1.49285 -0.122985 0.0584647)
(1.52201 -0.0039408 -0.0308264)
(1.5175 0.181392 -0.08426)
(1.44506 0.0792205 0.0688232)
(1.32713 0.0898575 0.110463)
(1.30422 0.338062 0.04797)
(1.07196 0.213586 -0.00254271)
(1.228 0.312525 -0.0442313)
(1.09587 0.500017 0.0126827)
(0.831609 0.363035 -0.0275611)
(0.500052 0.0545608 -0.0217222)
(0.358415 -0.557879 0.0159937)
(0.713385 -0.410969 -0.00532206)
(0.875138 -0.297146 -0.00982291)
(1.03934 0.0367432 -0.0662781)
(1.0559 0.257034 -0.049677)
(1.10785 -0.159731 0.0296827)
(1.05581 -0.196587 -0.0934851)
(1.42266 -0.506855 0.0289119)
(1.68986 -0.291883 0.102788)
(1.68459 -0.191661 0.063456)
(1.47174 0.150788 -0.0338732)
(1.44917 0.126672 -0.0299838)
(1.52859 0.157529 -0.112453)
(1.73556 0.372776 -0.0973369)
(1.28048 0.457766 0.109185)
(1.02837 0.251684 0.116729)
(1.1075 0.308453 0.0323596)
(1.00791 0.502854 -0.043006)
(0.914057 0.37808 -0.0627767)
(0.632946 -0.0219016 -0.0543186)
(0.467143 -0.695584 -0.0185638)
(0.547815 -0.692855 0.00644686)
(0.60962 -0.569854 0.0167804)
(0.923229 -0.212173 0.0436081)
(1.13091 0.0310358 0.015327)
(1.04005 -0.0878163 0.0367316)
(0.887434 -0.463678 0.0704531)
(1.76468 -1.05674 0.144624)
(2.01132 -0.397864 0.0451974)
(2.0031 0.159018 -0.060846)
(1.47477 0.0441204 -0.0784649)
(1.29998 0.221535 -0.0499749)
(1.29864 0.0865906 -0.152378)
(1.63765 0.298689 -0.00315252)
(1.4882 0.514584 0.0180329)
(1.82217 0.362833 -0.0845385)
(1.77441 0.558782 -0.0179764)
(1.23513 0.654886 0.00364212)
(1.18159 0.498511 -0.0545481)
(1.18997 0.521535 -0.031391)
(1.20199 -0.282201 -0.0164207)
(0.880011 -0.520497 0.0750312)
(0.882515 -0.573086 0.0493846)
(1.0562 -0.433916 0.020837)
(1.1762 0.0341556 0.031335)
(1.46745 -0.0815414 0.114632)
(0.410598 -0.822975 0.241049)
(1.25948 -1.34682 -0.156262)
(-0.181084 -0.186728 -0.0648827)
(0.103404 -0.0567181 -0.00859919)
(0.820658 0.00413182 0.0321342)
(1.09729 0.439494 -0.0599771)
(1.47668 0.442235 -0.0617199)
(1.45931 0.745318 0.0809214)
(1.34493 0.607457 0.0256442)
(1.43104 0.454412 -0.117564)
(1.31615 0.316748 -0.112792)
(1.28018 -0.349829 -0.101702)
(1.21708 -0.515198 -0.0153983)
(1.17997 -0.694075 0.0911541)
(1.26318 -0.492758 -0.0333597)
(1.10304 -0.0534222 -0.0601987)
(0.221575 0.129516 -0.0894722)
(2.60203 -0.4847 0.27219)
(0.434344 -0.713066 -0.663289)
(0.0155956 0.0306351 -0.0795577)
(-0.351232 -0.517538 0.078463)
(0.0549533 -0.5014 -0.0854621)
(0.441748 -0.0194688 -0.0939076)
(0.518729 0.0295283 -0.042046)
(1.0251 0.454242 0.0269249)
(1.3934 0.673442 -0.0889388)
(1.29548 0.773476 -0.154633)
(1.05065 0.508145 -0.045257)
(0.974886 -0.463558 0.0929474)
(1.27122 -0.488641 0.00379316)
(1.12844 -0.531233 0.0345794)
(1.32125 -0.372773 0.0918459)
(1.20126 0.119107 0.0136669)
(0.688029 -0.0846877 -0.0196091)
(-0.0275737 0.0721476 0.0721636)
(-0.00770621 0.389788 -0.0351609)
(-0.102027 -0.347844 0.105538)
(-0.236641 -0.560463 -0.0722507)
(0.244912 -0.0146271 -0.0661436)
(0.167573 -0.154776 -0.0349499)
(0.836827 0.422044 -0.229879)
(1.12383 0.902845 -0.253667)
(0.777623 0.708975 -0.0764774)
(0.945257 0.180567 0.203825)
(1.14856 -0.692564 0.212924)
(1.17405 -0.694939 0.0698114)
(1.02313 -0.721397 -0.0436572)
(1.02531 -0.586174 -0.00109883)
(0.999493 -0.0059579 0.0363809)
(1.49604 0.0960926 -0.0884965)
(0.597439 0.1038 -0.0502198)
(0.826076 1.64651 -0.0361552)
(0.171282 0.345947 -0.0953375)
(0.890422 -0.422133 -0.0386801)
(0.699151 -0.854369 0.118744)
(0.673756 -0.542302 0.0910484)
(0.533688 -0.413072 0.0778094)
(0.372592 0.434082 -0.166379)
(0.38273 0.912412 -0.162198)
(0.640394 0.682285 0.0247536)
(1.23796 0.187691 0.140849)
(1.58476 -0.450414 0.0213618)
(1.40409 -0.349584 -0.0322631)
(1.23089 -0.34284 -0.0186748)
(0.961912 -0.149056 -0.0279948)
(0.880499 0.264139 -0.0181308)
(0.985138 -0.0799975 -0.0241872)
(1.07378 0.544855 0.0464838)
(1.05546 0.678661 0.0244737)
(0.0961602 -0.0816796 0.096896)
(1.49618 -0.367953 0.0839972)
(1.45536 -0.557145 -0.0952455)
(1.38448 -0.543931 0.0141314)
(1.4223 -0.191685 0.153884)
(1.23948 -0.26133 0.139754)
(0.652034 -0.160339 0.0947345)
(0.607402 0.0802033 0.0599483)
(0.945533 -0.208112 0.094588)
(1.39361 -0.385735 0.0269251)
(1.30071 -0.724118 0.00670806)
(1.19268 -0.509619 -0.0443591)
(1.11652 -0.495015 -0.0788126)
(1.18241 -0.278015 -0.0186801)
(1.09883 0.154252 0.0122254)
(0.972705 0.0422839 0.0398671)
(0.983265 0.360566 -0.0525973)
(1.54711 0.419673 0.0431676)
(1.83876 0.275346 0.0872224)
(1.90149 -0.353613 -0.156535)
(1.6561 -0.248443 -0.00672278)
(1.64138 -0.0437432 -0.0221107)
(1.62648 -0.344852 0.0986201)
(1.11227 -0.489646 0.0966992)
(0.969007 -0.109315 0.0183969)
(1.00274 -0.0240458 0.0124088)
(0.859588 -0.0533727 0.180712)
(1.27512 0.00561756 0.174879)
(1.40666 0.0430247 0.0828519)
(1.39702 0.0101954 0.0478171)
(1.09819 -0.248592 0.110549)
(0.862372 -0.284692 0.0948246)
(0.768757 -0.476098 -0.031399)
(0.733394 -0.201452 -0.0714063)
(0.744909 0.299865 -0.00181466)
(0.984001 0.0559897 0.0165741)
(1.06628 0.133095 -0.0351715)
(1.1989 0.274899 -0.060332)
(1.43374 0.0584805 0.0591793)
(1.49959 -0.0418078 0.0724967)
(1.43889 -0.0689992 -0.11109)
(1.44285 -0.0671614 0.0178842)
(1.36186 -0.194595 0.0535133)
(1.16776 -0.258727 0.0216842)
(0.891849 -0.168892 0.0626924)
(1.10863 -0.120594 -0.0392605)
(1.05635 -0.0642614 0.00161708)
(1.08543 -0.0257131 0.0905455)
(1.14239 -0.106131 0.0239288)
(1.24736 -0.0560036 -0.0574746)
(1.27219 -0.145477 -0.00823063)
(1.06447 -0.181014 0.0698621)
(0.944349 -0.442707 0.0819572)
(0.557761 -0.263934 0.0507871)
(0.664538 0.193115 0.00145956)
(0.987577 0.00295442 -0.00624232)
(1.0653 0.169244 -0.00390364)
(1.12252 0.0660325 0.0231013)
(1.27368 0.046373 -0.00571129)
(1.27677 0.0518838 -0.0825772)
(1.28142 -0.102335 -0.060422)
(1.3153 -0.0208152 0.0382161)
(1.16644 -0.167973 0.0331672)
(1.0501 -0.252925 -0.0152867)
(1.04421 -0.153241 -0.0158277)
(1.00922 -0.15472 -0.0270143)
(0.98952 0.0954882 -0.0217332)
(1.12677 0.151299 0.0104097)
(1.07163 0.0387565 0.0132867)
(1.04867 -0.0464771 -0.000808071)
(1.01278 -0.105891 -0.00779771)
(1.06733 0.0343787 0.00403777)
(1.02535 -0.0989318 0.0333953)
(0.713836 0.0349947 -0.00285704)
(0.767554 0.258222 -0.036155)
(0.989753 0.0278399 -0.00263972)
(1.02468 0.047001 0.0163896)
(1.09803 0.0952241 -0.00435237)
(1.07645 0.0541821 -0.0386546)
(1.16483 0.00576311 -0.0282716)
(1.18601 -0.0635862 0.0184208)
(1.11146 -0.0366231 0.00689192)
(1.20239 -0.0444508 -0.0159347)
(1.02101 -0.147601 -0.000341496)
(0.949525 -0.0559163 0.00680449)
(0.945018 -0.0924036 0.00332483)
(0.878106 -0.0787545 0.00646157)
(1.01012 0.045856 -0.00526477)
(1.01181 0.030155 -0.0113862)
(1.03326 -0.0336009 0.00107129)
(0.972619 -0.159994 0.00255584)
(0.874601 -0.105289 0.00280627)
(0.924262 -0.120526 0.0281023)
(0.80348 -0.0453521 0.0334762)
(0.894907 0.0771062 0.00837798)
(0.993547 -0.00279717 0.00188783)
(1.02899 0.0584241 0.00218124)
(1.03055 0.0188351 -0.00829234)
(1.09333 0.0270874 -0.00511624)
(1.11494 0.029246 0.00300589)
(1.1234 -0.0303357 0.00577873)
(1.0574 -0.0237126 -0.00379264)
(1.09499 -0.0458902 0.00050752)
(1.02608 -0.0433386 0.00418808)
(0.98698 -0.0830674 0.00232923)
(0.979466 -0.0543566 -0.00284169)
(0.921631 0.0477673 -0.00508694)
(0.943107 0.0242092 0.00346449)
(0.984509 0.02961 -0.00356393)
(1.01115 0.0210866 0.00059425)
(0.969152 0.0169217 -0.00315603)
(0.910459 0.0508625 0.00297769)
(0.931036 -0.0159621 0.00281838)
(0.866497 0.0517963 0.0330431)
(0.952869 0.108019 0.0364684)
(0.983519 0.00737204 2.91128e-05)
(1.01785 0.0156505 0.000633131)
(1.03488 0.0322095 -0.00232032)
(1.04422 0.0242494 0.000609463)
(1.07761 0.00360375 0.00140739)
(1.07317 -0.0180406 -0.00148715)
(1.05004 -0.0121088 -9.17662e-05)
(1.04982 -0.0350941 0.00032281)
(0.998669 -0.0630433 -0.00162342)
(0.989449 -0.019914 0.000134728)
(0.914159 -0.0454248 0.00157223)
(0.91773 -0.0332289 -0.00144526)
(0.94348 -0.00337455 -0.000511364)
(0.926257 -0.0174418 -0.000844894)
(0.946327 -0.0292284 0.00157792)
(0.917984 -0.0741033 -0.00322645)
(0.914167 -0.0567283 0.00391724)
(0.925872 -0.0439065 -0.00114074)
(0.852973 -0.0270201 0.0101162)
(0.955265 0.0026716 0.0169233)
(0.989876 -0.00256951 -0.000162082)
(1.01407 0.0116253 0.000278117)
(1.02167 -0.00273731 -0.00023724)
(1.04545 -0.000126833 0.000440365)
(1.05897 0.00728891 -0.000179956)
(1.06159 -0.00200166 -0.000118752)
(1.03961 -0.00222378 -0.000281864)
(1.04724 0.000428222 0.000129857)
(0.989433 0.00425635 0.000437863)
(0.975414 -0.0141763 0.000256098)
(0.944017 0.00281122 -0.000105857)
(0.923995 0.0247959 -0.000625682)
(0.935922 0.0133743 0.00050533)
(0.933963 0.026465 -0.000544172)
(0.948888 0.0298754 0.000369971)
(0.932219 0.0371944 -0.000779381)
(0.906485 0.0456309 0.00109622)
(0.923692 0.021069 -0.00119587)
(0.87703 0.0429026 0.00446277)
(0.95223 0.0482666 0.00706323)
(1.00058 -0.00316646 0.000237446)
(1.02241 -0.000361472 0.000114758)
(1.02811 -0.0216713 -0.000402476)
(1.06883 -0.00814218 -0.000603063)
(1.0819 -0.0169079 -0.00012329)
(1.07949 -0.00845316 0.000356219)
(1.05897 0.00653174 0.00017424)
(1.06809 -0.0119625 0.000178145)
(1.01301 0.0102794 -0.000398477)
(1.00808 0.0128509 9.60195e-05)
(0.947422 0.0042656 -0.000293331)
(0.932207 0.00253404 1.4391e-05)
(0.876635 -0.0146588 0.00053461)
(0.85754 -0.025783 -0.000166999)
(0.858259 -0.0494214 -0.00114384)
(0.943052 -0.0409387 -0.00131229)
(0.975198 -0.0377149 -0.00127112)
(1.00431 -0.038083 -0.000622987)
(1.0593 -0.00731153 -0.000182002)
(1.04021 -0.0167535 -4.06868e-05)
(1.00524 -0.0160876 0.000345396)
(1.02173 -0.021972 0.00113779)
(1.02652 -0.0170961 -0.00110993)
(1.08275 -0.039244 -0.00173399)
(1.09083 0.00787879 -0.00105225)
(1.10369 0.0388408 -7.95629e-05)
(1.05707 0.000112822 0.00105237)
(1.08027 0.0513091 -0.000100802)
(1.0419 0.0343827 -0.000390563)
(1.00791 0.0443861 0.00097555)
(0.959961 0.0516228 -0.00151675)
(0.928425 0.051741 -0.0009079)
(0.84492 0.0841616 0.000409031)
(0.838888 0.0369839 5.64879e-05)
(0.851572 -0.0245872 -0.00209016)
(0.968442 -0.0601682 -0.00564699)
(0.984293 -0.0177641 -0.00426671)
(1.05181 -0.0269784 -0.00161806)
(1.10273 -0.0255068 -0.000510355)
(1.03179 0.0295889 -0.000476569)
(0.982181 -0.0240014 -0.000187309)
(1.04447 -0.00950027 0.00251103)
(1.04919 -0.0814615 0.00145979)
(1.13468 -0.0767261 -0.00830107)
(1.15472 -0.043515 -0.00537279)
(1.10852 0.0238861 0.00239818)
(1.08828 0.0368979 0.00519172)
(1.10724 -0.00203976 0.00296026)
(1.05851 0.0675515 -0.00122515)
(1.01611 0.0917008 -0.00375532)
(0.983394 0.0604258 -0.00103928)
(0.97154 0.0839086 0.00277456)
(0.873856 0.0594667 -0.00136577)
(0.856793 -0.0362184 0.00120327)
(0.817446 -0.176239 -0.00128261)
(0.962727 -0.188917 -0.0141616)
(1.08361 -0.131849 -0.0153249)
(1.05206 -0.145287 -0.0103037)
(1.07938 0.0110056 -0.00662471)
(1.07603 0.0355345 -0.00173373)
(0.996961 -0.0463048 0.00119001)
(1.04381 -0.0513094 -0.000102293)
(1.0419 -0.0683773 0.00433408)
(1.21212 -0.183626 -0.0054895)
(1.19669 -0.0275725 -0.0216059)
(1.11095 0.128211 -0.00473321)
(1.19082 0.0438148 0.0178474)
(1.12534 0.108464 0.0143754)
(1.13633 0.111157 0.00113858)
(1.12332 0.0825328 -0.0076379)
(1.0659 0.0633623 -0.0134908)
(0.929985 0.148324 -0.00189394)
(0.758668 0.182872 0.00951451)
(0.762994 0.0997246 0.0142123)
(0.703586 -0.0889502 0.00557405)
(0.900159 -0.37965 -0.0111123)
(1.05055 -0.178827 -0.0159824)
(1.11142 -0.0835298 -0.00723541)
(1.24237 -0.102617 -0.00341684)
(1.17581 0.0247177 -0.00376336)
(1.01682 -0.0506079 0.00289118)
(1.0467 -0.049722 0.00201342)
(1.14134 -0.181873 -0.0119078)
(1.21381 -0.246762 0.0105659)
(1.35479 -0.139107 -0.00681457)
(1.31592 -0.0401833 -0.0241522)
(1.15354 0.145518 -0.00123523)
(1.05762 0.196883 0.0411538)
(1.29636 0.10467 0.0484136)
(1.32132 0.102382 -0.00563868)
(1.09226 0.20609 -0.0125183)
(0.957693 0.333385 -0.0167282)
(0.843431 0.209915 -0.0170536)
(0.767256 0.0864403 -0.00712093)
(0.576283 -0.294743 -0.00951574)
(0.518816 -0.650623 -0.00203161)
(0.794054 -0.481885 -0.00292104)
(0.994049 -0.366758 -0.00212993)
(1.22404 -0.0563101 -0.0146345)
(1.04531 0.0386477 -0.0105736)
(1.02377 -0.0767577 0.00366036)
(1.02714 -0.113459 -0.0183451)
(1.22539 -0.342667 -0.00463256)
(1.33455 -0.209203 0.0206653)
(1.5403 -0.193962 0.0154799)
(1.56596 0.0741611 -0.0539281)
(1.17663 0.280766 -0.0245596)
(1.09577 0.269647 0.0639596)
(1.39592 0.256585 0.0309969)
(1.35407 0.217905 0.0137039)
(1.18202 0.176832 0.0163557)
(1.37719 0.161133 -0.0401923)
(1.39214 0.318386 -0.0149292)
(1.04267 0.301499 0.00779487)
(0.571939 0.0280911 0.00285706)
(0.368948 -0.656004 0.00658405)
(0.651384 -0.673133 0.00378019)
(0.779223 -0.553551 0.0139066)
(1.07492 -0.262956 -0.0116953)
(1.10694 0.117694 -0.0200538)
(1.07126 -0.0576941 -0.00685362)
(1.1625 -0.342137 -0.0229366)
(1.24107 -0.569982 -0.0252349)
(1.80689 -0.586377 0.0680795)
(1.77549 -0.278047 0.0999252)
(1.50812 -0.0699668 -0.0229581)
(1.60785 0.198414 -0.0302424)
(1.6247 0.415249 -0.106663)
(1.22155 0.303967 -0.0315176)
(1.27007 0.49755 0.172832)
(1.83704 0.28004 0.0865549)
(1.8311 -0.12392 -0.0180657)
(1.36314 0.439261 -0.0158746)
(1.1072 0.662741 -0.00625086)
(0.91461 0.15075 -0.0289256)
(0.652666 -0.68235 -0.0234828)
(0.628378 -0.86235 0.000540881)
(0.579579 -0.711557 0.00848776)
(0.952511 -0.535009 0.0416664)
(1.25787 -0.205416 0.0207417)
(1.18961 -0.176096 0.0117326)
(1.02784 -0.540136 0.0192466)
(1.56513 -1.08998 0.00907166)
(1.78067 -0.760501 -0.0446492)
(1.80974 -0.0115864 -0.0555401)
(1.54079 0.172565 -0.0856947)
(1.08025 0.0176146 0.0261447)
(0.894864 -0.0860123 -0.0366544)
(1.29689 0.154035 0.0175625)
(1.68195 0.480161 -0.0834606)
(1.64845 0.32501 -0.0595834)
(1.19494 0.630902 0.0797787)
(1.09973 0.717631 0.0416354)
(1.10242 0.392215 -0.0467079)
(1.05605 0.172144 -0.0316436)
(1.15135 -0.46545 -0.00586916)
(0.950298 -0.588004 0.0461966)
(1.07759 -0.706186 0.0167683)
(1.17642 -0.535827 -0.000818046)
(1.17884 -0.0268229 0.0137603)
(1.70392 -0.0801743 0.0280335)
(1.25836 -0.67902 0.186351)
(1.63163 -1.29549 -0.150325)
(-0.303488 -0.236438 -0.0166861)
(-0.219761 -0.415934 -0.0363014)
(0.668381 -0.243625 0.0150607)
(0.821424 0.0511136 -0.0121403)
(0.966368 0.168456 0.0429403)
(1.44988 0.452982 0.125653)
(1.56514 0.651632 -0.0166994)
(1.06775 0.407007 -0.0549611)
(0.955911 -0.0206855 -6.01889e-05)
(1.11773 -0.679409 -0.0223276)
(1.12704 -0.533487 -0.00992832)
(1.16329 -0.692451 0.0316029)
(1.35962 -0.624327 -0.0187024)
(1.12536 -0.0750467 -0.0276119)
(0.76768 0.159302 -0.0893651)
(1.10925 -0.725769 -0.186517)
(0.302533 -0.661016 -0.0561091)
(-0.0511887 -0.0049776 -0.0541152)
(0.123 -0.917309 0.0723158)
(0.0713912 -0.459583 -0.0888783)
(0.179869 0.0173933 -0.0270626)
(0.303194 -0.283729 -0.0157043)
(1.12002 0.876512 -0.04377)
(0.984191 1.02596 -0.0627476)
(0.793321 0.271168 0.0193861)
(0.888473 -0.227453 0.0240089)
(0.981294 -0.982548 0.0305933)
(1.30723 -0.716677 -0.0177516)
(1.06127 -0.479042 0.00830309)
(1.37315 -0.628893 0.0432083)
(1.33256 -0.131859 0.00808322)
(0.745187 -0.0970094 -0.0187067)
(0.031886 -0.127538 0.0380066)
(-0.00107046 0.370852 -0.0219224)
(0.391152 -0.348801 0.0995411)
(-0.110167 -0.897692 -0.0160029)
(0.327739 -0.46332 0.011354)
(0.531231 -0.795843 0.0109361)
(0.528177 -0.070793 -0.152017)
(0.72241 0.375398 -0.0999391)
(0.856611 0.0854785 -0.0516499)
(1.15362 -0.152666 0.0410178)
(1.42666 -0.614249 0.0700421)
(1.39303 -0.700737 0.0207267)
(1.27219 -0.670525 -0.0317811)
(1.06232 -0.458796 -0.030839)
(0.965447 0.0283703 0.00403006)
(1.53098 0.174214 -0.0325697)
(0.29663 -0.187322 -0.122393)
(0.587605 1.63216 0.0465797)
(0.306896 0.165352 -0.0480326)
(0.764231 -0.344399 -0.0593762)
(0.876233 -0.610509 0.041986)
(0.900991 -0.693216 0.0444347)
(1.09584 -0.495625 0.101589)
(0.936352 -0.548974 0.0949008)
(0.818735 -0.414852 -0.0185902)
(0.916803 -0.397744 -0.0530938)
(1.36735 -0.0136833 -0.0138381)
(1.76667 -0.328695 -0.0231181)
(1.59932 -0.332284 -0.0175198)
(1.38187 -0.401586 -0.00972686)
(1.10115 -0.432198 -0.0186194)
(0.909364 0.114243 -0.0203953)
(1.16136 -0.21844 -0.0188309)
(0.88136 0.756315 -0.00932588)
(1.00701 0.678785 0.00837394)
(0.37174 -0.179394 0.0915204)
(1.58033 -0.521113 0.00975011)
(1.52774 -0.870857 -0.0526526)
(1.23938 -0.654756 -0.0363947)
(1.37065 -0.217588 0.0136699)
(1.46831 -0.22619 0.0836071)
(1.36691 -0.090428 0.130075)
(1.52754 -0.125085 0.058039)
(1.44411 -0.457853 0.0260479)
(1.45613 -0.517296 0.00102436)
(1.30793 -0.768735 -0.00648359)
(1.25494 -0.57162 -0.0129704)
(1.09591 -0.410408 -0.0338343)
(1.08546 -0.274248 -0.00223935)
(1.08451 0.0472853 0.0114799)
(1.03993 -0.0192594 0.0111588)
(0.865208 0.367112 -0.0310158)
(1.51352 0.670457 0.00305104)
(1.79065 0.418946 0.0920715)
(1.9852 0.227581 -0.12583)
(1.76993 -0.151148 -0.00400246)
(1.16442 -0.223005 -0.0400324)
(1.14914 -0.3883 0.0851868)
(1.17913 -0.601822 0.100645)
(1.24272 -0.410675 0.0302054)
(1.19999 0.13893 0.0424209)
(1.18478 0.0956947 0.0180467)
(1.55418 -0.10656 -0.0172133)
(1.43342 0.0200684 -0.00584556)
(1.30021 0.131971 0.00110355)
(1.10516 -0.176149 0.0145928)
(0.992186 -0.336557 0.0172503)
(0.949085 -0.654309 -0.00602776)
(0.718044 -0.436962 -0.0354992)
(0.72328 0.189948 -0.0121063)
(1.03131 0.0580818 0.00679781)
(1.02079 0.074486 -0.0143846)
(1.14534 0.32198 -0.0307734)
(1.38274 0.360246 0.0194439)
(1.80666 0.402095 0.0339114)
(1.40996 0.0838079 -0.0497454)
(1.13952 -0.222975 0.0330897)
(1.35873 -0.365401 0.0500385)
(1.24138 -0.183484 0.0347565)
(1.04863 -0.0259749 0.0527525)
(1.2649 -0.00720091 -0.00310864)
(1.22613 0.122801 -0.00950107)
(1.21472 0.143698 0.0129584)
(1.24415 -0.039424 -0.0084478)
(1.17768 -0.131892 -0.0255122)
(1.08817 -0.133511 0.00578116)
(1.01812 -0.0641452 0.0215472)
(0.998893 -0.297379 0.0434747)
(0.693743 -0.363069 0.01694)
(0.752186 0.0332628 -0.0195552)
(1.01772 0.00746656 -0.00217851)
(1.02205 0.0748349 -0.00329819)
(1.03773 0.133556 0.00639068)
(1.32686 0.283782 -0.00648827)
(1.44327 0.233911 -0.0417902)
(1.26535 -0.131008 -0.0390298)
(1.24626 -0.0385897 0.0271164)
(1.21278 -0.0969228 0.0321666)
(1.10485 -0.21604 -0.00414654)
(1.11679 -0.106098 -0.011042)
(1.09598 -0.0989388 -0.014871)
(1.02811 0.101984 -0.0194999)
(1.16721 0.145906 -0.0163466)
(1.13873 0.096565 -0.000949108)
(1.14335 0.0158988 0.000173551)
(1.04424 -0.0948195 -0.00699535)
(1.1104 -0.0327596 -0.00279937)
(1.1721 -0.0561108 0.00488507)
(0.934485 -0.0713869 -0.00652136)
(0.903628 0.0577334 -0.0123437)
(0.994652 0.018106 -0.00182646)
(1.00419 0.0351039 0.00940681)
(1.09622 0.137002 -0.00102666)
(1.11588 0.097349 -0.023068)
(1.16939 0.0243598 -0.0243161)
(1.17133 -0.0849378 0.00700873)
(1.14202 -0.0106642 0.00489253)
(1.1981 -0.0539597 -0.0140248)
(0.975633 -0.178365 -0.00460063)
(0.942825 -0.0714244 -0.00147221)
(0.948417 -0.0844353 -0.00504738)
(0.898268 -0.0341185 0.00176908)
(1.03449 0.0324691 -0.00266489)
(0.994132 0.0416114 -0.00755602)
(1.03009 -0.0520542 -0.00507111)
(0.975415 -0.154188 -0.00124752)
(0.844385 -0.115061 0.00686742)
(0.931396 -0.0525366 0.00866211)
(0.907372 -0.13302 0.0131142)
(0.965689 -0.104605 0.00937419)
(0.993465 -0.00300792 0.0010429)
(1.0275 0.0540783 0.00156535)
(1.03621 0.030885 -0.00432936)
(1.09025 0.0278191 -0.00553156)
(1.11109 0.0293427 -0.00106956)
(1.12805 -0.0198407 0.00319503)
(1.0602 -0.0238258 -0.00278513)
(1.09995 -0.0458353 0.000471001)
(1.02378 -0.0345253 0.00286558)
(0.988546 -0.0780869 0.00190359)
(0.979556 -0.0591847 -0.000442037)
(0.927855 0.0544218 -0.0036937)
(0.950366 0.0285963 0.000634476)
(0.983688 0.0330666 -0.00132386)
(1.0144 0.0222266 0.00179947)
(0.968065 0.0298261 -0.00131423)
(0.902608 0.0361386 -0.000253604)
(0.927448 -0.0245944 -0.00108376)
(0.900089 0.0328352 0.0103982)
(0.96821 0.0755308 0.0140554)
(0.983761 0.00810053 3.95583e-05)
(1.01778 0.0139552 0.000506959)
(1.03512 0.0335495 -0.00143926)
(1.04279 0.0231118 -0.00013514)
(1.07651 0.00583554 0.000332176)
(1.07522 -0.0181176 -0.000827539)
(1.0509 -0.0102703 -0.000183406)
(1.04964 -0.0358072 -0.000156382)
(0.997427 -0.0656046 -0.000891378)
(0.989257 -0.0211811 -0.000316432)
(0.915037 -0.0449726 0.000480177)
(0.917623 -0.0288932 -0.000720261)
(0.944978 -0.00648081 -0.000373716)
(0.925913 -0.0148399 -0.000658553)
(0.945583 -0.0301722 0.000104934)
(0.919066 -0.0731649 -0.00137463)
(0.914537 -0.0575169 0.00146965)
(0.925493 -0.0418517 0.00105243)
(0.854324 -0.0366301 0.00237424)
(0.954363 -0.0102836 0.00363201)
(0.989967 -0.00260798 -6.37178e-05)
(1.0141 0.0117813 0.00015056)
(1.02156 -0.00280528 -0.00015294)
(1.04527 4.39677e-05 0.000136727)
(1.05888 0.00712364 -0.000173867)
(1.06184 -0.00134795 -5.26187e-05)
(1.0397 -0.00233707 -0.000201205)
(1.04736 0.000421793 5.3976e-05)
(0.989265 0.00466669 0.000204005)
(0.97536 -0.0139056 0.000111447)
(0.943836 0.00248667 1.09959e-06)
(0.924156 0.0246758 -0.000426937)
(0.936078 0.0141088 0.000255117)
(0.933853 0.0261866 -0.000278535)
(0.94898 0.0300617 0.000128088)
(0.932271 0.037686 -0.000184472)
(0.906391 0.0450145 0.000172432)
(0.923917 0.0203322 -6.60967e-05)
(0.877819 0.0431769 0.00123427)
(0.952004 0.0483598 0.00163027)
(1.2524 -0.534827 0.00375865)
(0.5022 -1.02234 -0.0304029)
(0.912769 -0.703735 -0.0340738)
(1.94134 -0.480323 0.160035)
(1.67337 -0.215211 0.174914)
(0.708536 -0.692367 0.142921)
(1.28013 -0.893369 -0.0459966)
(1.94284 -0.63832 -0.033914)
(2.0346 -0.257538 0.0543136)
(2.1715 0.0485672 0.00800206)
(1.74925 -0.181427 -0.0420153)
(2.00981 0.203078 -0.0631969)
(2.0587 -9.65028e-05 -0.121745)
(1.53855 0.0713444 0.000175104)
(-0.272874 -0.00706229 0.0026905)
(0.290269 0.0589331 -0.019539)
(1.53341 0.0061842 -0.0409962)
(1.85591 0.210767 -0.060555)
(0.0194637 0.138532 -0.0106383)
(0.599426 0.182836 -0.0689701)
(0.0956613 -1.00283 -0.0126362)
(-0.433142 -1.19021 -0.0134631)
(-0.158251 -1.11621 -0.179145)
(-0.0578519 -0.955487 0.227215)
(0.442064 -0.568893 0.115672)
(0.489932 -0.796201 -0.0137992)
(0.618742 -0.954167 -0.307316)
(0.0452121 -0.957873 -0.200896)
(0.952482 -1.5936 -0.185119)
(0.520611 -1.25906 -0.53739)
(0.169985 0.0671467 -0.0154379)
(0.101948 0.174715 0.00640635)
(0.121755 0.0224606 -0.0434473)
(0.0791119 0.103406 0.0267769)
(0.685146 0.180138 -0.0186692)
(0.181683 0.0975661 0.00195237)
(0.0944238 0.116388 0.0184787)
(-0.0792766 -0.114916 -0.0715211)
(0.385027 0.0370208 -0.0366259)
(0.149424 0.0485869 0.00270107)
(-0.0520895 0.0278465 0.0255311)
(-0.0910885 -0.893517 -0.0220578)
(-0.384522 -0.243489 0.0374351)
(0.49648 -0.178314 -0.205656)
(2.58112 -0.19918 0.178438)
(0.800906 -0.919453 -0.284776)
(0.139068 0.0226557 0.0805971)
(1.3107 0.0773717 -0.264483)
(0.431377 -0.69682 -0.729559)
(0.0582534 0.075326 -0.00128372)
(0.0457577 0.049639 -0.0138196)
(0.0262895 -0.0232192 0.0169093)
(0.0787732 0.310096 -0.0189799)
(-0.0636136 0.195228 0.0180885)
(0.0328431 0.0254094 -0.0760113)
(-0.0341986 -0.0115818 0.0255832)
(-0.0290155 0.277079 -0.0792968)
(-0.18624 0.163365 0.0469178)
(0.00988871 0.597408 -0.0595262)
(2.27781 0.31866 -0.0655651)
(1.13988 0.830724 0.0912103)
(0.283251 0.142697 0.09608)
(0.679504 0.499181 -0.065302)
(2.09651 0.499043 -0.228544)
(1.53266 0.789469 0.436382)
(0.0785549 0.822345 -0.0810764)
(0.717373 0.794687 -0.0692424)
(-0.100876 0.241509 -0.00320918)
(-0.101874 0.24369 -0.0276049)
(0.108636 0.01073 0.0321894)
(-0.206439 0.189533 -0.00619604)
(-0.311751 0.108142 0.0156093)
(0.00610156 0.390251 -0.0368133)
(0.0847656 0.00649296 0.105932)
(-0.232917 0.183893 -0.046735)
(-0.307468 0.120594 0.0539684)
(1.10774 1.31702 -0.0391147)
(0.98674 0.553386 0.108299)
(0.330906 1.35586 -0.000407861)
(1.06492 0.287771 0.0346181)
(1.65698 0.96896 -0.0676802)
(1.14059 0.599033 0.200029)
(0.817387 0.84289 0.185585)
(0.745029 2.14665 -0.0618889)
(0.888387 1.65349 -0.107301)
(1.45766 1.80887 -0.231225)
(-0.0970223 0.372108 -3.54484e-05)
(-0.189599 0.167585 0.00882538)
(-0.0936081 0.374409 -0.0169789)
(-0.0842916 0.0885731 0.0972759)
(-0.0493681 0.0394592 -0.0313587)
(0.255335 0.261754 0.00933371)
(0.117686 0.146761 -0.0132426)
(0.124552 0.399745 -0.0665885)
(-0.0318889 0.0912054 -0.0654481)
(0.278929 0.180529 -0.00769608)
(0.188524 0.171859 -0.0718795)
(1.03562 0.701214 0.0106923)
(1.44167 0.958007 0.0733405)
(1.3294 1.04355 -0.0316883)
(1.06294 0.842685 0.0616762)
(1.3868 1.13154 -0.0446474)
(1.71406 0.786184 0.183846)
(1.52634 0.601035 0.108984)
(1.886 1.24625 0.00269681)
(2.1113 0.690891 -0.0503992)
(1.84685 0.541813 0.0430203)
(2.26352 0.0308664 -0.0467046)
(1.92844 0.355028 -0.0318473)
(1.98546 0.0956192 -0.0168133)
(1.90765 -0.189284 -0.0155929)
(2.29956 -0.344472 -0.0584659)
(0.317678 -0.19101 0.0410138)
(1.26489 0.0701358 -0.0301682)
(2.05524 -0.570167 0.0194914)
(0.058717 -0.0423661 0.0729793)
(0.677771 -0.336495 0.130486)
(1.36776 0.109165 -0.04423)
(2.30002 -0.575915 0.0412515)
(1.60483 -0.460865 0.127105)
(0.6066 -0.613538 0.0953826)
(1.30585 -0.950605 0.0270058)
(1.61395 -1.23087 0.0481915)
(1.35343 -0.603117 0.0138663)
(0.693465 -0.561746 0.0223924)
(1.3644 -1.22408 0.148129)
(2.16677 0.0149241 0.0381415)
(1.7965 -0.6711 -0.00899308)
(2.03481 -0.229986 0.0219055)
(2.02712 0.0150734 -0.0982737)
(1.86326 -0.0220101 -0.0660141)
(1.81302 0.215627 -0.00863337)
(1.95291 0.360498 -0.120118)
(0.216392 0.205013 -0.0306737)
(0.745828 0.236658 -0.0707602)
(1.50766 0.194471 -0.0858713)
(1.83931 0.284116 -0.106304)
(0.521401 0.250608 -0.108261)
(0.393071 0.0658106 -0.0154251)
(0.644354 -0.119076 0.0487431)
(1.01455 -0.389977 -0.0807338)
(1.30183 -0.765457 -0.236422)
(0.797 -0.671617 0.261802)
(0.694693 0.0689398 0.0473708)
(0.553374 -0.0333725 -0.0210427)
(1.51837 -0.605967 -0.0920518)
(0.641137 -1.28172 -0.514253)
(1.52044 -1.30892 -0.148135)
(0.680815 -1.39619 -0.291931)
(0.0676659 -0.0268557 -0.0190618)
(0.0660533 0.080071 0.0250941)
(-0.159949 -0.200812 0.0556909)
(0.0282878 0.0345073 0.0109076)
(0.0688399 -0.0992812 -0.0470192)
(0.0941228 -0.0053059 -0.000391933)
(-0.174762 -0.059743 0.0295541)
(-0.24677 -0.220568 -0.0297647)
(-0.0648844 -0.152171 -0.0410052)
(0.0660994 -0.0496952 -0.00620798)
(-0.224498 -0.135092 -0.0162303)
(1.13458 -0.854407 -0.314643)
(1.22772 0.263527 -0.0264481)
(1.35118 0.105627 -0.0768405)
(1.84233 -0.719689 -0.156973)
(1.47428 -0.862932 0.143931)
(0.492194 0.380328 -0.242051)
(0.846145 -0.222101 0.312797)
(0.547561 -0.739771 -0.122211)
(0.0409988 0.0427165 -0.0190597)
(0.0292324 0.015539 -0.0297164)
(-0.0833304 0.0628875 0.0191397)
(-0.0643311 0.268643 -0.0704753)
(-0.293932 0.0575646 0.061786)
(-0.0316214 0.00904365 -0.0656732)
(-0.114294 0.125039 0.023659)
(-0.0866368 0.268708 -0.0162565)
(-0.348295 -0.0568329 0.103296)
(0.757509 0.520302 0.0372064)
(1.71368 0.66391 -0.26309)
(1.57031 0.777516 0.504913)
(0.0651645 0.00253707 0.0396299)
(0.0848892 0.557536 0.263584)
(1.79767 0.778927 -0.29116)
(1.26877 0.784315 0.483464)
(0.571644 0.798787 0.116943)
(0.252944 0.616945 0.410973)
(-0.100687 0.245377 -0.0318334)
(-0.0953803 0.262824 -0.0475716)
(0.123373 0.00316831 0.143623)
(-0.240352 0.18787 -0.0575132)
(-0.231727 0.0897062 0.0576773)
(-0.00895643 0.378234 -0.0243728)
(0.136694 -0.0236564 0.156945)
(-0.26694 0.184308 -0.0710744)
(-0.224078 0.0593998 0.0460383)
(1.61362 0.823249 -0.0534394)
(1.13024 0.698996 0.237837)
(0.97182 0.392501 0.118937)
(0.131585 -0.0895329 -0.0503614)
(1.49123 0.935443 -0.0239849)
(0.86873 0.782099 0.179903)
(0.893783 0.224866 0.157104)
(1.57689 1.61905 -0.199977)
(0.6155 1.65015 0.0936736)
(1.59239 1.64302 -0.095813)
(-0.0939033 0.379238 -0.0349673)
(-0.0550822 0.0601512 0.12936)
(-0.0949824 0.366905 -0.0820529)
(0.248268 -0.156639 0.158736)
(-0.0534285 0.0785508 -0.115235)
(0.448221 -0.0144741 0.0208928)
(0.329539 0.0699242 -0.0721631)
(0.239758 0.253466 -0.0752677)
(0.0322467 0.00278199 -0.154077)
(0.587678 -0.20897 0.0519803)
(0.647354 -0.15411 -0.0595505)
(1.46921 1.21158 -0.0323597)
(1.71719 1.00613 0.189386)
(1.52154 0.631724 0.100857)
(1.04452 0.599649 0.047192)
(1.57712 1.33256 0.014797)
(1.7639 1.12303 0.158638)
(1.55129 0.707763 0.0863501)
(1.86112 0.572611 0.0608642)
(2.25134 0.00174549 0.00359927)
(1.97218 0.780078 0.0674913)
(2.29547 0.100709 0.145544)
(1.92114 -0.247652 0.0195243)
(2.19807 -0.348587 -0.0600656)
(1.98305 -0.154962 0.135442)
(2.20238 -0.251357 -0.0390453)
(0.524059 -0.234522 0.154316)
(1.69193 -0.0612395 -0.0338106)
(2.09774 -0.377883 0.041214)
(0.306242 -0.170536 0.107413)
(0.761444 -0.307744 0.118342)
(1.71947 -0.0969944 0.00134216)
(2.15284 -0.314671 0.0401318)
(1.30302 -0.643492 -0.0242313)
(0.909889 -0.641705 -0.062839)
(1.40121 -1.24494 0.114183)
(1.51941 -0.876792 -0.0225725)
(1.28807 -0.676905 -0.018089)
(1.04567 -0.839992 -0.026858)
(1.12793 -0.859066 0.0176989)
(2.04289 -0.275754 0.00397117)
(1.80781 -0.798439 -0.018248)
(2.04096 -0.306841 0.005917)
(1.81138 0.283855 0.00776459)
(1.77355 0.0290463 0.000900996)
(2.02814 -0.0280915 0.0188233)
(1.63044 0.0961659 -0.100668)
(0.408757 0.20254 -0.111353)
(-0.0517492 -0.0823429 0.0258414)
(1.58399 0.060774 -0.0502341)
(1.18473 -0.129842 -0.0281921)
(0.125204 0.126092 -0.0186026)
(-0.461182 -0.155701 0.0318465)
(0.881157 0.101103 0.00612052)
(-0.0748897 0.396211 -0.091708)
(1.50649 -0.471443 -0.0648627)
(1.27938 -0.605473 0.10778)
(1.38691 -0.0762888 0.00533539)
(0.310315 0.39552 -0.0390403)
(1.56281 -0.515883 -0.0434169)
(0.61065 -1.36846 -0.238816)
(1.77326 -1.54187 -0.0391806)
(0.530126 -1.38604 -0.0291889)
(-0.155425 -0.23188 0.0531184)
(0.0190629 0.0217701 0.00604673)
(-0.00237146 -0.232375 0.00477533)
(0.00427574 -0.00598088 0.000325086)
(-0.0635425 -0.135063 -0.0356515)
(0.0603085 -0.081274 -0.0113478)
(-0.24919 -0.181338 -0.0459574)
(-0.299803 -0.236595 -0.0114932)
(-0.0582068 -0.11855 -0.00669723)
(0.0519244 -0.094553 -0.00444474)
(-0.262936 -0.201953 -0.00936386)
(1.11875 -0.853192 0.243014)
(0.00904467 0.238255 -0.188674)
(0.38342 -0.376806 0.312381)
(0.778155 -1.08762 -0.0977901)
(0.939595 -0.648293 0.105345)
(0.315154 0.318442 -0.126214)
(-0.335202 -0.471602 -0.00670099)
(0.547913 -0.591349 -0.0610988)
(0.0248746 0.00481115 -0.0273232)
(0.0161285 -0.0157659 -0.00505644)
(-0.170102 0.0388453 0.014129)
(-0.0772955 0.274784 -0.00391424)
(-0.357736 -0.235416 0.116418)
(-0.0839521 -0.0348409 -0.00945327)
(-0.220748 -0.0797002 -0.00702709)
(-0.0576664 0.295071 0.00120803)
(-0.365073 -0.337936 0.0396676)
(-0.213445 0.54753 0.237037)
(1.88117 0.833861 -0.0690479)
(1.05266 0.731064 0.434679)
(0.206132 -0.853612 0.0590649)
(-0.00869179 -0.0372062 -0.0087747)
(1.48497 1.48833 0.00939033)
(1.04762 0.510925 0.109165)
(0.0576505 0.472173 0.251987)
(0.618659 0.449416 -0.0751698)
(-0.0967097 0.275144 -0.0485665)
(-0.108889 0.298922 -0.0128648)
(0.14167 0.0939954 0.143945)
(-0.275455 0.186803 -0.064571)
(-0.206536 0.057669 0.0335972)
(0.0199844 0.354163 -0.00535259)
(0.149428 0.212408 0.0404326)
(-0.30405 0.177211 -0.00955874)
(-0.217736 0.0702707 0.00572889)
(1.44327 1.10287 -0.0150209)
(0.575235 0.83086 0.121225)
(0.789385 0.172421 0.11461)
(0.829399 0.121554 -0.0710418)
(1.43836 1.35133 0.0243495)
(0.248937 0.923993 0.00111618)
(0.796029 0.321033 0.0483772)
(1.64022 1.6158 -0.0780695)
(1.06295 1.70692 -0.0317537)
(1.7801 1.71184 0.00318055)
(-0.0907571 0.348663 -0.0801451)
(0.327595 -0.168887 0.138721)
(-0.0782646 0.301639 -0.0167014)
(0.417916 -0.150224 0.02103)
(0.222091 -0.140782 -0.106014)
(0.65708 -0.359106 0.031005)
(1.07526 -0.482493 -0.0392057)
(0.312096 0.138967 -0.0197531)
(0.2008 -0.127735 -0.0282553)
(0.673829 -0.392982 0.00806072)
(1.07702 -0.471625 -0.0106612)
(1.56746 1.32827 0.0191023)
(1.61459 1.19269 0.0761387)
(1.38079 0.734861 0.0373725)
(1.0508 0.849619 0.00218382)
(1.49327 1.26239 0.0136677)
(1.50681 1.16559 0.00803588)
(1.29394 0.847324 0.00592029)
(1.9158 0.844838 0.0406991)
(2.24218 0.129412 0.148749)
(1.93795 1.04414 0.00650175)
(2.06385 0.27976 0.0285869)
(1.99787 -0.120469 0.147162)
(2.16076 -0.14821 -0.0312568)
(1.86927 0.138117 0.0390926)
(2.01867 0.0277089 0.00696526)
(0.870873 -0.261241 0.0634377)
(1.74482 -0.165536 0.0203986)
(2.10453 -0.227448 0.0359433)
(0.417426 -0.172731 0.00996713)
(1.00604 -0.295419 0.0211814)
(1.67236 -0.187988 0.0108047)
(2.05756 -0.26625 0.0151124)
(1.65061 -0.115526 0.0246979)
(1.84747 -0.627196 0.058016)
(1.77591 -0.332134 0.0274801)
(1.54277 0.102314 0.111781)
(1.74277 -0.00764602 -0.041515)
(1.82325 -0.226702 0.171961)
(1.74902 0.204983 0.0743072)
(1.72231 -0.455248 0.0254932)
(2.14678 -0.410889 0.00227958)
(1.91125 -0.476056 -0.0417821)
(1.73003 -0.123946 0.0433741)
(1.50072 3.77765e-05 0.0648056)
(2.13238 -0.0393089 -0.03071)
(1.84035 -0.0919772 -0.0253145)
(1.78651 -0.582517 -0.111602)
(1.81788 -0.860745 0.0112769)
(2.03432 -0.996026 0.0120624)
(1.85838 -0.794618 0.0155724)
(1.93468 -0.655186 -0.0223948)
(2.16816 -0.8309 -0.0423233)
(1.56146 -0.639794 -0.040242)
(1.56925 0.00269641 -0.0521933)
(1.8985 -0.248454 -0.0355535)
(1.90484 -0.0291236 -0.0256289)
(1.92497 -0.0625671 -0.0949981)
(2.05122 -0.0276914 -0.0879564)
(2.0413 -0.0938269 -0.0580037)
(1.36404 0.0925213 -0.0200341)
(0.42386 -0.936814 -0.156495)
(0.804841 -0.840263 -0.057877)
(0.293923 -1.2159 -0.0713357)
(0.459954 -1.80648 -0.130678)
(0.862445 -0.973698 -0.164151)
(0.647919 -1.25609 -0.198568)
(0.363387 -0.873009 -0.0701919)
(0.183847 0.0334142 -0.013031)
(0.198468 0.0315343 -0.0387094)
(0.0872798 -0.693862 -0.601485)
(-0.0464314 0.13412 -0.0351929)
(0.113621 0.0183991 -0.00750059)
(0.100529 0.212129 -0.0210542)
(0.0784528 0.00653861 -0.0464089)
(0.0761681 0.0188379 -0.0202319)
(0.0657037 0.19365 -0.0571813)
(-0.00696689 0.158162 -0.0112837)
(0.219184 0.22756 0.000508581)
(0.0964029 0.396498 -0.000404041)
(0.00499719 0.259575 -0.00612989)
(0.0468321 0.390713 -0.0235713)
(0.073923 0.382819 -0.00265791)
(0.00393955 0.25859 -0.0190886)
(0.22716 0.246696 -0.000234129)
(0.2516 1.59924 -0.0520511)
(0.51595 1.54242 -0.190258)
(0.573288 1.60889 -0.150317)
(1.50571 0.68749 -0.139693)
(1.56429 1.08233 -0.0521107)
(1.73265 1.06525 -0.139804)
(1.4015 0.686441 -0.0615676)
(0.590394 -0.167715 0.0415519)
(0.0520381 0.257019 0.000686002)
(0.142932 -0.0997551 0.0147656)
(-0.00699091 0.0274015 0.0220106)
(0.056657 0.243844 0.0242918)
(0.165818 -0.104776 0.0351881)
(0.57844 -0.160776 0.00690415)
(1.98821 0.303308 0.0420703)
(1.66877 0.214795 0.0292335)
(1.94304 0.234495 0.0238657)
(1.74665 0.150606 0.0962126)
(1.91884 -0.236185 0.0908584)
(1.67718 0.138174 -0.00839107)
(1.89729 0.181123 -0.0361628)
(2.08754 0.539053 0.0030375)
(1.9566 0.449566 0.024286)
(1.73914 0.131636 0.0643107)
(2.01179 -0.323281 -0.0548178)
(2.04891 0.189667 0.0121823)
(1.87765 0.248735 0.0469115)
(1.68179 -0.00584971 0.172004)
(1.97946 -0.316153 -0.0841907)
(1.8256 -0.306275 0.158942)
(2.07559 -0.151295 -0.0150772)
(1.86215 -0.52483 0.0742899)
(1.93369 -0.311443 -0.0481611)
(1.81684 -0.413578 0.0739805)
(2.14149 -0.372807 -0.0687224)
(1.52953 0.060765 0.0570237)
(2.03409 -0.082986 -0.0901876)
(1.7429 -0.0439422 0.0123918)
(1.81599 -0.290793 0.120258)
(1.63007 0.0215743 0.0800073)
(1.86398 -0.0334691 -0.0330511)
(1.56069 0.154148 0.0789283)
(2.08238 -0.355199 0.0756368)
(2.13679 -0.197292 0.017809)
(2.3713 -0.462318 0.0920046)
(1.98155 -0.441108 0.0579802)
(2.0739 -0.363353 0.0279892)
(2.1304 -0.244898 0.0266454)
(2.36904 -0.4777 0.114035)
(1.83719 0.0672044 0.00963344)
(2.11349 0.137721 -0.085516)
(2.14218 -0.022349 0.0216298)
(1.98918 0.0795737 -0.0540802)
(1.84555 0.0549734 -0.00739556)
(2.07511 0.0856851 -0.0873689)
(2.11902 -0.0202505 0.0444204)
(0.64823 -0.954553 -0.254824)
(1.19533 -1.21039 -0.218664)
(1.12079 -1.26249 -0.348227)
(1.36494 -1.32307 -0.152295)
(0.590439 -0.998602 -0.263513)
(1.31926 -1.24408 -0.200923)
(1.14743 -1.31315 -0.336331)
(0.234326 0.0529164 -0.135432)
(0.217698 0.0612058 -0.157519)
(0.543544 -0.74766 -0.472512)
(-0.162802 0.0551164 -0.0856725)
(-0.0726883 0.0309076 -0.0293482)
(-0.00638716 0.121929 -0.0827958)
(0.00207405 0.0283327 -0.0781254)
(-0.149561 0.0700064 -0.0834471)
(-0.101223 0.0316618 -0.0301527)
(-0.0127854 0.10425 -0.0768596)
(0.19862 0.108114 -0.00927719)
(0.0269655 0.325213 0.00543264)
(0.00492081 0.234442 -0.0439328)
(-0.0138911 0.38799 -0.0314063)
(0.202949 0.134537 -0.00473882)
(0.0434468 0.310437 0.0020846)
(0.0104585 0.216905 -0.0483356)
(0.852279 1.55625 -0.0434463)
(0.817224 1.66546 0.0502269)
(0.832962 1.57255 0.00554536)
(1.57007 0.627571 -0.132101)
(1.97663 0.976353 -0.1494)
(1.58875 0.616976 -0.182288)
(1.98448 0.989211 -0.113103)
(0.869531 -0.219553 0.0485233)
(0.154106 0.100281 0.0144645)
(0.356391 -0.101177 0.0964341)
(0.129442 -0.111099 0.105457)
(0.741952 -0.19146 0.0344101)
(0.227512 0.0331138 0.0449391)
(0.387048 -0.08564 0.103794)
(1.97115 -0.247473 0.0649889)
(1.78629 0.228493 -0.0411455)
(1.84833 0.187509 -0.138461)
(1.87608 0.302738 0.113465)
(2.04878 -0.0261705 0.108443)
(1.81048 0.310326 0.0111797)
(1.7639 0.235621 -0.143948)
(2.00201 -0.02065 -0.0521583)
(1.79813 0.0651605 -0.0216442)
(1.69009 -0.0572243 0.2046)
(1.87874 -0.141044 -0.149851)
(1.9186 -0.131339 -0.0640418)
(1.69577 -0.122715 -0.0432779)
(1.7058 -0.130936 0.214881)
(1.76153 -0.185301 -0.0301776)
(1.65892 -0.374686 0.0235651)
(2.00207 -0.318742 -0.0427617)
(1.72222 -0.597474 0.0202517)
(1.7171 -0.20943 -0.0100231)
(1.56233 -0.263873 0.00587078)
(1.94331 -0.353988 0.00468491)
(1.69069 0.0728565 0.0194085)
(1.65592 0.127586 0.0089064)
(1.58759 0.220703 0.0505019)
(1.66732 -0.160408 0.0218973)
(1.78574 -0.0646408 0.00201316)
(1.6739 0.119575 0.00373838)
(1.90261 -0.14282 0.0382478)
(1.87934 -0.557134 0.0474259)
(2.08042 -0.577634 -0.0456964)
(2.24722 -0.830919 -0.0206075)
(1.78429 -0.787923 -0.049802)
(1.94244 -0.502657 0.0636681)
(2.07394 -0.629212 -0.0475387)
(2.2614 -0.915667 -0.0354927)
(1.6663 0.0374564 0.0280335)
(1.94675 0.169084 -0.061799)
(1.95473 -0.0997276 0.0316618)
(1.76972 0.0204014 -0.0276283)
(1.71249 0.0474135 0.016699)
(1.97244 0.157369 -0.0303508)
(1.95729 -0.106705 0.0206951)
(0.738448 -0.926949 -0.0274233)
(1.55565 -1.29476 -0.0988178)
(1.37005 -1.35626 -0.248138)
(1.69044 -1.41526 -0.154736)
(0.790886 -0.943734 -0.100124)
(1.52728 -1.34261 -0.0731678)
(1.33892 -1.40313 -0.217112)
(0.0652745 0.0168242 -0.0904394)
(0.0353679 0.00155516 -0.0539708)
(0.350901 -0.617806 -0.0427622)
(-0.19471 -0.0298421 -0.0424716)
(-0.201252 -0.0294858 -0.0267194)
(-0.0259516 0.0681583 -0.040292)
(-0.0664669 -0.0188357 -0.0404447)
(-0.195297 -0.0133014 -0.0583306)
(-0.227512 -0.0587116 -0.0226089)
(-0.0236507 0.0646146 -0.0269425)
(0.115121 -0.0053483 -0.00826201)
(0.131601 0.259579 -0.0169177)
(0.0284806 0.148314 -0.0483114)
(0.00778767 0.363593 -0.0187134)
(0.149716 0.0202099 -0.00970124)
(0.142825 0.241405 -0.0198286)
(0.0309588 0.126765 -0.0404496)
(0.747527 1.56872 0.0216573)
(0.705022 1.62495 0.0150988)
(0.832596 1.57024 0.0153436)
(1.56757 0.674707 0.0276424)
(2.00012 1.05951 -0.00117708)
(1.56485 0.64706 0.0146261)
(1.99185 1.11302 0.0172715)
(1.09956 -0.163575 0.0261784)
(0.336083 -0.0922206 0.0823107)
(0.667084 -0.146609 0.0840706)
(0.383329 -0.170632 0.0604544)
(0.999336 -0.164967 0.0415371)
(0.417549 -0.12848 0.0710597)
(0.72052 -0.183545 0.0655033)
(2.2192 0.46132 0.10204)
(1.78528 0.58965 0.0114108)
(1.86676 0.481769 -0.137139)
(1.79192 0.555305 0.0372528)
(2.26675 0.803201 0.0270216)
(1.92837 0.771207 -0.0107695)
(1.92801 0.537796 -0.0674461)
(1.85373 -0.151715 -0.0650266)
(1.65012 -0.135079 -0.0647193)
(1.72326 -0.0808058 0.166826)
(2.06158 0.390286 -0.0529958)
(1.75524 -0.207873 -0.0111426)
(1.62355 -0.0742295 -0.0319004)
(1.62404 0.147499 0.0587225)
(1.46702 -1.15169 -0.103394)
(1.15041 -0.842644 -0.0297086)
(0.96071 -0.817857 -0.0457977)
(1.06596 -0.859872 -0.101288)
(1.24784 -0.773662 -0.0834784)
(1.03948 -0.884427 -0.114187)
(1.29703 -1.45122 -0.035494)
(1.54526 -0.801046 -0.0894846)
(1.22839 -0.892197 -0.10752)
(1.34996 -0.554306 -0.046347)
(1.17802 -0.841616 -0.116858)
(1.30713 -0.623849 -0.0852031)
(1.12721 -0.851353 -0.124508)
(1.56876 -0.689284 -0.0523314)
(2.03273 -0.439106 -0.117729)
(1.81441 -0.714208 -0.0178899)
(1.70951 -0.278104 -0.0532248)
(2.07913 -0.383353 -0.0928517)
(1.92074 -0.48504 -0.0766852)
(1.92046 -0.311449 -0.126377)
(1.88137 -0.471654 -0.0501324)
(1.41179 -0.63162 -0.189031)
(1.43649 -1.0653 -0.0757736)
(1.67012 -0.959371 -0.166536)
(1.26474 -0.635803 -0.0933564)
(2.00966 -0.381552 -0.0924285)
(2.02996 -0.337962 0.0557803)
(2.13089 -0.128659 0.0146874)
(2.39956 -0.342782 0.0768717)
(2.10382 -0.247455 -0.00688252)
(2.39451 -0.403322 0.0131715)
(2.06721 -0.330239 -0.0177208)
(2.16187 -0.296245 -0.0933282)
(2.15478 -0.037206 -0.0687012)
(2.05886 -0.0484907 -0.00835218)
(2.12801 -0.189019 -0.04663)
(2.03723 -0.128133 -0.0690661)
(2.08229 -0.211937 -0.113601)
(2.17669 -0.274851 -0.0166833)
(1.45361 -0.622674 -0.206135)
(1.82474 -0.739646 -0.0711141)
(1.79058 -0.821651 -0.153568)
(1.48278 -0.557342 -0.143389)
(1.63532 0.0173132 -0.0320219)
(1.60413 -0.0348057 -0.0279851)
(1.32103 0.0980294 -0.0205749)
(1.97233 -0.0837609 -0.121935)
(1.73095 0.085646 -0.0786504)
(1.49567 0.0105492 -0.0481906)
(1.52687 0.0579974 -0.0139938)
(0.542891 0.193502 0.0370649)
(0.722384 0.172421 0.0150167)
(0.729768 0.164462 0.0361669)
(0.531139 0.197989 0.0108763)
(1.74281 0.0283482 -0.0510196)
(1.99177 0.181268 -0.0972186)
(2.13262 0.184618 -0.0819445)
(2.15136 -0.0167245 -0.000696799)
(2.1275 0.171054 -0.0920445)
(2.14052 -0.030526 -0.0495836)
(1.81572 0.0501793 -0.023289)
(1.73826 0.0348342 -0.0246589)
(2.0649 -0.00762284 -0.130128)
(1.86816 0.113513 -0.109542)
(1.76182 0.00288033 -0.0523606)
(1.83887 0.153476 -0.106587)
(1.66754 -0.00111872 -0.0454721)
(1.72924 0.0444915 -0.00752545)
(0.613798 0.199028 0.0486348)
(0.802186 0.168935 0.0231452)
(0.765201 0.164475 0.0346873)
(0.682876 0.207715 0.0606296)
(0.887282 0.214354 -0.0566398)
(-0.0284697 0.14899 0.0258254)
(0.427806 0.0959211 -0.0415622)
(-0.22946 0.0274068 0.00376037)
(-0.00611315 0.146841 0.0703304)
(0.468124 0.145189 -0.118459)
(0.798887 0.153954 -0.0185063)
(0.950206 0.235707 -0.117134)
(-0.128171 0.0788441 0.00141107)
(0.226718 0.143506 0.0825436)
(0.530398 0.229228 -0.254348)
(0.0797816 0.136041 0.0883544)
(0.484319 0.188403 -0.188715)
(1.02675 0.26972 -0.199295)
(0.871791 -0.990595 -0.0435589)
(0.958059 -0.973065 -0.0956595)
(0.186024 -1.25743 -0.124531)
(0.436528 -1.09285 -0.339218)
(0.530576 -1.26037 -0.281266)
(0.511015 -0.96158 -0.195643)
(0.681632 -1.72894 -0.173392)
(1.02315 -1.19346 -0.236604)
(0.989039 -1.26394 -0.352844)
(0.924869 -1.12118 -0.232454)
(0.877062 -1.21042 -0.272685)
(0.534715 -1.01538 -0.250117)
(1.02706 -1.10256 -0.144515)
(0.976065 -1.06438 -0.133035)
(0.440792 -1.11036 -0.446472)
(0.574092 -1.31395 -0.439223)
(0.540705 -1.24729 -0.369596)
(0.105276 0.152446 -0.00403663)
(0.104733 0.107326 -0.00831241)
(0.108257 0.261717 -0.00969265)
(0.165422 0.0636795 -0.046516)
(0.135114 0.112189 -0.0213625)
(0.104139 0.249365 -0.0245089)
(0.0938671 0.146533 -0.00204162)
(0.154427 0.236801 0.00370479)
(0.0967452 0.157203 0.0174017)
(0.149138 0.215612 0.00905608)
(0.238387 0.0427562 -0.103869)
(0.215679 0.0299416 -0.0682728)
(0.121398 0.161393 -0.00506263)
(0.164483 0.0529696 -0.0543742)
(0.212766 0.118855 -0.0276369)
(0.0789672 0.207395 -0.0213637)
(0.189194 0.118948 -0.0307359)
(0.0951392 0.229901 -0.0276652)
(0.128096 0.16543 -0.00218958)
(0.0899443 0.131931 0.0249326)
(0.132893 0.145502 0.0211543)
(0.142658 0.18434 0.015733)
(-0.0357461 -0.153942 0.0576225)
(-0.5667 -0.613128 0.0791311)
(-0.0931044 -0.418652 -0.0679028)
(0.362911 -1.03556 -0.0982198)
(-0.436987 -0.556981 0.0390911)
(-0.0623492 -0.282877 -0.223966)
(-0.23393 -0.252812 0.0443367)
(-0.231255 0.0224558 0.0431188)
(-0.214974 -0.823899 -0.096533)
(-0.455397 -0.497358 -0.0606956)
(1.15537 -0.10001 -0.340177)
(0.199749 -0.737918 -0.145781)
(-0.125255 -0.324239 -0.219176)
(-0.411107 -0.153453 0.0402191)
(0.765266 -0.063115 0.14951)
(0.526178 -1.05385 -0.257751)
(0.412222 -0.427583 0.116048)
(0.263694 -0.253814 -0.378597)
(0.0592603 -0.514384 0.0880883)
(0.0558724 -0.261768 -0.307882)
(1.03711 -0.0194717 0.221542)
(-0.0520785 0.258495 0.0136615)
(1.20867 0.023601 -0.345359)
(0.360071 -0.370554 -0.146072)
(0.702669 0.286314 -0.364487)
(0.300847 -0.590518 -0.143938)
(0.352368 0.0566589 -0.355225)
(0.285847 0.49903 -0.0258752)
(0.179755 -0.606401 -0.753173)
(0.0550707 0.067819 -0.00466207)
(0.05095 0.0585847 -0.00887939)
(0.107748 0.22978 -0.0243048)
(0.0646969 0.234388 -0.0182324)
(-0.00975856 0.259718 -0.00244712)
(0.0537922 0.299965 -0.0534704)
(0.0537508 0.218935 -0.0522674)
(-0.0642859 0.251371 -0.0144302)
(0.144404 0.242145 -0.00646371)
(-0.0946537 0.102933 -0.0562373)
(0.0540545 0.0169904 -0.0661069)
(-0.0316456 0.0214593 -0.028723)
(0.00485283 0.142623 -0.083466)
(0.0191893 0.0178118 -0.026376)
(0.0275278 0.167064 -0.0763987)
(-0.128409 0.0823519 -0.0734011)
(0.0438152 0.210187 -0.0362737)
(0.0121008 0.287477 -0.0739732)
(0.0126508 0.178674 -0.0971248)
(-0.235309 0.214178 -0.0129469)
(0.0356899 0.198024 -0.0797603)
(-0.153176 0.235658 -0.0149991)
(-0.0308836 0.18976 -0.0452191)
(-0.349411 -0.253852 0.197094)
(0.187285 0.00270593 0.034565)
(-0.306889 0.352448 -0.0137585)
(0.388863 0.505739 -0.0990174)
(0.230867 -0.0936843 0.106671)
(-0.219595 0.357796 -0.019098)
(-0.435056 -0.256049 0.0668441)
(1.2945 0.104636 0.190579)
(-0.0281432 0.145458 0.0139747)
(2.5934 0.286648 0.0195944)
(1.20345 0.797839 0.237221)
(0.0262597 0.0822995 0.0286389)
(2.44876 0.297729 0.0209127)
(1.43602 0.0925599 0.0590469)
(-0.495273 -0.233623 0.263829)
(0.565206 0.491385 -0.0966482)
(0.182416 -0.114737 0.112035)
(-0.0196737 0.343764 -0.00257343)
(0.0476303 -0.135875 0.114405)
(-0.123396 0.368287 -0.00769648)
(-0.637779 -0.175453 0.231505)
(1.30152 0.15287 0.257712)
(1.02721 0.907826 0.337074)
(0.456971 -0.0583934 0.154383)
(2.56749 0.374579 0.0909894)
(0.351362 -0.050845 0.0568706)
(2.29455 0.426332 0.0681143)
(1.65081 0.236529 0.283895)
(0.268534 0.760672 -0.123427)
(0.346217 0.817886 -0.260958)
(-0.0999336 0.240853 -0.0152571)
(-0.101439 0.242698 -0.0223222)
(0.0521291 0.261803 0.0286528)
(-0.00172677 0.21313 -0.00623417)
(-0.157773 0.216183 0.00761916)
(-0.211225 0.188503 -0.0198298)
(0.00188397 0.211106 -0.0163721)
(-0.16134 0.212799 0.0146641)
(0.0576214 0.268665 0.0100216)
(0.21215 0.196198 -0.00187438)
(0.0262118 0.390371 -0.0334749)
(0.0269503 0.341158 0.0048135)
(0.0020142 0.247068 -0.0379532)
(0.0460872 0.36272 -0.00142374)
(0.00206356 0.254989 -0.0296691)
(0.204473 0.163396 -0.000657161)
(0.0451711 0.25131 0.0451021)
(-0.224918 0.18593 -0.0307485)
(0.00519704 0.199468 -0.0370051)
(-0.176605 0.196463 0.0241664)
(0.00591509 0.207003 -0.0271423)
(-0.171106 0.207298 0.0240836)
(0.032509 0.236811 0.0586282)
(0.580394 1.00946 -0.0454879)
(0.589839 1.47404 -0.0551912)
(1.0879 1.06399 -0.0571827)
(1.14401 2.06454 -0.19474)
(0.882268 1.6335 -0.14274)
(1.22645 1.23852 -0.159926)
(0.568519 0.91352 -0.0108233)
(1.05639 1.16309 -0.0231409)
(1.17594 1.20145 -0.0738207)
(0.760491 1.5593 -0.211693)
(0.886341 1.56673 -0.079045)
(0.86172 1.53418 -0.143881)
(0.711158 1.02496 -0.0207582)
(1.42985 1.8926 -0.212664)
(1.16289 1.65868 -0.157458)
(1.37169 1.37342 -0.157145)
(1.18206 1.60434 -0.155181)
(1.35962 1.36857 -0.178776)
(0.682102 1.10655 0.0269938)
(1.30282 1.31942 -0.107326)
(1.2638 1.32614 -0.101667)
(-0.119354 0.1576 -0.00868766)
(-0.0959046 0.371976 0.00182702)
(-0.122501 0.16283 -0.0206845)
(-0.254414 0.109747 0.00435557)
(-0.246502 0.112159 0.015894)
(-0.0176332 0.131434 0.018872)
(-0.203336 0.276016 -0.0013388)
(-0.149979 0.0871744 0.00884537)
(-0.176008 0.157505 0.0233953)
(-0.201551 0.279482 -0.000417744)
(-0.136452 0.0766135 0.0213613)
(-0.0179459 0.132905 0.00625428)
(-0.0942624 0.372377 -0.00350816)
(-0.132926 0.191543 -0.0600311)
(-0.128514 0.174561 -0.0384825)
(-0.218558 0.137329 -0.000879929)
(-0.236949 0.121943 0.0152496)
(-0.0156723 0.124126 0.0358179)
(-0.125049 0.125432 0.0525456)
(-0.188413 0.273032 0.0144487)
(-0.0537687 0.0266887 0.064613)
(-0.195198 0.278262 0.00103381)
(-0.0877051 0.049468 0.0426655)
(-0.0103414 0.110484 0.0599094)
(1.79546 1.57109 -0.162182)
(1.26131 1.01711 -0.0486341)
(1.53045 0.944522 -0.0505981)
(1.12147 0.910269 -0.00657001)
(1.32854 1.16478 -0.114729)
(1.56962 0.951606 -0.127516)
(1.66724 1.78623 -0.0628609)
(1.85983 1.2747 -0.159189)
(1.29642 1.06588 -0.0407346)
(1.46416 1.20497 -0.112875)
(1.61843 0.884828 -0.1235)
(1.42259 1.20458 -0.11871)
(1.58964 0.916811 -0.146247)
(1.86337 1.14556 -0.128708)
(1.7722 0.626812 -0.100795)
(2.29433 1.1439 -0.00452817)
(2.0492 1.0221 -0.00996982)
(1.88666 1.09379 -0.0309203)
(2.37276 1.13483 -0.0551715)
(2.11965 0.858109 -0.0390146)
(1.60991 0.576191 -0.0367903)
(2.1004 0.454294 -0.0963845)
(1.68106 0.182702 -0.0488668)
(1.88328 0.764949 -0.0140832)
(2.22226 0.475757 -0.126262)
(1.89219 0.29819 -0.130503)
(1.90403 0.627832 -0.0569658)
(1.98886 0.411123 -0.0361474)
(1.56305 0.7226 -0.211223)
(1.94444 1.03698 -0.166425)
(1.87736 1.09208 -0.179741)
(1.58896 0.657467 -0.219194)
(1.95545 0.560415 -0.108159)
(1.8755 0.613257 0.0174967)
(2.45934 0.802215 0.0446945)
(2.17732 0.391326 0.0285853)
(2.45482 0.862323 -0.0118074)
(2.17356 0.4905 -0.010847)
(2.02894 0.503252 -0.0674523)
(2.17698 0.407951 -0.108996)
(2.27202 0.154987 -0.110609)
(2.12424 0.234684 -0.129087)
(1.90111 0.21961 0.0177445)
(2.07422 0.285517 -0.16031)
(1.9108 0.332991 -0.0386333)
(2.19598 0.365795 -0.0725692)
(0.86876 -0.225339 0.021554)
(0.528961 -0.18485 0.0173044)
(0.539992 -0.187523 0.0562571)
(0.82579 -0.237541 0.0052757)
(1.58783 -0.0173907 -0.0580773)
(2.06945 -0.0659132 -0.0308625)
(2.02268 0.287419 -0.0207211)
(1.96383 0.178124 -0.0858788)
(2.18471 0.0328707 -0.071057)
(2.17921 0.119041 -0.0548548)
(1.42209 -0.0351281 -0.0204469)
(1.76559 0.136455 -0.0463309)
(1.25307 0.00914672 -0.0106399)
(1.75603 0.00877032 -0.0136644)
(2.16526 -0.0406396 -0.0622368)
(1.47479 0.0632178 -0.0128679)
(1.77459 -0.0959029 -0.0411917)
(1.63292 0.123747 -0.0155685)
(0.910375 -0.215428 0.0203553)
(0.657498 -0.202986 0.107018)
(0.589026 -0.192708 0.0810369)
(0.965439 -0.218664 0.0271509)
(1.74642 -0.067547 -0.0711049)
(1.93704 -0.0665916 -0.0702071)
(2.26114 0.0634021 -0.0724036)
(2.32453 -0.264815 0.00522464)
(2.24624 0.0762591 -0.0916908)
(2.30291 -0.133839 -0.0387412)
(1.79881 -0.0935417 -0.0374269)
(1.84872 0.0771569 -0.0588885)
(2.27885 -0.230259 -0.0642165)
(1.91356 -0.0273535 0.0688595)
(1.77649 -0.306059 -0.0239012)
(1.73473 0.031026 0.0223122)
(1.77503 -0.215825 -0.0402294)
(1.86705 -0.0178081 -0.0551245)
(0.527915 -0.125165 0.0472684)
(0.0249647 -0.0021166 0.0443121)
(0.0720997 0.188281 0.002136)
(0.287633 -0.109345 0.0807191)
(0.0318993 0.246668 0.0209377)
(0.22222 -0.10558 0.0574389)
(0.573945 -0.141049 0.0315879)
(1.45283 -0.574412 -0.0483019)
(1.32758 -0.520115 -0.0299741)
(1.18625 -0.889001 -0.0991475)
(1.31943 -1.02274 0.096141)
(1.49339 -0.593698 -0.0593769)
(1.30724 -0.540471 -0.0104866)
(1.19575 -0.995439 -0.0665559)
(1.4327 -0.567563 -0.0381947)
(1.33858 -1.1447 0.135544)
(1.33709 -0.736795 0.0428065)
(1.31862 -1.19257 0.0292471)
(1.32006 -0.604444 0.0133457)
(1.25356 -1.11144 -0.0251183)
(1.4251 -0.706294 -0.0134294)
(2.14771 -0.30582 0.0879095)
(2.06374 -0.10009 0.0028431)
(2.1519 -0.207561 0.00613596)
(2.14134 -0.0421827 0.0519872)
(2.16153 -0.308018 0.0354823)
(2.05552 -0.159043 0.00753906)
(2.16686 -0.199364 0.0622507)
(1.43595 -0.485221 0.0198924)
(1.80415 -0.681856 -0.0180097)
(1.46372 -0.504265 -0.066973)
(1.78997 -0.66691 0.0397463)
(2.02915 -0.402995 0.0876392)
(1.8433 -0.597194 0.00922788)
(2.06104 -0.477153 -0.0245038)
(2.25367 -0.711955 0.0243391)
(2.06902 -0.382081 -0.00146949)
(2.26776 -0.617355 0.0618559)
(1.99539 -0.445499 0.0801327)
(2.09745 -0.348246 0.110675)
(2.07166 -0.153572 0.052136)
(1.93224 -0.357888 -0.0168447)
(2.0925 -0.25695 0.108756)
(1.99063 -0.277915 0.00533806)
(2.1332 -0.231431 0.0975475)
(2.04778 -0.377579 0.113144)
(1.42331 -0.444644 0.116761)
(1.76954 -0.787704 0.112936)
(1.78225 -0.680536 0.0893742)
(1.39058 -0.465728 0.197458)
(1.64302 0.0394897 -0.0300688)
(1.86541 0.0816213 -0.125383)
(1.79347 0.00660744 -0.0569812)
(1.95455 0.0833242 -0.0862561)
(1.6888 0.0461293 -0.0203924)
(1.85223 0.0598139 -0.128078)
(1.76874 0.0373963 -0.0681945)
(0.874012 0.221929 0.0562914)
(0.799459 0.167326 -0.00631678)
(0.783436 0.219894 0.059931)
(0.768236 0.15968 -0.0455828)
(1.78082 0.0478217 0.0134035)
(1.9356 -0.00457266 -0.0562605)
(1.96348 0.0993678 -0.08203)
(2.00643 -0.0639477 0.0430221)
(2.00463 0.0500935 -0.0850142)
(2.06913 -0.0382444 0.0478012)
(1.74482 0.0365369 0.0109527)
(1.61692 0.0648486 -0.0475598)
(1.85256 0.134697 -0.0506026)
(1.76435 0.184618 -0.0903823)
(1.67276 0.0570054 -0.0619633)
(1.81744 0.106244 -0.111264)
(1.70077 0.0263962 -0.0678724)
(1.59208 0.0855894 -0.0566764)
(0.983697 0.224141 0.0448876)
(0.656686 0.154545 -0.111509)
(0.707447 0.152957 -0.0826376)
(1.06434 0.221497 0.0445543)
(1.02911 0.261399 -0.31028)
(0.418083 0.180696 0.0518811)
(0.539192 0.23605 -0.291174)
(0.379942 0.251104 -0.0534943)
(1.03601 0.273165 -0.263862)
(0.56075 0.221994 -0.000240863)
(0.556418 0.241732 -0.304209)
(0.980025 0.245411 -0.315981)
(0.485054 0.266013 -0.0848633)
(0.707849 0.246491 -0.110014)
(0.392552 0.175754 -0.239864)
(0.657384 0.252316 -0.0614023)
(0.537496 0.234521 -0.284746)
(0.758503 0.147397 -0.283785)
(1.1305 -1.14092 -0.109452)
(1.18573 -1.21603 -0.0733817)
(0.738265 -1.31716 -0.43145)
(0.640556 -1.34656 -0.476651)
(0.754384 -1.35497 -0.417181)
(0.714794 -0.919924 -0.212473)
(1.47244 -1.27941 -0.133811)
(1.50212 -1.28245 -0.136151)
(1.26187 -1.36746 -0.277054)
(1.44988 -1.2621 -0.156944)
(1.26273 -1.30757 -0.297068)
(0.703298 -0.941938 -0.165724)
(1.37352 -1.34065 -0.0140225)
(1.29355 -1.28766 -0.0320684)
(0.676903 -1.35051 -0.396828)
(0.896593 -1.31842 -0.276148)
(0.90689 -1.31041 -0.336254)
(0.098648 0.148115 0.0155501)
(0.213921 0.103506 -0.0154866)
(0.0562754 0.179498 -0.00919579)
(-0.000221294 -0.0721104 0.020715)
(0.120098 0.160738 0.00466484)
(0.176897 0.0802565 0.00804893)
(0.0397485 0.155574 0.00690747)
(0.122985 0.108855 0.0257646)
(0.0528465 0.0617713 0.0216194)
(0.113613 0.0755832 0.0286618)
(0.106275 0.033528 -0.123756)
(0.179061 0.0601699 -0.152254)
(0.0651865 0.12698 0.0247028)
(-0.10154 -0.148647 0.0475825)
(0.0120842 -0.0303263 0.0586705)
(0.0109597 0.109134 0.0154802)
(0.0883804 0.0212321 0.0356399)
(0.0215378 0.12859 0.0144812)
(0.0369493 0.109983 0.027616)
(0.0390953 0.0474055 0.0159473)
(0.0936716 0.031828 0.0248487)
(0.103146 0.0499156 0.0280665)
(2.50237 -0.338804 0.311224)
(1.10547 -0.423016 0.140576)
(0.67998 -0.176922 -0.322426)
(1.49025 -0.82227 -0.132613)
(1.68602 -0.240069 0.257426)
(1.85109 -0.382135 0.268774)
(0.944255 -0.146677 -0.176248)
(1.1253 0.736392 0.0307707)
(0.497037 -0.072622 -0.0564978)
(0.981842 0.384378 -0.306794)
(1.13679 -0.0355298 0.170454)
(1.00079 0.722243 -0.0439603)
(0.495333 0.062319 0.134679)
(0.651042 0.140634 -0.147963)
(2.40837 -0.386958 0.222293)
(1.30439 -0.86288 -0.0569656)
(1.89623 -0.522705 0.259214)
(0.745528 -0.0851761 0.176214)
(1.66195 -0.481351 0.230764)
(0.813601 -0.103757 -0.00923015)
(2.37596 -0.443989 0.234124)
(0.333989 0.573843 0.0609633)
(0.951518 -0.144142 0.283511)
(-0.120816 -0.185359 0.325706)
(0.118 -0.326474 -0.13275)
(0.194918 -0.0356259 0.296012)
(0.218751 -0.0942992 -0.111918)
(-0.357307 0.328296 0.0822734)
(0.418464 -0.75598 -0.368904)
(0.0369352 0.0348382 -0.0241392)
(0.0332845 0.0261578 -0.0282267)
(-0.167415 0.130383 -0.0384975)
(-0.0169833 0.160931 -0.102436)
(-0.312198 0.177698 -0.00503636)
(-0.0815962 0.265087 -0.0538171)
(-0.11009 0.158969 -0.0443132)
(-0.0461128 0.144238 -0.0976881)
(-0.346329 0.152509 0.00259104)
(-0.176383 0.0399985 -0.0805905)
(-0.0134137 0.0223875 -0.0736584)
(-0.163935 0.00544334 -0.0301287)
(-0.0234776 0.0767917 -0.0541965)
(-0.131168 0.0282874 -0.0297069)
(-0.0188853 0.0890757 -0.0668697)
(-0.186776 0.0154371 -0.0718021)
(-0.2177 0.08695 -0.0249188)
(-0.0899433 0.263679 -0.0342824)
(-0.0941932 0.113574 -0.0676176)
(-0.347084 0.105858 0.0134994)
(-0.074141 0.127615 -0.0846111)
(-0.36281 0.116784 0.0100269)
(-0.240857 0.0554996 -0.0129795)
(-0.573845 -0.0279854 0.106036)
(0.450436 -0.0255705 0.126203)
(0.0180628 0.332498 0.0100307)
(0.603829 0.550517 0.157312)
(-0.65211 -0.10251 0.168303)
(0.616891 0.0833073 0.127015)
(-0.0654383 0.280912 0.0409031)
(1.18646 0.378878 0.365036)
(0.229888 -0.0785798 0.25627)
(2.07128 0.523768 0.131361)
(1.54286 0.776595 0.534202)
(1.38085 0.333628 0.3374)
(0.0772098 -0.120886 0.291302)
(1.7612 0.585699 0.115284)
(-0.530658 0.0147091 0.0777343)
(0.374059 0.561696 0.224488)
(0.52927 0.262181 0.0799344)
(-0.157288 0.0654497 0.10717)
(0.638375 0.162641 0.10227)
(-0.13822 0.19605 0.0718475)
(-0.538047 0.0569063 0.0859618)
(0.939957 0.433249 0.404962)
(1.42669 0.756287 0.526229)
(0.0586503 -0.189131 0.241492)
(1.05543 0.720171 0.105278)
(0.000189278 -0.149831 0.28862)
(1.38527 0.680837 0.132273)
(0.769337 0.430318 0.418261)
(0.59323 0.77109 0.27503)
(0.441057 0.694913 0.388754)
(-0.0983269 0.246543 -0.0374483)
(-0.096197 0.253581 -0.0432428)
(-0.00356241 0.201567 0.0665153)
(-0.0013766 0.188342 -0.0475278)
(-0.175666 0.187062 0.0235937)
(-0.249052 0.184293 -0.0685087)
(0.0211573 0.219754 0.0656064)
(-0.0152923 0.176083 -0.0565305)
(-0.187678 0.170564 0.0152923)
(0.191313 0.0826982 -0.0114908)
(-0.0135133 0.383974 -0.0275291)
(0.103097 0.283723 -0.0122458)
(0.0236086 0.171927 -0.0514506)
(0.0729773 0.297918 -0.00329455)
(0.0172211 0.195553 -0.051059)
(0.17511 0.055003 -0.0119537)
(-0.0435844 0.178676 0.0649063)
(-0.257697 0.189753 -0.0733125)
(-0.0599475 0.151039 -0.0643593)
(-0.229403 0.145664 0.00765105)
(-0.0351695 0.162415 -0.0625559)
(-0.207776 0.160299 0.0107138)
(-0.0928224 0.159412 0.0615066)
(0.702212 1.12871 0.0594801)
(1.1991 1.62255 -0.141635)
(1.44844 1.36698 -0.139253)
(1.5528 1.68667 -0.170776)
(0.692928 1.13723 0.0251026)
(1.16981 1.64103 -0.100083)
(1.45311 1.41037 -0.104581)
(1.37998 1.33989 -0.0923349)
(1.40192 1.3882 -0.0614671)
(0.692623 1.66548 0.086936)
(0.727102 1.56725 0.0319306)
(0.751558 1.58742 0.023237)
(0.694175 1.14156 0.0588816)
(1.56011 1.6488 -0.135073)
(1.13482 1.68379 -0.0538007)
(1.49719 1.46432 -0.0592522)
(1.1277 1.66621 -0.0780774)
(1.47175 1.43159 -0.0874358)
(0.702208 1.16545 0.0555386)
(1.47439 1.47245 -0.0274688)
(1.43992 1.43106 -0.0511606)
(-0.132133 0.199093 -0.0835705)
(-0.0963089 0.383486 -0.056167)
(-0.12496 0.185496 -0.100643)
(-0.193147 0.146777 -0.0109101)
(-0.158514 0.139724 -0.0102594)
(0.0229805 0.0562499 0.108598)
(-0.177967 0.256106 0.0279109)
(-0.0284851 0.0235376 0.077026)
(0.00333273 0.00326761 0.143867)
(0.00402612 0.0880997 0.085678)
(-0.152735 0.212283 0.0409073)
(0.00649311 0.0153205 0.0775756)
(-0.0963716 0.380649 -0.0733576)
(-0.0901127 0.101866 -0.098235)
(-0.109523 0.150402 -0.107125)
(-0.0342354 0.0674259 -0.0338487)
(-0.112467 0.113412 -0.0195651)
(0.0494434 0.0205934 0.126628)
(0.118174 -0.0728459 0.153094)
(-0.0645036 0.0878244 0.0743574)
(0.0462922 0.0361515 0.0512539)
(-0.121193 0.158723 0.0571501)
(0.057966 0.00736333 0.0682684)
(0.0675624 -0.00556956 0.131502)
(1.82563 0.925636 -0.0721389)
(1.51714 1.20926 -0.0986667)
(1.63538 0.838542 -0.100764)
(1.50767 1.26985 -0.0139237)
(1.84706 0.949414 -0.107703)
(1.53068 1.2493 -0.0634791)
(1.63453 0.851714 -0.0710912)
(1.78304 0.842993 -0.0362449)
(1.55528 1.32026 -0.00768338)
(1.58361 1.29251 0.0100155)
(1.65176 0.868044 -0.00970538)
(1.5572 1.26666 -0.0305802)
(1.63967 0.840532 -0.0420301)
(1.77451 0.892028 -0.00800501)
(2.06831 0.456341 -0.0106515)
(2.47559 0.779647 0.0774196)
(2.18202 0.394397 0.053348)
(1.87485 0.605534 0.0660547)
(2.06485 0.470492 -0.0407815)
(2.47732 0.763888 0.101609)
(2.18165 0.401965 0.0643787)
(2.21919 0.339306 0.0102437)
(2.13884 0.216384 -0.0969328)
(1.92573 0.210926 0.0609785)
(2.24847 -0.00273505 0.0634014)
(2.21993 0.34085 -0.0344484)
(2.14986 0.21825 -0.058744)
(1.93776 0.22626 0.106377)
(1.54097 0.599455 -0.0802328)
(1.98156 0.996344 -0.035387)
(1.97731 0.966112 -0.0759037)
(1.5344 0.616245 -0.0268946)
(2.08127 0.453747 0.00903611)
(1.94247 0.721342 0.0591208)
(2.53367 0.814014 0.112256)
(2.23154 0.500193 0.078724)
(2.51501 0.802968 0.107711)
(2.22221 0.462975 0.0661977)
(2.07494 0.46069 0.0225317)
(2.22757 0.351246 0.0416628)
(2.2769 0.0521316 0.105727)
(2.17126 0.242597 0.00176731)
(2.0437 0.357217 0.163036)
(2.16836 0.228509 -0.0266642)
(1.9923 0.298301 0.135434)
(2.22589 0.362108 0.0598873)
(1.11567 -0.238947 0.0726732)
(0.724685 -0.217516 0.134735)
(1.07555 -0.235223 0.0464157)
(0.80093 -0.238134 0.165891)
(1.82054 -0.067149 0.0332346)
(2.2966 0.0346633 -0.037478)
(2.27738 -0.321207 0.0251197)
(1.91705 -0.258145 0.0705147)
(1.7918 -0.083292 -0.00446956)
(2.29065 0.0296522 0.0134283)
(2.27187 -0.356885 0.0673852)
(1.93436 -0.146918 -0.0447597)
(1.89277 -0.032313 0.110703)
(1.84596 -0.376853 -0.0245289)
(2.20692 -0.350293 -0.0499171)
(1.9374 -0.115655 -0.0542844)
(1.94246 -0.0688698 0.142898)
(1.85976 -0.37968 -0.0093764)
(1.11811 -0.23184 0.0835905)
(0.857344 -0.253305 0.206215)
(0.84314 -0.250777 0.193144)
(1.0857 -0.217808 0.08331)
(1.86028 -0.0460244 0.0610581)
(1.94987 -0.199801 0.104902)
(2.24774 0.0591361 0.0761047)
(2.27859 -0.300183 0.114159)
(2.27979 0.0462117 0.0520067)
(2.27404 -0.326662 0.0925997)
(1.89777 -0.0348763 0.0813835)
(1.9277 -0.148842 -0.0370922)
(2.20088 -0.316876 -0.0530252)
(1.98719 -0.117038 0.172575)
(1.93629 -0.296668 -0.000254312)
(1.96931 -0.0921533 0.156112)
(1.89344 -0.346121 -0.0084835)
(1.9067 -0.139776 -0.0272527)
(0.867761 -0.182781 0.0535727)
(0.213043 -0.143224 0.105684)
(0.266227 -0.0360473 0.0722568)
(0.584932 -0.119019 0.101142)
(0.212336 0.0125235 0.0668107)
(0.4884 -0.0973974 0.103708)
(0.916151 -0.15992 0.0403826)
(1.53846 -1.21896 0.0231247)
(1.40251 -0.884036 0.0656418)
(1.41677 -1.23862 0.0572754)
(1.37656 -1.1688 0.079435)
(1.50151 -0.959676 0.00751934)
(1.43607 -0.967926 0.0765294)
(1.4305 -1.24472 0.0770021)
(1.57902 -1.53162 0.0284104)
(1.25809 -1.00654 0.0429609)
(1.3767 -0.969338 0.0368536)
(1.22227 -1.11903 0.03054)
(1.42664 -1.00115 0.0705427)
(1.37229 -1.21119 0.0600283)
(1.52539 -1.65234 0.0134281)
(1.97006 -0.459402 0.0768616)
(1.90585 -0.441159 -0.0218812)
(2.03475 -0.285338 0.10721)
(2.04215 -0.296344 0.00512927)
(1.98703 -0.421163 0.100266)
(1.88326 -0.46473 -0.015291)
(1.97435 -0.32604 0.0877483)
(1.35399 -0.600282 0.241311)
(1.78142 -0.94109 0.129586)
(1.37018 -0.534586 0.247897)
(1.77131 -1.06593 0.123247)
(1.80835 -0.596744 0.0282763)
(1.7939 -0.800424 -0.0373105)
(2.04613 -0.678456 -0.0091679)
(2.23515 -0.97752 -0.00955619)
(2.07031 -0.663312 -0.0335862)
(2.25628 -0.966403 -0.0275775)
(1.74873 -0.612926 0.0189583)
(1.97672 -0.492808 0.0475077)
(2.05769 -0.292326 -0.00280028)
(1.9009 -0.473745 -0.00053917)
(1.88962 -0.366343 0.0291376)
(1.88827 -0.469666 -0.0130924)
(1.93047 -0.351454 0.0559154)
(1.99178 -0.513423 0.0222273)
(1.34958 -0.674775 0.180179)
(1.64689 -1.16716 0.0390116)
(1.72247 -1.15316 0.0930647)
(1.34641 -0.714392 0.0768753)
(1.64475 0.0841562 -0.0311917)
(1.71062 0.249472 -0.0629564)
(1.64859 0.0851262 -0.0454467)
(1.86095 0.226316 0.0486642)
(1.59158 0.0916897 -0.0492304)
(1.69803 0.259773 -0.0161873)
(1.5881 0.0314048 -0.0175552)
(1.119 0.192197 0.0428332)
(0.627233 0.157123 -0.123975)
(1.07504 0.20575 0.0425524)
(0.57928 0.147668 -0.113833)
(1.62998 0.0476996 0.0197012)
(1.75302 0.0338794 -0.0158713)
(2.03158 0.0835402 0.00120032)
(2.00544 -0.112068 0.00840737)
(2.02485 0.131432 -0.0206611)
(1.97587 -0.112469 0.00773447)
(1.5801 0.0436975 0.0149444)
(1.70973 0.0174443 -0.0184228)
(1.97218 0.101255 0.0424544)
(1.74664 0.182428 -0.00466756)
(1.40619 -0.0137322 0.00788027)
(1.72448 0.197254 -0.00174885)
(1.50924 0.00634576 -0.0104862)
(1.77779 -0.0160137 -0.011261)
(1.10024 0.166645 0.0294897)
(0.478217 0.126621 -0.0297984)
(0.520969 0.133923 -0.0846423)
(1.10822 0.156493 0.010007)
(0.318666 0.0204777 -0.164952)
(0.637009 0.200864 -0.130641)
(0.291826 0.140344 -0.182704)
(0.283752 0.163471 -0.0943931)
(0.574613 0.0900948 -0.22947)
(0.501814 0.148535 -0.117151)
(0.168816 0.104337 -0.131824)
(0.0869571 -0.0233649 -0.0940096)
(0.176274 0.138136 -0.0595807)
(0.227173 0.0833802 -0.028184)
(0.0540329 0.0745292 -0.0217926)
(0.328283 0.109751 -0.0768188)
(0.0757938 0.0782762 -0.0773544)
(0.0060755 -0.0467614 -0.0279928)
(1.44478 -1.36889 0.0205012)
(1.42441 -1.41935 0.0421803)
(0.973742 -1.24795 -0.205933)
(0.653034 -1.37143 -0.146122)
(1.03464 -1.24765 -0.127854)
(0.661364 -0.927641 0.0311025)
(1.88726 -1.47258 -0.127153)
(1.27171 -1.30034 0.00333928)
(1.145 -1.44351 -0.055275)
(1.50319 -1.34296 -0.0523723)
(1.33458 -1.42635 -0.154663)
(0.4086 -0.859478 0.0424026)
(1.16896 -1.43717 0.0516985)
(1.36334 -1.44645 0.0523983)
(0.603598 -1.37008 -0.0775045)
(0.943265 -1.27229 -0.0142853)
(1.03841 -1.25121 -0.0630732)
(0.00811284 0.0891652 0.0155534)
(-0.0357974 -0.0768977 0.0716587)
(-0.0045974 0.0889478 0.0112929)
(-0.125734 -0.245461 0.0372437)
(0.0180584 0.0963222 0.0242749)
(-0.0535484 -0.113351 0.0677464)
(-0.0242019 0.0733023 0.00735478)
(0.0842103 0.0223112 0.0202905)
(0.0122736 0.00967442 0.00238036)
(0.0761134 0.0173075 0.0142962)
(0.0227605 0.00764432 -0.00783276)
(0.024569 0.00423916 -0.0270342)
(0.00446822 0.0829504 0.00708341)
(-0.0403193 -0.23679 0.022497)
(0.0133251 -0.13133 0.0166643)
(-0.0600641 0.0527886 0.00140382)
(-0.014555 -0.125922 0.0502977)
(-0.0463805 0.0598939 0.00291767)
(0.00292808 0.080171 0.00215875)
(0.00694693 -0.000323991 0.000405451)
(0.0658417 0.0152813 0.00267439)
(0.0694139 0.0155748 0.00858093)
(1.11712 -0.297802 0.253889)
(1.38201 -0.597422 0.291313)
(0.388004 -0.00947672 0.30532)
(0.884619 -0.796893 0.313597)
(1.57833 -0.385963 0.275885)
(0.784148 -0.655146 0.253234)
(0.274484 0.0508488 0.309678)
(-1.03588 0.160218 0.146711)
(-0.253082 -0.178169 0.221255)
(-0.0320721 -0.515767 -0.199675)
(-0.259893 -0.515687 0.180582)
(-0.766775 0.141481 0.120122)
(-0.0501659 0.0522903 0.118776)
(-0.132889 -0.438444 -0.265508)
(0.684891 -0.310673 0.218491)
(0.815146 -0.698011 0.252098)
(-0.42442 -0.766859 0.070063)
(0.142895 0.0285912 0.104382)
(-0.00992648 -0.722283 0.20636)
(0.197231 0.0387106 0.261297)
(0.273255 -0.317132 0.0792549)
(-1.28474 0.336928 0.120954)
(-0.427177 -0.515574 0.037571)
(0.382063 0.421497 0.0176801)
(-0.269295 -0.236977 -0.0866651)
(0.263101 0.292653 0.0710629)
(-0.206655 -0.291297 -0.203443)
(-1.34847 0.515206 0.0505495)
(0.364646 -0.577894 -0.0935858)
(0.0207185 -0.00479494 -0.0217189)
(0.0174031 -0.0120026 -0.013836)
(-0.249039 -0.0114487 0.00444518)
(-0.108714 0.100246 -0.0498292)
(-0.312254 0.0849657 0.0127406)
(-0.0688941 0.283719 0.0021088)
(-0.249949 0.00924583 -0.002611)
(-0.117324 0.0920828 -0.0330298)
(-0.279511 0.0923412 0.0105129)
(-0.198976 -0.0487749 -0.0264003)
(-0.079224 -0.0296939 -0.0245821)
(-0.264111 -0.103041 -0.00542737)
(-0.0176251 0.0632012 -0.00544875)
(-0.25527 -0.0915448 -0.0152583)
(-0.0205899 0.0631462 -0.0150389)
(-0.196778 -0.0531569 -0.00889472)
(-0.245975 -0.0305316 0.00239533)
(-0.0614801 0.290825 0.00342457)
(-0.122433 0.0848816 -0.00569033)
(-0.241715 0.0985072 0.00300055)
(-0.121034 0.0869355 -0.0186705)
(-0.254892 0.0934349 0.00330538)
(-0.24198 -0.0355399 0.00298986)
(-0.741251 0.0784282 0.100213)
(0.255662 0.420579 0.0361531)
(-0.0763771 -0.111707 0.13531)
(-0.263887 0.437668 0.139084)
(-0.637266 0.0967855 0.101147)
(-0.0782123 0.484309 -0.0563013)
(0.0864807 -0.348503 0.144451)
(0.63279 0.447003 0.439094)
(0.250018 -0.129105 0.160802)
(0.785733 0.715755 0.154009)
(0.916534 0.705788 0.410831)
(0.613561 0.458844 0.467353)
(0.527894 -0.0214746 0.102266)
(0.654404 0.707217 0.156315)
(-0.6769 -0.147546 0.109778)
(-0.128539 0.203977 0.0365215)
(-0.374077 0.0911754 -0.0420925)
(0.287671 -0.842984 0.0421727)
(-0.317068 0.350642 -0.0987926)
(0.206059 -0.580712 0.108514)
(-0.39728 -0.731389 0.0850215)
(0.424477 0.37145 0.404862)
(0.792712 0.479092 0.292966)
(1.2503 0.422919 0.00578969)
(-0.313599 0.832128 0.0579718)
(0.819732 0.17596 -0.00751752)
(-0.108357 0.666309 0.134134)
(1.04059 0.595956 0.251359)
(0.12185 0.40054 0.0716034)
(0.312356 0.336466 -0.101209)
(-0.100624 0.285059 -0.0426357)
(-0.105108 0.293138 -0.0300542)
(-0.211836 0.127639 0.0410224)
(-0.0878185 0.140504 -0.0607789)
(-0.24834 0.138897 0.0027488)
(-0.28758 0.182035 -0.0491961)
(-0.150512 0.139942 0.0534798)
(-0.116097 0.133782 -0.0513494)
(-0.273542 0.130638 0.00361855)
(0.0780333 -0.0262848 -0.0034143)
(0.0157271 0.357584 -0.0131311)
(0.142453 0.212721 -0.00703063)
(0.0309719 0.100966 -0.0103514)
(0.143291 0.221294 -0.0129448)
(0.0314996 0.110042 -0.0274069)
(0.0571085 -0.0352043 -0.00264424)
(-0.271333 0.119745 0.0243966)
(-0.298327 0.17919 -0.0324721)
(-0.154724 0.127643 -0.0117694)
(-0.312747 0.123342 0.00215768)
(-0.141033 0.129479 -0.0342274)
(-0.300128 0.125846 -0.00140918)
(-0.303954 0.117224 0.00839088)
(0.744206 1.24702 0.018974)
(1.16806 1.72406 -0.0484342)
(1.52705 1.51497 -0.0482649)
(1.67678 1.64459 -0.0371336)
(0.701482 1.21972 0.0353898)
(1.24224 1.73469 -0.0318834)
(1.55669 1.57063 -0.0308538)
(1.5216 1.5154 -0.00692962)
(1.54218 1.58257 0.0176859)
(0.874187 1.65896 -0.0241045)
(1.07445 1.67611 -0.0053216)
(0.953331 1.63321 0.00583117)
(0.791954 1.34553 -2.87453e-05)
(1.73695 1.69662 -0.0341741)
(1.42477 1.82227 -0.00444248)
(1.59393 1.68014 -0.000532728)
(1.33486 1.80671 -0.0251459)
(1.57703 1.64625 -0.0303604)
(0.847449 1.39307 -0.00516809)
(1.56339 1.69267 0.0132252)
(1.5546 1.64381 0.0158249)
(-0.0692838 0.0522187 -0.0821399)
(-0.0851256 0.32768 -0.0679942)
(-0.0476784 0.0051254 -0.0610771)
(0.05323 0.0184188 -0.0313198)
(0.127544 -0.0205023 -0.0190202)
(0.0587672 0.00194302 0.0840335)
(-0.0384047 0.0551426 0.0846654)
(0.0201593 0.0701126 0.0256216)
(0.373425 -0.165207 0.101875)
(0.0710924 -0.0113755 0.1145)
(-0.0167601 0.0304657 0.0782997)
(0.00764228 0.0861469 0.00700252)
(-0.080796 0.311308 -0.0456098)
(-0.0255353 -0.0471227 -0.0110792)
(-0.0326913 -0.0286035 -0.037794)
(0.182994 -0.0450849 -0.00334365)
(0.164539 -0.0379262 -0.00867234)
(0.0360138 0.0245849 0.0490878)
(0.412231 -0.160858 0.059512)
(-0.00431506 0.00910048 0.0202287)
(0.014263 0.0867009 -0.00168199)
(-0.00505924 0.0152949 0.0563493)
(0.0146357 0.0849508 -0.0017782)
(0.0173286 0.0410689 0.0154113)
(1.78964 1.21586 0.0141199)
(1.60922 1.34221 0.0280168)
(1.67792 0.93053 0.0118162)
(1.55541 1.29938 0.0294077)
(1.78353 1.05929 0.0108622)
(1.62408 1.37682 0.0382665)
(1.68518 0.977747 0.0250797)
(1.83475 1.41987 0.015102)
(1.50906 1.27731 0.0198008)
(1.60352 1.46097 0.0175449)
(1.68924 1.06299 0.0147579)
(1.61588 1.43661 0.0238503)
(1.69774 1.03686 0.0226353)
(1.84239 1.50969 0.00499674)
(1.97603 0.535058 0.0366532)
(2.47662 0.869799 0.087318)
(2.16317 0.551865 0.0636457)
(1.93794 0.901882 0.0353489)
(2.01699 0.500373 0.0290295)
(2.45839 0.912718 0.0830464)
(2.11359 0.613294 0.0554352)
(2.18133 0.417373 0.0646462)
(2.12256 0.293295 0.0182497)
(2.03452 0.393517 0.155775)
(2.18399 0.204405 0.11821)
(2.20416 0.396095 0.0642073)
(2.0688 0.328159 0.026585)
(2.04337 0.469667 0.131927)
(1.58691 0.685476 0.027498)
(1.98602 1.17819 0.00921977)
(1.99467 1.1487 0.0226681)
(1.59835 0.7118 0.0185279)
(1.94897 0.575277 0.0225445)
(1.92988 1.00986 0.0180678)
(2.39908 1.03068 0.0243351)
(2.04524 0.74459 0.0155604)
(2.42045 1.00534 0.0534383)
(2.06447 0.696699 0.0367509)
(1.93443 0.586991 0.0184023)
(2.15223 0.436547 0.0423484)
(2.10741 0.227732 0.0759729)
(1.99891 0.393986 0.0133356)
(2.03923 0.59291 0.0352813)
(2.02599 0.375504 0.0161882)
(2.03417 0.531325 0.0893744)
(2.12779 0.433375 0.022695)
(0.934382 -0.177273 0.0515193)
(0.857895 -0.24895 0.200763)
(1.0468 -0.200861 0.07279)
(0.873396 -0.245052 0.170165)
(1.83076 0.0190976 0.0657076)
(2.2064 0.0933973 0.0828121)
(2.25987 -0.222122 0.120359)
(1.99158 -0.0264207 0.128972)
(1.87506 0.00841459 0.0825275)
(2.14149 0.123095 0.0751944)
(2.23269 -0.114828 0.107079)
(1.7893 -0.129973 -0.00382226)
(1.91147 -0.0924322 0.168018)
(1.98307 -0.225106 0.00466644)
(2.12612 -0.0598418 -0.0152842)
(1.87877 -0.135091 -0.015208)
(1.81035 -0.102833 0.147157)
(1.98959 -0.0979784 0.00988299)
(0.791127 -0.162464 0.0228669)
(0.861214 -0.243341 0.0402432)
(0.867369 -0.241547 0.111436)
(0.697601 -0.15477 0.00964576)
(1.75368 -0.00180532 0.0308496)
(1.93366 0.0540024 0.0854009)
(1.98411 0.125686 0.0211125)
(2.078 0.0727195 0.0386161)
(2.05842 0.142713 0.0423858)
(2.16373 -0.00952496 0.0760086)
(1.66778 -0.0470525 0.014029)
(1.63369 -0.146275 0.00131085)
(2.07071 -0.00234059 -0.00458935)
(1.6199 -0.172432 0.0413215)
(1.87268 0.0861043 0.0112761)
(1.70976 -0.13172 0.104269)
(1.93422 0.0125266 0.0105002)
(1.50251 -0.167275 0.00307956)
(1.12992 -0.149316 0.0185956)
(0.403192 -0.170513 0.028453)
(0.442866 -0.123564 0.0132401)
(0.811182 -0.260965 0.0143824)
(0.428234 -0.125872 0.0496049)
(0.783066 -0.233068 0.0395283)
(1.16382 -0.147614 0.00108503)
)
;

boundaryField
{
    inlet
    {
        type            fixedValue;
        value           uniform (1 0 0);
    }
    outlet
    {
        type            zeroGradient;
    }
    up
    {
        type            slip;
    }
    down
    {
        type            slip;
    }
    frontAndBack
    {
        type            slip;
    }
    cylinder
    {
        type            fixedValue;
        value           uniform (0 0 0);
    }
}


// ************************************************************************* //
