/*--------------------------------*- C++ -*----------------------------------*\
  =========                 |
  \\      /  F ield         | OpenFOAM: The Open Source CFD Toolbox
   \\    /   O peration     | Website:  https://openfoam.org
    \\  /    A nd           | Version:  8
     \\/     M anipulation  |
\*---------------------------------------------------------------------------*/
FoamFile
{
    version     2.0;
    format      ascii;
    class       volScalarField;
    location    "0.525";
    object      T;
}
// * * * * * * * * * * * * * * * * * * * * * * * * * * * * * * * * * * * * * //

dimensions      [0 0 0 1 0 0 0];

internalField   nonuniform List<scalar> 
10000
(
50
4.65083
-4.65066
-1.17959
1.17882
0.450754
-0.448478
-0.220647
0.215573
0.129799
-0.120281
-0.0889922
0.0731887
0.0692099
-0.0453631
-0.0588394
0.0256978
0.0522364
-0.00961919
-0.0461222
-0.00446027
0.0384227
0.0164297
-0.0280367
-0.0251239
0.0149845
0.0289205
-0.000609479
-0.0265101
-0.0124701
0.0178087
0.0209349
-0.00471752
-0.0219742
-0.00876718
0.014869
0.0175769
-0.0022041
-0.017767
-0.0103334
0.00907278
0.0162551
0.00384837
-0.012103
-0.0131615
0.000546732
0.0126557
0.0102325
-0.00284799
-0.0119897
-0.00820037
0.00351475
0.0108663
0.00716593
-0.00300708
-0.00956524
-0.0069051
0.0016569
0.00803412
0.00701779
0.000266247
-0.00606788
-0.00698222
-0.00240404
0.0035216
0.00623246
0.0041795
-0.000563306
-0.004375
-0.00483842
-0.00213392
0.0015569
0.00381603
0.00352002
0.00126115
-0.00136342
-0.00285395
-0.00263721
-0.0011311
0.000653266
0.00182931
0.00194843
0.00122348
0.000103009
-0.000791909
-0.00123197
-0.00106596
-0.00061159
6.76019e-06
0.000411933
0.000644139
0.000567217
0.000381751
0.000110169
-0.000123174
-0.000243467
-0.000333362
-0.000233282
-0.000230954
-1.01792e-05
95.3492
49.9999
10.481
-4.65011
-2.80898
1.1769
1.11964
-0.443924
-0.565791
0.206745
0.338922
-0.105337
-0.231411
0.050336
0.173706
-0.0132669
-0.13743
-0.0159671
0.109041
0.0403049
-0.0815072
-0.0591748
0.0516347
0.0701586
-0.0193621
-0.0703502
-0.012426
0.0579207
0.0384341
-0.0338065
-0.0524178
0.00293272
0.0497229
0.0259539
-0.030315
-0.0426526
0.000828164
0.0399933
0.0263054
-0.0187281
-0.0377925
-0.0104224
0.0271895
0.0306999
-0.000890165
-0.029191
-0.0234025
0.00718893
0.0279024
0.0180509
-0.00948354
-0.0254088
-0.0151263
0.00892203
0.0226116
0.0142527
-0.00632932
-0.01954
-0.0146297
0.0022695
0.0157379
0.0151708
0.00263515
-0.0106956
-0.0145926
-0.00734057
0.00438876
0.0117394
0.0102594
0.0021731
-0.00630989
-0.00976677
-0.00684719
-0.000302807
0.00547935
0.00738509
0.00505007
0.000484249
-0.00357478
-0.00520214
-0.004134
-0.00139227
0.00139596
0.00307628
0.00313637
0.00202718
0.000362426
-0.000977637
-0.00173246
-0.0016632
-0.00116503
-0.000389807
0.000233761
0.000658271
0.000779176
0.000683283
0.000482154
0.000204837
2.59417e-05
-0.000219804
104.651
89.519
49.9998
12.1103
-4.64897
-3.47779
1.17346
1.46481
-0.436526
-0.775182
0.1935
0.48202
-0.0843319
-0.337162
0.0200235
0.254243
0.0269926
-0.196877
-0.065256
0.147578
0.0955489
-0.0979448
-0.114859
0.0455764
0.118712
0.00685428
-0.103513
-0.0523758
0.0691503
0.0815524
-0.0212464
-0.0859372
-0.0282317
0.0627115
0.0634072
-0.018715
-0.070479
-0.0290037
0.0455943
0.0586148
-0.000289831
-0.0545532
-0.0408866
0.0189683
0.0529468
0.0253643
-0.0280241
-0.0472756
-0.0150389
0.0304228
0.0413865
0.0100496
-0.0287264
-0.0367567
-0.00942091
0.0243968
0.0332747
0.0118651
-0.0179813
-0.0298882
-0.0158847
0.00969293
0.0251197
0.019582
-0.000169171
-0.017716
-0.0206523
-0.00883537
0.00761915
0.0170655
0.0143741
0.00305378
-0.0086117
-0.0136092
-0.010137
-0.00158919
0.006494
0.00992407
0.00783883
0.00232797
-0.0032583
-0.00635617
-0.00608292
-0.00337081
0.000151376
0.0027901
0.0038512
0.00323263
0.00174637
9.63066e-06
-0.00118786
-0.00174922
-0.00161625
-0.00109871
-0.000499517
6.34677e-05
0.000339028
0.000491359
0.000473295
0.000351356
101.18
104.65
87.8897
49.9997
12.7791
-4.64704
-3.82308
1.16809
1.67465
-0.425751
-0.919288
0.175245
0.589594
-0.056759
-0.420538
-0.0179465
0.317604
0.0750147
-0.240205
-0.120873
0.169128
0.153729
-0.0963759
-0.16812
0.0220034
0.158213
0.0471741
-0.121308
-0.0994514
0.061327
0.122006
0.00908446
-0.106733
-0.06979
0.0565842
0.0992154
0.0109603
-0.0844843
-0.0673019
0.0313528
0.0847841
0.033266
-0.0535044
-0.0722191
-0.00761366
0.060768
0.0574808
-0.00751928
-0.0597263
-0.0459133
0.0137189
0.0550294
0.0390465
-0.0132987
-0.0488712
-0.0362968
0.00812966
0.0415495
0.0359692
0.000333939
-0.0323146
-0.0356716
-0.0104328
0.0203711
0.0326504
0.0196067
-0.00608208
-0.0246421
-0.0242994
-0.00792868
0.0115094
0.0212672
0.0168361
0.00311843
-0.0104162
-0.0161879
-0.0124246
-0.0028387
0.00655801
0.0111734
0.00974133
0.00422838
-0.00205742
-0.00616926
-0.00697544
-0.00486404
-0.00150501
0.00164863
0.00335126
0.00359613
0.00253499
0.00111097
-0.000281499
-0.00109425
-0.00131628
-0.00117742
-0.000615762
-0.000344661
0.000147656
0.000132165
98.821
102.809
104.65
87.2209
49.9995
13.1245
-4.64412
-4.03333
1.16042
1.8198
-0.411097
-1.02887
0.151456
0.676262
-0.0222442
-0.48865
-0.0635511
0.367046
0.130088
-0.268706
-0.181162
0.174289
0.212161
-0.0777732
-0.215511
-0.0168097
0.185211
0.0974624
-0.121525
-0.147829
0.0348928
0.153493
0.0531614
-0.110212
-0.114542
0.0308941
0.125302
0.0537339
-0.0794905
-0.105042
-0.00156074
0.0961553
0.073955
-0.0319351
-0.0938372
-0.0465051
0.0483459
0.0840731
0.0281267
-0.0528553
-0.0737328
-0.0191491
0.0499926
0.0654855
0.0178768
-0.0423715
-0.0591717
-0.0220255
0.0310044
0.0529577
0.0289211
-0.0163253
-0.0442639
-0.0351831
-0.000473521
0.0309302
0.0367401
0.0162341
-0.0129361
-0.0300606
-0.025739
-0.00589745
0.0148858
0.024052
0.0181994
0.00316075
-0.011248
-0.0175428
-0.0140157
-0.00434547
0.00562413
0.0111797
0.0108356
0.00600978
-0.000170753
-0.00496731
-0.00676046
-0.00576417
-0.00296015
1.79889e-05
0.00227375
0.00308831
0.00284992
0.00173892
0.000584464
-0.000426817
-0.000997182
-0.000976644
-0.000978091
-0.000242048
99.5494
98.8226
103.478
104.648
86.8755
49.9992
13.335
-4.64001
-4.17934
1.15009
1.93125
-0.3921
-1.11884
0.121685
0.749458
0.0194446
-0.545044
-0.116543
0.403999
0.191205
-0.282821
-0.244155
0.163467
0.267966
-0.0434229
-0.253712
-0.0679751
0.196916
0.153008
-0.103242
-0.191628
-0.00797746
0.170666
0.105382
-0.0939462
-0.154791
-0.0118998
0.135009
0.102255
-0.0536897
-0.133012
-0.048004
0.0869992
0.111712
0.00787271
-0.0970946
-0.0878302
0.0153897
0.0945947
0.0694829
-0.0246268
-0.0868107
-0.0588381
0.0236045
0.0771006
0.0548502
-0.0152532
-0.0658269
-0.0548177
0.00176798
0.0516988
0.0549832
0.0143746
-0.033323
-0.0509957
-0.0292767
0.0110832
0.0391818
0.0373912
0.0110869
-0.0190925
-0.0334852
-0.0256712
-0.00383304
0.0170753
0.0254662
0.0189526
0.00368727
-0.0109003
-0.0177016
-0.0150593
-0.00612267
0.00370099
0.0100386
0.0109718
0.00752034
0.00199883
-0.00286534
-0.00562225
-0.00575459
-0.00409159
-0.00157588
0.000633685
0.00208969
0.00246295
0.0022
0.00132483
0.00056992
-0.000209828
-0.000716668
100.449
98.8804
98.8257
103.823
104.646
86.6649
49.9989
13.4815
-4.63452
-4.29223
1.13675
2.02413
-0.368331
-1.19693
0.0855672
0.813042
0.0683919
-0.591379
-0.176453
0.428917
0.257077
-0.28262
-0.307634
0.13718
0.318198
0.00492357
-0.279713
-0.128002
0.191402
0.208732
-0.0669432
-0.225316
-0.0635081
0.169612
0.159085
-0.0579432
-0.183226
-0.0667217
0.124012
0.147856
-0.0089623
-0.143363
-0.0997316
0.0556652
0.136407
0.0590249
-0.077315
-0.120171
-0.0326133
0.0822089
0.104355
0.0202819
-0.0771222
-0.0924747
-0.0192549
0.0657544
0.0840355
0.0261852
-0.0493388
-0.0761947
-0.0373186
0.0281789
0.0650162
0.0478993
-0.00361849
-0.0470497
-0.0520254
-0.0201072
0.0217885
0.0442681
0.0355151
0.00570726
-0.0236069
-0.0350162
-0.0248428
-0.00246505
0.0177992
0.025629
0.0193755
0.00484537
-0.00931726
-0.0166852
-0.0153851
-0.0079877
0.00109928
0.00771663
0.0100451
0.00817949
0.0040742
-0.000389789
-0.00346727
-0.00470117
-0.00421809
-0.00269922
-0.00101972
0.000453015
0.0012539
0.00148639
0.00148512
0.000894361
100.221
100.445
98.5351
98.8305
104.034
104.642
86.5183
49.9985
13.5952
-4.62748
-4.38729
1.12007
2.10642
-0.339404
-1.26731
0.0428225
0.868962
0.124533
-0.628266
-0.242591
0.441752
0.326171
-0.268101
-0.369203
0.0962312
0.359966
0.06499
-0.290996
-0.192886
0.167764
0.25946
-0.01454
-0.244118
-0.126595
0.148225
0.207192
-0.00468411
-0.193787
-0.126481
0.0909567
0.181802
0.0493366
-0.130976
-0.146795
0.00502697
0.1399
0.111327
-0.0350206
-0.133247
-0.085512
0.0458008
0.121048
0.0714667
-0.0429984
-0.107576
-0.0672878
0.0305918
0.09293
0.0691169
-0.0112586
-0.0749018
-0.0717776
-0.0120775
0.0510295
0.0691704
0.0345
-0.0211454
-0.0557872
-0.0484986
-0.0100146
0.0301443
0.0463418
0.0323056
0.00121095
-0.0261416
-0.0350145
-0.0238276
-0.00211149
0.0170417
0.0246899
0.0194633
0.00651547
-0.00675775
-0.014487
-0.01484
-0.00934746
-0.0017394
0.00474967
0.00789471
0.00775242
0.00509419
0.00178132
-0.00115523
-0.00279681
-0.00311816
-0.00265768
-0.00142836
-0.000708273
0.000297648
0.000412602
99.7841
100.566
100.438
98.325
98.8376
104.18
104.637
86.4045
49.9981
13.6915
-4.6187
-4.47269
1.09974
2.18257
-0.304971
-1.33222
-0.00674305
0.918085
0.187652
-0.655726
-0.314063
0.442234
0.396743
-0.239363
-0.42637
0.0418035
0.390574
0.133981
-0.28568
-0.258264
0.126222
0.300227
0.0507176
-0.24439
-0.191198
0.106434
0.2429
0.0610941
-0.182403
-0.182925
0.0377209
0.196576
0.113104
-0.094407
-0.179247
-0.0578735
0.117768
0.153286
0.0239185
-0.120395
-0.130741
-0.00938604
0.111597
0.115398
0.0099335
-0.0959926
-0.106003
-0.0211087
0.0746554
0.0984184
0.0382829
-0.0472402
-0.0870501
-0.0555644
0.0146319
0.0666629
0.0652369
0.0184081
-0.0355144
-0.0595049
-0.0422806
-0.000864565
0.0355833
0.0460983
0.0288466
-0.0017786
-0.0267403
-0.0339079
-0.0229423
-0.00282435
0.0150147
0.0227524
0.0191824
0.00830796
-0.00354379
-0.0114767
-0.0132668
-0.00997424
-0.00400795
0.00163482
0.00532619
0.00622581
0.00516345
0.00279303
0.000571884
-0.00120837
-0.0020058
-0.00187912
-0.00166484
-0.000395795
99.8703
99.7925
100.776
100.427
98.1796
98.8472
104.293
104.631
86.3082
49.9977
13.7786
-4.608
-4.55307
1.07545
2.2551
-0.264727
-1.39283
-0.0632348
0.960634
0.257387
-0.67345
-0.389781
0.430038
0.466876
-0.196722
-0.476627
-0.0244882
0.407634
0.208635
-0.262653
-0.319596
0.0681512
0.326579
0.124417
-0.223922
-0.250813
0.0462672
0.260367
0.132839
-0.147531
-0.227628
-0.0307146
0.187005
0.172621
-0.0363002
-0.188877
-0.122911
0.0703671
0.174407
0.0892384
-0.0803327
-0.156186
-0.0726385
0.0741424
0.138943
0.0698306
-0.0567129
-0.122041
-0.0756726
0.0307822
0.101876
0.0836081
0.000860305
-0.0743168
-0.085714
-0.0328356
0.0378466
0.0741768
0.0558788
0.00281817
-0.0454959
-0.0592208
-0.035233
0.00617907
0.0381693
0.0443649
0.025897
-0.00300162
-0.0256272
-0.0319761
-0.022329
-0.00442494
0.011875
0.0199895
0.0183167
0.0100234
-0.000179769
-0.00780621
-0.0109564
-0.00961399
-0.00564079
-0.00101882
0.00255179
0.00436357
0.00437642
0.00337261
0.00161555
0.000375106
-0.000917171
-0.00132614
100.121
99.6609
99.8052
100.92
100.413
98.0677
98.8598
104.388
104.623
86.2209
49.9972
13.8613
-4.59521
-4.63117
1.04691
2.32547
-0.218408
-1.44966
-0.126667
0.996448
0.333226
-0.680964
-0.468479
0.404904
0.53453
-0.140788
-0.517536
-0.100584
0.40919
0.285311
-0.221664
-0.37238
-0.00393966
0.334874
0.201241
-0.182165
-0.298996
-0.0282528
0.255323
0.20281
-0.0904516
-0.253039
-0.106778
0.151125
0.217938
0.0368062
-0.170726
-0.178518
0.00308512
0.16739
0.148153
-0.0178382
-0.153071
-0.129985
0.0139056
0.132948
0.121451
0.00321884
-0.107382
-0.116838
-0.0284294
0.0746861
0.108628
0.055171
-0.0344455
-0.0892708
-0.0741276
-0.00891005
0.054825
0.0746961
0.044103
-0.010118
-0.0510301
-0.0563317
-0.0287732
0.0105983
0.0382835
0.0417733
0.0238391
-0.00252554
-0.0229772
-0.0293489
-0.0217571
-0.00669703
0.00795592
0.016253
0.0167521
0.011055
0.00312133
-0.00392347
-0.00773957
-0.00822189
-0.00618848
-0.00296156
-0.000145789
0.00203143
0.00272628
0.00267892
0.00218062
0.00098413
100.089
100.106
99.5173
99.8229
101.03
100.395
97.9744
98.8757
104.474
104.614
86.1381
49.9966
13.9424
-4.58016
-4.70866
1.01386
2.39446
-0.165798
-1.50278
-0.196958
1.02513
0.414512
-0.677737
-0.54873
0.366715
0.597589
-0.0725104
-0.54682
-0.183998
0.393823
0.360109
-0.16339
-0.412388
-0.086495
0.322552
0.275302
-0.120343
-0.329917
-0.111383
0.225586
0.262853
-0.0152662
-0.253475
-0.181165
0.0906624
0.240375
0.115268
-0.124161
-0.213673
-0.074304
0.129842
0.187855
0.0568031
-0.11829
-0.167326
-0.0575162
0.0950537
0.1501
0.070003
-0.0622912
-0.130656
-0.0865703
0.0218208
0.102532
0.097608
0.0213871
-0.0618897
-0.0926203
-0.0568449
0.0122418
0.0649321
0.0703571
0.0324268
-0.0193651
-0.0527669
-0.0521187
-0.0237375
0.0124036
0.0363686
0.0387053
0.0225978
-0.000613667
-0.0191108
-0.0258742
-0.0209337
-0.00893134
0.00353052
0.0119035
0.0139879
0.0111217
0.00533747
-0.000241345
-0.0042801
-0.00577296
-0.00521117
-0.00366302
-0.00130832
-0.000151047
0.00138598
0.00113193
99.9263
100.232
100.086
99.4091
99.8461
101.121
100.372
97.8914
98.8952
104.555
104.602
86.0568
49.996
14.0237
-4.56268
-4.78658
0.976041
2.46246
-0.106727
-1.55205
-0.273934
1.04615
0.500452
-0.663256
-0.628978
0.31556
0.653919
0.00679952
-0.562453
-0.271866
0.360745
0.429025
-0.0894508
-0.435906
-0.175078
0.288355
0.340546
-0.0414486
-0.338891
-0.196113
0.171387
0.305274
0.0714152
-0.225944
-0.243977
0.0110253
0.233921
0.18767
-0.0532992
-0.219916
-0.149158
0.0651495
0.198207
0.129615
-0.0556028
-0.173847
-0.124538
0.0309184
0.145758
0.126467
0.00400028
-0.110098
-0.125888
-0.0427525
0.0641119
0.112533
0.0750121
-0.0106835
-0.0792105
-0.0871905
-0.0381563
0.028433
0.0689906
0.0634408
0.0225394
-0.0247761
-0.0516154
-0.0475414
-0.0203994
0.0118943
0.032916
0.0352389
0.0219381
0.00213478
-0.0142953
-0.0217191
-0.0193191
-0.0107313
-0.000479171
0.00715884
0.0106371
0.00974795
0.00646319
0.00210979
-0.00120286
-0.0033862
-0.00380154
-0.00309454
-0.00223111
-0.000239039
99.9307
99.9487
100.338
100.059
99.3217
99.8753
101.2
100.344
97.8146
98.9186
104.634
104.588
85.9752
49.9954
14.1065
-4.54262
-4.86556
0.933213
2.52961
-0.0410737
-1.59711
-0.357329
1.05891
0.590125
-0.637081
-0.707565
0.251763
0.701431
0.0954724
-0.562743
-0.361023
0.309864
0.48812
-0.00237257
-0.439955
-0.264599
0.232461
0.391181
0.0499215
-0.322839
-0.274756
0.0954726
0.323687
0.161102
-0.170672
-0.285991
-0.0792245
0.196302
0.242509
0.0333598
-0.193028
-0.208113
-0.0177669
0.174027
0.185677
0.0246868
-0.144849
-0.171158
-0.0466121
0.106186
0.15668
0.0753137
-0.0577843
-0.1329
-0.100041
0.0029419
0.0926176
0.107575
0.0476954
-0.036562
-0.0869266
-0.0766023
-0.0212312
0.0390366
0.0685073
0.0558419
0.0152879
-0.0267119
-0.0484628
-0.0431119
-0.0187
0.00959526
0.0282277
0.0314416
0.0213241
0.00532053
-0.00913127
-0.0167831
-0.0169678
-0.011423
-0.00387926
0.00280866
0.00672686
0.00761115
0.00618564
0.00372631
0.000947623
-0.00070211
-0.00222506
-0.002153
100.046
99.8255
99.9787
100.423
100.025
99.2475
99.9109
101.271
100.31
97.7412
98.9462
104.712
104.572
85.8922
49.9947
14.1914
-4.5198
-4.94598
0.885152
2.59585
0.03124
-1.63753
-0.446787
1.06278
0.682494
-0.598879
-0.782757
0.175908
0.738135
0.191499
-0.546398
-0.448094
0.241815
0.533684
0.0944951
-0.422477
-0.349584
0.156539
0.422093
0.147842
-0.280614
-0.339607
0.00296735
0.313757
0.244271
-0.0912612
-0.299879
-0.169346
0.129547
0.269956
0.124021
-0.134041
-0.239456
-0.105764
0.116489
0.212203
0.107537
-0.0832851
-0.184814
-0.120247
0.0380887
0.150463
0.132705
0.0141184
-0.102932
-0.131895
-0.0631559
0.041973
0.106422
0.0928274
0.0212638
-0.05444
-0.0871573
-0.0641746
-0.00789191
0.0444581
0.065074
0.0488054
0.0108758
-0.0258047
-0.0439228
-0.0390227
-0.0181793
0.00596245
0.0227339
0.0269929
0.0204473
0.00803754
-0.00383237
-0.0115971
-0.0134106
-0.0108635
-0.00582761
-0.000705879
0.00275816
0.00471178
0.00432802
0.00354982
0.00203443
0.000556629
100.059
100.014
99.7441
100.016
100.492
99.9831
99.1829
99.9532
101.337
100.27
97.6698
98.9783
104.79
104.553
85.807
49.994
14.279
-4.49408
-5.02806
0.83165
2.66099
0.110245
-1.67277
-0.541863
1.05715
0.776414
-0.548453
-0.852777
0.0888516
0.762187
0.292556
-0.512589
-0.529583
0.157976
0.562403
0.197091
-0.382489
-0.424464
0.0637153
0.429239
0.245435
-0.213205
-0.383623
-0.0989777
0.273762
0.31135
0.00552037
-0.281254
-0.247708
0.0399882
0.263448
0.205239
-0.0494338
-0.235315
-0.183624
0.0333442
0.201333
0.176082
0.000352249
-0.159619
-0.172232
-0.0439952
0.106554
0.159641
0.0868463
-0.042132
-0.126875
-0.113539
-0.0245878
0.0700032
0.107952
0.0736814
-0.000711768
-0.0645182
-0.0825319
-0.0523542
0.00117595
0.0456261
0.059976
0.0429792
0.00900258
-0.0226853
-0.0384955
-0.0350665
-0.0183855
0.00181376
0.0166343
0.0221578
0.0185596
0.0100187
0.00033927
-0.00639093
-0.00961597
-0.0087899
-0.00604144
-0.00256717
0.00066982
0.00181359
0.00319878
0.00167041
99.9738
100.139
99.974
99.6796
100.062
100.549
99.9343
99.1257
100.002
101.399
100.225
97.5997
99.0151
104.87
104.531
85.719
49.9932
14.3698
-4.46528
-5.11188
0.772514
2.72476
0.19592
-1.70225
-0.64202
1.04143
0.870639
-0.485773
-0.915831
-0.00826151
0.77195
0.396038
-0.461007
-0.601989
0.0604687
0.571522
0.300792
-0.320197
-0.4839
-0.0415311
0.409992
0.335328
-0.123796
-0.401095
-0.201728
0.204961
0.353765
0.110302
-0.229428
-0.303267
-0.0623016
0.220917
0.263917
0.0495257
-0.193346
-0.236714
-0.0620707
0.152126
0.215109
0.0898155
-0.0982584
-0.188687
-0.120853
0.0335977
0.146805
0.140063
0.0336635
-0.0843116
-0.131366
-0.085983
0.00905418
0.0863388
0.101134
0.0544753
-0.0166156
-0.0681181
-0.0754052
-0.0426064
0.00608108
0.0435174
0.0540971
0.0384435
0.00922857
-0.0180322
-0.0323368
-0.0311679
-0.0186349
-0.00252172
0.010629
0.0168047
0.0161872
0.0106191
0.00377451
-0.00246382
-0.00568957
-0.00695111
-0.00544871
-0.00353809
-0.00125018
0.00116215
99.9473
100.015
100.199
99.9258
99.629
100.115
100.597
99.8781
99.0752
100.059
101.457
100.173
97.5303
99.0569
104.952
104.507
85.6279
49.9924
14.4638
-4.43326
-5.19745
0.707572
2.78683
0.288192
-1.72537
-0.746632
1.01512
0.96384
-0.410995
-0.970153
-0.114003
0.766056
0.499118
-0.391915
-0.661931
-0.0478861
0.559012
0.400608
-0.237066
-0.523115
-0.153578
0.363428
0.410199
-0.0176526
-0.388261
-0.295902
0.111675
0.364971
0.212032
-0.147792
-0.327102
-0.164659
0.145458
0.289427
0.148295
-0.117591
-0.253768
-0.153004
0.0713164
0.214487
0.16632
-0.012035
-0.163359
-0.173211
-0.0514267
0.0952751
0.15772
0.103077
-0.0152787
-0.109426
-0.12169
-0.0564614
0.0343764
0.0926358
0.089913
0.0380021
-0.0263075
-0.0668869
-0.0674648
-0.0354469
0.00734959
0.0389951
0.0477187
0.0349392
0.0107938
-0.0121855
-0.0256096
-0.0266887
-0.0185826
-0.00632879
0.00454376
0.0111681
0.0126753
0.0102426
0.00590888
0.0014803
-0.0020514
-0.00346509
-0.0045743
-0.00321387
100.01
99.8895
100.065
100.244
99.8704
99.5908
100.175
100.635
99.8147
99.0311
100.122
101.512
100.114
97.4618
99.104
105.035
104.48
85.5334
49.9915
14.5614
-4.39787
-5.28471
0.636671
2.8468
0.386936
-1.74153
-0.854992
0.977756
1.05463
-0.324475
-1.01404
-0.226677
0.743459
0.598822
-0.306161
-0.706287
-0.163648
0.5237
0.491425
-0.135806
-0.53823
-0.265971
0.290501
0.463359
0.098199
-0.343778
-0.372248
0.00104207
0.341341
0.299184
-0.0436682
-0.313781
-0.25346
0.0452438
0.27551
0.231286
-0.0182453
-0.229277
-0.22236
-0.0275079
0.171781
0.212675
0.0811962
-0.0997785
-0.18682
-0.127268
0.0169828
0.133189
0.145484
0.0601857
-0.0532602
-0.119037
-0.104066
-0.03001
0.0506703
0.0915913
0.0774244
0.0255417
-0.0305578
-0.0623958
-0.0596088
-0.030683
0.00593034
0.0327202
0.0409233
0.0315917
0.0128497
-0.0061316
-0.0181711
-0.0214319
-0.0168823
-0.00885329
-0.000422683
0.00538983
0.00784723
0.00780805
0.00530972
0.00333546
0.000688772
-0.000470222
100.047
99.9598
99.8499
100.121
100.273
99.8085
99.5646
100.242
100.664
99.7445
98.9937
100.193
101.563
100.049
97.3939
99.1565
105.12
104.449
85.4354
49.9906
14.6626
-4.35896
-5.37356
0.559672
2.90427
0.491983
-1.75011
-0.966324
0.929006
1.14157
-0.226765
-1.04591
-0.344352
0.703467
0.692105
-0.205179
-0.732313
-0.282871
0.465356
0.568248
-0.0202769
-0.526532
-0.37181
0.194062
0.489301
0.215465
-0.268979
-0.422545
-0.117564
0.282724
0.361103
0.0723771
-0.262302
-0.316009
-0.0673981
0.221546
0.284436
0.0897852
-0.164882
-0.256067
-0.126317
0.0932482
0.217335
0.160955
-0.0109349
-0.156522
-0.174067
-0.0681687
0.0717792
0.147603
0.119289
0.0201573
-0.0781322
-0.11713
-0.0839357
-0.00931384
0.0589378
0.086013
0.0657538
0.0173035
-0.030605
-0.0559493
-0.0523135
-0.0276609
0.0028571
0.0256692
0.0337732
0.0280436
0.0140867
-0.000732726
-0.0115167
-0.015465
-0.0141245
-0.00870423
-0.00319027
0.00179266
0.00430566
0.004508
0.00431971
0.00127434
100.004
100.083
99.9038
99.8273
100.182
100.288
99.7416
99.5505
100.315
100.683
99.6679
98.9633
100.27
101.61
99.9767
97.327
99.2147
105.207
104.415
85.3336
49.9896
14.7675
-4.31638
-5.46387
0.476447
2.95878
0.603119
-1.75053
-1.07978
0.868612
1.22321
-0.118619
-1.06427
-0.464881
0.645769
0.775917
-0.0909626
-0.737738
-0.40123
0.384739
0.626431
0.104655
-0.486676
-0.46414
0.0787593
0.484155
0.32517
-0.167885
-0.440408
-0.23334
0.192652
0.389242
0.187634
-0.176455
-0.342312
-0.177554
0.132944
0.297571
0.189204
-0.0694254
-0.245907
-0.206059
-0.00709106
0.177209
0.208808
0.0835456
-0.0878874
-0.178731
-0.137666
-0.0105419
0.10771
0.143732
0.0879734
-0.0118829
-0.0909039
-0.108254
-0.0651908
0.00474401
0.0608956
0.078174
0.0560916
0.0129153
-0.0275505
-0.0485457
-0.0457281
-0.0259807
-0.00101561
0.0184074
0.0268368
0.0242802
0.0147332
0.00331101
-0.00578038
-0.0107083
-0.0108741
-0.0087087
-0.00407714
-0.00108617
0.00246664
0.0034876
99.9608
100.06
100.1
99.8445
99.8213
100.247
100.289
99.6711
99.5489
100.392
100.692
99.5855
98.9405
100.354
101.652
99.8978
97.2613
99.2788
105.295
104.378
85.2281
49.9886
14.8763
-4.26996
-5.55547
0.386886
3.00987
0.720077
-1.74221
-1.19443
0.796432
1.29806
-0.000998283
-1.06782
-0.585918
0.570471
0.847277
0.033942
-0.72087
-0.514135
0.283631
0.661905
0.233288
-0.418848
-0.536368
-0.0491417
0.44607
0.418304
-0.0470589
-0.42198
-0.334992
0.0782203
0.378248
0.288598
-0.0646626
-0.326581
-0.269656
0.0207097
0.26624
0.263054
0.0421732
-0.191363
-0.250297
-0.109909
0.09873
0.212579
0.161703
0.00372493
-0.13851
-0.172293
-0.0912856
0.0363817
0.125268
0.128516
0.058144
-0.0340338
-0.0941313
-0.0962329
-0.0500207
0.0124625
0.0581594
0.069484
0.0486681
0.0118103
-0.0222154
-0.0403484
-0.0396407
-0.0249571
-0.00546358
0.0110218
0.0196584
0.020077
0.01469
0.00662206
-0.000399313
-0.0055297
-0.00736956
-0.006925
-0.00584852
-0.00253635
99.9835
99.9468
100.117
100.1
99.7845
99.8315
100.312
100.275
99.5987
99.5601
100.472
100.69
99.4981
98.926
100.444
101.689
99.8121
97.1972
99.3488
105.386
104.337
85.1187
49.9875
14.9889
-4.21957
-5.64818
0.290903
3.05703
0.84253
-1.7246
-1.30928
0.712454
1.36464
0.124913
-1.05545
-0.704957
0.478132
0.903365
0.166471
-0.680713
-0.616905
0.164853
0.671429
0.359319
-0.324886
-0.58271
-0.182056
0.375525
0.486543
0.0847517
-0.366507
-0.411829
-0.0503746
0.326843
0.362544
0.0607214
-0.268376
-0.329685
-0.0997743
0.192914
0.297643
0.151115
-0.10033
-0.248683
-0.194189
-0.00281593
0.169614
0.20433
0.0962962
-0.0624541
-0.161592
-0.147379
-0.0458203
0.0688611
0.128252
0.108317
0.0336312
-0.0467043
-0.0906984
-0.0836489
-0.0390249
0.0148711
0.0521284
0.0603872
0.0429194
0.0127451
-0.0152935
-0.0314657
-0.0329387
-0.023525
-0.0090769
0.0037933
0.0121532
0.014409
0.01227
0.0079596
0.00261289
-0.00022074
-0.00336589
-0.00278137
100.029
99.9285
99.9525
100.171
100.081
99.727
99.8576
100.375
100.247
99.5265
99.5845
100.554
100.677
99.4067
98.9203
100.541
101.721
99.7195
97.135
99.425
105.478
104.293
85.0054
49.9864
15.1053
-4.16506
-5.74177
0.18844
3.09977
0.9701
-1.6972
-1.4233
0.616809
1.4215
0.257727
-1.02629
-0.819388
0.369784
0.941634
0.303126
-0.617054
-0.704973
0.032194
0.652828
0.476176
-0.208287
-0.598663
-0.311551
0.275472
0.523036
0.217264
-0.276664
-0.454956
-0.180746
0.238306
0.399241
0.184788
-0.173111
-0.347467
-0.210911
0.0871231
0.285315
0.238022
0.0117946
-0.199669
-0.241805
-0.106178
0.0882112
0.200188
0.166614
0.0302277
-0.107686
-0.162337
-0.11428
-0.00795914
0.0872757
0.121601
0.0878692
0.0158545
-0.0515924
-0.0832703
-0.0719139
-0.031798
0.0135542
0.0440907
0.0511944
0.0378523
0.0142998
-0.00833198
-0.022449
-0.0258125
-0.0203925
-0.0108762
-0.000850207
0.00562424
0.00924107
0.00842011
0.00637562
0.00343911
-0.000282718
100.026
100.02
99.8784
99.9762
100.221
100.046
99.6747
99.8988
100.435
100.204
99.4565
99.6222
100.637
100.652
99.3123
98.9243
100.642
101.746
99.6203
97.0752
99.5076
105.571
104.244
84.8882
49.9853
15.2257
-4.1063
-5.83605
0.0794458
3.13761
1.10237
-1.65957
-1.53538
0.50976
1.46727
0.395885
-0.979746
-0.926569
0.246902
0.959896
0.440085
-0.530494
-0.774087
-0.109736
0.605151
0.577386
-0.0740595
-0.581366
-0.428928
0.151221
0.523067
0.339533
-0.158463
-0.458312
-0.299616
0.120323
0.392409
0.291995
-0.0515682
-0.318464
-0.295674
-0.0358431
0.226163
0.286687
0.124919
-0.11125
-0.241796
-0.188995
-0.0140353
0.149298
0.196711
0.115462
-0.0250067
-0.131753
-0.148559
-0.0810697
0.0194779
0.0942513
0.109938
0.0700971
0.00474999
-0.0508102
-0.0738914
-0.0618202
-0.0275343
0.00985902
0.035317
0.0422524
0.0331982
0.0155971
-0.00229309
-0.0144087
-0.0191108
-0.0167838
-0.0108867
-0.0040272
0.00202025
0.0044923
0.00687712
0.00460307
99.9844
100.072
99.9938
99.8373
100.016
100.261
99.9973
99.6309
99.9541
100.487
100.148
99.3909
99.6733
100.718
100.615
99.216
98.9384
100.748
101.765
99.5145
97.0182
99.5965
105.666
104.191
84.767
49.984
15.35
-4.04313
-5.93079
-0.0361186
3.17004
1.23889
-1.61129
-1.64443
0.391692
1.50063
0.537664
-0.915491
-1.02386
0.111384
0.956367
0.573295
-0.422446
-0.820462
-0.255665
0.52874
0.656891
0.0715053
-0.529824
-0.525783
0.0101402
0.484491
0.440844
-0.0208292
-0.419371
-0.394172
-0.0157282
0.340611
0.368138
0.0813984
-0.244596
-0.340242
-0.157271
0.128211
0.287097
0.21803
0.000500492
-0.192794
-0.2328
-0.114333
0.0629384
0.178489
0.170895
0.0640184
-0.0643142
-0.138597
-0.127818
-0.0528149
0.0363485
0.0930456
0.0966556
0.0564094
-0.000535963
-0.0460055
-0.0638528
-0.0533492
-0.0256436
0.00482782
0.0261199
0.0337386
0.0286011
0.0164518
0.00297076
-0.00751173
-0.0122898
-0.0132664
-0.00948888
-0.00610411
-0.00159429
0.00142035
99.9702
100.012
100.107
99.9525
99.8087
100.068
100.288
99.9357
99.5982
100.022
100.531
100.079
99.3318
99.7376
100.796
100.565
99.1191
98.9633
100.859
101.776
99.4025
96.9645
99.692
105.762
104.134
84.6418
49.9828
15.4782
-3.9754
-6.02572
-0.158276
3.19654
1.37914
-1.55201
-1.74926
0.263133
1.52033
0.681175
-0.833486
-1.10864
-0.0344501
0.929731
0.698549
-0.295148
-0.840925
-0.3998
0.425298
0.709342
0.221063
-0.445072
-0.59453
-0.138708
0.408044
0.51157
0.124991
-0.339563
-0.453356
-0.155774
0.247669
0.402125
0.208565
-0.134297
-0.336147
-0.257737
0.00644212
0.237387
0.272941
0.114207
-0.10358
-0.226984
-0.189572
-0.0387445
0.115796
0.181497
0.134787
0.0205895
-0.0874553
-0.133631
-0.105809
-0.0318055
0.0440616
0.086475
0.0837045
0.0467975
-0.00116792
-0.0384986
-0.0533615
-0.0460121
-0.0247865
-0.00097564
0.017103
0.024812
0.0236498
0.0157655
0.0067126
-0.00154177
-0.00664518
-0.00759954
-0.00817609
-0.00378134
100.001
99.9399
100.053
100.126
99.9005
99.7957
100.13
100.301
99.8646
99.5793
100.1
100.562
99.9976
99.2815
99.8144
100.869
100.502
99.0228
98.9995
100.973
101.778
99.2843
96.9146
99.7941
105.859
104.073
84.5126
49.9814
15.6103
-3.90296
-6.1206
-0.287017
3.21659
1.52256
-1.48142
-1.84868
0.124777
1.52524
0.82437
-0.734033
-1.17839
-0.187859
0.879235
0.8116
-0.151679
-0.833108
-0.536024
0.297951
0.730455
0.36653
-0.330314
-0.628993
-0.285068
0.297554
0.544087
0.266241
-0.224496
-0.469179
-0.284385
0.122668
0.387662
0.312466
-0.00184927
-0.282004
-0.32018
-0.119191
0.144817
0.277957
0.207046
0.00798884
-0.171703
-0.221629
-0.130982
0.0242614
0.144029
0.167185
0.0977982
-0.0111833
-0.097043
-0.121906
-0.0859912
-0.0181654
0.0446616
0.0767432
0.0717105
0.0404113
0.00118375
-0.0293511
-0.0426132
-0.0387696
-0.0238105
-0.0059394
0.00859611
0.0165299
0.0172944
0.0141535
0.00734865
0.0027638
-0.00256334
-0.0042041
100.028
99.9605
99.9277
100.102
100.127
99.8427
99.8005
100.198
100.297
99.7872
99.5763
100.186
100.58
99.9067
99.2421
99.9029
100.936
100.427
98.9287
99.0472
101.089
101.772
99.1603
96.869
99.9028
105.956
104.007
84.3794
49.98
15.7463
-3.82567
-6.21515
-0.422302
3.22969
1.66853
-1.39932
-1.94147
-0.0225246
1.51436
0.965086
-0.617795
-1.23077
-0.34574
0.804772
0.908333
0.00410073
-0.795636
-0.658187
0.151202
0.717366
0.499556
-0.190891
-0.625008
-0.418235
0.159877
0.533686
0.389831
-0.083718
-0.437931
-0.386579
-0.0207856
0.324561
0.377991
0.134378
-0.184362
-0.33314
-0.2271
0.0251012
0.230865
0.25968
0.118413
-0.0786988
-0.202438
-0.19074
-0.0722579
0.0688752
0.152204
0.144223
0.0657935
-0.0311115
-0.0967486
-0.107367
-0.0698378
-0.0108446
0.0404674
0.0653226
0.060832
0.035844
0.00495458
-0.0199
-0.0319484
-0.0311513
-0.0218944
-0.00892993
0.00165354
0.00924194
0.0112676
0.0101917
0.00794361
0.00269247
100.013
100.036
99.9156
99.9353
100.153
100.109
99.7843
99.8241
100.266
100.274
99.7073
99.5907
100.277
100.582
99.8077
99.2154
100.002
100.993
100.339
98.8383
99.107
101.207
101.757
99.031
96.8281
100.018
106.054
103.937
84.2422
49.9786
15.8862
-3.74341
-6.30909
-0.564082
3.23537
1.8164
-1.30557
-2.02645
-0.177786
1.4869
1.1011
-0.485779
-1.26372
-0.504721
0.706897
0.984926
0.167687
-0.728228
-0.760421
-0.00926718
0.668877
0.612062
-0.0339998
-0.580856
-0.527929
0.00444073
0.479186
0.48368
0.0701407
-0.360853
-0.44976
-0.166174
0.219087
0.394833
0.254728
-0.0569487
-0.293134
-0.298186
-0.100458
0.139816
0.260815
0.204008
0.0312907
-0.136454
-0.203243
-0.148528
-0.0228967
0.0950586
0.146757
0.119372
0.0414598
-0.0408721
-0.0901881
-0.0925585
-0.0576846
-0.00816247
0.0333208
0.053577
0.0506966
0.032344
0.00841846
-0.0110338
-0.0222322
-0.0235381
-0.0183583
-0.0104566
-0.00160289
0.00259847
0.00732863
0.00551838
99.9813
100.055
100.023
99.873
99.9624
100.199
100.072
99.7307
99.8664
100.331
100.233
99.6288
99.6235
100.37
100.567
99.7032
99.2033
100.111
101.04
100.24
98.7529
99.1789
101.325
101.731
98.8966
96.7927
100.14
106.151
103.862
84.1011
49.9771
16.0301
-3.65602
-6.40217
-0.712302
3.23312
1.96549
-1.20008
-2.10242
-0.339903
1.44217
1.23014
-0.339306
-1.27542
-0.661227
0.586809
1.03796
0.334076
-0.631715
-0.837379
-0.176831
0.585538
0.696701
0.131714
-0.497428
-0.605072
-0.15746
0.383121
0.537886
0.22258
-0.244117
-0.465242
-0.296078
0.0832459
0.359044
0.341217
0.0814419
-0.205329
-0.319312
-0.209021
0.0216675
0.209585
0.246237
0.133564
-0.039311
-0.165649
-0.184929
-0.106024
0.0129705
0.105918
0.133767
0.0969053
0.0253371
-0.0427896
-0.0800599
-0.0788973
-0.0490513
-0.00878212
0.0247725
0.0419494
0.0415931
0.0288189
0.0116597
-0.00423209
-0.013207
-0.0172332
-0.0141828
-0.0100449
-0.00454579
0.00114943
99.9782
99.9965
100.09
99.9915
99.8394
100.007
100.235
100.017
99.687
99.9263
100.387
100.173
99.556
99.675
100.461
100.534
99.5956
99.2073
100.227
101.076
100.13
98.6741
99.2629
101.443
101.695
98.7576
96.763
100.269
106.249
103.781
83.9559
49.9755
16.1778
-3.56333
-6.49408
-0.866889
3.22247
2.11508
-1.08284
-2.16818
-0.507632
1.37969
1.3499
-0.180029
-1.26438
-0.811515
0.44636
1.06448
0.497852
-0.508069
-0.884434
-0.34413
0.469711
0.747244
0.296548
-0.378288
-0.64242
-0.313377
0.2517
0.54564
0.358468
-0.0984055
-0.429304
-0.394113
-0.0664857
0.273723
0.380045
0.209572
-0.0829246
-0.285562
-0.280154
-0.101006
0.115773
0.235479
0.204752
0.0657988
-0.0875068
-0.172139
-0.15767
-0.0699369
0.0350208
0.105582
0.117637
0.0788242
0.016499
-0.0389175
-0.0680236
-0.0664866
-0.0429785
-0.0114253
0.0156024
0.0304383
0.0328556
0.0250377
0.0135574
0.00204154
-0.00656584
-0.0093215
-0.0116988
-0.00687088
100.005
99.9477
100.029
100.112
99.9453
99.8205
100.065
100.256
99.9491
99.6582
100.001
100.43
100.097
99.4929
99.7446
100.547
100.482
99.4879
99.2285
100.348
101.097
100.01
98.6035
99.3592
101.559
101.649
98.6146
96.7397
100.405
106.346
103.696
83.8066
49.9739
16.3295
-3.4652
-6.58451
-1.02773
3.20292
2.26437
-0.953938
-2.22254
-0.679568
1.29916
1.45805
-0.00995988
-1.22947
-0.951718
0.288108
1.06219
0.653309
-0.360468
-0.897944
-0.503307
0.325644
0.759021
0.450203
-0.229716
-0.63525
-0.450547
0.0946422
0.504111
0.463432
0.0617847
-0.34403
-0.446942
-0.210855
0.149187
0.363902
0.306782
0.0543516
-0.201685
-0.299664
-0.203794
-0.00142487
0.173619
0.228037
0.153037
0.0108586
-0.114019
-0.163548
-0.12893
-0.0430829
0.0452814
0.0978325
0.101038
0.0650444
0.0132686
-0.0314659
-0.0547442
-0.0548675
-0.0376897
-0.014328
0.00668842
0.0197518
0.0230769
0.0206995
0.0122581
0.00624193
-0.00123073
-0.00424915
100.023
99.973
99.9335
100.073
100.117
99.8902
99.8206
100.131
100.258
99.8717
99.648
100.088
100.456
100.006
99.4436
99.831
100.624
100.412
99.3832
99.2678
100.474
101.103
99.8807
98.5426
99.4673
101.672
101.591
98.468
96.7234
100.548
106.443
103.605
83.6534
49.9722
16.4851
-3.3615
-6.67313
-1.19468
3.17403
2.41254
-0.813561
-2.26438
-0.854167
1.20054
1.55229
0.168541
-1.17006
-1.07799
0.115298
1.02955
0.794678
-0.193285
-0.875563
-0.646411
0.159422
0.729425
0.58248
-0.0604996
-0.582039
-0.557028
-0.0754162
0.415168
0.525566
0.21951
-0.21763
-0.446424
-0.330387
0.00206065
0.293804
0.356682
0.183308
-0.082058
-0.263139
-0.265669
-0.117028
0.0746029
0.198087
0.200734
0.103257
-0.0275728
-0.123196
-0.146873
-0.103223
-0.0254522
0.046718
0.0859538
0.0852103
0.0547688
0.0131798
-0.0222496
-0.0417581
-0.0432539
-0.0326078
-0.0153083
-0.000413462
0.0109442
0.0150394
0.0139743
0.0117334
0.00390158
100.009
100.032
99.9333
99.9395
100.12
100.1
99.833
99.8422
100.2
100.237
99.7903
99.6594
100.181
100.463
99.9049
99.4116
99.9321
100.689
100.324
99.2847
99.3255
100.6
101.093
99.744
98.4928
99.587
101.782
101.521
98.3186
96.7144
100.697
106.538
103.509
83.4962
49.9704
16.6446
-3.25208
-6.75965
-1.36758
3.13537
2.55874
-0.661995
-2.29263
-1.02979
1.08404
1.63047
0.352839
-1.08601
-1.18662
-0.068236
0.965969
0.9164
-0.0119146
-0.816445
-0.76588
-0.021341
0.658209
0.684073
0.118652
-0.484785
-0.622913
-0.244065
0.285442
0.536997
0.357408
-0.0636558
-0.391081
-0.408393
-0.147142
0.179328
0.350403
0.281706
0.0519126
-0.1773
-0.274018
-0.206254
-0.0388613
0.122797
0.197763
0.165577
0.0624262
-0.0501603
-0.12035
-0.127452
-0.082585
-0.0157642
0.0422819
0.0722697
0.0708215
0.0470396
0.014632
-0.0130224
-0.0296014
-0.0329366
-0.0265786
-0.0161854
-0.00365676
0.00277493
0.00991674
0.0085519
99.9841
100.045
100.02
99.8949
99.9662
100.164
100.063
99.7812
99.8856
100.264
100.194
99.7113
99.694
100.276
100.446
99.7969
99.4
100.045
100.737
100.22
99.1955
99.4018
100.724
101.065
99.6012
98.4556
99.7178
101.886
101.44
98.1668
96.7133
100.852
106.633
103.408
83.3349
49.9685
16.808
-3.13679
-6.84376
-1.54627
3.08654
2.70212
-0.499591
-2.30629
-1.20472
0.95008
1.69056
0.54008
-0.977673
-1.27416
-0.258191
0.871736
1.01332
0.177434
-0.721277
-0.854914
-0.207897
0.547529
0.747201
0.295857
-0.348905
-0.6412
-0.396427
0.125731
0.494789
0.459699
0.100614
-0.286362
-0.433354
-0.27709
0.0370924
0.288097
0.332282
0.175956
-0.0584978
-0.227194
-0.250116
-0.140976
0.0208116
0.145996
0.182341
0.13111
0.0331672
-0.0595728
-0.110223
-0.108313
-0.0674393
-0.0120461
0.0340436
0.0580625
0.0577709
0.0405627
0.0168829
-0.00510074
-0.0178615
-0.0238144
-0.0200089
-0.0146499
-0.0072589
0.000408407
99.9813
99.9988
100.075
99.9891
99.8665
100.011
100.195
100.007
99.7421
99.9488
100.316
100.13
99.641
99.7517
100.367
100.406
99.6871
99.4109
100.167
100.767
100.101
99.1189
99.4961
100.845
101.02
99.4542
98.4323
99.859
101.984
101.347
98.0135
96.7207
101.015
106.725
103.3
83.1696
49.9666
16.9754
-3.01546
-6.92511
-1.73057
3.02711
2.84178
-0.326776
-2.30439
-1.37715
0.799314
1.73065
0.727186
-0.845877
-1.33739
-0.449835
0.748076
1.0808
0.367888
-0.592311
-0.907749
-0.390703
0.40192
0.766072
0.458733
-0.182985
-0.608403
-0.518329
-0.0498041
0.401362
0.513832
0.25597
-0.144158
-0.400481
-0.3685
-0.111521
0.179034
0.325602
0.267113
0.0702719
-0.134796
-0.239249
-0.208433
-0.0828829
0.059543
0.150263
0.159974
0.101972
0.0152095
-0.0592935
-0.0960301
-0.0909311
-0.0564588
-0.0125504
0.024328
0.0435292
0.0458616
0.0340687
0.0178669
0.00185891
-0.00981719
-0.0131259
-0.0161482
-0.00875247
100.003
99.9571
100.031
100.091
99.9434
99.8553
100.07
100.207
99.9365
99.7222
100.028
100.351
100.047
99.5857
99.831
100.447
100.341
99.5807
99.4459
100.292
100.775
99.9709
99.0577
99.6075
100.958
100.956
99.3049
98.424
100.01
102.074
101.241
97.8593
96.737
101.183
106.816
103.187
83.0002
49.9646
17.1466
-2.88793
-7.00335
-1.92026
2.95668
2.97674
-0.144096
-2.28604
-1.54514
0.632658
1.74898
0.910848
-0.692025
-1.37347
-0.638049
0.597225
1.11493
0.552053
-0.433443
-0.920007
-0.559787
0.22829
0.737403
0.595137
0.00153219
-0.525111
-0.59753
-0.224642
0.264681
0.512053
0.383301
0.0181644
-0.312817
-0.406959
-0.243237
0.0406996
0.262117
0.30792
0.183376
-0.016303
-0.176337
-0.22575
-0.162631
-0.0383567
0.0794752
0.142161
0.136167
0.0797887
0.00654127
-0.0525348
-0.080031
-0.0753186
-0.0484066
-0.0146743
0.0139152
0.030684
0.0335189
0.0287868
0.0159969
0.00715417
-0.00350084
-0.007562
100.019
99.972
99.9507
100.072
100.086
99.891
99.8662
100.134
100.196
99.8595
99.7262
100.117
100.362
99.9497
99.551
99.9289
100.512
100.255
99.4831
99.5054
100.418
100.76
99.8319
99.0149
99.7345
101.062
100.873
99.1553
98.4319
100.169
102.155
101.124
97.705
96.7627
101.358
106.905
103.068
82.8268
49.9625
17.3218
-2.75405
-7.07811
-2.11507
2.8749
3.10603
0.0477692
-2.25046
-1.70668
0.451342
1.74409
1.08759
-0.518128
-1.38008
-0.817455
0.422494
1.11278
0.722294
-0.250238
-0.889122
-0.705302
0.0357496
0.660962
0.694142
0.190996
-0.396396
-0.625143
-0.381398
0.0979275
0.452838
0.466096
0.179664
-0.181514
-0.385651
-0.33664
-0.103635
0.152885
0.290341
0.257799
0.102616
-0.0762663
-0.189621
-0.198817
-0.121338
-0.00882069
0.0849337
0.12701
0.114004
0.0640042
0.00455019
-0.0419487
-0.0636964
-0.0606917
-0.0420669
-0.0164143
0.00420275
0.0189643
0.0229537
0.020538
0.0162464
0.00537882
100.011
100.02
99.9369
99.9656
100.113
100.059
99.8413
99.9009
100.196
100.16
99.7836
99.7566
100.208
100.347
99.8448
99.5413
100.041
100.556
100.148
99.3997
99.5889
100.539
100.72
99.6879
98.9928
99.8753
101.153
100.772
99.0077
98.457
100.336
102.226
100.994
97.5514
96.7982
101.539
106.991
102.942
82.6493
49.9602
17.5009
-2.61368
-7.14904
-2.31471
2.78147
3.22864
0.248037
-2.197
-1.85973
0.256873
1.7148
1.25389
-0.326774
-1.35553
-0.982646
0.228196
1.07266
0.871149
-0.0497246
-0.814658
-0.818238
-0.164901
0.539833
0.747111
0.370668
-0.231646
-0.596872
-0.503804
-0.0817606
0.34156
0.493002
0.318768
-0.0245763
-0.307035
-0.376224
-0.229093
0.0179027
0.21805
0.278588
0.196062
0.0371573
-0.110291
-0.18369
-0.167709
-0.0887407
0.00755375
0.080348
0.108939
0.0942655
0.053408
0.00606639
-0.0296896
-0.0479805
-0.0472468
-0.0347832
-0.0181881
-0.000678543
0.00720257
0.0159928
0.011809
99.9901
100.041
100.001
99.9082
100.001
100.144
100.011
99.8036
99.9578
100.245
100.099
99.7178
99.8137
100.294
100.303
99.7395
99.5598
100.161
100.574
100.026
99.3356
99.6945
100.649
100.656
99.5427
98.9934
100.028
101.229
100.653
98.8643
98.4999
100.51
102.286
100.852
97.3995
96.8441
101.726
107.074
102.811
82.4677
49.958
17.684
-2.46667
-7.2158
-2.5189
2.6761
3.34363
0.45586
-2.12515
-2.00227
0.0509811
1.66027
1.40626
-0.121035
-1.29885
-1.12836
0.0194725
0.994171
0.991682
0.159955
-0.69837
-0.891008
-0.361889
0.380261
0.74846
0.526014
-0.0437695
-0.513578
-0.578568
-0.255274
0.189951
0.459516
0.416479
0.135885
-0.182574
-0.355272
-0.313966
-0.117935
0.105649
0.242282
0.244239
0.137471
-0.00849976
-0.123348
-0.166896
-0.138328
-0.0657181
0.0136455
0.0697826
0.0901703
0.0775931
0.0456183
0.00998078
-0.01896
-0.0325893
-0.0363585
-0.0269806
-0.0176338
-0.00568363
0.00409494
99.9823
100.011
100.06
99.9643
99.8951
100.051
100.156
99.9476
99.7864
100.032
100.274
100.018
99.6705
99.8947
100.365
100.232
99.6417
99.6078
100.282
100.564
99.8928
99.2953
99.8195
100.745
100.566
99.4008
99.0184
100.189
101.287
100.517
98.7276
98.5614
100.688
102.333
100.698
97.25
96.9007
101.919
107.154
102.672
82.282
49.9556
17.871
-2.31283
-7.27802
-2.72736
2.5585
3.44996
0.670314
-2.03447
-2.13227
-0.16439
1.57997
1.54124
0.0955703
-1.20973
-1.24957
-0.197821
0.878229
1.07769
0.369836
-0.544139
-0.91782
-0.543087
0.191308
0.696059
0.64377
0.151809
-0.381252
-0.596672
-0.403501
0.0148122
0.368551
0.458849
0.276764
-0.0309436
-0.276831
-0.343375
-0.229468
-0.024477
0.157219
0.237467
0.201796
0.0901727
-0.0351291
-0.121377
-0.145369
-0.113357
-0.0511386
0.0122831
0.0561676
0.0714449
0.0635003
0.0394044
0.0139244
-0.00826975
-0.0210939
-0.0229657
-0.0236623
-0.0114684
99.9959
99.9701
100.044
100.059
99.9197
99.9044
100.108
100.144
99.8778
99.7956
100.115
100.276
99.9244
99.6487
99.9944
100.414
100.136
99.5592
99.6845
100.397
100.524
99.7547
99.2823
99.9602
100.821
100.454
99.2664
99.0685
100.355
101.325
100.365
98.6
98.6416
100.87
102.366
100.533
97.1039
96.9685
102.117
107.23
102.527
82.0922
49.9531
18.062
-2.15197
-7.33528
-2.93973
2.42841
3.54658
0.890352
-1.92464
-2.24765
-0.387026
1.47366
1.65544
0.319039
-1.08862
-1.34156
-0.417147
0.727135
1.12395
0.570347
-0.357999
-0.895058
-0.696576
-0.0154327
0.591614
0.712928
0.338132
-0.210854
-0.55444
-0.509188
-0.163473
0.230496
0.438949
0.376961
0.124295
-0.153627
-0.311887
-0.295571
-0.146006
0.0421605
0.17828
0.215727
0.160974
0.0565652
-0.0460087
-0.110065
-0.122371
-0.0932654
-0.042421
0.0066331
0.0409888
0.0542156
0.0489479
0.0351279
0.0139075
0.00192283
-0.0123204
-0.013178
100.013
99.9664
99.9788
100.079
100.036
99.8777
99.9381
100.16
100.104
99.8119
99.8336
100.197
100.248
99.8262
99.6577
100.105
100.435
100.022
99.4996
99.7872
100.498
100.453
99.6184
99.2994
100.112
100.873
100.32
99.1442
99.1442
100.523
101.341
100.2
98.4839
98.7409
101.053
102.384
100.357
96.9622
97.0478
102.321
107.302
102.375
81.8982
49.9505
18.257
-1.98393
-7.38715
-3.15562
2.28561
3.63242
1.11478
-1.79553
-2.34633
-0.614414
1.34159
1.74559
0.544891
-0.936854
-1.40015
-0.63141
0.544737
1.12658
0.75169
-0.148122
-0.821806
-0.811449
-0.22634
0.441006
0.725943
0.498088
-0.0177904
-0.454535
-0.559149
-0.323111
0.0625802
0.358555
0.420828
0.258128
-0.00669439
-0.225358
-0.303713
-0.233948
-0.0771651
0.0817771
0.177539
0.186809
0.126648
0.0357608
-0.0458498
-0.0933655
-0.100521
-0.0761878
-0.0381141
0.000835393
0.0255258
0.0392677
0.0360691
0.0277813
0.0165918
0.00131136
100.014
100.001
99.9415
100.008
100.104
99.992
99.8496
99.9935
100.197
100.041
99.7609
99.8991
100.267
100.188
99.7343
99.6996
100.218
100.424
99.8962
99.4691
99.9112
100.578
100.354
99.4911
99.3477
100.268
100.898
100.168
99.0386
99.245
100.69
101.333
100.022
98.3817
98.8592
101.236
102.387
100.17
96.8258
97.1391
102.529
107.37
102.216
81.7
49.9478
18.456
-1.80855
-7.43323
-3.37458
2.12997
3.70641
1.34228
-1.64721
-2.42634
-0.843811
1.18449
1.80875
0.768299
-0.756739
-1.42197
-0.833245
0.336392
1.08343
0.904434
0.0755061
-0.700196
-0.878784
-0.426726
0.254163
0.679812
0.616231
0.179461
-0.306173
-0.546343
-0.443878
-0.113207
0.228501
0.401249
0.348597
0.138263
-0.100324
-0.25312
-0.270605
-0.174219
-0.0280857
0.0988713
0.16341
0.157094
0.100151
0.0253341
-0.0389371
-0.0741694
-0.0803867
-0.0619464
-0.0343945
-0.00660402
0.0151696
0.0221126
0.028957
0.0173127
99.9993
100.032
99.9721
99.9324
100.051
100.108
99.9353
99.8448
100.063
100.209
99.9606
99.7347
99.9863
100.314
100.102
99.6592
99.7735
100.322
100.377
99.7678
99.4722
100.05
100.631
100.229
99.3797
99.4273
100.424
100.893
100.003
98.9538
99.3699
100.851
101.301
99.8349
98.2959
98.996
101.418
102.373
99.9734
96.6957
97.2426
102.742
107.433
102.05
81.4977
49.9449
18.659
-1.62567
-7.47313
-3.59619
1.9614
3.76755
1.57149
-1.47995
-2.48586
-1.07232
1.00352
1.84237
0.984254
-0.551448
-1.4046
-1.01535
0.108756
0.994291
1.0201
0.301655
-0.535403
-0.892423
-0.602008
0.0443547
0.576583
0.680476
0.3613
-0.12429
-0.471056
-0.509994
-0.273234
0.0672432
0.32109
0.38084
0.255702
0.0392076
-0.155033
-0.249626
-0.227948
-0.124768
0.00151007
0.0998123
0.142094
0.129861
0.0806196
0.0215366
-0.0277433
-0.0559529
-0.0599043
-0.0511309
-0.0282264
-0.0128403
0.00603214
0.0128948
99.9858
100.026
100.031
99.9361
99.9457
100.098
100.087
99.8766
99.8684
100.136
100.19
99.8733
99.7403
100.086
100.332
99.9958
99.6106
99.8749
100.408
100.297
99.6465
99.5113
100.195
100.651
100.085
99.2911
99.5366
100.572
100.857
99.8277
98.8936
99.5172
101.002
101.242
99.6407
98.2286
99.1508
101.595
102.34
99.7675
96.5731
97.3587
102.96
107.491
101.877
81.2911
49.9419
18.8661
-1.43512
-7.50645
-3.82002
1.77982
3.81484
1.80099
-1.29412
-2.52314
-1.29693
0.800287
1.84429
1.18766
-0.324932
-1.34664
-1.1707
-0.130468
0.860865
1.09154
0.518431
-0.335378
-0.849425
-0.738775
-0.172799
0.423285
0.683336
0.509023
0.0720176
-0.341008
-0.512301
-0.395551
-0.101828
0.192855
0.349786
0.325004
0.166557
-0.0303816
-0.177327
-0.227899
-0.185846
-0.0886823
0.0154516
0.0898878
0.118819
0.105083
0.0673528
0.0201916
-0.0151205
-0.0391498
-0.0434431
-0.0371018
-0.0278759
-0.0075708
99.9886
99.9918
100.053
100.009
99.9058
99.9823
100.134
100.04
99.8289
99.9206
100.199
100.139
99.7918
99.7807
100.187
100.313
99.8796
99.596
99.9965
100.465
100.187
99.5425
99.5863
100.337
100.635
99.9267
99.2311
99.6726
100.706
100.787
99.6486
98.8614
99.6841
101.139
101.157
99.4424
98.1819
99.3228
101.767
102.29
99.5531
96.459
97.4876
103.181
107.544
101.695
81.0802
49.9389
19.0773
-1.23665
-7.53272
-4.04559
1.58514
3.84721
2.02925
-1.09029
-2.53655
-1.51447
0.57678
1.81277
1.37334
-0.0819103
-1.24771
-1.29271
-0.372674
0.686818
1.11329
0.71375
-0.110572
-0.750347
-0.825661
-0.380332
0.231551
0.622707
0.606608
0.261354
-0.170672
-0.449518
-0.462822
-0.253691
0.0368462
0.260989
0.334149
0.257491
0.0946823
-0.0708925
-0.176409
-0.198123
-0.149361
-0.065479
0.0181707
0.0737197
0.0953133
0.0841732
0.0557183
0.0232079
-0.00753725
-0.019841
-0.033347
-0.0231077
100.003
99.9685
100.017
100.067
99.9686
99.8933
100.036
100.15
99.9738
99.804
99.9957
100.239
100.061
99.7291
99.8541
100.275
100.257
99.7657
99.6201
100.128
100.487
100.055
99.465
99.6943
100.468
100.582
99.7631
99.2048
99.8305
100.82
100.686
99.4712
98.8598
99.8676
101.259
101.045
99.2434
98.1578
99.5108
101.93
102.22
99.3312
96.3543
97.6297
103.407
107.59
101.506
80.8649
49.9356
19.2926
-1.03006
-7.55144
-4.27236
1.37735
3.86361
2.25459
-0.869212
-2.52455
-1.72156
0.335521
1.74656
1.53609
0.172074
-1.10869
-1.37544
-0.608487
0.477885
1.08193
0.875865
0.126334
-0.599576
-0.854285
-0.561016
0.0171222
0.502517
0.642453
0.422046
0.0198533
-0.328931
-0.464872
-0.365103
-0.121481
0.130179
0.282143
0.294575
0.193885
0.0447533
-0.0877631
-0.160776
-0.166556
-0.120025
-0.0514549
0.0127012
0.0565218
0.0704332
0.0675266
0.0435333
0.0248277
0.00150234
-0.0119932
100.014
99.9796
99.9654
100.052
100.06
99.9215
99.9066
100.096
100.137
99.8997
99.8107
100.083
100.248
99.9635
99.6967
99.9538
100.339
100.167
99.6669
99.6835
100.258
100.469
99.9088
99.4219
99.83
100.577
100.491
99.6027
99.2156
100.005
100.907
100.555
99.3016
98.8907
100.064
101.356
100.909
99.0469
98.1579
99.7134
102.083
102.131
99.1029
96.2602
97.7851
103.635
107.631
101.309
80.6452
49.9322
19.512
-0.81517
-7.56212
-4.49971
1.15655
3.86302
2.47522
-0.631941
-2.48584
-1.91475
0.0795783
1.6451
1.67091
0.430726
-0.931839
-1.41399
-0.82812
0.241889
0.996668
0.994196
0.361017
-0.405519
-0.82036
-0.698922
-0.201212
0.333033
0.611244
0.534842
0.206938
-0.166226
-0.401038
-0.418628
-0.255639
-0.0187284
0.180106
0.271659
0.246836
0.142409
0.014848
-0.0871613
-0.138348
-0.135397
-0.0980094
-0.0423993
0.00397768
0.0386926
0.0510798
0.0468586
0.0399966
0.01453
100.009
100.011
99.9528
99.9842
100.084
100.028
99.8812
99.9475
100.149
100.092
99.8321
99.8522
100.168
100.219
99.8607
99.7022
100.069
100.368
100.051
99.5956
99.7827
100.373
100.41
99.7608
99.419
99.9855
100.655
100.367
99.4547
99.2652
100.188
100.962
100.397
99.146
98.955
100.268
101.428
100.748
98.8568
98.1836
99.9288
102.224
102.021
98.8693
96.1779
97.9539
103.866
107.664
101.104
80.4212
49.9285
19.7356
-0.59182
-7.56431
-4.72702
0.922912
3.84451
2.6893
-0.379764
-2.41944
-2.0906
-0.187516
1.50859
1.77321
0.687231
-0.720866
-1.40488
-1.02191
-0.0115807
0.859567
1.06021
0.578541
-0.180179
-0.724411
-0.781134
-0.403465
0.130077
0.515064
0.585714
0.366744
0.0165299
-0.280725
-0.406113
-0.343279
-0.158379
0.0489077
0.195764
0.243867
0.200761
0.105462
0.000825496
-0.075739
-0.112646
-0.108333
-0.0782472
-0.0404416
-0.000120618
0.0177849
0.0382398
0.0293941
99.9959
100.029
99.9886
99.9368
100.022
100.1
99.977
99.8613
100.01
100.179
100.021
99.7857
99.9251
100.237
100.153
99.7675
99.7488
100.185
100.355
99.9198
99.5617
99.9103
100.461
100.312
99.6229
99.4591
100.151
100.697
100.215
99.3281
99.3536
100.372
100.981
100.217
99.0107
99.0529
100.475
101.472
100.565
98.6767
98.236
100.155
102.35
101.891
98.6317
96.1084
98.1364
104.1
107.69
100.891
80.1926
49.9248
19.9634
-0.359808
-7.55755
-4.95369
0.676631
3.8072
2.89498
-0.114141
-2.3246
-2.24572
-0.46187
1.33794
1.83893
0.934474
-0.480751
-1.34619
-1.18076
-0.271617
0.675522
1.06802
0.764361
0.0616329
-0.571891
-0.799022
-0.570391
-0.086506
0.363339
0.56773
0.478432
0.193972
-0.121986
-0.330159
-0.369954
-0.26339
-0.0848819
0.0848047
0.18796
0.208873
0.161429
0.080285
-0.000608141
-0.0606652
-0.0840763
-0.0862111
-0.0599528
-0.0371969
-0.00868031
0.0116848
99.9874
100.017
100.033
99.955
99.9422
100.068
100.089
99.9178
99.8713
100.083
100.176
99.9352
99.7725
100.02
100.274
100.057
99.6991
99.8334
100.288
100.299
99.7885
99.5717
100.055
100.512
100.18
99.5073
99.5419
100.315
100.696
100.042
99.2314
99.4784
100.548
100.96
100.02
98.9014
99.1832
100.679
101.484
100.362
98.5105
98.3159
100.39
102.459
101.741
98.3915
96.0529
98.3327
104.335
107.708
100.669
79.9596
49.9208
20.1955
-0.118882
-7.54133
-5.17909
0.417915
3.7502
3.09034
0.163294
-2.20079
-2.37683
-0.739251
1.13475
1.86459
1.16516
-0.217677
-1.23764
-1.29646
-0.526392
0.452135
1.01478
0.905221
0.303187
-0.372984
-0.749151
-0.685299
-0.294674
0.172095
0.482231
0.526971
0.340982
0.0508205
-0.203959
-0.332027
-0.315239
-0.19405
-0.0365193
0.0953936
0.167491
0.171734
0.130694
0.0632128
0.00393116
-0.0422174
-0.062146
-0.0591171
-0.0536259
-0.0217008
99.9917
99.9896
100.043
100.016
99.9239
99.9725
100.107
100.05
99.8663
99.914
100.15
100.137
99.8505
99.799
100.121
100.271
99.9437
99.6681
99.9474
100.361
100.202
99.6723
99.6279
100.203
100.519
100.026
99.4251
99.6637
100.466
100.65
99.8573
99.1717
99.6354
100.708
100.9
99.8129
98.8234
99.3438
100.876
101.463
100.143
98.3618
98.4237
100.631
102.55
101.571
98.1501
96.0123
98.5427
104.571
107.718
100.438
79.7218
49.9167
20.432
0.131224
-7.51507
-5.40249
0.147029
3.67264
3.27334
0.450673
-2.04777
-2.48066
-1.01504
0.901374
1.84737
1.3719
0.0610117
-1.08074
-1.36202
-0.763533
0.199568
0.901083
0.990023
0.526819
-0.142131
-0.633884
-0.73573
-0.47235
-0.0375067
0.338992
0.5054
0.436422
0.21068
-0.048987
-0.237876
-0.30541
-0.25767
-0.141605
-0.0100552
0.0891275
0.139724
0.138584
0.103034
0.0568166
0.00486366
-0.018952
-0.0467022
-0.0376737
100.004
99.9735
100.011
100.057
99.9791
99.9098
100.022
100.126
99.9884
99.838
99.9837
100.195
100.065
99.7844
99.8647
100.212
100.224
99.8292
99.6822
100.077
100.393
100.075
99.5858
99.727
100.34
100.477
99.8603
99.3853
99.8173
100.592
100.559
99.6723
99.1546
99.8183
100.844
100.799
99.6029
98.7812
99.5314
101.058
101.407
99.9106
98.2344
98.5592
100.875
102.619
101.38
97.909
95.9879
98.7665
104.808
107.719
100.197
79.4794
49.9123
20.6728
0.390745
-7.47818
-5.62309
-0.135635
3.57367
3.44185
0.745822
-1.86563
-2.55406
-1.28423
0.641053
1.78531
1.5474
0.346821
-0.879017
-1.37212
-0.970598
-0.0696433
0.731293
1.01076
0.715061
0.10265
-0.461723
-0.71498
-0.599671
-0.241083
0.155536
0.416351
0.466036
0.332183
0.107768
-0.106232
-0.237286
-0.265072
-0.206548
-0.104439
-0.0019319
0.0755234
0.106559
0.11087
0.0785464
0.0496594
0.0136549
-0.0137564
100.011
99.9832
99.9713
100.043
100.05
99.9354
99.9227
100.079
100.113
99.9179
99.8441
100.067
100.204
99.9711
99.7522
99.9611
100.276
100.137
99.7317
99.7431
100.205
100.377
99.9308
99.5412
99.861
100.45
100.388
99.6986
99.3938
99.9926
100.682
100.428
99.4983
99.1836
100.019
100.947
100.66
99.3984
98.7784
99.7417
101.221
101.316
99.6696
98.1319
98.7221
101.12
102.665
101.17
97.67
95.9807
99.004
105.046
107.711
99.9478
79.2322
49.9077
20.918
0.659881
-7.43009
-5.84005
-0.429561
3.45261
3.59372
1.04628
-1.65493
-2.59418
-1.54153
0.357942
1.67757
1.68479
0.630346
-0.63812
-1.32365
-1.13585
-0.341098
0.513788
0.963574
0.852226
0.341021
-0.247162
-0.623613
-0.661623
-0.414011
-0.044386
0.272537
0.425635
0.396278
0.238082
0.0374777
-0.128062
-0.216867
-0.219652
-0.165865
-0.0791575
-0.00343853
0.0552429
0.0807643
0.0765975
0.0698302
0.0286827
100.008
100.007
99.9605
99.9904
100.07
100.018
99.9003
99.9639
100.126
100.067
99.8564
99.888
100.147
100.17
99.8733
99.7636
100.073
100.297
100.021
99.6681
99.845
100.313
100.312
99.7866
99.5466
100.017
100.521
100.258
99.5555
99.4528
100.177
100.728
100.262
99.3467
99.2595
100.228
101.01
100.486
99.2076
98.8172
99.9693
101.358
101.19
99.4247
98.0575
98.9112
101.362
102.687
100.941
97.4349
95.9917
99.2551
105.282
107.694
99.6888
78.9802
49.9028
21.1676
0.938848
-7.37026
-6.05252
-0.734171
3.30887
3.72682
1.34942
-1.41664
-2.59854
-1.78157
0.0569875
1.52449
1.77801
0.901681
-0.365688
-1.21611
-1.24909
-0.59945
0.260539
0.849418
0.92599
0.552316
-0.00943755
-0.46977
-0.650298
-0.535028
-0.234115
0.0946166
0.322741
0.393261
0.319848
0.165491
-0.00271365
-0.125484
-0.184803
-0.178451
-0.129682
-0.069045
-0.00227487
0.0274088
0.0623341
0.0494078
99.998
100.023
99.9857
99.9504
100.026
100.079
99.9685
99.8892
100.025
100.145
99.9958
99.8215
99.9636
100.203
100.098
99.7914
99.8205
100.181
100.27
99.8942
99.6509
99.9758
100.385
100.202
99.6605
99.6044
100.18
100.542
100.098
99.4452
99.5602
100.356
100.723
100.072
99.2285
99.3807
100.434
101.028
100.285
99.0389
98.8987
100.208
101.464
101.029
99.1807
98.0145
99.1251
101.598
102.682
100.694
97.2055
96.022
99.5197
105.518
107.665
99.4198
78.7232
49.8977
21.4218
1.22792
-7.29811
-6.25964
-1.04886
3.14193
3.83904
1.65241
-1.1521
-2.56505
-1.99897
-0.256172
1.3276
1.82191
1.15072
-0.0710852
-1.05161
-1.30217
-0.82922
-0.0134984
0.674112
0.928455
0.717315
0.229063
-0.268416
-0.566153
-0.588539
-0.38801
-0.0911449
0.174776
0.324538
0.340855
0.251626
0.114227
-0.0167958
-0.111246
-0.144512
-0.144358
-0.0984367
-0.0598958
-0.0123788
0.021157
99.9903
100.018
100.022
99.9565
99.9629
100.066
100.059
99.9166
99.9106
100.091
100.129
99.9157
99.8257
100.056
100.221
99.999
99.7438
99.9157
100.264
100.195
99.7759
99.6861
100.118
100.408
100.06
99.5695
99.7109
100.331
100.508
99.9197
99.3797
99.7092
100.515
100.666
99.8676
99.1529
99.5424
100.627
100.999
100.062
98.9003
99.0223
100.451
101.534
100.837
98.9432
98.0052
99.3619
101.824
102.649
100.431
96.9837
96.0726
99.7974
105.751
107.626
99.1407
78.4612
49.8923
21.6807
1.5274
-7.21299
-6.46049
-1.37295
2.95131
3.92824
1.95225
-0.863055
-2.49198
-2.18833
-0.57522
1.08967
1.81248
1.36743
0.234769
-0.835075
-1.28958
-1.01565
-0.291039
0.448337
0.857216
0.819957
0.444878
-0.0404753
-0.41846
-0.567211
-0.485263
-0.25597
0.00572283
0.205432
0.298461
0.281664
0.198428
0.0806192
-0.0156462
-0.0867517
-0.112307
-0.102085
-0.0883514
-0.0335606
99.9914
99.9973
100.036
99.9993
99.9357
99.9982
100.092
100.013
99.8807
99.9634
100.141
100.075
99.847
99.8726
100.145
100.191
99.8915
99.7433
100.034
100.306
100.082
99.6869
99.7716
100.25
100.376
99.9036
99.5272
99.8562
100.452
100.421
99.7417
99.3675
99.8894
100.641
100.558
99.6639
99.1271
99.7374
100.795
100.92
99.8267
98.7992
99.1858
100.69
101.565
100.616
98.7176
98.0319
99.6192
102.036
102.586
100.152
96.7717
96.1445
100.088
105.982
107.575
98.8512
78.194
49.8866
21.9442
1.83761
-7.11419
-6.65404
-1.70565
2.7366
3.99223
2.24566
-0.551685
-2.37804
-2.34431
-0.893176
0.81478
1.74703
1.54216
0.539657
-0.574256
-1.20895
-1.1456
-0.553484
0.187223
0.71592
0.849087
0.615957
0.189082
-0.224048
-0.474206
-0.511972
-0.375357
-0.156037
0.0596395
0.201655
0.256786
0.228494
0.15318
0.0687758
-0.0161281
-0.0500449
-0.0902678
-0.0661004
99.9996
99.9808
100.02
100.039
99.9643
99.937
100.046
100.091
99.9526
99.876
100.035
100.159
99.9942
99.8096
99.9548
100.209
100.118
99.7984
99.7936
100.153
100.295
99.9484
99.6438
99.8969
100.353
100.29
99.7522
99.5419
100.025
100.529
100.286
99.5813
99.4125
100.087
100.721
100.404
99.4748
99.1554
99.9558
100.927
100.793
99.5894
98.7416
99.3854
100.917
101.553
100.369
98.5098
98.0962
99.8937
102.231
102.494
99.8593
96.5715
96.2385
100.391
106.209
107.512
98.5509
77.9215
49.8805
22.2125
2.15883
-7.00099
-6.83917
-2.046
2.49756
4.02882
2.52909
-0.220743
-2.22256
-2.46176
-1.20242
0.508461
1.62453
1.66602
0.830363
-0.279748
-1.06161
-1.20847
-0.781989
-0.0901652
0.514387
0.800169
0.723395
0.394242
-0.00672994
-0.322387
-0.463939
-0.432672
-0.28045
-0.0885472
0.0764171
0.181355
0.204197
0.186566
0.114685
0.0618533
-0.00257502
-0.0383655
100.007
99.9812
99.9883
100.044
100.02
99.932
99.9658
100.089
100.057
99.8966
99.909
100.107
100.134
99.9067
99.8164
100.055
100.23
100.013
99.7411
99.8881
100.25
100.23
99.8165
99.6569
100.044
100.408
100.159
99.6269
99.6146
100.198
100.55
100.116
99.4556
99.5137
100.284
100.746
100.213
99.3144
99.2389
100.186
101.015
100.621
99.3606
98.7324
99.6157
101.124
101.496
100.103
98.3254
98.199
100.182
102.406
102.37
99.5547
96.3852
96.3555
100.707
106.431
107.436
98.2395
77.6436
49.874
22.4856
2.49132
-6.8727
-7.01472
-2.39292
2.23417
4.03596
2.79883
0.126472
-2.0256
-2.53596
-1.49493
0.177689
1.44592
1.73154
1.09333
0.0351992
-0.852926
-1.19756
-0.958911
-0.362294
0.268754
0.676425
0.754424
0.551357
0.204661
-0.13196
-0.351693
-0.418307
-0.348757
-0.210521
-0.0475553
0.069898
0.148081
0.160844
0.135731
0.104804
0.031535
100.009
99.9965
99.9688
100.013
100.055
99.9815
99.9193
100.016
100.108
99.9979
99.8653
99.9742
100.156
100.07
99.8355
99.8699
100.15
100.2
99.8989
99.7343
100.01
100.306
100.12
99.7099
99.7271
100.192
100.405
100.001
99.5462
99.739
100.354
100.51
99.9261
99.3791
99.6641
100.465
100.711
99.9993
99.1957
99.3749
100.414
101.051
100.412
99.1515
98.7748
99.8698
101.303
101.392
99.8232
98.1701
98.3406
100.48
102.556
102.214
99.2404
96.2153
96.4963
101.033
106.648
107.347
97.9168
77.3602
49.8671
22.7636
2.83538
-6.72862
-7.17954
-2.74525
1.94651
4.01172
3.05109
0.486207
-1.78796
-2.56279
-1.76253
-0.16933
1.21417
1.73309
1.31533
0.35544
-0.592294
-1.11068
-1.06943
-0.607176
0.000316518
0.488134
0.705461
0.64066
0.383471
0.0693763
-0.194547
-0.334736
-0.356425
-0.276828
-0.156332
-0.0376435
0.0642985
0.0961989
0.134624
0.0867576
100.003
100.013
99.9752
99.9748
100.045
100.041
99.9394
99.9367
100.07
100.092
99.9299
99.8725
100.055
100.165
99.9807
99.8015
99.9601
100.215
100.122
99.7998
99.7828
100.137
100.305
99.9834
99.649
99.8456
100.315
100.341
99.8356
99.5236
99.9016
100.473
100.41
99.7374
99.3622
99.8518
100.611
100.617
99.7773
99.1295
99.5571
100.625
101.03
100.174
98.9728
98.8697
100.139
101.446
101.244
99.5356
98.0493
98.5204
100.784
102.677
102.027
98.9186
96.064
96.6617
101.371
106.859
107.243
97.5824
77.0712
49.8598
23.0466
3.19138
-6.56799
-7.3324
-3.10174
1.63482
3.95423
3.28192
0.854249
-1.51115
-2.53875
-1.99701
-0.523258
0.934282
1.66714
1.484
0.66448
-0.293008
-0.95037
-1.1031
-0.80323
-0.266927
0.253456
0.581281
0.649959
0.507733
0.24854
-0.0134818
-0.205411
-0.297685
-0.283735
-0.225804
-0.111422
-0.0409704
0.0445228
0.0712803
99.9956
100.019
99.9999
99.9586
100.001
100.065
100.004
99.9124
99.9827
100.109
100.042
99.8763
99.9207
100.127
100.128
99.8894
99.817
100.066
100.233
100.011
99.7396
99.8797
100.242
100.245
99.8435
99.6472
99.9947
100.393
100.223
99.6879
99.565
100.083
100.54
100.26
99.5703
99.4095
100.06
100.709
100.468
99.5643
99.1232
99.7755
100.807
100.951
99.9173
98.8348
99.0159
100.414
101.547
101.052
99.2479
97.9677
98.7372
101.088
102.767
101.808
98.5921
95.9335
96.8522
101.719
107.062
107.125
97.2357
76.7762
49.8521
23.3348
3.55971
-6.38997
-7.47196
-3.46101
1.29946
3.86173
3.48729
1.22589
-1.19752
-2.46113
-2.19027
-0.873769
0.613482
1.53268
1.58867
0.945028
0.028426
-0.724816
-1.05482
-0.931915
-0.508255
-0.00222779
0.393723
0.58129
0.557514
0.382593
0.158743
-0.0564027
-0.182254
-0.248673
-0.222754
-0.169023
-0.104845
-0.0120328
99.992
100.01
100.022
99.9745
99.9609
100.038
100.06
99.9549
99.9155
100.043
100.113
99.9711
99.8571
99.9983
100.168
100.051
99.8219
99.8817
100.162
100.195
99.8925
99.7342
100.006
100.303
100.136
99.7271
99.7077
100.15
100.41
100.067
99.5803
99.6676
100.259
100.542
100.075
99.4445
99.5191
100.27
100.745
100.274
99.3777
99.1804
100.017
100.946
100.815
99.6551
98.7463
99.2099
100.685
101.598
100.82
98.968
97.9298
98.9887
101.387
102.822
101.558
98.2636
95.8263
97.0685
102.076
107.257
106.991
96.8766
76.4753
49.8438
23.6282
3.94076
-6.19365
-7.59678
-3.8215
0.940994
3.73254
3.66299
1.5959
-0.850303
-2.32807
-2.33457
-1.20967
0.261048
1.33151
1.6209
1.18
0.353105
-0.447816
-0.924775
-0.981123
-0.698117
-0.253251
0.165946
0.443712
0.525059
0.457724
0.28392
0.100399
-0.0563778
-0.16003
-0.174069
-0.192718
-0.103685
99.9945
99.9946
100.027
100.007
99.9524
99.9866
100.067
100.026
99.9153
99.9527
100.096
100.078
99.9022
99.8826
100.083
100.161
99.9544
99.7991
99.9812
100.222
100.109
99.7933
99.7878
100.137
100.303
99.9958
99.6575
99.8223
100.285
100.362
99.8956
99.5307
99.8196
100.407
100.477
99.8745
99.376
99.6822
100.461
100.715
100.051
99.234
99.2998
100.266
101.03
100.627
99.401
98.7143
99.4459
100.94
101.596
100.553
98.704
97.939
99.2718
101.675
102.839
101.278
97.9363
95.7448
97.3109
102.442
107.442
106.84
96.5044
76.168
49.8349
23.9269
4.33488
-5.97814
-7.7053
-4.18143
0.5603
3.56526
3.80476
1.95848
-0.473756
-2.13893
-2.42277
-1.51908
-0.11162
1.06886
1.57492
1.35399
0.659443
-0.13713
-0.721455
-0.943998
-0.815516
-0.473291
-0.0696897
0.249539
0.426864
0.451189
0.355346
0.224956
0.0548437
-0.0284985
-0.130483
-0.123343
100.001
99.9848
100.012
100.032
99.978
99.9494
100.027
100.072
99.9745
99.9039
100.014
100.12
100.012
99.8601
99.9481
100.148
100.106
99.8651
99.8305
100.091
100.228
99.9916
99.7386
99.8911
100.243
100.242
99.8519
99.6502
99.9725
100.376
100.253
99.7352
99.5489
100.001
100.506
100.349
99.683
99.3752
99.8838
100.612
100.618
99.8156
99.147
99.4755
100.506
101.052
100.395
99.1693
98.7435
99.7154
101.167
101.538
100.258
98.4645
97.998
99.5824
101.947
102.814
100.971
97.6137
95.6912
97.5797
102.815
107.616
106.671
96.1189
75.8543
49.8254
24.231
4.74247
-5.74253
-7.79593
-4.53888
0.158509
3.35873
3.90845
2.30742
-0.0731525
-1.89448
-2.4487
-1.79017
-0.491027
0.753008
1.44928
1.4538
0.925904
0.185688
-0.461623
-0.819463
-0.851662
-0.631008
-0.290055
0.0336609
0.276359
0.366195
0.376734
0.270065
0.172551
0.0567409
-0.0422466
100.006
99.9863
99.9904
100.032
100.016
99.9503
99.9725
100.065
100.045
99.9254
99.9295
100.076
100.102
99.9352
99.8618
100.035
100.171
100.017
99.81
99.9102
100.181
100.176
99.8723
99.7435
100.022
100.299
100.128
99.7332
99.7091
100.132
100.403
100.1
99.6121
99.635
100.188
100.539
100.174
99.5241
99.4451
100.104
100.707
100.461
99.5889
99.1266
99.6968
100.718
101.007
100.132
98.974
98.8358
100.008
101.358
101.422
99.9418
98.2579
98.1084
99.9156
102.197
102.747
100.637
97.2994
95.6681
97.8752
103.195
107.778
106.485
95.7195
75.534
49.8151
24.5406
5.16394
-5.48587
-7.86702
-4.89181
-0.263037
3.11211
3.96997
2.6362
0.345234
-1.59678
-2.40755
-2.01127
-0.862338
0.395288
1.24706
1.46876
1.13412
0.493616
-0.163196
-0.62106
-0.799061
-0.708167
-0.470403
-0.162288
0.0790046
0.250683
0.309307
0.275011
0.238827
0.0939172
100.006
99.9968
99.9774
100.011
100.04
99.9841
99.9414
100.015
100.079
99.9942
99.9008
99.9862
100.116
100.046
99.8758
99.9102
100.116
100.142
99.9175
99.8074
100.018
100.226
100.077
99.7808
99.8095
100.152
100.292
99.9846
99.665
99.8254
100.271
100.361
99.9256
99.5475
99.7785
100.353
100.5
99.9721
99.4188
99.5806
100.319
100.732
100.254
99.3916
99.1777
99.9487
100.887
100.895
99.8507
98.828
98.99
100.312
101.5
101.25
99.6145
98.0921
98.2708
100.265
102.418
102.635
100.279
96.9972
95.6776
98.1973
103.58
107.926
106.279
95.3057
75.2068
49.8042
24.856
5.59978
-5.20713
-7.91678
-5.23796
-0.702683
2.8248
3.98534
2.93792
0.774088
-1.24941
-2.2962
-2.17094
-1.21023
0.011407
0.974315
1.39524
1.26547
0.7617
0.148651
-0.371552
-0.654946
-0.709197
-0.566944
-0.334034
-0.10485
0.10749
0.177244
0.266894
0.183511
100.003
100.008
99.9803
99.9852
100.035
100.025
99.9514
99.9608
100.058
100.06
99.939
99.9144
100.054
100.115
99.9684
99.8563
99.9916
100.163
100.067
99.8394
99.8607
100.124
100.211
99.9553
99.7414
99.9228
100.25
100.22
99.8411
99.6631
99.9781
100.363
100.254
99.7601
99.5542
99.9591
100.47
100.391
99.7686
99.3825
99.7684
100.505
100.684
100.017
99.2432
99.2993
100.213
100.997
100.718
99.5691
98.7424
99.2014
100.613
101.585
101.023
99.2862
97.9746
98.4841
100.625
102.604
102.476
99.9007
96.7112
95.7222
98.5461
103.968
108.059
106.053
94.877
74.8724
49.7924
25.1772
6.0505
-4.90516
-7.94328
-5.5749
-1.15848
2.49654
3.95085
3.20529
1.20536
-0.857983
-2.11289
-2.25983
-1.51798
-0.381359
0.642654
1.23541
1.30423
0.972082
0.436301
-0.0842707
-0.450679
-0.62085
-0.578794
-0.458435
-0.225461
-0.0827591
0.0890689
0.148097
99.998
100.013
99.9952
99.9712
100.009
100.045
99.9907
99.9371
100.003
100.081
100.011
99.9039
99.9643
100.105
100.071
99.898
99.8861
100.08
100.159
99.9684
99.8074
99.9563
100.199
100.139
99.8422
99.7661
100.057
100.293
100.098
99.7286
99.7301
100.138
100.389
100.1
99.6323
99.6336
100.15
100.52
100.225
99.5909
99.4224
99.9881
100.64
100.562
99.7722
99.1596
99.4843
100.468
101.037
100.488
99.3046
98.7253
99.4622
100.897
101.607
100.749
98.9681
97.9122
98.7461
100.987
102.75
102.271
99.5055
96.4457
95.8038
98.9211
104.358
108.175
105.805
94.4326
74.5305
49.7796
25.5043
6.51662
-4.57877
-7.94447
-5.89982
-1.62814
2.12757
3.86283
3.43101
1.62966
-0.429578
-1.85819
-2.2702
-1.76818
-0.765402
0.272127
0.990809
1.25041
1.09694
0.678145
0.206735
-0.215318
-0.438641
-0.541787
-0.462647
-0.339616
-0.200335
-0.012881
99.9948
100.01
100.011
99.9762
99.9805
100.036
100.031
99.9542
99.9526
100.05
100.069
99.953
99.9067
100.032
100.119
99.997
99.8615
99.9574
100.144
100.102
99.8769
99.8334
100.067
100.218
100.028
99.7685
99.8505
100.18
100.267
99.9514
99.673
99.8541
100.273
100.341
99.9244
99.5658
99.7747
100.321
100.494
100.024
99.4643
99.5363
100.214
100.706
100.378
99.5431
99.1517
99.7192
100.693
101.002
100.216
99.075
98.7815
99.761
101.149
101.56
100.435
98.6721
97.9102
99.0528
101.344
102.849
102.019
99.0977
96.2051
95.9246
99.3218
104.748
108.273
105.535
93.9721
74.1807
49.7657
25.8376
6.99865
-4.22678
-7.91811
-6.20975
-2.10883
1.71867
3.71814
3.60773
2.03633
0.0274038
-1.53676
-2.19439
-1.94827
-1.11616
-0.119571
0.677703
1.10547
1.11725
0.862764
0.442877
0.0588983
-0.24084
-0.409589
-0.401722
-0.406778
-0.202165
99.995
100.001
100.019
99.9947
99.9666
100.007
100.049
99.9963
99.9357
99.994
100.079
100.024
99.9106
99.949
100.091
100.086
99.9212
99.8744
100.046
100.16
100.011
99.8226
99.9111
100.16
100.176
99.9067
99.7553
99.9743
100.26
100.177
99.8145
99.6881
100.01
100.355
100.228
99.7606
99.5743
99.9556
100.443
100.393
99.8155
99.408
99.7122
100.419
100.693
100.149
99.3544
99.2235
99.9855
100.869
100.889
99.9203
98.8973
98.9116
100.084
101.354
101.443
100.09
98.41
97.9726
99.3989
101.685
102.896
101.721
98.682
95.9941
96.0865
99.7475
105.137
108.35
105.242
93.4947
73.8228
49.7506
26.177
7.49714
-3.84791
-7.86189
-6.50151
-2.59724
1.27089
3.51459
3.72745
2.41538
0.500864
-1.15343
-2.03072
-2.0449
-1.41063
-0.513575
0.326352
0.861307
1.05393
0.938882
0.631849
0.307407
-0.0447006
-0.184978
-0.363818
-0.28963
99.998
99.9926
100.015
100.014
99.9735
99.9772
100.036
100.035
99.9575
99.9479
100.043
100.073
99.9651
99.9047
100.015
100.116
100.019
99.8729
99.9338
100.12
100.123
99.9141
99.8244
100.017
100.206
100.082
99.8107
99.8077
100.106
100.276
100.045
99.719
99.7721
100.165
100.366
100.069
99.6393
99.6585
100.146
100.496
100.23
99.6308
99.4324
99.929
100.577
100.599
99.8986
99.2272
99.3717
100.26
100.977
100.705
99.6209
98.7861
99.1118
100.413
101.5
101.256
99.7282
98.1938
98.1019
99.7772
102.003
102.886
101.379
98.2639
95.8173
96.2912
100.197
105.522
108.406
104.923
92.9997
73.4562
49.7342
26.5228
8.01264
-3.44074
-7.77349
-6.77136
-3.08994
0.786624
3.24982
3.78335
2.755
0.97729
-0.715641
-1.78388
-2.04076
-1.63891
-0.868046
-0.0561578
0.555789
0.896297
0.899701
0.770822
0.442127
0.216923
-0.0479522
-0.187858
100.002
99.9895
100.003
100.023
99.9941
99.9638
100.005
100.05
100
99.9363
99.9879
100.075
100.032
99.9186
99.9402
100.078
100.094
99.9417
99.8721
100.019
100.153
100.042
99.8451
99.883
100.119
100.19
99.9636
99.7674
99.9124
100.21
100.223
99.9009
99.6884
99.9076
100.286
100.302
99.8948
99.5849
99.8049
100.314
100.469
100.029
99.498
99.5367
100.159
100.665
100.432
99.6539
99.1777
99.5849
100.519
101.005
100.459
99.3397
98.7526
99.3735
100.732
101.574
101.004
99.3623
98.0345
98.2982
100.179
102.286
102.817
100.996
97.8494
95.6798
96.5404
100.67
105.901
108.437
104.579
92.4863
73.0806
49.7163
26.8753
8.54593
-3.00385
-7.65013
-7.0156
-3.58281
0.268703
2.92205
3.77022
3.04081
1.44639
-0.241928
-1.45095
-1.93981
-1.77428
-1.16243
-0.442778
0.234148
0.6199
0.821171
0.746305
0.569219
0.380201
0.0702478
100.004
99.9924
99.9912
100.019
100.015
99.9715
99.9758
100.036
100.037
99.9603
99.9465
100.037
100.073
99.974
99.9069
100.003
100.109
100.033
99.8866
99.9205
100.098
100.131
99.9457
99.8281
99.98
100.183
100.116
99.856
99.7902
100.041
100.259
100.113
99.781
99.7312
100.064
100.345
100.174
99.7411
99.6095
99.9879
100.429
100.363
99.8219
99.4389
99.7084
100.371
100.67
100.211
99.4434
99.2144
99.8444
100.735
100.947
100.17
99.0989
98.8033
99.6834
101.02
101.57
100.695
99.0082
97.9419
98.5595
100.595
102.526
102.683
100.576
97.445
95.5862
96.8351
101.164
106.272
108.441
104.206
91.9534
72.6954
49.6966
27.2343
9.09766
-2.53571
-7.48864
-7.23028
-4.07007
-0.280817
2.53299
3.67855
3.26428
1.88771
0.25596
-1.04165
-1.74558
-1.78745
-1.40202
-0.753934
-0.141794
0.334047
0.628846
0.62899
0.662953
0.351368
100.004
99.9988
99.9855
100.005
100.025
99.9928
99.9627
100.005
100.05
100.001
99.9383
99.9854
100.071
100.035
99.9261
99.9371
100.066
100.094
99.9574
99.8762
99.9999
100.14
100.061
99.8689
99.8697
100.083
100.189
100.007
99.7918
99.8731
100.158
100.239
99.974
99.7158
99.838
100.206
100.328
100.01
99.6395
99.7097
100.174
100.468
100.196
99.641
99.4648
99.9243
100.535
100.588
99.9595
99.2931
99.3369
100.125
100.888
100.804
99.8582
98.9191
98.9391
100.024
101.259
101.482
100.34
98.6821
97.9244
98.8816
101.012
102.713
102.485
100.124
97.0578
95.5414
97.1766
101.677
106.63
108.417
103.804
91.4002
72.3002
49.6749
27.6004
9.66816
-2.03437
-7.28692
-7.40979
-4.54748
-0.855377
2.08257
3.50421
3.41465
2.27795
0.769661
-0.592066
-1.43235
-1.71387
-1.51221
-1.01057
-0.493229
0.0691177
0.293149
0.579344
0.469935
100.002
100.005
99.9879
99.9912
100.022
100.015
99.97
99.9765
100.036
100.036
99.9619
99.9481
100.034
100.07
99.9792
99.9117
99.9965
100.101
100.04
99.8996
99.9156
100.079
100.13
99.9692
99.8392
99.9557
100.158
100.134
99.8965
99.7909
99.9922
100.229
100.154
99.8433
99.7224
99.9833
100.299
100.238
99.8439
99.6121
99.867
100.328
100.423
99.9938
99.5176
99.5739
100.153
100.626
100.428
99.7097
99.2231
99.5348
100.4
100.958
100.585
99.5501
98.8177
99.155
100.375
101.431
101.31
99.9548
98.4005
97.9877
99.2572
101.418
102.837
102.22
99.6447
96.6954
95.5503
97.5653
102.208
106.975
108.361
103.37
90.8255
71.8939
49.651
27.9735
10.2589
-1.49818
-7.04103
-7.54956
-5.00983
-1.4483
1.56859
3.25141
3.46877
2.61936
1.2536
-0.0916076
-1.04301
-1.53636
-1.47976
-1.23548
-0.682177
-0.317342
0.109027
0.32403
99.9992
100.008
99.9957
99.9834
100.008
100.026
99.9906
99.9631
100.007
100.048
100
99.9411
99.9861
100.067
100.035
99.9323
99.9388
100.058
100.091
99.9677
99.884
99.9889
100.127
100.07
99.8901
99.8675
100.056
100.178
100.036
99.8202
99.8536
100.112
100.235
100.028
99.7555
99.7997
100.131
100.321
100.094
99.7128
99.6657
100.05
100.418
100.301
99.7927
99.4737
99.7508
100.361
100.629
100.208
99.4933
99.2449
99.7885
100.637
100.935
100.307
99.2722
98.807
99.4392
100.712
101.521
101.059
99.5564
98.1796
98.1351
99.6766
101.8
102.892
101.89
99.147
96.3662
95.6174
98.0013
102.752
107.302
108.271
102.904
90.2283
71.4761
49.6241
28.3533
10.8703
-0.925912
-6.74553
-7.64563
-5.4442
-2.05954
1.00495
2.90263
3.42953
2.87741
1.69059
0.445488
-0.629154
-1.18345
-1.42251
-1.23022
-0.902551
-0.569566
-0.0744485
99.9974
100.007
100.004
99.9845
99.9928
100.024
100.012
99.9688
99.9793
100.036
100.033
99.9625
99.9521
100.033
100.065
99.9809
99.9181
99.9948
100.092
100.04
99.9107
99.9175
100.066
100.123
99.9839
99.8536
99.9432
100.134
100.138
99.9279
99.8028
99.9602
100.196
100.172
99.8961
99.7347
99.9275
100.245
100.266
99.9308
99.6463
99.7897
100.222
100.427
100.124
99.6285
99.5187
99.9684
100.515
100.541
99.9571
99.34
99.3593
100.071
100.81
100.817
99.9934
99.0509
98.8927
99.774
101.011
101.519
100.738
99.1649
98.0341
98.3667
100.128
102.142
102.868
101.498
98.639
96.0787
95.7474
98.4848
103.308
107.606
108.144
102.403
89.607
71.0469
49.5943
28.7414
11.5014
-0.314048
-6.40231
-7.68812
-5.84941
-2.67227
0.395484
2.46171
3.3013
3.00601
2.10445
0.897439
-0.105665
-0.830278
-1.19232
-1.11201
-1.07959
-0.52999
99.9969
100.003
100.01
99.9923
99.9833
100.011
100.025
99.9875
99.9653
100.01
100.045
99.997
99.9448
99.9897
100.062
100.03
99.9371
99.9441
100.053
100.083
99.9727
99.8939
99.9852
100.113
100.07
99.9067
99.8733
100.038
100.163
100.051
99.847
99.8493
100.077
100.219
100.061
99.7967
99.7864
100.072
100.294
100.147
99.7857
99.6601
99.9575
100.347
100.352
99.924
99.5318
99.6464
100.191
100.589
100.373
99.7107
99.2725
99.555
100.349
100.897
100.613
99.6737
98.909
99.0726
100.136
101.249
101.418
100.361
98.8021
97.9763
98.6783
100.596
102.431
102.76
101.047
98.1301
95.8413
95.9442
99.015
103.873
107.886
107.976
101.864
88.9596
70.603
49.5614
29.1369
12.1574
0.339682
-6.00289
-7.67154
-6.22206
-3.27221
-0.276581
1.96473
3.02546
3.07347
2.38575
1.34431
0.416957
-0.479495
-0.750146
-1.13912
-0.824113
99.9979
99.9983
100.01
100.002
99.9825
99.996
100.025
100.008
99.9684
99.9842
100.036
100.027
99.9623
99.9583
100.033
100.058
99.9797
99.9258
99.9972
100.084
100.036
99.9194
99.9243
100.057
100.112
99.9908
99.8687
99.9406
100.115
100.132
99.9491
99.8202
99.9437
100.165
100.174
99.9351
99.758
99.8957
100.194
100.267
99.9942
99.6942
99.7512
100.132
100.397
100.207
99.7404
99.5219
99.8356
100.382
100.57
100.148
99.5043
99.3027
99.8095
100.589
100.884
100.341
99.3795
98.8639
99.3361
100.498
101.403
101.221
99.948
98.4905
98.0159
99.0622
101.062
102.651
102.565
100.544
97.6324
95.6637
96.2109
99.5893
104.44
108.135
107.764
101.287
88.2854
70.1449
49.5222
29.5366
12.8358
1.0326
-5.53415
-7.59637
-6.52154
-3.87485
-0.952214
1.35551
2.64688
3.00204
2.50846
1.80125
0.750634
0.14935
-0.532143
-0.720854
99.9996
99.9954
100.006
100.009
99.989
99.9851
100.015
100.022
99.9839
99.9692
100.014
100.041
99.9922
99.9496
99.9955
100.058
100.023
99.9409
99.9525
100.05
100.074
99.9734
99.9049
99.9872
100.102
100.064
99.9184
99.8843
100.028
100.146
100.055
99.8692
99.8559
100.053
100.198
100.077
99.8325
99.7907
100.031
100.26
100.171
99.8467
99.6786
99.8982
100.274
100.361
100.021
99.6099
99.6017
100.053
100.507
100.458
99.8998
99.3695
99.4295
100.091
100.759
100.769
100.026
99.142
98.9249
99.6648
100.83
101.459
100.932
99.5228
98.2514
98.1583
99.507
101.509
102.788
102.279
99.9983
97.1577
95.5562
96.5528
100.207
105.005
108.348
107.502
100.666
87.5821
69.6758
49.4791
29.9507
13.5305
1.77604
-5.02037
-7.44019
-6.77489
-4.43364
-1.62764
0.666202
2.23797
2.69011
2.66075
1.90515
1.2244
0.482777
-0.209368
100.001
99.9948
100.001
100.011
99.9986
99.982
100
100.025
100.003
99.9691
99.9906
100.036
100.02
99.9622
99.9666
100.035
100.05
99.9765
99.9346
100.003
100.076
100.028
99.9262
99.9348
100.053
100.1
99.9912
99.8831
99.9456
100.1
100.121
99.9606
99.8395
99.9398
100.14
100.165
99.9595
99.785
99.8837
100.153
100.252
100.033
99.7427
99.7424
100.065
100.351
100.248
99.8343
99.5595
99.7565
100.258
100.542
100.271
99.6681
99.3287
99.6372
100.362
100.835
100.562
99.7045
98.989
99.0908
100.032
101.103
101.404
100.569
99.112
98.1035
98.4028
99.9958
101.917
102.832
101.906
99.4197
96.7176
95.5251
96.9702
100.867
105.566
108.522
107.188
99.9956
86.8439
69.1809
49.4319
30.3694
14.2646
2.57293
-4.42638
-7.19476
-6.98315
-4.91989
-2.39823
0.0188245
1.57616
2.43132
2.53631
2.04009
1.65952
0.587712
100.002
99.9963
99.996
100.009
100.007
99.9864
99.9888
100.017
100.017
99.9807
99.975
100.018
100.034
99.9866
99.9557
100.003
100.052
100.014
99.9447
99.9632
100.049
100.062
99.9712
99.9168
99.9935
100.091
100.054
99.926
99.8987
100.026
100.129
100.05
99.8862
99.8695
100.041
100.175
100.079
99.8604
99.8061
100.008
100.225
100.175
99.8912
99.7092
99.8686
100.212
100.344
100.082
99.6871
99.6
99.9563
100.412
100.481
100.039
99.4914
99.391
99.8977
100.585
100.804
100.284
99.4123
98.9417
99.3506
100.403
101.288
101.237
100.153
98.7459
98.0646
98.7444
100.506
102.261
102.769
101.45
98.8256
96.3308
95.5816
97.4621
101.557
106.11
108.651
106.82
99.2869
86.0752
68.6712
49.3677
30.7805
15.0144
3.39651
-3.72392
-6.88761
-6.99817
-5.40409
-3.00741
-0.776145
0.886903
1.97488
2.06032
2.25693
1.3552
100.002
99.9989
99.9937
100.004
100.011
99.9947
99.9836
100.005
100.022
99.9969
99.9716
99.9979
100.034
100.011
99.963
99.9764
100.036
100.039
99.9726
99.9449
100.01
100.067
100.018
99.9321
99.9481
100.051
100.085
99.987
99.8971
99.956
100.09
100.104
99.9644
99.8591
99.9456
100.121
100.148
99.9712
99.8117
99.887
100.123
100.228
100.051
99.7848
99.7539
100.024
100.302
100.256
99.9019
99.6117
99.7231
100.161
100.485
100.332
99.8033
99.3997
99.5486
100.173
100.726
100.666
99.9674
99.1847
99.0101
99.683
100.746
101.364
100.963
99.7095
98.4512
98.1456
99.1745
101.019
102.521
102.591
100.912
98.2263
96.012
95.7397
98.0394
102.282
106.63
108.716
106.377
98.5177
85.2691
68.1598
49.3046
31.2368
15.7665
4.30473
-3.03252
-6.45368
-7.01905
-5.76364
-3.55192
-1.58589
0.455211
1.15732
2.12217
1.66489
100.001
100.001
99.9941
99.9983
100.01
100.003
99.9851
99.994
100.019
100.011
99.9787
99.9824
100.022
100.026
99.9815
99.9636
100.01
100.046
100.004
99.9493
99.9754
100.048
100.049
99.9676
99.9298
100.002
100.081
100.04
99.931
99.9155
100.028
100.112
100.039
99.8988
99.8878
100.037
100.153
100.07
99.8801
99.8278
99.9993
100.194
100.163
99.9187
99.7435
99.8626
100.166
100.312
100.11
99.7511
99.6246
99.9012
100.328
100.462
100.125
99.6061
99.4102
99.7766
100.421
100.762
100.438
99.654
99.0527
99.1896
100.053
101.024
101.32
100.602
99.2742
98.2529
98.3457
99.6697
101.504
102.682
102.303
100.311
97.6394
95.7664
95.9936
98.6915
103.039
107.136
108.734
105.874
97.6757
84.4078
67.577
49.2322
31.6647
16.6134
5.28232
-2.15899
-5.86081
-6.95783
-5.92122
-4.37456
-2.11838
-0.683148
0.76235
1.43736
100
100.003
99.9964
99.9947
100.007
100.009
99.9912
99.9872
100.01
100.018
99.9912
99.9762
100.005
100.03
100.002
99.9657
99.987
100.035
100.027
99.9694
99.9567
100.017
100.057
100.006
99.9385
99.9631
100.051
100.069
99.9803
99.9113
99.97
100.082
100.085
99.963
99.8787
99.958
100.107
100.126
99.9732
99.8367
99.9009
100.105
100.2
100.052
99.8181
99.7778
100.004
100.257
100.242
99.9433
99.6656
99.723
100.095
100.42
100.347
99.8993
99.4853
99.5242
100.039
100.6
100.684
100.148
99.3868
99.0401
99.4671
100.422
101.199
101.147
100.178
98.8873
98.1811
98.667
100.204
101.924
102.715
101.898
99.6685
97.1034
95.6298
96.3585
99.4026
103.792
107.579
108.687
105.304
96.8237
83.5224
67.0107
49.1098
32.0564
17.4069
6.19577
-1.14675
-5.29945
-6.3805
-6.13674
-4.39366
-2.84827
-1.25327
0.180174
99.9995
100.003
99.9992
99.9935
100.002
100.01
99.9987
99.986
99.9998
100.018
100.004
99.9788
99.9908
100.023
100.017
99.978
99.9732
100.017
100.037
99.9944
99.9557
99.9882
100.045
100.034
99.9642
99.9442
100.012
100.07
100.025
99.9353
99.9342
100.033
100.095
100.024
99.9087
99.9093
100.039
100.131
100.054
99.8932
99.8537
100.002
100.168
100.141
99.9316
99.7778
99.8744
100.136
100.274
100.113
99.7978
99.6639
99.882
100.262
100.421
100.163
99.6973
99.4624
99.7212
100.293
100.681
100.501
99.8347
99.1999
99.1502
99.8147
100.754
101.254
100.855
99.7203
98.5748
98.2459
99.1026
100.761
102.262
102.607
101.368
98.9792
96.6183
95.6182
96.8642
100.219
104.566
107.969
108.512
104.601
95.8452
82.5755
66.4613
49.0319
32.6306
18.2119
7.3811
-0.35462
-4.46492
-6.26752
-6.15611
-4.704
-3.64539
-1.0886
99.999
100.002
100.002
99.9947
99.9972
100.008
100.005
99.9893
99.9923
100.012
100.012
99.9872
99.9826
100.011
100.024
99.994
99.9707
99.9973
100.033
100.015
99.9682
99.9695
100.023
100.045
99.9948
99.9463
99.9786
100.05
100.051
99.9732
99.926
99.9853
100.074
100.065
99.9591
99.8982
99.9741
100.097
100.102
99.969
99.8596
99.9212
100.094
100.17
100.041
99.8424
99.8083
100.001
100.221
100.215
99.9617
99.7129
99.7447
100.06
100.36
100.33
99.9543
99.5641
99.542
99.9615
100.488
100.65
100.246
99.552
99.1252
99.3677
100.182
100.999
101.179
100.481
99.2828
98.3726
98.4397
99.607
101.289
102.495
102.378
100.764
98.2896
96.2009
95.6965
97.4556
101.081
105.367
108.355
108.323
103.86
94.7624
81.5284
65.6615
48.8894
32.9327
19.2557
8.52526
1.07957
-3.28819
-5.57867
-5.44755
-5.51232
-3.35896
99.999
100.001
100.003
99.997
99.9949
100.004
100.008
99.9948
99.989
100.005
100.015
99.9971
99.9816
99.9989
100.021
100.008
99.9773
99.9838
100.021
100.026
99.9866
99.9645
100
100.04
100.019
99.9633
99.9599
100.02
100.057
100.009
99.9411
99.954
100.038
100.077
100.008
99.9188
99.9329
100.043
100.109
100.035
99.9037
99.8823
100.012
100.144
100.113
99.9356
99.8118
99.8975
100.118
100.233
100.098
99.8305
99.7104
99.8878
100.214
100.367
100.166
99.7636
99.5292
99.7139
100.203
100.587
100.502
99.9519
99.3453
99.1875
99.6788
100.524
101.115
100.956
100.043
98.915
98.332
98.7874
100.162
101.73
102.551
101.978
100.088
97.6659
95.9515
95.965
98.1681
101.938
106.058
108.551
108.015
103.015
93.8095
80.5145
65.1387
48.6437
33.3065
19.9012
9.3079
2.23928
-2.86611
-4.09524
-5.67923
-3.68808
99.9992
100
100.003
99.9995
99.9945
100
100.008
100
99.9895
99.998
100.013
100.005
99.9857
99.9903
100.014
100.016
99.9881
99.978
100.006
100.028
100.004
99.9699
99.9829
100.027
100.032
99.9853
99.9562
99.9936
100.046
100.033
99.9673
99.9422
100.001
100.066
100.043
99.9546
99.9188
99.9924
100.087
100.075
99.9608
99.8821
99.9468
100.089
100.139
100.022
99.8603
99.8442
100.012
100.191
100.177
99.9605
99.7534
99.7836
100.052
100.309
100.288
99.9713
99.6294
99.5913
99.9379
100.404
100.582
100.269
99.6638
99.2347
99.3664
100.042
100.814
101.104
100.616
99.5741
98.6229
98.4336
99.2649
100.764
102.108
102.46
101.413
99.2985
97.0314
95.8051
96.4276
99.0916
102.984
106.789
108.699
107.412
101.899
92.3984
79.3211
64.4474
48.6008
34.2006
20.9108
11.3143
3.05829
-0.972948
-4.55804
-5.14809
99.9996
99.9991
100.002
100.002
99.9957
99.9974
100.006
100.004
99.9927
99.9934
100.008
100.01
99.9927
99.9866
100.005
100.017
99.9994
99.9798
99.9936
100.021
100.015
99.9823
99.9747
100.009
100.033
100.006
99.9655
99.9751
100.026
100.043
99.9961
99.949
99.9725
100.04
100.058
99.9942
99.9298
99.9554
100.047
100.087
100.015
99.9132
99.9103
100.023
100.123
100.084
99.9348
99.8428
99.9247
100.108
100.195
100.074
99.8507
99.7551
99.9082
100.184
100.315
100.147
99.8027
99.5919
99.7359
100.154
100.507
100.467
100.008
99.4556
99.2548
99.6272
100.372
100.975
100.959
100.228
99.1792
98.4804
98.665
99.7722
101.279
102.337
102.247
100.813
98.5796
96.5074
95.7608
96.8931
99.9881
103.931
107.558
108.887
107.051
100.917
91.0642
77.9888
63.0906
48.1443
33.61
22.0444
11.7385
5.59721
0.596271
-1.75755
100
99.9988
100.001
100.002
99.9976
99.9961
100.003
100.006
99.9967
99.9921
100.003
100.01
99.9991
99.9875
99.9978
100.014
100.007
99.986
99.9871
100.011
100.019
99.9947
99.9757
99.9952
100.025
100.018
99.9801
99.9692
100.006
100.038
100.016
99.9661
99.9607
100.013
100.053
100.022
99.9544
99.9421
100.009
100.073
100.048
99.9552
99.9083
99.9734
100.082
100.104
100
99.8805
99.8851
100.026
100.159
100.132
99.9526
99.7959
99.8338
100.055
100.256
100.23
99.9691
99.692
99.662
99.9454
100.331
100.49
100.245
99.7422
99.3589
99.4281
99.9704
100.646
100.968
100.638
99.7771
98.887
98.5601
99.1137
100.362
101.678
102.296
101.732
100.046
97.9097
96.2798
96.1084
97.739
101.007
104.749
107.876
108.502
106.223
99.5769
90.1227
76.8439
63.2163
47.7798
34.7478
22.0498
12.4665
5.5495
-1.12591
100
99.9988
100
100.003
99.9995
99.9958
100
100.006
100
99.9927
99.9983
100.009
100.004
99.9906
99.9927
100.009
100.011
99.9933
99.9846
100.002
100.019
100.005
99.981
99.9856
100.015
100.024
99.9948
99.9703
99.9897
100.028
100.028
99.9851
99.9587
99.9904
100.041
100.039
99.981
99.9419
99.9783
100.05
100.064
99.9946
99.9219
99.9398
100.038
100.103
100.051
99.9283
99.873
99.9593
100.107
100.156
100.038
99.8577
99.8018
99.9478
100.174
100.261
100.1
99.8117
99.6527
99.7939
100.153
100.441
100.393
99.9931
99.5206
99.3508
99.6717
100.318
100.855
100.866
100.25
99.3212
98.653
98.7306
99.649
100.999
102.074
102.188
101.107
99.1216
97.1066
95.9607
96.5218
98.8024
102.413
106.059
108.508
108.377
104.837
97.82
87.3927
75.0132
61.1707
47.6434
35.3533
23.8892
16.888
7.64815
100
99.9992
99.9994
100.002
100.001
99.9969
99.9983
100.004
100.003
99.9953
99.9957
100.005
100.006
99.9958
99.9913
100.002
100.011
100.001
99.9876
99.9947
100.012
100.011
99.9907
99.9831
100.003
100.021
100.007
99.9803
99.981
100.012
100.029
100.004
99.9698
99.9762
100.019
100.04
100.007
99.9593
99.9618
100.017
100.058
100.027
99.9557
99.9317
99.9917
100.071
100.075
99.987
99.9006
99.9181
100.034
100.13
100.096
99.9489
99.8323
99.8748
100.056
100.213
100.182
99.9653
99.7413
99.7212
99.9575
100.279
100.415
100.216
99.792
99.4538
99.4888
99.9368
100.531
100.855
100.626
99.8987
99.0739
98.6769
99.0474
100.108
101.366
102.137
101.886
100.541
98.5236
96.7386
95.9652
96.9897
99.4871
103.325
106.609
109.071
108.084
104.725
96.6492
86.6499
73.3791
59.4999
46.1573
31.724
23.5307
9.84835
100
99.9995
99.9992
100.001
100.001
99.998
99.9977
100.002
100.003
99.9974
99.9953
100.002
100.006
99.9989
99.9923
99.9991
100.009
100.004
99.9912
99.9924
100.007
100.012
99.9968
99.9852
99.9968
100.015
100.011
99.9884
99.9808
100.002
100.023
100.011
99.9805
99.9745
100.005
100.033
100.017
99.9747
99.9617
99.9998
100.044
100.036
99.979
99.9412
99.9732
100.044
100.071
100.015
99.9316
99.9157
99.9958
100.094
100.103
99.9984
99.8777
99.867
99.9946
100.151
100.183
100.039
99.8296
99.7435
99.8807
100.154
100.344
100.271
99.9507
99.6053
99.5091
99.7829
100.285
100.682
100.668
100.173
99.444
98.9173
98.9718
99.6884
100.775
101.677
101.858
101.065
99.4912
97.7464
96.5915
96.7213
98.32
101.21
104.47
107.192
108.127
106.457
101.997
94.0045
84.7854
71.7507
61.6242
46.1702
39.6762
23.6226
100
99.9999
99.9989
100
100.002
99.9993
99.9971
100.001
100.004
99.9999
99.9951
99.9991
100.006
100.002
99.9938
99.9953
100.006
100.007
99.9958
99.99
100.001
100.012
100.004
99.9881
99.99
100.009
100.016
99.9982
99.9809
99.9914
100.017
100.02
99.9932
99.9729
99.9899
100.024
100.029
99.9929
99.9619
99.9791
100.027
100.046
100.006
99.952
99.951
100.012
100.068
100.049
99.9673
99.9111
99.95
100.053
100.114
100.058
99.9279
99.8526
99.9199
100.083
100.192
100.129
99.9271
99.7556
99.7807
100.014
100.282
100.356
100.139
99.7574
99.4935
99.579
100.014
100.536
100.781
100.517
99.8281
99.089
98.7713
99.1619
100.171
101.343
102.038
101.803
100.498
98.6294
96.8012
96.1069
96.7436
99.3194
102.589
106.472
108.693
109.2
106.342
100.089
91.6713
78.7575
68.4383
51.3113
44.3458
25.5228
100
100
99.9993
99.9998
100.001
100
99.9983
99.9993
100.002
100.001
99.9975
99.9979
100.003
100.003
99.9978
99.9957
100.001
100.005
100
99.9939
99.9971
100.006
100.006
99.9958
99.9914
100.001
100.01
100.005
99.9908
99.9897
100.005
100.015
100.004
99.9858
99.9862
100.007
100.021
100.007
99.9814
99.9778
100.004
100.029
100.019
99.9825
99.9626
99.9873
100.032
100.045
100.005
99.9525
99.9472
100.002
100.065
100.066
99.9942
99.9157
99.9124
100
100.105
100.124
100.025
99.8807
99.8205
99.9147
100.107
100.245
100.2
99.9746
99.7193
99.6331
99.8173
100.186
100.504
100.532
100.188
99.6282
99.1709
99.1346
99.6261
100.489
101.288
101.612
101.113
99.938
98.3657
97.1841
96.8256
97.8346
100.062
102.933
106.093
107.411
108.272
104.112
101.077
89.7321
84.4128
66.9863
62.9354
42.2127
)
;

boundaryField
{
    left
    {
        type            fixedValue;
        value           uniform 100;
    }
    right
    {
        type            zeroGradient;
    }
    up
    {
        type            zeroGradient;
    }
    down
    {
        type            fixedValue;
        value           uniform 0;
    }
    frontAndBack
    {
        type            empty;
    }
}


// ************************************************************************* //
