/*--------------------------------*- C++ -*----------------------------------*\
  =========                 |
  \\      /  F ield         | OpenFOAM: The Open Source CFD Toolbox
   \\    /   O peration     | Website:  https://openfoam.org
    \\  /    A nd           | Version:  8
     \\/     M anipulation  |
\*---------------------------------------------------------------------------*/
FoamFile
{
    version     2.0;
    format      ascii;
    class       volScalarField;
    location    "0.252";
    object      T;
}
// * * * * * * * * * * * * * * * * * * * * * * * * * * * * * * * * * * * * * //

dimensions      [0 0 0 1 0 0 0];

internalField   nonuniform List<scalar> 
10000
(
49.9999
4.66071
-4.65918
-1.20024
1.19313
0.484021
-0.463442
-0.268183
0.223344
0.1909
-0.110806
-0.157849
0.0365918
0.132627
0.0229694
-0.0968218
-0.0668136
0.0444364
0.0827721
0.0150536
-0.0607151
-0.0571991
0.00845329
0.0564923
0.0408544
-0.0126022
-0.0472057
-0.0348478
0.00571943
0.035967
0.0338568
0.00698842
-0.0206521
-0.030149
-0.0191848
0.00111495
0.0169866
0.020943
0.0140092
0.00240622
-0.00736641
-0.0117718
-0.0107863
-0.00658308
-0.00176176
0.00186566
0.00363911
0.0037947
0.00298152
0.00185157
0.000845123
0.000154644
-0.00021031
-0.000332187
-0.000313324
-0.000236447
-0.000152712
-8.56853e-05
-4.09775e-05
-1.53373e-05
-2.82018e-06
2.02708e-06
3.07078e-06
2.60637e-06
1.78499e-06
1.07003e-06
5.77644e-07
2.83073e-07
1.25105e-07
4.85199e-08
1.52091e-08
2.61587e-09
-1.1292e-09
-1.62647e-09
-1.21846e-09
-7.36008e-10
-3.92514e-10
-1.90986e-10
-8.59164e-11
-3.58403e-11
-1.37842e-11
-4.79811e-12
-1.44134e-12
-3.20124e-13
-7.12873e-15
4.88275e-14
3.97301e-14
2.30761e-14
1.15013e-14
5.19625e-15
2.17646e-15
8.53294e-16
3.13842e-16
1.07848e-16
3.4188e-17
9.70263e-18
2.27251e-18
3.15297e-19
-9.40031e-20
-7.93329e-20
95.3395
49.9994
10.5193
-4.65426
-2.87607
1.1761
1.21456
-0.423638
-0.68265
0.149424
0.462343
0.0043753
-0.333312
-0.11534
0.215678
0.188133
-0.0836808
-0.202118
-0.0492296
0.140435
0.138239
-0.0203123
-0.135166
-0.0921885
0.038683
0.114569
0.0731579
-0.0283125
-0.0916909
-0.071215
0.00181929
0.0626868
0.0701924
0.0299225
-0.0222734
-0.052099
-0.0476041
-0.0194869
0.012006
0.0309969
0.0325682
0.0212953
0.00568249
-0.00705503
-0.01351
-0.0139051
-0.0104873
-0.00582702
-0.00176751
0.000866249
0.00205547
0.00220142
0.00179285
0.00121617
0.000697652
0.000325874
0.00010316
-6.49526e-06
-4.58179e-05
-4.91207e-05
-3.8466e-05
-2.54934e-05
-1.49487e-05
-7.8588e-06
-3.68319e-06
-1.49153e-06
-4.7115e-07
-6.33403e-08
6.17546e-08
7.56668e-08
5.66881e-08
3.50144e-08
1.91864e-08
9.58527e-09
4.40973e-09
1.86708e-09
7.18901e-10
2.43558e-10
6.59638e-11
8.62284e-12
-5.30664e-12
-6.01784e-12
-3.98646e-12
-2.17512e-12
-1.05871e-12
-4.7378e-13
-1.97448e-13
-7.69336e-14
-2.79424e-14
-9.34965e-15
-2.8009e-15
-6.96204e-16
-1.04219e-16
2.42148e-17
3.26168e-17
2.02871e-17
1.01174e-17
4.45845e-18
1.86354e-18
5.71855e-19
104.66
89.4809
49.9984
12.1949
-4.64414
-3.60731
1.14592
1.63259
-0.360912
-0.9626
0.044337
0.652453
0.151725
-0.43566
-0.286365
0.220629
0.341797
0.00277408
-0.285152
-0.184209
0.117774
0.243922
0.086164
-0.141155
-0.195007
-0.0515665
0.121017
0.1619
0.0584164
-0.0783919
-0.134476
-0.0826913
0.0191265
0.0918677
0.0948742
0.0415607
-0.0246386
-0.0649433
-0.0655265
-0.0367767
0.000162623
0.0273888
0.037305
0.0320633
0.0188484
0.00496319
-0.00501815
-0.00974979
-0.0101484
-0.0080422
-0.00514236
-0.00255931
-0.000763362
0.000226878
0.000612711
0.000640471
0.000509017
0.00034287
0.000201992
0.000104074
4.53521e-05
1.47332e-05
1.2357e-06
-3.25328e-06
-3.74222e-06
-2.88219e-06
-1.85403e-06
-1.0582e-06
-5.47881e-07
-2.58724e-07
-1.10583e-07
-4.16144e-08
-1.27129e-08
-2.16802e-09
8.54355e-10
1.22879e-09
9.0307e-10
5.34541e-10
2.79531e-10
1.33543e-10
5.90931e-11
2.43104e-11
9.25728e-12
3.21309e-12
9.77882e-13
2.32569e-13
2.05191e-14
-2.19529e-14
-2.02772e-14
-1.21009e-14
-6.07005e-15
-2.74085e-15
-1.14454e-15
-4.4726e-16
-1.64201e-16
-5.6516e-17
-1.80603e-17
-5.25144e-18
-1.30423e-18
-2.00725e-19
101.2
104.657
87.8051
49.997
12.927
-4.62714
-4.02958
1.09964
1.92324
-0.272362
-1.17243
-0.0922519
0.78312
0.325455
-0.471246
-0.461879
0.153976
0.462678
0.143868
-0.298837
-0.32601
0.0194106
0.295483
0.222741
-0.0659858
-0.251678
-0.177037
0.0461153
0.199058
0.167735
0.0102957
-0.131314
-0.158917
-0.0766719
0.0396191
0.11193
0.108965
0.0504827
-0.0197895
-0.0652943
-0.0727834
-0.0505428
-0.0167368
0.012293
0.0281586
0.0305605
0.0240158
0.0141173
0.00508291
-0.00104215
-0.00402616
-0.00464208
-0.00392971
-0.00275068
-0.0016335
-0.00080407
-0.000290136
-2.53264e-05
7.91002e-05
9.79015e-05
8.08928e-05
5.54158e-05
3.3373e-05
1.80119e-05
8.70891e-06
3.69226e-06
1.2809e-06
2.70508e-07
-7.17721e-08
-1.38097e-07
-1.13594e-07
-7.3423e-08
-4.14708e-08
-2.12346e-08
-9.99902e-09
-4.34186e-09
-1.72574e-09
-6.13435e-10
-1.83127e-10
-3.61733e-11
4.44199e-12
1.04242e-11
7.76987e-12
4.47193e-12
2.25099e-12
1.03344e-12
4.40456e-13
1.75466e-13
6.53155e-14
2.25422e-14
7.06975e-15
1.91707e-15
3.82238e-16
3.71803e-18
-5.18536e-17
-3.81731e-17
-2.0353e-17
-9.32128e-18
-4.01244e-18
-1.25728e-18
98.8055
102.876
104.65
87.0726
49.9952
13.3522
-4.60163
-4.32984
1.03464
2.1536
-0.155937
-1.33655
-0.258888
0.860992
0.517162
-0.442192
-0.625385
0.0247733
0.531723
0.315577
-0.235814
-0.439656
-0.134903
0.269314
0.345346
0.0747503
-0.228913
-0.286013
-0.0902404
0.151617
0.240359
0.138008
-0.045251
-0.168879
-0.165995
-0.0660573
0.0514677
0.11904
0.115167
0.0608757
-0.00533588
-0.052229
-0.0675544
-0.0562545
-0.0316677
-0.0067941
0.0105386
0.0183099
0.0184282
0.0142786
0.00891955
0.00427642
0.00111946
-0.000572951
-0.00119237
-0.00119145
-0.000926027
-0.00061381
-0.000356243
-0.000180363
-7.64985e-05
-2.32658e-05
-3.91598e-07
6.78002e-06
7.14803e-06
5.34298e-06
3.37887e-06
1.90451e-06
9.75266e-07
4.5536e-07
1.91967e-07
7.07662e-08
2.07112e-08
2.85928e-09
-1.9989e-09
-2.39842e-09
-1.69332e-09
-9.83132e-10
-5.0773e-10
-2.40224e-10
-1.05386e-10
-4.29787e-11
-1.62029e-11
-5.54873e-12
-1.65145e-12
-3.72016e-13
-1.8299e-14
4.6466e-14
3.88986e-14
2.25328e-14
1.11285e-14
4.973e-15
2.05986e-15
7.99206e-16
2.91347e-16
9.95043e-17
3.14915e-17
9.03034e-18
2.18011e-18
3.1193e-19
99.5167
98.8197
103.608
104.636
86.6468
49.9929
13.6584
-4.56605
-4.57723
0.948568
2.35076
-0.0104767
-1.46343
-0.452333
0.886658
0.716227
-0.35065
-0.759815
-0.153716
0.534448
0.489964
-0.100111
-0.494588
-0.313196
0.159693
0.411739
0.24446
-0.118411
-0.329076
-0.240833
0.0219421
0.228968
0.243225
0.0939461
-0.0887159
-0.18666
-0.163346
-0.0606202
0.0493385
0.112381
0.113756
0.0714042
0.015799
-0.028143
-0.0493111
-0.0492503
-0.0362724
-0.0194836
-0.00522538
0.00380187
0.00769845
0.00797232
0.00637628
0.00426364
0.00240816
0.00109837
0.000325249
-4.78802e-05
-0.0001758
-0.000180346
-0.000138694
-9.09004e-05
-5.28419e-05
-2.75554e-05
-1.27955e-05
-5.11209e-06
-1.56822e-06
-1.71273e-07
2.4419e-07
2.79102e-07
2.05111e-07
1.25459e-07
6.83079e-08
3.39582e-08
1.55552e-08
6.55746e-09
2.51191e-09
8.44555e-10
2.25069e-10
2.68193e-11
-2.029e-11
-2.18681e-11
-1.43065e-11
-7.75968e-12
-3.76318e-12
-1.67972e-12
-6.98618e-13
-2.71742e-13
-9.85367e-14
-3.29124e-14
-9.83631e-15
-2.43423e-15
-3.58246e-16
8.91751e-17
1.16476e-16
7.20778e-17
3.58706e-17
1.57897e-17
6.59584e-18
2.02324e-18
100.466
98.7846
98.8464
104.032
104.615
86.3398
49.9902
13.9159
-4.51892
-4.80116
0.839394
2.52577
0.164256
-1.55449
-0.667639
0.858699
0.910353
-0.200891
-0.848977
-0.363767
0.462939
0.637752
0.0926516
-0.469519
-0.47651
-0.0194111
0.391543
0.394526
0.0596167
-0.275709
-0.347202
-0.151218
0.120043
0.267588
0.222831
0.0551801
-0.111232
-0.187164
-0.157264
-0.0641564
0.0327835
0.0919591
0.10219
0.0761213
0.0356156
-0.000710529
-0.023242
-0.0309956
-0.028117
-0.0201228
-0.0114536
-0.00459893
-0.000311725
0.0017252
0.00224648
0.00197386
0.00142549
0.000891254
0.000487465
0.00022858
8.46183e-05
1.61072e-05
-9.86236e-06
-1.53684e-05
-1.29955e-05
-8.83825e-06
-5.26384e-06
-2.82881e-06
-1.38483e-06
-6.15176e-07
-2.4283e-07
-8.01557e-08
-1.75455e-08
2.16449e-09
5.83444e-09
4.73728e-09
2.94924e-09
1.59809e-09
7.86249e-10
3.57357e-10
1.50927e-10
5.90924e-11
2.11889e-11
6.74538e-12
1.74894e-12
2.46209e-13
-9.72314e-14
-1.16225e-13
-7.4414e-14
-3.88227e-14
-1.80393e-14
-7.71608e-15
-3.08233e-15
-1.15625e-15
-4.0701e-16
-1.33466e-16
-4.00115e-17
-1.0538e-17
-2.07208e-18
-1.13583e-19
100.268
100.429
98.3641
98.8888
104.335
104.585
86.0811
49.9871
14.1555
-4.45878
-5.01508
0.705405
2.68234
0.367552
-1.60794
-0.89826
0.775749
1.08621
-0.000341556
-0.879019
-0.583875
0.317294
0.731552
0.316668
-0.356331
-0.58574
-0.236231
0.274226
0.476736
0.26068
-0.125866
-0.360406
-0.305534
-0.0572777
0.184341
0.274413
0.196438
0.0330387
-0.111446
-0.173587
-0.149135
-0.0742774
0.00570994
0.0597116
0.0782243
0.0683971
0.0443317
0.018918
-0.000153823
-0.0106029
-0.0137442
-0.0123273
-0.00898363
-0.00550926
-0.00278722
-0.00103058
-9.24956e-05
0.000291991
0.000368118
0.000309139
0.000214849
0.000131006
7.14091e-05
3.4737e-05
1.4709e-05
4.99711e-06
9.19099e-07
-4.41151e-07
-6.72748e-07
-5.36548e-07
-3.4415e-07
-1.94183e-07
-9.95354e-08
-4.69199e-08
-2.03621e-08
-8.05634e-09
-2.82499e-09
-8.10874e-10
-1.33735e-10
4.42711e-11
6.26991e-11
4.39312e-11
2.47567e-11
1.23482e-11
5.64375e-12
2.39882e-12
9.53075e-13
3.53316e-13
1.21001e-13
3.73525e-14
9.75717e-15
1.70585e-15
-1.72891e-16
-3.75782e-16
-2.50624e-16
-1.29328e-16
-5.8625e-17
-2.42734e-17
-9.63751e-18
-2.84429e-18
99.7738
100.685
100.37
98.0697
98.9495
104.586
104.543
85.8401
49.9835
14.3919
-4.38423
-5.22523
0.545215
2.82051
0.597747
-1.62061
-1.13624
0.637666
1.23018
0.240041
-0.839819
-0.790121
0.10632
0.749285
0.538891
-0.162298
-0.609016
-0.446775
0.0731596
0.456425
0.427416
0.0872974
-0.259913
-0.377904
-0.239743
0.0142895
0.212372
0.26163
0.175158
0.0304351
-0.0916987
-0.147155
-0.135422
-0.0833188
-0.0231162
0.0225353
0.0452155
0.0476618
0.0378355
0.0238368
0.0112043
0.00241958
-0.00232266
-0.00400173
-0.00387439
-0.00297428
-0.00195204
-0.00111633
-0.000549111
-0.000217511
-5.12381e-05
1.64895e-05
3.40589e-05
3.07922e-05
2.17776e-05
1.3363e-05
7.36785e-06
3.69319e-06
1.67903e-06
6.79281e-07
2.31279e-07
5.39869e-08
-3.97956e-09
-1.59019e-08
-1.34816e-08
-8.60115e-09
-4.75009e-09
-2.37605e-09
-1.09655e-09
-4.69895e-10
-1.86613e-10
-6.78843e-11
-2.19489e-11
-5.80522e-12
-8.60408e-13
3.02067e-13
3.81953e-13
2.49288e-13
1.31883e-13
6.2027e-14
2.68301e-14
1.08329e-14
4.106e-15
1.4602e-15
4.83726e-16
1.46628e-16
3.89273e-17
8.0206e-18
3.49852e-19
-5.64912e-19
99.8085
99.8448
100.97
100.284
97.8343
99.0311
104.814
104.49
85.6016
49.9796
14.6333
-4.29391
-5.43423
0.357768
2.93834
0.852223
-1.58898
-1.37241
0.446231
1.32916
0.505859
-0.726183
-0.958036
-0.152648
0.67735
0.723263
0.0899084
-0.528414
-0.603326
-0.17549
0.323191
0.50564
0.305093
-0.0640641
-0.329579
-0.353845
-0.17895
0.0528003
0.209961
0.238209
0.161632
0.0435615
-0.0567588
-0.108494
-0.110946
-0.0816284
-0.0419714
-0.00780993
0.013672
0.0223899
0.0220325
0.0170718
0.0110148
0.00586366
0.00233132
0.000334483
-0.000546123
-0.000764735
-0.000670986
-0.00048059
-0.000300229
-0.000167074
-8.27479e-05
-3.55706e-05
-1.22029e-05
-2.20107e-06
1.194e-06
1.78085e-06
1.42897e-06
9.25218e-07
5.27245e-07
2.72855e-07
1.29744e-07
5.67127e-08
2.25418e-08
7.8978e-09
2.23005e-09
3.25999e-10
-1.6459e-10
-2.0357e-10
-1.39951e-10
-7.86003e-11
-3.92589e-11
-1.80001e-11
-7.67869e-12
-3.06091e-12
-1.13712e-12
-3.89279e-13
-1.1946e-13
-3.05523e-14
-4.8352e-15
9.70688e-16
1.4399e-15
9.23241e-16
4.70933e-16
2.12629e-16
8.82838e-17
3.41808e-17
1.27455e-17
3.56799e-18
100.114
99.5319
99.9479
101.186
100.17
97.6308
99.136
105.033
104.422
85.3579
49.9752
14.8839
-4.18646
-5.6427
0.142357
3.03283
1.12742
-1.50986
-1.59673
0.205576
1.3714
0.779735
-0.538771
-1.06477
-0.434869
0.513096
0.835784
0.364673
-0.344735
-0.664489
-0.419294
0.0962573
0.460996
0.459967
0.172312
-0.164224
-0.346457
-0.314211
-0.138609
0.05868
0.184023
0.206934
0.150979
0.0630552
-0.0152499
-0.0620432
-0.0752071
-0.0646267
-0.0433837
-0.0218872
-0.00576143
0.00359302
0.00731772
0.00746069
0.00591562
0.00397681
0.00231586
0.00115222
0.000455395
9.96052e-05
-4.67561e-05
-8.39512e-05
-7.49331e-05
-5.30445e-05
-3.26827e-05
-1.80954e-05
-9.0923e-06
-4.12687e-06
-1.65236e-06
-5.43803e-07
-1.09198e-07
2.80273e-08
5.14614e-08
4.07134e-08
2.54019e-08
1.38976e-08
6.91934e-09
3.18291e-09
1.35869e-09
5.36039e-10
1.92506e-10
6.05382e-11
1.48482e-11
1.33354e-12
-1.50715e-12
-1.42924e-12
-8.77483e-13
-4.52769e-13
-2.10202e-13
-9.02e-14
-3.61991e-14
-1.3639e-14
-4.81382e-15
-1.57632e-15
-4.68055e-16
-1.19059e-16
-2.12417e-17
8.23133e-19
3.69394e-18
1.88422e-18
100.16
99.9999
99.3352
100.084
101.358
100.026
97.4479
99.2659
105.25
104.339
85.1043
49.9703
15.1463
-4.06057
-5.85009
-0.101374
3.10034
1.41887
-1.38076
-1.7985
-0.0775972
1.34732
1.04211
-0.28464
-1.0914
-0.71023
0.26621
0.849806
0.618245
-0.0792861
-0.604926
-0.600619
-0.177467
0.29152
0.49687
0.373695
0.0688447
-0.209936
-0.32896
-0.275094
-0.121368
0.0384291
0.140178
0.166124
0.134094
0.0760112
0.0198697
-0.0187502
-0.0365936
-0.0381676
-0.0306173
-0.0202112
-0.0108816
-0.00426462
-0.000436185
0.00127193
0.00168182
0.00146394
0.00104854
0.000655429
0.000363882
0.000178499
7.47041e-05
2.36059e-05
2.20323e-06
-4.56226e-06
-5.21146e-06
-3.93897e-06
-2.48761e-06
-1.39807e-06
-7.1608e-07
-3.36877e-07
-1.45109e-07
-5.62823e-08
-1.87774e-08
-4.63969e-09
-1.5075e-10
8.17717e-10
7.34009e-10
4.65362e-10
2.51952e-10
1.23178e-10
5.56231e-11
2.34163e-11
9.20331e-12
3.3573e-12
1.11787e-12
3.26111e-13
7.37206e-14
5.40672e-15
-7.2276e-15
-6.25596e-15
-3.59647e-15
-1.74965e-15
-7.68908e-16
-3.13341e-16
-1.19811e-16
-4.31035e-17
-1.48518e-17
-3.85301e-18
99.9606
100.342
99.8513
99.1969
100.252
101.493
99.8518
97.2821
99.4226
105.467
104.239
84.8383
49.9649
15.4221
-3.91492
-6.05511
-0.373412
3.13697
1.72122
-1.20024
-1.96685
-0.393961
1.25033
1.27229
0.0226639
-1.02512
-0.946098
-0.0412771
0.750839
0.805408
0.228017
-0.422739
-0.670182
-0.432979
0.0319758
0.392946
0.469031
0.289315
0.0098981
-0.210458
-0.291123
-0.240644
-0.120241
0.00274083
0.0851619
0.115374
0.10445
0.0723504
0.0370013
0.00922126
-0.00741866
-0.0141922
-0.0144192
-0.0114474
-0.0076843
-0.00443298
-0.00214499
-0.000778417
-9.21487e-05
0.000174979
0.00022541
0.000187341
0.000128565
7.77011e-05
4.23046e-05
2.08357e-05
9.17465e-06
3.47175e-06
9.91598e-07
7.36065e-08
-1.74896e-07
-1.81937e-07
-1.27835e-07
-7.56759e-08
-4.01283e-08
-1.95226e-08
-8.79402e-09
-3.66777e-09
-1.40311e-09
-4.79856e-10
-1.3695e-10
-2.48053e-11
4.45672e-12
8.03706e-12
5.70368e-12
3.18307e-12
1.56375e-12
7.03381e-13
2.94619e-13
1.15704e-13
4.26185e-14
1.4633e-14
4.60826e-15
1.28103e-15
2.81359e-16
2.49273e-17
-2.08395e-17
-1.808e-17
-1.04938e-17
-3.88083e-18
99.8633
100.115
100.452
99.6734
99.111
100.45
101.594
99.6469
97.1334
99.6073
105.685
104.122
84.5582
49.9591
15.7123
-3.7482
-6.25597
-0.673365
3.1387
2.02828
-0.968172
-2.09103
-0.731661
1.07749
1.44976
0.36352
-0.861144
-1.11078
-0.37656
0.540137
0.887191
0.524336
-0.14265
-0.600202
-0.602886
-0.252417
0.168835
0.418246
0.41482
0.228597
-0.0060967
-0.177591
-0.23942
-0.205781
-0.121879
-0.0334809
0.030628
0.0617439
0.0653257
0.0526718
0.0345219
0.0179846
0.00620399
-0.000533398
-0.00338425
-0.00385415
-0.00319872
-0.00223091
-0.00136304
-0.000735746
-0.00034495
-0.000131491
-3.05143e-05
8.43256e-06
1.78653e-05
1.58409e-05
1.09736e-05
6.6124e-06
3.59551e-06
1.78853e-06
8.14853e-07
3.36295e-07
1.2168e-07
3.50389e-08
4.78289e-09
-3.27011e-09
-3.88585e-09
-2.71658e-09
-1.56387e-09
-8.02162e-10
-3.77734e-10
-1.65367e-10
-6.75509e-11
-2.56555e-11
-8.94241e-12
-2.77099e-12
-6.99241e-13
-9.47372e-14
3.84253e-14
4.43209e-14
2.77702e-14
1.42232e-14
6.50129e-15
2.74068e-15
1.0812e-15
4.01544e-16
1.40399e-16
4.59608e-17
1.40157e-17
3.14395e-18
99.9779
99.7739
100.292
100.494
99.4744
99.0776
100.672
101.657
99.4128
97.0038
99.821
105.903
103.985
84.263
49.9526
16.0175
-3.5591
-6.45052
-1.00045
3.10158
2.33313
-0.685913
-2.16091
-1.07656
0.830146
1.55555
0.713183
-0.604082
-1.17728
-0.699204
0.236368
0.83846
0.752842
0.186287
-0.393926
-0.635778
-0.482424
-0.113428
0.230407
0.394157
0.357035
0.194812
0.0100028
-0.122664
-0.176221
-0.162735
-0.112409
-0.0548241
-0.00894562
0.018335
0.0287198
0.0278075
0.0214705
0.0140032
0.00772991
0.00341931
0.000929765
-0.000242249
-0.000623587
-0.000615496
-0.000466827
-0.000304321
-0.000176843
-9.25968e-05
-4.34247e-05
-1.77112e-05
-5.7258e-06
-8.96968e-07
6.22987e-07
8.29627e-07
6.36202e-07
3.98702e-07
2.21298e-07
1.12091e-07
5.24269e-08
2.26833e-08
9.01067e-09
3.21403e-09
9.70683e-10
2.00655e-10
-1.56399e-11
-5.02889e-11
-3.85685e-11
-2.24906e-11
-1.14307e-11
-5.29621e-12
-2.28007e-12
-9.1933e-13
-3.47556e-13
-1.22553e-13
-3.972e-14
-1.14302e-14
-2.6518e-15
-3.00936e-16
1.57542e-16
1.56569e-16
9.11678e-17
4.37253e-17
1.94814e-17
6.25685e-18
100.102
99.8057
99.7647
100.477
100.469
99.2648
99.0991
100.912
101.68
99.1519
96.8964
100.064
106.121
103.827
83.9521
49.9457
16.3381
-3.3463
-6.6363
-1.35346
3.02186
2.62812
-0.356483
-2.16738
-1.41261
0.514308
1.57382
1.04328
-0.268605
-1.12708
-0.965714
-0.125144
0.65411
0.86364
0.498745
-0.088597
-0.512575
-0.587816
-0.367153
-0.0347046
0.231275
0.341172
0.302105
0.178124
0.0414615
-0.0592237
-0.107297
-0.110313
-0.0866235
-0.0543167
-0.0255393
-0.00561415
0.0051584
0.00902375
0.00880641
0.00682162
0.00453135
0.00263726
0.00133475
0.000559741
0.000160389
-1.09301e-05
-6.30348e-05
-6.31527e-05
-4.68173e-05
-2.96936e-05
-1.68658e-05
-8.72677e-06
-4.12552e-06
-1.76473e-06
-6.62359e-07
-1.99166e-07
-3.02619e-08
1.74708e-08
2.24716e-08
1.63024e-08
9.66671e-09
5.0917e-09
2.45769e-09
1.10144e-09
4.60071e-10
1.78474e-10
6.34584e-11
2.00191e-11
5.11842e-12
6.81136e-13
-3.13961e-13
-3.5662e-13
-2.26039e-13
-1.17536e-13
-5.45934e-14
-2.33908e-14
-9.37747e-15
-3.53803e-15
-1.25625e-15
-4.17373e-16
-1.27786e-16
-3.49542e-17
-7.62834e-18
-7.83383e-19
100.069
100.091
99.6421
99.8307
100.653
100.379
99.0572
99.1778
101.163
101.657
98.8674
96.8152
100.338
106.336
103.646
83.6247
49.938
16.6743
-3.10847
-6.81063
-1.73077
2.89605
2.90506
0.0153267
-2.10286
-1.72241
0.140875
1.49334
1.32378
0.120807
-0.953365
-1.13514
-0.495877
0.352562
0.824835
0.726067
0.249919
-0.255819
-0.530644
-0.508742
-0.284767
-0.0117969
0.189376
0.270035
0.245243
0.162041
0.0683781
-0.0045395
-0.0455654
-0.0581154
-0.0522058
-0.0381594
-0.0233672
-0.0116417
-0.00401357
6.17381e-05
0.00169462
0.00195209
0.00160675
0.00111218
0.000679259
0.000371544
0.000181255
7.66463e-05
2.56045e-05
4.10474e-06
-3.00707e-06
-4.09779e-06
-3.2259e-06
-2.07397e-06
-1.17955e-06
-6.1132e-07
-2.92047e-07
-1.28764e-07
-5.19401e-08
-1.86906e-08
-5.6027e-09
-1.06436e-09
1.99892e-10
3.77242e-10
2.79599e-10
1.62753e-10
8.32985e-11
3.89886e-11
1.69733e-11
6.91917e-12
2.64156e-12
9.38263e-13
3.0478e-13
8.68886e-14
1.92278e-14
1.3879e-15
-1.80686e-15
-1.53735e-15
-8.69236e-16
-4.16347e-16
-1.80439e-16
-7.2404e-17
-2.80108e-17
-8.10943e-18
99.9515
100.214
100.002
99.5098
99.9643
100.801
100.226
98.8657
99.315
101.416
101.586
98.5636
96.7643
100.641
106.546
103.443
83.2807
49.9297
17.0265
-2.84424
-6.97059
-2.13031
2.7211
3.15523
0.422868
-1.96173
-1.98784
-0.274402
1.30886
1.52544
0.531109
-0.663425
-1.17516
-0.820168
-0.024513
0.631517
0.811913
0.540857
0.0719848
-0.321137
-0.487988
-0.428466
-0.237493
-0.0280248
0.122358
0.187465
0.18076
0.133388
0.0755715
0.0270283
-0.00436329
-0.019253
-0.0223828
-0.0191282
-0.0136567
-0.00843341
-0.00449411
-0.00197473
-0.00059195
3.91356e-05
0.000247188
0.000256581
0.000196256
0.000128058
7.46197e-05
3.94808e-05
1.90016e-05
8.2166e-06
3.07232e-06
8.79851e-07
8.03339e-08
-1.35365e-07
-1.44283e-07
-1.0143e-07
-5.98672e-08
-3.16578e-08
-1.53859e-08
-6.94464e-09
-2.91654e-09
-1.13289e-09
-3.99892e-10
-1.22736e-10
-2.85484e-11
-1.4896e-12
3.75387e-12
3.24894e-12
1.94233e-12
9.89901e-13
4.56622e-13
1.95361e-13
7.83745e-14
2.95927e-14
1.04972e-14
3.46915e-15
1.04734e-15
2.7562e-16
5.44765e-17
1.92354e-18
-6.44483e-18
-3.60304e-18
99.9115
100.05
100.307
99.8527
99.43
100.153
100.903
100.016
98.7046
99.5097
101.659
101.462
98.2455
96.7482
100.974
106.75
103.214
82.9195
49.9206
17.3947
-2.55221
-7.11307
-2.54951
2.4944
3.36961
0.857594
-1.74084
-2.19084
-0.71124
1.02233
1.62245
0.923005
-0.27967
-1.0679
-1.04339
-0.41686
0.310383
0.727344
0.708416
0.382476
-0.0194294
-0.309758
-0.412725
-0.354136
-0.210815
-0.059853
0.0502932
0.104755
0.112391
0.0919833
0.0615835
0.0333272
0.0127702
0.000643559
-0.00482978
-0.00610848
-0.00530414
-0.00382415
-0.00241364
-0.00135441
-0.000671359
-0.000283316
-8.94584e-05
-7.08029e-06
1.93025e-05
2.18093e-05
1.66191e-05
1.06301e-05
6.06472e-06
3.15934e-06
1.51501e-06
6.67386e-07
2.66304e-07
9.26647e-08
2.50553e-08
2.46911e-09
-3.06698e-09
-3.17729e-09
-2.12629e-09
-1.19305e-09
-6.00872e-10
-2.79045e-10
-1.2089e-10
-4.90324e-11
-1.85658e-11
-6.49126e-12
-2.04141e-12
-5.39556e-13
-9.2106e-14
1.37633e-14
2.45946e-14
1.64477e-14
8.63909e-15
4.00319e-15
1.704e-15
6.78229e-16
2.54449e-16
9.0051e-17
3.05239e-17
7.80151e-18
99.985
99.8464
100.195
100.327
99.6667
99.4199
100.379
100.945
99.7615
98.5886
99.7587
101.881
101.284
97.9193
96.7711
101.335
106.943
102.959
82.541
49.9107
17.7793
-2.23095
-7.23474
-2.98531
2.21399
3.53893
1.30907
-1.43991
-2.31434
-1.14545
0.64376
1.59532
1.25429
0.161023
-0.814571
-1.12131
-0.75466
-0.0818169
0.481536
0.703381
0.585851
0.280011
-0.0370639
-0.247877
-0.318881
-0.279351
-0.184109
-0.0829156
-0.00570314
0.0381793
0.0532207
0.0496713
0.0376438
0.0242805
0.0133116
0.00586598
0.00159493
-0.000409937
-0.00106387
-0.00105384
-0.000803173
-0.000527199
-0.000309357
-0.000164276
-7.87101e-05
-3.3302e-05
-1.16603e-05
-2.60149e-06
5.02476e-07
1.14621e-06
9.68615e-07
6.36285e-07
3.64902e-07
1.90116e-07
9.14828e-08
4.08831e-08
1.69261e-08
6.41319e-09
2.15582e-09
5.89853e-10
8.75951e-11
-3.64232e-11
-4.5881e-11
-3.09363e-11
-1.69922e-11
-8.3116e-12
-3.74292e-12
-1.57481e-12
-6.22779e-13
-2.31519e-13
-8.04397e-14
-2.57353e-14
-7.32496e-15
-1.68639e-15
-1.93496e-16
9.51174e-17
9.52282e-17
5.481e-17
2.72125e-17
9.33695e-18
100.067
99.8505
99.8676
100.353
100.263
99.4735
99.4898
100.62
100.913
99.4752
98.531
100.056
102.072
101.05
97.5918
96.8374
101.723
107.125
102.676
82.1448
49.8999
18.1802
-1.87897
-7.33208
-3.43413
1.87856
3.65394
1.765
-1.06197
-2.34325
-1.54989
0.191594
1.43358
1.48405
0.609935
-0.43815
-1.02923
-0.970985
-0.466908
0.124455
0.520472
0.619453
0.478717
0.229201
-0.00683149
-0.159675
-0.215948
-0.198958
-0.144399
-0.0829657
-0.033025
-0.000986894
0.0146418
0.0188027
0.0167119
0.0123005
0.00787799
0.00444069
0.00216956
0.000861588
0.000210014
-5.62145e-05
-0.000127475
-0.000117412
-8.42066e-05
-5.24726e-05
-2.94967e-05
-1.51736e-05
-7.15758e-06
-3.06703e-06
-1.1601e-06
-3.56838e-07
-6.11913e-08
2.47271e-08
3.58491e-08
2.67149e-08
1.60742e-08
8.56562e-09
4.18208e-09
1.89842e-09
8.05505e-10
3.19024e-10
1.16885e-10
3.87422e-11
1.09845e-11
2.19462e-12
-9.08768e-14
-4.28287e-13
-3.17319e-13
-1.76523e-13
-8.55217e-14
-3.78518e-14
-1.56219e-14
-6.0683e-15
-2.22543e-15
-7.69082e-16
-2.4844e-16
-7.38004e-17
-1.9275e-17
-3.34952e-18
100.063
100.025
99.7312
99.9731
100.483
100.119
99.3051
99.6421
100.851
100.8
99.1753
98.5433
100.393
102.219
100.761
97.2709
96.951
102.137
107.291
102.363
81.7304
49.888
18.5978
-1.49471
-7.40133
-3.89179
1.48766
3.70553
2.21138
-0.613712
-2.2655
-1.8958
-0.30743
1.13818
1.57752
1.01117
0.0168968
-0.76936
-1.01594
-0.760574
-0.261031
0.205178
0.471594
0.510632
0.389675
0.206234
0.0392311
-0.0708832
-0.118704
-0.119557
-0.094901
-0.0628432
-0.0344857
-0.0143327
-0.00248656
0.0030275
0.00460591
0.00421242
0.00312733
0.00202653
0.00117494
0.000611967
0.000282302
0.000109883
3.03253e-05
-5.49495e-07
-9.00311e-06
-8.8087e-06
-6.28307e-06
-3.83966e-06
-2.1136e-06
-1.06942e-06
-5.01021e-07
-2.17059e-07
-8.60001e-08
-3.0265e-08
-8.72892e-09
-1.44145e-09
4.93913e-10
7.00585e-10
4.96427e-10
2.83712e-10
1.43853e-10
6.70134e-11
2.91269e-11
1.18868e-11
4.55644e-12
1.63126e-12
5.37494e-13
1.57519e-13
3.73607e-14
4.45351e-15
-2.18896e-15
-2.26397e-15
-1.34833e-15
-6.63539e-16
-2.93128e-16
-1.19527e-16
-4.70368e-17
-1.3836e-17
99.9895
100.152
99.9073
99.669
100.144
100.551
99.9072
99.1923
99.8694
101.045
100.605
98.8825
98.6339
100.758
102.311
100.419
96.9648
97.1158
102.575
107.438
102.019
81.2975
49.8749
19.0321
-1.07657
-7.43851
-4.35352
1.04175
3.68498
2.63263
-0.105783
-2.07322
-2.15441
-0.819129
0.723271
1.51115
1.30818
0.488321
-0.374552
-0.869866
-0.891992
-0.577641
-0.154258
0.191046
0.370819
0.390107
0.305597
0.183226
0.0717474
-0.00522896
-0.0447718
-0.0554977
-0.0493127
-0.0363604
-0.0231455
-0.0127306
-0.00581442
-0.00187323
7.81678e-06
0.000678071
0.000750619
0.000595615
0.000400587
0.000240222
0.000130911
6.51018e-05
2.92962e-05
1.15959e-05
3.71509e-06
6.51972e-07
-2.92797e-07
-4.31397e-07
-3.32434e-07
-2.07067e-07
-1.14159e-07
-5.76025e-08
-2.69859e-08
-1.17966e-08
-4.80248e-09
-1.80241e-09
-6.08164e-10
-1.7288e-10
-3.23706e-11
4.21413e-12
9.00591e-12
6.47586e-12
3.62311e-12
1.78201e-12
8.03473e-13
3.38243e-13
1.3405e-13
5.01303e-14
1.76437e-14
5.79248e-15
1.73835e-15
4.54605e-16
8.89225e-17
2.6549e-18
-1.08525e-17
-6.01307e-18
99.9358
100.103
100.162
99.752
99.6926
100.346
100.531
99.6557
99.1617
100.155
101.175
100.332
98.6194
98.808
101.136
102.337
100.029
96.6828
97.335
103.033
107.563
101.642
80.8457
49.8605
19.4836
-0.622833
-7.4394
-4.81387
0.542368
3.58425
3.01185
0.447019
-1.7638
-2.29895
-1.30348
0.216986
1.27733
1.45173
0.903532
0.0931216
-0.552285
-0.823687
-0.739777
-0.450655
-0.125192
0.121357
0.246929
0.26561
0.217801
0.145052
0.0765662
0.0263954
-0.00312566
-0.0160701
-0.0184602
-0.0156173
-0.0111561
-0.0070139
-0.00392203
-0.00192903
-0.000796392
-0.000232084
4.55573e-06
7.62862e-05
7.81023e-05
5.8163e-05
3.70209e-05
2.1172e-05
1.10982e-05
5.36852e-06
2.39031e-06
9.66075e-07
3.41627e-07
9.47354e-08
1.05575e-08
-1.08677e-08
-1.17983e-08
-8.07712e-09
-4.61804e-09
-2.36833e-09
-1.1205e-09
-4.9521e-10
-2.0538e-10
-7.98279e-11
-2.88491e-11
-9.50899e-12
-2.72943e-12
-5.90471e-13
-2.28682e-14
7.46323e-14
6.02361e-14
3.41577e-14
1.66133e-14
7.34509e-15
3.02415e-15
1.17266e-15
4.30246e-16
1.49192e-16
4.94722e-17
1.23733e-17
99.9538
99.9539
100.222
100.079
99.6078
99.8121
100.537
100.411
99.4
99.231
100.473
101.22
99.996
98.4092
99.0661
101.511
102.287
99.5949
96.4344
97.6116
103.509
107.662
101.23
80.3743
49.8447
19.9523
-0.131701
-7.39947
-5.26668
-0.00773085
3.39622
3.33117
1.02568
-1.34103
-2.30685
-1.71707
-0.339041
0.888154
1.40854
1.19055
0.55023
-0.123385
-0.566373
-0.701289
-0.593259
-0.366425
-0.133692
0.0378135
0.128754
0.151838
0.132752
0.0961759
0.0591335
0.0301088
0.011182
0.000893229
-0.00344535
-0.00438046
-0.00376137
-0.00269067
-0.0017001
-0.000969037
-0.000500197
-0.000231217
-9.22024e-05
-2.81319e-05
-2.7809e-06
4.80992e-06
5.44614e-06
4.0505e-06
2.52533e-06
1.4092e-06
7.22299e-07
3.43764e-07
1.52284e-07
6.2479e-08
2.33739e-08
7.6726e-09
1.97293e-09
1.9405e-10
-2.09973e-10
-2.10838e-10
-1.35795e-10
-7.34379e-11
-3.57566e-11
-1.61157e-11
-6.80921e-12
-2.71101e-12
-1.01699e-12
-3.575e-13
-1.16166e-13
-3.38289e-14
-8.13388e-15
-1.12369e-15
3.31479e-16
3.97676e-16
2.41377e-16
1.18277e-16
5.36537e-17
1.74899e-17
100.015
99.8668
100.057
100.292
99.9183
99.5243
100.015
100.671
100.195
99.181
99.4067
100.79
101.161
99.6155
98.2739
99.4038
101.864
102.155
99.1261
96.2296
97.9476
103.999
107.731
100.782
79.8827
49.827
20.4387
0.398734
-7.31392
-5.705
-0.604403
3.11508
3.57215
1.60707
-0.816023
-2.16231
-2.01646
-0.891696
0.377616
1.16943
1.29136
0.906122
0.324179
-0.183247
-0.475868
-0.543325
-0.453751
-0.295856
-0.140138
-0.0246697
0.0413295
0.0662563
0.0649487
0.05126
0.0348098
0.0206983
0.0106551
0.00448286
0.00120636
-0.000234194
-0.00067461
-0.000660567
-0.000495816
-0.000321821
-0.000188104
-0.000100591
-4.93863e-05
-2.21012e-05
-8.8049e-06
-2.92529e-06
-6.27753e-07
1.07441e-07
2.45497e-07
2.00824e-07
1.2783e-07
7.12807e-08
3.62739e-08
1.71466e-08
7.58471e-09
3.14248e-09
1.213e-09
4.29875e-10
1.35121e-10
3.42116e-11
4.24066e-12
-2.40394e-12
-2.60326e-12
-1.64724e-12
-8.62507e-13
-4.05148e-13
-1.76138e-13
-7.18959e-14
-2.77308e-14
-1.01218e-14
-3.48563e-15
-1.12252e-15
-3.31341e-16
-8.59922e-17
-1.6561e-17
-7.93157e-19
100.056
99.915
99.856
100.206
100.271
99.7179
99.5396
100.268
100.709
99.9064
99.039
99.6814
101.07
100.99
99.2169
98.2333
99.8114
102.175
101.935
98.6325
96.0787
98.3447
104.499
107.765
100.295
79.3702
49.8074
20.943
0.970507
-7.1776
-6.12101
-1.24192
2.73669
3.71636
2.16419
-0.208011
-1.85873
-2.1622
-1.38023
-0.198874
0.755439
1.17559
1.08198
0.684154
0.221555
-0.139082
-0.33282
-0.374414
-0.317637
-0.220166
-0.124033
-0.0507594
-0.00538143
0.016555
0.0228464
0.0207987
0.0156188
0.0102758
0.00604346
0.00317838
0.00146427
0.000552426
0.000128292
-3.39136e-05
-7.34502e-05
-6.56639e-05
-4.59864e-05
-2.81425e-05
-1.56365e-05
-8.0148e-06
-3.80991e-06
-1.67506e-06
-6.7258e-07
-2.38818e-07
-6.84935e-08
-1.01497e-08
5.31556e-09
6.70125e-09
4.72419e-09
2.72936e-09
1.4069e-09
6.68267e-10
2.9679e-10
1.24009e-10
4.8785e-11
1.79871e-11
6.14021e-12
1.88777e-12
4.86937e-13
7.95747e-14
-1.39077e-14
-2.24017e-14
-1.46716e-14
-7.61559e-15
-3.502e-15
-1.48396e-15
-5.89943e-16
-2.21327e-16
-8.05199e-17
-2.21763e-17
100.041
100.035
99.807
99.9424
100.34
100.145
99.5345
99.6706
100.521
100.626
99.583
99.008
100.033
101.275
100.709
98.8315
98.3024
100.274
102.423
101.624
98.1262
95.992
98.8035
105.004
107.761
99.7661
78.8359
49.7855
21.4656
1.5858
-6.98495
-6.50596
-1.91279
2.25904
3.74602
2.66674
0.455194
-1.4013
-2.12374
-1.74217
-0.768341
0.220074
0.852132
1.03228
0.865076
0.532383
0.195182
-0.0525198
-0.184503
-0.219347
-0.19355
-0.142085
-0.0891895
-0.0471396
-0.0191851
-0.00351266
0.0035307
0.00549872
0.00502903
0.00373723
0.0024373
0.00143464
0.000769207
0.000374389
0.000162232
5.91883e-05
1.48245e-05
-1.142e-06
-4.98481e-06
-4.53712e-06
-3.10822e-06
-1.84543e-06
-9.94443e-07
-4.95974e-07
-2.30839e-07
-1.00389e-07
-4.05778e-08
-1.50172e-08
-4.90859e-09
-1.27913e-09
-1.50667e-10
1.1055e-10
1.18317e-10
7.69792e-11
4.16892e-11
2.02841e-11
9.1361e-12
3.86216e-12
1.54179e-12
5.81915e-13
2.06949e-13
6.86901e-14
2.08362e-14
5.49547e-15
1.07475e-15
1.56758e-17
-1.36236e-16
-9.86561e-17
-5.42245e-17
-1.96495e-17
99.9926
100.112
99.9304
99.7578
100.107
100.398
99.9322
99.427
99.9064
100.718
100.417
99.2754
99.1092
100.427
101.371
100.331
98.4937
98.4907
100.77
102.588
101.224
97.6214
95.9798
99.3239
105.507
107.713
99.1941
78.2787
49.7608
22.007
2.24694
-6.73002
-6.85003
-2.60746
1.68281
3.64495
3.08203
1.13712
-0.809266
-1.88485
-1.92122
-1.24783
-0.353576
0.375662
0.763875
0.82181
0.662735
0.418657
0.188683
0.0230643
-0.0688706
-0.101561
-0.0972977
-0.0761073
-0.0515872
-0.0308017
-0.016051
-0.00695516
-0.00207459
0.000125232
0.000850122
0.000889825
0.000688245
0.000456413
0.000272111
0.000148672
7.49221e-05
3.47315e-05
1.46046e-05
5.36846e-06
1.54486e-06
1.76206e-07
-1.94015e-07
-2.17665e-07
-1.54569e-07
-9.17348e-08
-4.88565e-08
-2.4018e-08
-1.10391e-08
-4.768e-09
-1.93462e-09
-7.32937e-10
-2.5537e-10
-7.90126e-11
-1.96978e-11
-2.38596e-12
1.37231e-12
1.46119e-12
9.14894e-13
4.74986e-13
2.21573e-13
9.58128e-14
3.89685e-14
1.50092e-14
5.4864e-15
1.90004e-15
6.19278e-16
1.87483e-16
5.11849e-17
9.78088e-18
99.9554
100.088
100.098
99.7937
99.8116
100.295
100.34
99.6841
99.4414
100.208
100.805
100.104
99.0384
99.3467
100.817
101.333
99.8799
98.2385
98.7999
101.274
102.652
100.739
97.1345
96.0519
99.9045
106.003
107.615
98.5758
77.6975
49.7329
22.5675
2.95644
-6.40638
-7.14221
-3.31401
1.01198
3.39953
3.37607
1.79307
-0.117684
-1.44883
-1.87631
-1.55572
-0.862589
-0.156596
0.343783
0.577041
0.589904
0.473111
0.312661
0.166184
0.0599936
-0.00271298
-0.0309488
-0.0371842
-0.0322869
-0.023658
-0.0153376
-0.00894
-0.00468007
-0.00215598
-0.000819798
-0.0001984
4.10264e-05
0.000101583
9.26213e-05
6.55695e-05
4.0505e-05
2.27343e-05
1.17953e-05
5.69496e-06
2.55745e-06
1.05943e-06
3.96248e-07
1.26743e-07
2.87877e-08
-9.31315e-10
-6.65238e-09
-5.55416e-09
-3.45068e-09
-1.86105e-09
-9.1532e-10
-4.19349e-10
-1.80756e-10
-7.35867e-11
-2.82744e-11
-1.01956e-11
-3.4041e-12
-1.02134e-12
-2.54732e-13
-3.7974e-14
9.48455e-15
1.26454e-14
7.98264e-15
4.06097e-15
1.84077e-15
7.71549e-16
3.03086e-16
1.15696e-16
3.33003e-17
99.9574
99.9974
100.169
99.9878
99.6982
99.9711
100.434
100.159
99.4702
99.5969
100.513
100.745
99.7286
98.9224
99.7037
101.151
101.146
99.3922
98.0987
99.2228
101.756
102.597
100.178
96.6835
96.2179
100.543
106.485
107.463
97.9079
77.0907
49.7012
23.1477
3.71701
-6.007
-7.37013
-4.0179
0.254472
2.99995
3.51535
2.37161
0.622211
-0.842896
-1.59157
-1.62729
-1.20328
-0.623319
-0.113664
0.21817
0.363961
0.371109
0.301985
0.208648
0.123453
0.0603409
0.0207733
7.81753e-06
-0.008335
-0.00979781
-0.00822834
-0.00585145
-0.00371038
-0.0021403
-0.00112951
-0.000542324
-0.000231862
-8.31156e-05
-1.99255e-05
2.42117e-06
7.5589e-06
6.71196e-06
4.56122e-06
2.70159e-06
1.45712e-06
7.29406e-07
3.41726e-07
1.50141e-07
6.16405e-08
2.33821e-08
7.98351e-09
2.29476e-09
4.29778e-10
-6.43158e-11
-1.30386e-10
-9.50207e-11
-5.42249e-11
-2.72878e-11
-1.26205e-11
-5.46463e-12
-2.23487e-12
-8.66273e-13
-3.18049e-13
-1.10047e-13
-3.54635e-14
-1.03759e-14
-2.58833e-15
-4.3841e-16
3.84826e-17
8.54004e-17
5.84977e-17
2.31972e-17
99.991
99.9194
100.106
100.169
99.8233
99.7071
100.192
100.459
99.8905
99.3612
99.8764
100.751
100.531
99.355
98.964
100.143
101.377
100.814
98.9125
98.1013
99.7426
102.183
102.412
99.5539
96.2882
96.4861
101.235
106.944
107.25
97.1872
76.4566
49.6649
23.7478
4.5316
-5.52427
-7.51999
-4.70157
-0.576923
2.44199
3.46947
2.81728
1.34396
-0.121643
-1.08701
-1.43424
-1.2993
-0.913096
-0.482336
-0.134692
0.083436
0.181831
0.196213
0.165396
0.119282
0.0757072
0.042337
0.0203083
0.0075874
0.00126148
-0.00126195
-0.00183832
-0.0016007
-0.00114327
-0.000723118
-0.000417083
-0.000222066
-0.00010945
-4.96682e-05
-2.03946e-05
-7.2479e-06
-1.93696e-06
-1.03346e-07
3.51302e-07
3.45606e-07
2.36264e-07
1.37733e-07
7.26492e-08
3.55362e-08
1.63061e-08
7.05219e-09
2.87446e-09
1.0986e-09
3.88758e-10
1.23824e-10
3.30139e-11
5.50203e-12
-1.09981e-12
-1.75183e-12
-1.18449e-12
-6.37641e-13
-3.04659e-13
-1.34325e-13
-5.56327e-14
-2.18344e-14
-8.15179e-15
-2.89596e-15
-9.75656e-16
-3.0925e-16
-9.14359e-17
-1.99394e-17
100.027
99.9077
99.9754
100.209
100.058
99.6819
99.8444
100.398
100.336
99.6059
99.4072
100.226
100.854
100.184
99.0542
99.1771
100.608
101.45
100.357
98.4914
98.2647
100.332
102.521
102.088
98.8859
95.9697
96.8639
101.975
107.37
106.968
96.4097
75.7932
49.6231
24.3685
5.4033
-4.94998
-7.5763
-5.34382
-1.4633
1.72917
3.21425
3.07408
1.96816
0.631327
-0.427126
-1.00313
-1.13082
-0.963393
-0.669933
-0.376556
-0.150037
-0.0079478
0.0615408
0.0814826
0.0743266
0.0565812
0.0379881
0.0229422
0.0124937
0.00604904
0.00248723
0.000740899
1.14217e-05
-0.000214363
-0.000227264
-0.000172478
-0.00011186
-6.54298e-05
-3.53032e-05
-1.77453e-05
-8.3318e-06
-3.64113e-06
-1.46353e-06
-5.2587e-07
-1.56656e-07
-2.82275e-08
7.55534e-09
1.23091e-08
9.13059e-09
5.41607e-09
2.8489e-09
1.37971e-09
6.25833e-10
2.68076e-10
1.0878e-10
4.17803e-11
1.51097e-11
5.08366e-12
1.55043e-12
4.01968e-13
6.99467e-14
-7.22907e-15
-1.56094e-14
-1.04933e-14
-5.48333e-15
-2.52712e-15
-1.07294e-15
-4.263e-16
-1.64758e-16
-4.79767e-17
100.041
99.9591
99.8771
100.104
100.225
99.8723
99.6437
100.079
100.501
100.082
99.3939
99.6197
100.565
100.778
99.7607
98.8941
99.5474
101.031
101.342
99.8145
98.1809
98.5951
100.955
102.734
101.624
98.1971
95.75
97.357
102.756
107.754
106.611
95.571
75.0979
49.5744
25.0099
6.33543
-4.275
-7.52143
-5.91918
-2.37852
0.874733
2.73503
3.09023
2.40789
1.30779
0.279614
-0.421486
-0.749686
-0.785399
-0.65141
-0.456831
-0.273199
-0.133875
-0.0447893
0.00274278
0.0220503
0.0253247
0.0213402
0.0153371
0.00986164
0.00578179
0.00310834
0.00152508
0.000669985
0.000250145
6.62053e-05
-1.98079e-06
-1.96743e-05
-1.88317e-05
-1.3307e-05
-8.12227e-06
-4.5018e-06
-2.31495e-06
-1.11551e-06
-5.05541e-07
-2.15193e-07
-8.54373e-08
-3.11194e-08
-1.00085e-08
-2.54744e-09
-2.67038e-10
2.45055e-10
2.49949e-10
1.60838e-10
8.68652e-11
4.23337e-11
1.91646e-11
8.17089e-12
3.30271e-12
1.26849e-12
4.62319e-13
1.59011e-13
5.09844e-14
1.4848e-14
3.6837e-15
6.15761e-16
-6.02769e-17
-1.2446e-16
-8.48342e-17
-3.36531e-17
100.027
100.03
99.8688
99.9478
100.229
100.118
99.6931
99.7521
100.329
100.444
99.7628
99.3334
99.9619
100.803
100.518
99.3433
98.9241
100.03
101.339
101.043
99.2419
98.0293
99.0834
101.566
102.792
101.027
97.5158
95.6514
97.9691
103.569
108.084
106.169
94.6659
74.3675
49.5171
25.6723
7.33167
-3.48924
-7.33554
-6.39763
-3.28843
-0.0961198
2.03161
2.82691
2.58178
1.79146
0.898858
0.17871
-0.267578
-0.459304
-0.47241
-0.39043
-0.278189
-0.174471
-0.0957981
-0.0442328
-0.0147655
-0.000438987
0.00492253
0.00574695
0.00474157
0.00332117
0.00208685
0.00120329
0.000642715
0.000318459
0.00014546
6.01421e-05
2.14993e-05
5.74137e-06
2.47589e-07
-1.12612e-06
-1.10445e-06
-7.61642e-07
-4.49407e-07
-2.40393e-07
-1.19447e-07
-5.57755e-08
-2.46025e-08
-1.02593e-08
-4.03057e-09
-1.47805e-09
-4.95815e-10
-1.45129e-10
-3.20066e-11
-1.16451e-12
4.35509e-12
3.60174e-12
2.10619e-12
1.06013e-12
4.86712e-13
2.08895e-13
8.48409e-14
3.28067e-14
1.21075e-14
4.26264e-15
1.42632e-15
4.49956e-16
1.32784e-16
2.90198e-17
99.9991
100.073
99.939
99.8433
100.097
100.261
99.9168
99.6162
99.9872
100.494
100.22
99.4794
99.4656
100.352
100.862
100.113
99.0242
99.1623
100.552
101.468
100.573
98.7084
98.0745
99.7039
102.112
102.668
100.312
96.8756
95.6963
98.7013
104.401
108.344
105.632
93.6882
73.5982
49.4492
26.3558
8.39585
-2.58197
-6.99696
-6.74459
-4.14936
-1.14184
1.12726
2.27365
2.43685
1.98819
1.30628
0.659795
0.182093
-0.100331
-0.222029
-0.238549
-0.201276
-0.146695
-0.0954292
-0.0559616
-0.0294126
-0.0134741
-0.00493148
-0.00093174
0.000590106
0.000930879
0.000808954
0.000571678
0.000358112
0.000205483
0.000109612
5.46978e-05
2.55444e-05
1.11033e-05
4.42725e-06
1.56521e-06
4.4649e-07
6.37368e-08
-3.7706e-08
-4.65243e-08
-3.30349e-08
-1.93597e-08
-1.0171e-08
-4.94665e-09
-2.26115e-09
-9.78765e-10
-4.02414e-10
-1.57083e-10
-5.79776e-11
-2.00404e-11
-6.35908e-12
-1.7695e-12
-3.75747e-13
-1.77182e-14
4.23832e-14
3.414e-14
1.91399e-14
9.20961e-15
4.03901e-15
1.65626e-15
6.40782e-16
2.41865e-16
6.91427e-17
99.9758
100.07
100.033
99.8402
99.9305
100.24
100.154
99.7112
99.7012
100.265
100.49
99.8905
99.3358
99.7742
100.682
100.705
99.6442
98.887
99.5858
101.022
101.374
99.9786
98.2892
98.3378
100.413
102.536
102.345
99.5044
96.3143
95.906
99.5516
105.237
108.521
104.99
92.6308
72.7853
49.3677
27.0596
9.53113
-1.54242
-6.48196
-6.91913
-4.90394
-2.19679
0.0814351
1.46744
1.97508
1.86027
1.42871
0.924251
0.491663
0.187137
0.00854719
-0.0738661
-0.0955646
-0.0860689
-0.0652203
-0.0439786
-0.0269803
-0.0151744
-0.00780382
-0.00361399
-0.00144521
-0.000436788
-3.22254e-05
9.0862e-05
0.000100929
7.65606e-05
4.92615e-05
2.85947e-05
1.53628e-05
7.73307e-06
3.66667e-06
1.63898e-06
6.88095e-07
2.68625e-07
9.53841e-08
2.92134e-08
6.47323e-09
-7.98926e-11
-1.27901e-09
-1.05135e-09
-6.37905e-10
-3.36283e-10
-1.62147e-10
-7.31277e-11
-3.11909e-11
-1.26495e-11
-4.88588e-12
-1.79465e-12
-6.23545e-13
-2.02607e-13
-6.01186e-14
-1.53925e-14
-2.80513e-15
9.7366e-17
4.55866e-16
3.11444e-16
1.68607e-16
6.10309e-17
99.9685
100.032
100.096
99.9194
99.8248
100.098
100.277
99.9398
99.6118
99.9353
100.468
100.295
99.5656
99.4007
100.181
100.845
100.349
99.2228
98.9853
100.128
101.345
101.046
99.3349
98.0567
98.8179
101.148
102.784
101.816
98.6407
95.8737
96.2995
100.514
106.059
108.596
104.229
91.4852
71.9226
49.2681
27.7815
10.7399
-0.35885
-5.76254
-6.87043
-5.47624
-3.16484
-1.00172
0.504268
1.26912
1.44725
1.27027
0.94547
0.613103
0.344439
0.159664
0.0498945
-0.00507768
-0.0258629
-0.0285242
-0.0235447
-0.0167368
-0.0107318
-0.00633093
-0.00346415
-0.00175954
-0.000824075
-0.000349319
-0.000127915
-3.4858e-05
-1.33278e-06
7.42074e-06
7.41767e-06
5.24436e-06
3.17807e-06
1.7479e-06
8.93947e-07
4.30229e-07
1.95941e-07
8.4581e-08
3.45347e-08
1.32501e-08
4.70957e-09
1.50342e-09
3.97555e-10
6.12608e-11
-1.86718e-11
-2.52283e-11
-1.69114e-11
-9.19679e-12
-4.47103e-12
-2.01474e-12
-8.56019e-13
-3.45979e-13
-1.3362e-13
-4.93905e-14
-1.74581e-14
-5.88009e-15
-1.87242e-15
-5.55908e-16
-1.49354e-16
-2.82497e-17
99.9773
99.9843
100.103
100.024
99.8194
99.9334
100.248
100.16
99.721
99.6894
100.228
100.494
99.9639
99.3714
99.6759
100.563
100.773
99.8701
98.9631
99.3237
100.687
101.438
100.51
98.7376
98.0692
99.4858
101.835
102.804
101.092
97.7688
95.5985
96.8929
101.577
106.844
108.548
103.334
90.24
71.0011
49.1436
28.5183
12.0252
0.983416
-4.80476
-6.53736
-5.77354
-3.92402
-1.98075
-0.469918
0.453303
0.858784
0.908831
0.768852
0.563792
0.368338
0.215525
0.111397
0.0484157
0.01477
-0.000554153
-0.00580395
-0.00629484
-0.005025
-0.00345237
-0.00214629
-0.00123384
-0.000662535
-0.000333526
-0.000157179
-6.88254e-05
-2.75062e-05
-9.61824e-06
-2.59227e-06
-2.09104e-07
3.85784e-07
3.95197e-07
2.72289e-07
1.59362e-07
8.4512e-08
4.1714e-08
1.94179e-08
8.58205e-09
3.61153e-09
1.44693e-09
5.50113e-10
1.96967e-10
6.53953e-11
1.94728e-11
4.76113e-12
6.33042e-13
-2.4597e-13
-2.8181e-13
-1.7538e-13
-8.96917e-14
-4.1196e-14
-1.75784e-14
-7.0801e-15
-2.71418e-15
-9.91655e-16
-3.53691e-16
-9.62612e-17
99.9945
99.952
100.064
100.1
99.8939
99.8261
100.116
100.272
99.9332
99.6216
99.9292
100.443
100.309
99.6212
99.399
100.084
100.788
100.462
99.3949
98.9529
99.8471
101.138
101.254
99.8398
98.2919
98.3597
100.282
102.387
102.558
100.198
96.9484
95.535
97.6975
102.724
107.566
108.352
102.286
88.8805
70.0096
48.9865
29.2669
13.3912
2.50014
-3.57434
-5.85937
-5.70345
-4.35003
-2.70616
-1.2928
-0.312035
0.239738
0.464295
0.485129
0.40599
0.296771
0.195592
0.117619
0.0645479
0.0319288
0.0137302
0.00459355
0.000592362
-0.000796874
-0.00102527
-0.000839154
-0.000574103
-0.000352454
-0.000199834
-0.000106091
-5.30893e-05
-2.50947e-05
-1.11855e-05
-4.67111e-06
-1.80143e-06
-6.21469e-07
-1.76275e-07
-2.80738e-08
1.08129e-08
1.48143e-08
1.05646e-08
6.14136e-09
3.1929e-09
1.53754e-09
6.97237e-10
3.00291e-10
1.23341e-10
4.83676e-11
1.80788e-11
6.40866e-12
2.13223e-12
6.5193e-13
1.74527e-13
3.5203e-14
1.01754e-15
-4.23136e-15
-3.23092e-15
-1.76309e-15
-8.27618e-16
-3.69211e-16
-1.20296e-16
100.011
99.9451
100.007
100.122
99.997
99.8084
99.9619
100.255
100.133
99.7176
99.7143
100.225
100.468
99.976
99.4125
99.6599
100.487
100.761
99.9876
99.0657
99.2229
100.444
101.364
100.798
99.1455
98.0964
98.9237
101.118
102.716
102.025
99.1857
96.2504
95.7288
98.7176
103.93
108.189
107.977
101.062
87.3902
68.9357
48.7879
30.0218
14.8361
4.19557
-2.05563
-4.80201
-5.20608
-4.35454
-3.06389
-1.8326
-0.888701
-0.277021
0.0546783
0.19162
0.214417
0.183174
0.135368
0.0903255
0.0554288
0.0315122
0.0165958
0.00803089
0.0034939
0.00129199
0.000333297
-2.08685e-05
-0.000111995
-0.000106258
-7.58129e-05
-4.70816e-05
-2.67032e-05
-1.4131e-05
-7.05263e-06
-3.33735e-06
-1.49994e-06
-6.39377e-07
-2.57161e-07
-9.6509e-08
-3.30145e-08
-9.73856e-09
-2.05504e-09
6.21812e-11
4.18228e-10
3.30851e-10
1.9601e-10
1.01481e-10
4.82595e-11
2.15519e-11
9.14189e-12
3.70594e-12
1.44007e-12
5.36803e-13
1.91693e-13
6.53232e-14
2.10781e-14
6.34592e-15
1.72761e-15
3.95653e-16
5.13543e-17
-8.84483e-18
100.02
99.9596
99.9584
100.095
100.08
99.8642
99.8529
100.148
100.244
99.8973
99.6462
99.9682
100.425
100.269
99.6363
99.4424
100.069
100.727
100.469
99.4928
99.0002
99.7257
100.963
101.282
100.136
98.5649
98.2226
99.7107
101.877
102.742
101.215
98.127
95.7549
96.2212
99.9468
105.158
108.672
107.388
99.6353
85.7492
67.7623
48.5302
30.7618
16.3333
6.0386
-0.279844
-3.38891
-4.28879
-3.92215
-3.0137
-2.02729
-1.19986
-0.608638
-0.239527
-0.0399064
0.0484551
0.0734749
0.0682056
0.0523081
0.0357254
0.0223891
0.0130562
0.00712858
0.00364762
0.00174182
0.000767165
0.000303395
0.000100556
2.13265e-05
-4.2786e-06
-9.23201e-06
-7.70438e-06
-5.06552e-06
-2.9436e-06
-1.57494e-06
-7.90689e-07
-3.76165e-07
-1.7045e-07
-7.37155e-08
-3.04139e-08
-1.19333e-08
-4.42134e-09
-1.52539e-09
-4.75931e-10
-1.24773e-10
-2.04738e-11
4.12679e-12
6.48351e-12
4.36984e-12
2.35441e-12
1.13e-12
5.02369e-13
2.1067e-13
8.41212e-14
3.21393e-14
1.17716e-14
4.13149e-15
1.38382e-15
4.46373e-16
1.09618e-16
100.02
99.9842
99.9347
100.042
100.119
99.9526
99.8162
100.015
100.251
100.072
99.7092
99.7774
100.252
100.412
99.9313
99.4533
99.7169
100.463
100.696
99.9949
99.148
99.2465
100.335
101.252
100.875
99.3954
98.2377
98.6943
100.62
102.43
102.406
100.167
97.1198
95.5473
97.0453
101.366
106.364
108.964
106.544
97.9741
83.9269
66.4538
48.1677
31.4275
17.8074
7.93842
1.65202
-1.7222
-3.044
-3.12597
-2.60347
-1.89839
-1.24396
-0.73658
-0.38984
-0.177425
-0.0611302
-0.00574476
0.0152621
0.0192867
0.0164265
0.0118223
0.00766242
0.00459316
0.00257995
0.00136668
0.00068434
0.000323501
0.00014358
5.90991e-05
2.19685e-05
6.90199e-06
1.42806e-06
-2.15031e-07
-5.02068e-07
-4.03932e-07
-2.54175e-07
-1.4127e-07
-7.23623e-08
-3.48347e-08
-1.5921e-08
-6.9461e-09
-2.89991e-09
-1.15866e-09
-4.42071e-10
-1.60203e-10
-5.45678e-11
-1.71093e-11
-4.71042e-12
-9.85735e-13
-3.85803e-14
1.17316e-13
9.34806e-14
5.25788e-14
2.55322e-14
1.13547e-14
4.74578e-15
1.88066e-15
7.34604e-16
2.18078e-16
100.015
100.008
99.936
99.9898
100.113
100.034
99.8428
99.9101
100.182
100.184
99.8431
99.697
100.045
100.4
100.178
99.6217
99.5289
100.125
100.669
100.384
99.5089
99.0927
99.7518
100.87
101.2
100.213
98.7506
98.2751
99.4692
101.504
102.649
101.687
98.9668
96.2847
95.7147
98.2228
102.943
107.487
109.006
105.39
96.024
81.8618
64.9345
47.6058
31.9027
19.1201
9.73754
3.56948
0.0245254
-1.63685
-2.11191
-1.9523
-1.535
-1.08114
-0.6963
-0.412945
-0.224967
-0.111029
-0.0478336
-0.0160898
-0.00209525
0.00284154
0.00370765
0.00308431
0.00215019
0.0013489
0.000784005
0.000428285
0.000221563
0.000108939
5.0947e-05
2.26161e-05
9.47623e-06
3.70448e-06
1.31903e-06
4.03962e-07
8.74984e-08
-4.13982e-09
-2.06121e-08
-1.68049e-08
-1.03514e-08
-5.58638e-09
-2.77284e-09
-1.29377e-09
-5.73947e-10
-2.43614e-10
-9.92671e-11
-3.88814e-11
-1.4632e-11
-5.27754e-12
-1.81515e-12
-5.89663e-13
-1.77653e-13
-4.77202e-14
-1.02374e-14
-9.17762e-16
7.12098e-16
6.2043e-16
3.61703e-16
1.35012e-16
100.007
100.023
99.954
99.9539
100.079
100.085
99.9041
99.8561
100.082
100.218
99.9838
99.717
99.8797
100.286
100.315
99.846
99.5107
99.8392
100.476
100.578
99.9065
99.2083
99.3739
100.36
101.143
100.781
99.4532
98.3858
98.7249
100.427
102.182
102.426
100.615
97.7429
95.7646
96.3426
99.7601
104.624
108.446
108.707
103.835
93.6858
79.4402
63.0719
46.6922
32.0162
20.0834
11.2344
5.26339
1.64299
-0.264933
-1.05766
-1.21111
-1.05787
-0.802255
-0.551826
-0.350877
-0.207974
-0.115139
-0.0593097
-0.0280903
-0.0118943
-0.00418264
-0.000901376
0.000261064
0.000518828
0.000454575
0.000317585
0.000196773
0.000112414
6.03124e-05
3.06877e-05
1.48869e-05
6.9028e-06
3.06044e-06
1.29507e-06
5.20671e-07
1.97086e-07
6.90044e-08
2.15045e-08
5.35991e-09
5.80123e-10
-4.68442e-10
-4.81694e-10
-3.09008e-10
-1.66729e-10
-8.15299e-11
-3.72358e-11
-1.61211e-11
-6.66987e-12
-2.64873e-12
-1.01166e-12
-3.71689e-13
-1.31136e-13
-4.4246e-14
-1.41665e-14
-4.2394e-15
-1.1532e-15
-2.60514e-16
-3.23346e-17
99.9993
100.028
99.9777
99.9393
100.036
100.101
99.9703
99.8514
99.9924
100.192
100.088
99.7974
99.7891
100.138
100.341
100.043
99.6098
99.669
100.228
100.588
100.217
99.4704
99.2369
99.9058
100.849
101.028
100.092
98.8174
98.4475
99.5367
101.371
102.463
101.709
99.2936
96.6806
95.7224
97.5047
101.632
106.311
109.108
107.922
101.725
90.7987
76.4907
60.6846
45.2382
31.5748
20.5014
12.2319
6.53818
2.94333
0.89323
-0.124434
-0.519009
-0.581368
-0.496691
-0.369577
-0.250513
-0.157841
-0.0933713
-0.052094
-0.0274315
-0.0135911
-0.00628314
-0.00266203
-0.0009921
-0.000288539
-2.92132e-05
4.41845e-05
4.99202e-05
3.71107e-05
2.33688e-05
1.3341e-05
7.10241e-06
3.57648e-06
1.71686e-06
7.89078e-07
3.47935e-07
1.47219e-07
5.96778e-08
2.30842e-08
8.45582e-09
2.89106e-09
8.95596e-10
2.33336e-10
3.78693e-11
-7.97915e-12
-1.229e-11
-8.29131e-12
-4.48984e-12
-2.17225e-12
-9.76368e-13
-4.15295e-13
-1.68834e-13
-6.59773e-14
-2.48618e-14
-9.04897e-15
-3.17448e-15
-1.09597e-15
-2.92209e-16
99.9945
100.026
99.9985
99.9421
99.9987
100.091
100.022
99.8793
99.9324
100.134
100.141
99.8944
99.7702
100.008
100.289
100.171
99.7574
99.6173
100.009
100.478
100.392
99.7581
99.289
99.6034
100.478
101.008
100.529
99.3467
98.5363
98.9822
100.539
102.046
102.194
100.538
97.9219
96.0186
96.3215
99.2323
103.744
107.829
109.258
106.426
98.8402
87.1498
72.8103
57.5823
43.0689
30.4192
20.2279
12.5935
7.26399
3.80136
1.72037
0.58005
0.0287894
-0.186004
-0.22943
-0.199553
-0.148544
-0.10026
-0.0629045
-0.0371533
-0.0207965
-0.0110678
-0.00560371
-0.00269389
-0.00122313
-0.000518873
-0.000201171
-6.77263e-05
-1.68004e-05
-1.5596e-07
3.63562e-06
3.36805e-06
2.27328e-06
1.33178e-06
7.14941e-07
3.60191e-07
1.72435e-07
7.89955e-08
3.47711e-08
1.47359e-08
6.01623e-09
2.36419e-09
8.91944e-10
3.21466e-10
1.09693e-10
3.48462e-11
9.94757e-12
2.32286e-12
2.79229e-13
-1.29905e-13
-1.36794e-13
-8.2608e-14
-4.14634e-14
-1.88143e-14
-7.98013e-15
-3.20092e-15
-1.26565e-15
-3.79734e-16
99.9925
100.02
100.012
99.9548
99.9752
100.067
100.051
99.9198
99.906
100.071
100.15
99.9771
99.7998
99.9214
100.203
100.224
99.8979
99.6509
99.863
100.322
100.441
99.9919
99.4446
99.4665
100.148
100.829
100.74
99.813
98.8293
98.7603
99.8809
101.446
102.2
101.323
99.0903
96.7986
96.0208
97.6761
101.457
105.883
108.883
108.583
103.925
94.9221
82.5219
68.2237
53.6301
40.0859
28.4808
19.2152
12.2829
7.40756
4.18204
2.178
1.01485
0.391297
0.0898587
-0.0341056
-0.0694957
-0.0665995
-0.0512353
-0.0350173
-0.0220789
-0.013076
-0.00734518
-0.00393495
-0.00201622
-0.000989041
-0.000464101
-0.000207715
-8.81457e-05
-3.50703e-05
-1.27949e-05
-4.06842e-06
-9.59612e-07
-1.40956e-08
1.81432e-07
1.60879e-07
1.03625e-07
5.79667e-08
2.97495e-08
1.43492e-08
6.58663e-09
2.89788e-09
1.22707e-09
5.0118e-10
1.97601e-10
7.51659e-11
2.75306e-11
9.6701e-12
3.23407e-12
1.0165e-12
2.92617e-13
7.25799e-14
1.25264e-14
-8.12643e-16
-2.27481e-15
-1.50596e-15
-8.0677e-16
-2.91639e-16
99.9925
100.012
100.018
99.9702
99.9651
100.042
100.06
99.9579
99.9057
100.021
100.13
100.031
99.8507
99.8808
100.117
100.221
100.001
99.7266
99.7931
100.175
100.404
100.14
99.6255
99.458
99.9166
100.596
100.772
100.14
99.1787
98.7817
99.4663
100.865
101.926
101.68
99.9779
97.7002
96.2844
96.9021
99.7688
103.944
107.676
109.059
106.698
100.106
89.7422
76.7671
62.6534
48.8085
36.314
25.8141
17.5332
11.3719
7.03286
4.13538
2.3002
1.19927
0.57609
0.245787
0.0842885
0.0137248
-0.011639
-0.0168382
-0.0145101
-0.010396
-0.00670621
-0.00402086
-0.00227645
-0.0012278
-0.000634106
-0.000314513
-0.000150017
-6.88124e-05
-3.03102e-05
-1.27786e-05
-5.12523e-06
-1.93414e-06
-6.72264e-07
-2.05162e-07
-4.74927e-08
-1.90997e-09
7.1111e-09
6.26539e-09
3.91291e-09
2.11265e-09
1.04571e-09
4.867e-10
2.15816e-10
9.18607e-11
3.76998e-11
1.49566e-11
5.74318e-12
2.13481e-12
7.6742e-13
2.66175e-13
8.87025e-14
2.81965e-14
8.43652e-15
2.3208e-15
5.48406e-16
7.99536e-17
99.9937
100.006
100.019
99.9834
99.9649
100.021
100.056
99.9858
99.9199
99.9899
100.1
100.057
99.9018
99.8754
100.051
100.187
100.06
99.8089
99.7818
100.065
100.328
100.208
99.7811
99.5235
99.7903
100.383
100.696
100.319
99.487
98.9355
99.2731
100.412
101.55
101.726
100.536
98.495
96.8083
96.7007
98.717
102.365
106.254
108.603
107.872
103.23
94.7293
83.1883
69.8791
56.172
43.2441
31.9121
22.5918
15.3519
10.016
6.27261
3.76758
2.16662
1.18924
0.61979
0.303896
0.137827
0.0557904
0.018318
0.00301835
-0.00208728
-0.0029999
-0.00249454
-0.00171973
-0.00106797
-0.000617348
-0.000337624
-0.000176292
-8.83679e-05
-4.26631e-05
-1.98751e-05
-8.94083e-06
-3.88257e-06
-1.62515e-06
-6.53748e-07
-2.51411e-07
-9.1584e-08
-3.10695e-08
-9.47298e-09
-2.36174e-09
-3.01732e-10
1.52465e-10
1.70978e-10
1.10384e-10
5.92921e-11
2.88163e-11
1.30956e-11
5.65576e-12
2.34235e-12
9.35223e-13
3.61121e-13
1.35083e-13
4.89787e-14
1.72077e-14
5.83818e-15
1.94484e-15
5.01578e-16
99.9952
100.003
100.017
99.9925
99.97
100.007
100.046
100.002
99.9387
99.9755
100.07
100.063
99.9415
99.8899
100.01
100.145
100.082
99.8767
99.8043
99.9997
100.246
100.218
99.8901
99.615
99.7469
100.224
100.578
100.383
99.7107
99.1297
99.237
100.117
101.192
101.597
100.811
99.0838
97.3726
96.8366
98.1865
101.253
104.974
107.765
108.075
104.875
97.9172
87.7177
75.3305
62.0291
49.0109
37.1965
27.1444
19.0659
12.9002
8.41341
5.29106
3.20869
1.8757
1.05595
0.571517
0.296532
0.146797
0.0687868
0.0300777
0.011928
0.004002
0.000871054
-0.00016965
-0.000388536
-0.000337232
-0.000231406
-0.000141064
-7.96344e-05
-4.24564e-05
-2.16072e-05
-1.05641e-05
-4.98155e-06
-2.2711e-06
-1.00234e-06
-4.28435e-07
-1.77275e-07
-7.09048e-08
-2.73393e-08
-1.01146e-08
-3.56213e-09
-1.17728e-09
-3.54927e-10
-9.11087e-11
-1.53395e-11
2.18908e-12
3.99996e-12
2.71211e-12
1.45722e-12
6.98142e-13
3.10958e-13
1.31313e-13
5.31309e-14
2.07363e-14
7.80805e-15
2.92743e-15
8.45775e-16
99.9966
100
100.013
99.9975
99.9766
100
100.035
100.008
99.9556
99.9729
100.047
100.056
99.9669
99.9115
99.9913
100.106
100.081
99.9227
99.8393
99.9706
100.18
100.196
99.9525
99.701
99.755
100.126
100.461
100.374
99.8467
99.3064
99.2887
99.9599
100.911
101.403
100.892
99.4591
97.8541
97.1179
98.0113
100.568
103.987
106.888
107.787
105.568
99.7846
90.7173
79.2187
66.4411
53.553
41.5231
31.0055
22.3213
15.5092
10.4103
6.75593
4.24163
2.57747
1.5162
0.863349
0.475665
0.253349
0.13025
0.0644796
0.0306167
0.0138563
0.00591291
0.00233177
0.000813431
0.000221083
1.85374e-05
-3.37334e-05
-3.57658e-05
-2.56199e-05
-1.56978e-05
-8.78211e-06
-4.6113e-06
-2.30502e-06
-1.10587e-06
-5.1181e-07
-2.2923e-07
-9.95531e-08
-4.19695e-08
-1.71816e-08
-6.82796e-09
-2.63096e-09
-9.80828e-10
-3.52489e-10
-1.21385e-10
-3.96463e-11
-1.20514e-11
-3.27463e-12
-7.10726e-13
-6.24079e-14
5.34164e-14
4.76309e-14
2.73e-14
1.33025e-14
5.88334e-15
2.53256e-15
8.11303e-16
99.9976
99.9998
100.01
99.9993
99.9826
99.9984
100.025
100.009
99.968
99.9767
100.033
100.045
99.9797
99.9319
99.9868
100.079
100.069
99.9482
99.8732
99.9654
100.134
100.164
99.9793
99.7667
99.7867
100.077
100.369
100.332
99.9128
99.4399
99.3732
99.9004
100.722
101.214
100.863
99.6613
98.2077
97.4184
98.0377
100.207
103.31
106.144
107.323
105.716
100.763
92.5766
81.8448
69.5996
56.9554
44.8905
34.1141
25.0248
17.7401
12.1662
8.07964
5.20043
3.24654
1.96698
1.15711
0.661115
0.366905
0.197769
0.103495
0.0525434
0.0258476
0.0122969
0.00564113
0.00248389
0.00104197
0.000411083
0.000148784
4.66434e-05
1.04432e-05
-4.46963e-07
-2.57757e-06
-2.20046e-06
-1.42134e-06
-8.07425e-07
-4.23748e-07
-2.10091e-07
-9.95856e-08
-4.54519e-08
-2.00633e-08
-8.58987e-09
-3.57339e-09
-1.44585e-09
-5.69201e-10
-2.17969e-10
-8.11143e-11
-2.92812e-11
-1.02228e-11
-3.43498e-12
-1.10196e-12
-3.32771e-13
-9.19887e-14
-2.17713e-14
-3.43213e-15
3.71418e-16
7.57895e-16
3.69236e-16
99.9982
99.9999
100.007
99.9993
99.9869
99.9991
100.019
100.006
99.9756
99.9826
100.025
100.034
99.984
99.9474
99.9902
100.062
100.054
99.9588
99.8994
99.9725
100.108
100.132
99.9839
99.8095
99.8231
100.061
100.307
100.283
99.9332
99.5272
99.4568
99.898
100.612
101.064
100.787
99.7458
98.4371
97.6731
98.1519
100.059
102.893
105.589
106.861
105.601
101.195
93.6487
83.5252
71.7534
59.3868
47.3902
36.4987
27.1608
19.5515
13.6291
9.20996
6.03901
3.84563
2.38013
1.43269
0.839214
0.478584
0.265801
0.143801
0.0757876
0.0389063
0.0194485
0.00946109
0.00447476
0.00205468
0.000913951
0.000392545
0.000161976
6.36871e-05
2.35228e-05
7.93557e-06
2.28578e-06
4.37492e-07
-6.18216e-08
-1.35536e-07
-1.035e-07
-6.23296e-08
-3.3427e-08
-1.66612e-08
-7.87434e-09
-3.56766e-09
-1.55981e-09
-6.60828e-10
-2.72031e-10
-1.08998e-10
-4.25536e-11
-1.61946e-11
-6.00742e-12
-2.17073e-12
-7.6306e-13
-2.60367e-13
-8.59364e-14
-2.72811e-14
-8.25263e-15
-2.35917e-15
-5.06524e-16
99.9985
100
100.006
99.9985
99.9896
100.001
100.016
100.003
99.9794
99.9882
100.023
100.026
99.9835
99.9574
99.9964
100.053
100.041
99.9605
99.9166
99.9836
100.095
100.108
99.9776
99.8332
99.8541
100.063
100.271
100.24
99.929
99.5763
99.5235
99.9216
100.558
100.958
100.706
99.7619
98.5686
97.8606
98.2841
100.031
102.664
105.216
106.481
105.395
101.325
94.2145
84.542
73.155
61.0503
49.1686
38.252
28.7776
20.9593
14.7944
10.1315
6.73822
4.35616
2.7398
1.67772
1.00093
0.582151
0.330247
0.182813
0.0987853
0.0521207
0.0268553
0.0135137
0.00664057
0.0031858
0.00149149
0.000680938
0.000302848
0.000131011
5.50036e-05
2.23374e-05
8.73045e-06
3.25739e-06
1.14394e-06
3.67855e-07
1.0144e-07
1.88878e-08
-2.17749e-09
-5.03219e-09
-3.71368e-09
-2.15029e-09
-1.108e-09
-5.30796e-10
-2.4128e-10
-1.05232e-10
-4.43299e-11
-1.8114e-11
-7.19944e-12
-2.78828e-12
-1.05343e-12
-3.88458e-13
-1.3982e-13
-4.91103e-14
-1.6779e-14
-5.6904e-15
-1.50614e-15
99.9986
100.001
100.005
99.9975
99.991
100.002
100.014
100
99.9808
99.9924
100.022
100.02
99.9811
99.9628
100.002
100.05
100.031
99.958
99.9263
99.994
100.092
100.093
99.968
99.8438
99.8763
100.073
100.253
100.208
99.9152
99.5995
99.5697
99.9515
100.539
100.893
100.638
99.7461
98.6337
97.9842
98.3988
100.058
102.556
104.985
106.205
105.189
101.31
94.4797
85.1214
74.0246
62.1394
50.3808
39.4869
29.9491
22.0055
15.6808
10.8481
7.29335
4.7697
3.03687
1.884
1.13966
0.67267
0.387633
0.218206
0.120046
0.0645716
0.0339706
0.0174844
0.00880605
0.00434057
0.00209397
0.000988607
0.000456701
0.000206373
9.11731e-05
3.93499e-05
1.65735e-05
6.80161e-06
2.71378e-06
1.04931e-06
3.9127e-07
1.39613e-07
4.70421e-08
1.45915e-08
3.92806e-09
7.51235e-10
-3.64534e-11
-1.4729e-10
-1.0899e-10
-6.16385e-11
-3.08186e-11
-1.42951e-11
-6.28794e-12
-2.65401e-12
-1.0825e-12
-4.28572e-13
-1.65175e-13
-6.21177e-14
-2.27454e-14
-8.34865e-15
-2.38226e-15
99.9986
100.001
100.005
99.9967
99.9915
100.004
100.014
99.9982
99.9808
99.9951
100.023
100.017
99.9783
99.9652
100.007
100.05
100.025
99.9543
99.9309
100.002
100.092
100.083
99.9589
99.8468
99.8904
100.083
100.247
100.188
99.9002
99.6072
99.5982
99.9782
100.538
100.858
100.589
99.7201
98.659
98.0581
98.4849
100.102
102.517
104.855
106.02
105.02
101.241
94.5804
85.4301
74.5404
62.8259
51.1782
40.3273
30.7694
22.7568
16.3322
11.386
7.71841
5.09245
3.27303
2.05095
1.25393
0.748527
0.436553
0.248896
0.138798
0.0757428
0.0404654
0.0211727
0.0108533
0.00545218
0.00268471
0.00129605
0.000613468
0.000284729
0.000129577
5.78131e-05
2.52833e-05
1.0834e-05
4.54642e-06
1.86701e-06
7.49491e-07
2.93696e-07
1.12111e-07
4.15662e-08
1.49026e-08
5.13153e-09
1.6778e-09
5.10038e-10
1.37715e-10
2.88627e-11
1.56751e-12
-3.02109e-12
-2.48573e-12
-1.41952e-12
-7.00604e-13
-3.18087e-13
-1.36422e-13
-5.60749e-14
-2.21627e-14
-8.76031e-15
-2.65531e-15
99.9985
100.002
100.005
99.9961
99.9916
100.005
100.014
99.997
99.9803
99.9966
100.025
100.016
99.9762
99.9659
100.01
100.051
100.022
99.951
99.9324
100.007
100.095
100.079
99.9522
99.8462
99.8981
100.092
100.246
100.177
99.888
99.6072
99.6136
99.9978
100.544
100.841
100.557
99.6956
98.6638
98.0977
98.5422
100.145
102.512
104.789
105.906
104.899
101.166
94.601
85.5807
74.8299
63.2387
51.6801
40.8751
31.3198
23.2737
16.7904
11.7722
8.02962
5.33311
3.45224
2.1798
1.34358
0.809009
0.476181
0.274149
0.15447
0.0852248
0.0460641
0.0244018
0.012674
0.00645644
0.00322698
0.00158287
0.000762148
0.000360302
0.000167259
7.62529e-05
3.41418e-05
1.50134e-05
6.4833e-06
2.749e-06
1.1442e-06
4.6732e-07
1.87191e-07
7.34843e-08
2.82431e-08
1.06131e-08
3.89192e-09
1.38901e-09
4.80568e-10
1.60213e-10
5.09646e-11
1.52011e-11
4.10129e-12
9.10563e-13
1.04448e-13
-4.71425e-14
-4.79402e-14
-2.82059e-14
-1.37779e-14
-6.3717e-15
-2.14358e-15
99.9985
100.002
100.005
99.9957
99.9915
100.005
100.014
99.9962
99.9797
99.9974
100.026
100.015
99.9746
99.9658
100.012
100.052
100.021
99.9485
99.9325
100.01
100.097
100.077
99.9477
99.8443
99.9019
100.098
100.248
100.171
99.8794
99.6044
99.6211
100.011
100.551
100.834
100.538
99.6765
98.66
98.1169
98.578
100.178
102.521
104.759
105.84
104.818
101.102
94.5889
85.6467
74.9859
63.48
51.9884
41.2238
31.6805
23.6208
17.1049
12.0427
8.25162
5.50779
3.58449
2.27641
1.41185
0.855762
0.507269
0.29425
0.167125
0.0929918
0.0507159
0.0271232
0.0142304
0.00732732
0.00370408
0.00183892
0.000896856
0.000429807
0.00020245
9.37436e-05
4.26795e-05
1.91077e-05
8.41305e-06
3.64314e-06
1.55161e-06
6.49911e-07
2.677e-07
1.08416e-07
4.31593e-08
1.68825e-08
6.48584e-09
2.44552e-09
9.04195e-10
3.27426e-10
1.15933e-10
4.00444e-11
1.34488e-11
4.37017e-12
1.36342e-12
4.03069e-13
1.10145e-13
2.62555e-14
4.56536e-15
-2.08885e-16
-5.18146e-16
99.9984
100.002
100.005
99.9955
99.9913
100.006
100.014
99.9959
99.9793
99.9976
100.026
100.015
99.9737
99.9654
100.013
100.053
100.02
99.947
99.9319
100.012
100.099
100.077
99.9451
99.8424
99.9033
100.102
100.25
100.168
99.874
99.601
99.6238
100.019
100.558
100.833
100.528
99.6637
98.6536
98.1241
98.5977
100.201
102.533
104.749
105.806
104.769
101.055
94.5675
85.6689
75.0626
63.612
52.1673
41.4346
31.9054
23.8431
17.311
12.2236
8.40288
5.62892
3.67773
2.34561
1.46149
0.890264
0.530541
0.30951
0.176864
0.0990505
0.0543934
0.0293032
0.0154937
0.00804356
0.00410163
0.00205511
0.0010121
0.000490064
0.000233369
0.00010932
5.03877e-05
2.28559e-05
1.02047e-05
4.48532e-06
1.94101e-06
8.2707e-07
3.47027e-07
1.43383e-07
5.83364e-08
2.337e-08
9.21736e-09
3.57851e-09
1.3672e-09
5.13863e-10
1.89906e-10
6.89658e-11
2.45908e-11
8.59952e-12
2.94503e-12
9.85665e-13
3.21469e-13
1.01737e-13
3.10238e-14
9.12681e-15
2.0681e-15
99.9984
100.002
100.005
99.9955
99.9912
100.006
100.014
99.9958
99.979
99.9977
100.027
100.016
99.9733
99.965
100.013
100.054
100.02
99.9461
99.9314
100.012
100.1
100.077
99.9438
99.841
99.9036
100.104
100.252
100.168
99.871
99.5984
99.6245
100.023
100.563
100.834
100.523
99.6557
98.6482
98.1263
98.6084
100.215
102.543
104.747
105.789
104.739
101.025
94.5481
85.6736
75.0999
63.6844
52.2712
41.5616
32.045
23.9843
17.4447
12.3431
8.5046
5.71169
3.74241
2.39432
1.49693
0.915227
0.547604
0.320843
0.184191
0.103666
0.0572301
0.0310058
0.0164926
0.00861688
0.00442379
0.00223247
0.00110782
0.00054074
0.000259699
0.000122754
5.71209e-05
2.61727e-05
1.18111e-05
5.25053e-06
2.29966e-06
9.92514e-07
4.22163e-07
1.76987e-07
7.31401e-08
2.97955e-08
1.19658e-08
4.73723e-09
1.8488e-09
7.11219e-10
2.69659e-10
1.0075e-10
3.70848e-11
1.34438e-11
4.79782e-12
1.68469e-12
5.81608e-13
1.97265e-13
6.55133e-14
2.17278e-14
5.67688e-15
99.9984
100.002
100.005
99.9954
99.9911
100.006
100.015
99.9958
99.9787
99.9977
100.027
100.016
99.973
99.9647
100.013
100.054
100.02
99.9456
99.9309
100.013
100.101
100.077
99.9431
99.8399
99.9034
100.105
100.253
100.168
99.8694
99.5964
99.6241
100.025
100.566
100.835
100.521
99.6511
98.6438
98.1257
98.6131
100.224
102.55
104.749
105.782
104.724
101.005
94.5326
85.6698
75.1139
63.7191
52.3258
41.6322
32.1255
24.0684
17.5263
12.4177
8.56926
5.76525
3.78496
2.42685
1.52094
0.932383
0.559488
0.32884
0.189426
0.107005
0.059307
0.0322672
0.0172414
0.00905165
0.00467092
0.00237008
0.00118294
0.000580963
0.000280836
0.000133661
6.26502e-05
2.89277e-05
1.31608e-05
5.901e-06
2.60811e-06
1.1365e-06
4.88339e-07
2.06944e-07
8.6501e-08
3.56678e-08
1.45098e-08
5.82383e-09
2.30646e-09
9.01338e-10
3.47567e-10
1.32249e-10
4.9651e-11
1.83912e-11
6.7202e-12
2.42199e-12
8.60728e-13
3.01619e-13
1.03893e-13
3.60476e-14
9.85739e-15
99.9984
100.002
100.005
99.9954
99.9911
100.006
100.015
99.9958
99.9787
99.9976
100.027
100.016
99.973
99.9645
100.013
100.054
100.021
99.9455
99.9306
100.013
100.101
100.077
99.9429
99.8394
99.9031
100.105
100.254
100.168
99.8688
99.5954
99.6237
100.026
100.567
100.837
100.521
99.6488
98.6413
98.1248
98.6152
100.228
102.555
104.75
105.779
104.716
100.994
94.5228
85.666
75.1201
63.7376
52.3567
41.6735
32.1739
24.1199
17.5772
12.465
8.61095
5.80028
3.81317
2.44871
1.53729
0.944202
0.567773
0.334481
0.193162
0.109414
0.0608224
0.0331978
0.0177999
0.00937943
0.00485925
0.00247608
0.00124142
0.000612613
0.000297648
0.00014243
6.71433e-05
3.11908e-05
1.42817e-05
6.44709e-06
2.86996e-06
1.26009e-06
5.4579e-07
2.33251e-07
9.83706e-08
4.09464e-08
1.68242e-08
6.82449e-09
2.7332e-09
1.08088e-09
4.22105e-10
1.62789e-10
6.20027e-11
2.3323e-11
8.66459e-12
3.17901e-12
1.1518e-12
4.12215e-13
1.45245e-13
5.1767e-14
1.45246e-14
99.9984
100.002
100.005
99.9954
99.991
100.006
100.015
99.9958
99.9786
99.9976
100.027
100.016
99.9729
99.9644
100.013
100.054
100.021
99.9453
99.9304
100.013
100.102
100.078
99.9428
99.8391
99.9029
100.106
100.254
100.168
99.8684
99.5947
99.6232
100.026
100.568
100.837
100.52
99.6475
98.6395
98.1237
98.6158
100.231
102.558
104.753
105.778
104.712
100.988
94.5161
85.6614
75.1203
63.7443
52.3704
41.6937
32.1989
24.1476
17.6055
12.492
8.63524
5.8211
3.83024
2.46216
1.54749
0.95169
0.573095
0.338152
0.195624
0.111022
0.0618459
0.0338337
0.0181858
0.00960854
0.00499235
0.00255182
0.00128367
0.00063572
0.000310052
0.000148968
7.05293e-05
3.29142e-05
1.51443e-05
6.8718e-06
3.07574e-06
1.35825e-06
5.91904e-07
2.54592e-07
1.08103e-07
4.53216e-08
1.87634e-08
7.67216e-09
3.09873e-09
1.2364e-09
4.87408e-10
1.89856e-10
7.30786e-11
2.77985e-11
1.04506e-11
3.88301e-12
1.42592e-12
5.17736e-13
1.85217e-13
6.71839e-14
1.91615e-14
99.9984
100.002
100.005
99.9954
99.991
100.006
100.015
99.9959
99.9786
99.9975
100.027
100.016
99.9729
99.9643
100.013
100.054
100.021
99.9454
99.9303
100.013
100.102
100.078
99.9429
99.8389
99.9027
100.106
100.254
100.169
99.8684
99.5943
99.6229
100.026
100.569
100.838
100.521
99.6471
98.6386
98.1231
98.6159
100.232
102.56
104.754
105.778
104.71
100.985
94.5125
85.659
75.1207
63.7486
52.3791
41.7064
32.2147
24.1652
17.6236
12.5095
8.65113
5.83483
3.8416
2.47118
1.5544
0.956803
0.57676
0.340702
0.197348
0.112157
0.0625745
0.0342901
0.0184651
0.0097757
0.00509026
0.00260799
0.00131526
0.000653143
0.000319483
0.000153981
7.31473e-05
3.42581e-05
1.58226e-05
7.20866e-06
3.24038e-06
1.43748e-06
6.29453e-07
2.72125e-07
1.16172e-07
4.8982e-08
2.04009e-08
8.39474e-09
3.4133e-09
1.37154e-09
5.44716e-10
2.13848e-10
8.29968e-11
3.1848e-11
1.20838e-11
4.53383e-12
1.68216e-12
6.175e-13
2.23444e-13
8.21161e-14
2.37037e-14
99.9984
100.002
100.005
99.9954
99.991
100.006
100.015
99.9959
99.9786
99.9975
100.027
100.016
99.973
99.9643
100.013
100.054
100.021
99.9454
99.9303
100.013
100.102
100.078
99.9429
99.8389
99.9027
100.106
100.254
100.169
99.8684
99.5942
99.6227
100.026
100.569
100.838
100.521
99.647
98.6382
98.1225
98.6158
100.232
102.561
104.755
105.779
104.71
100.984
94.5104
85.6568
75.1192
63.7485
52.3809
41.7102
32.2204
24.1723
17.6314
12.5174
8.65866
5.84159
3.84737
2.4759
1.55811
0.95961
0.578816
0.34216
0.198353
0.11283
0.0630138
0.0345697
0.0186388
0.00988116
0.00515291
0.00264442
0.00133601
0.000664737
0.000325837
0.0001574
7.49538e-05
3.51962e-05
1.63016e-05
7.44922e-06
3.35927e-06
1.49532e-06
6.57165e-07
2.85205e-07
1.22255e-07
5.17714e-08
2.1662e-08
8.95709e-09
3.6607e-09
1.47896e-09
5.90745e-10
2.33322e-10
9.1133e-11
3.52054e-11
1.34525e-11
5.08509e-12
1.90157e-12
7.03867e-13
2.56898e-13
9.53413e-14
2.7769e-14
99.9984
100.002
100.005
99.9954
99.991
100.006
100.015
99.9959
99.9786
99.9975
100.027
100.016
99.9729
99.9643
100.013
100.054
100.021
99.9453
99.9302
100.013
100.102
100.078
99.9429
99.8388
99.9026
100.106
100.255
100.169
99.8684
99.5941
99.6226
100.026
100.569
100.838
100.521
99.6468
98.6379
98.1224
98.6159
100.232
102.561
104.755
105.778
104.709
100.982
94.5091
85.6561
75.1195
63.7504
52.3844
41.7152
32.2266
24.1792
17.6386
12.5243
8.66496
5.8471
3.85197
2.47959
1.56097
0.961751
0.580369
0.343255
0.199103
0.113331
0.0633397
0.0347767
0.0187674
0.00995924
0.00519932
0.00267145
0.00135144
0.000673382
0.00033059
0.000159966
7.63149e-05
3.59061e-05
1.66657e-05
7.633e-06
3.45057e-06
1.53998e-06
6.78685e-07
2.95423e-07
1.27038e-07
5.39782e-08
2.26663e-08
9.40802e-09
3.86048e-09
1.56632e-09
6.28459e-10
2.494e-10
9.79024e-11
3.80211e-11
1.46096e-11
5.55507e-12
2.09021e-12
7.78777e-13
2.86168e-13
1.07025e-13
3.13915e-14
99.9984
100.002
100.005
99.9954
99.991
100.006
100.015
99.9959
99.9786
99.9975
100.027
100.016
99.973
99.9643
100.013
100.054
100.021
99.9454
99.9302
100.012
100.102
100.078
99.943
99.8388
99.9025
100.105
100.255
100.169
99.8685
99.5941
99.6225
100.026
100.569
100.839
100.521
99.647
98.6378
98.122
98.6154
100.232
102.561
104.756
105.779
104.71
100.983
94.5087
85.6549
75.1177
63.7483
52.3824
41.7137
32.2257
24.179
17.6389
12.5251
8.66611
5.84837
3.85323
2.48074
1.56195
0.962555
0.580996
0.343723
0.199441
0.113567
0.0634994
0.0348819
0.0188348
0.0100014
0.00522503
0.00268679
0.0013604
0.000678503
0.00033346
0.000161543
7.71664e-05
3.63573e-05
1.69008e-05
7.75335e-06
3.51119e-06
1.57004e-06
6.93355e-07
3.02475e-07
1.30378e-07
5.55376e-08
2.33841e-08
9.73387e-09
4.00642e-09
1.63082e-09
6.56598e-10
2.6152e-10
1.03058e-10
4.01871e-11
1.55087e-11
5.92389e-12
2.23973e-12
8.38739e-13
3.09826e-13
1.16568e-13
3.43774e-14
99.9984
100.002
100.005
99.9954
99.991
100.006
100.015
99.9959
99.9786
99.9975
100.027
100.016
99.973
99.9643
100.013
100.054
100.021
99.9454
99.9302
100.013
100.102
100.078
99.9429
99.8388
99.9026
100.106
100.255
100.169
99.8684
99.5941
99.6226
100.026
100.569
100.838
100.521
99.6468
98.6379
98.1223
98.6158
100.233
102.561
104.755
105.778
104.709
100.982
94.5085
85.6556
75.1194
63.751
52.3859
41.7177
32.23
24.1833
17.643
12.5288
8.66932
5.85105
3.85539
2.48243
1.56324
0.963501
0.581674
0.344198
0.199765
0.113783
0.0636401
0.0349715
0.0188907
0.0100356
0.00524552
0.00269882
0.00136734
0.00068243
0.000335644
0.000162737
7.78074e-05
3.6696e-05
1.70768e-05
7.84343e-06
3.55657e-06
1.59255e-06
7.04364e-07
3.0778e-07
1.32898e-07
5.67183e-08
2.39297e-08
9.98265e-09
4.11837e-09
1.68055e-09
6.7841e-10
2.70968e-10
1.07101e-10
4.18964e-11
1.62229e-11
6.21877e-12
2.36009e-12
8.87351e-13
3.29142e-13
1.24422e-13
3.68522e-14
99.9984
100.002
100.005
99.9954
99.991
100.006
100.015
99.9959
99.9786
99.9975
100.027
100.016
99.973
99.9643
100.013
100.054
100.021
99.9454
99.9302
100.012
100.102
100.078
99.943
99.8388
99.9025
100.106
100.255
100.169
99.8685
99.594
99.6223
100.026
100.569
100.839
100.521
99.6469
98.6376
98.1217
98.6152
100.232
102.562
104.756
105.78
104.71
100.982
94.5079
85.6538
75.1166
63.7475
52.3821
41.714
32.2267
24.1805
17.6409
12.5273
8.66834
5.85048
3.85512
2.48235
1.56326
0.963582
0.581772
0.344291
0.199844
0.113845
0.0636857
0.0350037
0.0189126
0.0100499
0.00525462
0.00270446
0.00137073
0.000684428
0.000336793
0.000163384
7.81648e-05
3.68895e-05
1.71797e-05
7.89714e-06
3.58415e-06
1.60647e-06
7.11281e-07
3.11164e-07
1.34528e-07
5.74922e-08
2.4292e-08
1.01498e-08
4.19448e-09
1.71474e-09
6.93568e-10
2.77603e-10
1.09969e-10
4.31211e-11
1.67395e-11
6.43419e-12
2.44885e-12
9.23536e-13
3.43649e-13
1.30379e-13
3.87451e-14
99.9984
100.002
100.005
99.9954
99.991
100.006
100.015
99.9959
99.9786
99.9975
100.027
100.016
99.973
99.9643
100.013
100.054
100.021
99.9454
99.9303
100.013
100.102
100.078
99.943
99.8389
99.9026
100.105
100.254
100.169
99.8685
99.5942
99.6226
100.026
100.569
100.838
100.521
99.647
98.638
98.1224
98.6157
100.232
102.561
104.755
105.778
104.709
100.982
94.5088
85.6559
75.1198
63.7514
52.3864
41.7184
32.2308
24.1842
17.6441
12.5299
8.67041
5.85209
3.85633
2.48324
1.56391
0.964036
0.582086
0.344504
0.199986
0.113938
0.0637455
0.0350415
0.018936
0.0100642
0.00526319
0.0027095
0.00137366
0.000686093
0.000337726
0.000163899
7.84439e-05
3.70386e-05
1.7258e-05
7.93772e-06
3.60484e-06
1.61687e-06
7.1643e-07
3.13677e-07
1.35738e-07
5.80667e-08
2.45611e-08
1.02742e-08
4.25124e-09
1.7403e-09
7.04941e-10
2.826e-10
1.12138e-10
4.40511e-11
1.71337e-11
6.59933e-12
2.51725e-12
9.51572e-13
3.54952e-13
1.35049e-13
4.02372e-14
99.9984
100.002
100.005
99.9954
99.991
100.006
100.015
99.9959
99.9786
99.9975
100.027
100.016
99.973
99.9643
100.013
100.054
100.021
99.9454
99.9302
100.012
100.102
100.078
99.9429
99.8387
99.9025
100.106
100.255
100.169
99.8684
99.5939
99.6224
100.026
100.569
100.839
100.521
99.6467
98.6374
98.1216
98.6153
100.233
102.562
104.757
105.78
104.71
100.982
94.5072
85.6531
75.1161
63.7472
52.3821
41.7143
32.2272
24.1812
17.6417
12.5282
8.66917
5.85124
3.85579
2.48291
1.56372
0.963939
0.582042
0.34449
0.199985
0.113943
0.0637525
0.0350479
0.0189411
0.0100679
0.00526573
0.00271118
0.00137472
0.000686746
0.000338116
0.000164125
7.85726e-05
3.71101e-05
1.7297e-05
7.95852e-06
3.61575e-06
1.6225e-06
7.19279e-07
3.15098e-07
1.36436e-07
5.84038e-08
2.47216e-08
1.03496e-08
4.28615e-09
1.75625e-09
7.12129e-10
2.85798e-10
1.13543e-10
4.46608e-11
1.73951e-11
6.71005e-12
2.56359e-12
9.70768e-13
3.62768e-13
1.38313e-13
4.12897e-14
99.9984
100.002
100.005
99.9954
99.991
100.006
100.015
99.9959
99.9786
99.9975
100.027
100.016
99.973
99.9643
100.013
100.054
100.021
99.9454
99.9302
100.012
100.102
100.078
99.943
99.8389
99.9025
100.105
100.254
100.169
99.8686
99.5942
99.6225
100.026
100.569
100.838
100.521
99.6472
98.6381
98.1222
98.6154
100.232
102.561
104.755
105.779
104.71
100.983
94.5093
85.6561
75.1197
63.7511
52.386
41.7179
32.2304
24.1839
17.6439
12.5299
8.67046
5.8522
3.85648
2.4834
1.56406
0.964169
0.582196
0.344592
0.200052
0.113986
0.0637795
0.0350647
0.0189514
0.0100741
0.00526948
0.00271338
0.00137599
0.00068747
0.000338522
0.00016435
7.86947e-05
3.71756e-05
1.73316e-05
7.97652e-06
3.62498e-06
1.62716e-06
7.21607e-07
3.16243e-07
1.36991e-07
5.86698e-08
2.48473e-08
1.04082e-08
4.31315e-09
1.76853e-09
7.17648e-10
2.88248e-10
1.14617e-10
4.51267e-11
1.75948e-11
6.79466e-12
2.59904e-12
9.85472e-13
3.68766e-13
1.40824e-13
4.21011e-14
99.9984
100.002
100.005
99.9954
99.991
100.006
100.015
99.9959
99.9786
99.9975
100.027
100.016
99.9729
99.9643
100.013
100.054
100.021
99.9453
99.9302
100.013
100.102
100.078
99.9429
99.8388
99.9026
100.106
100.255
100.169
99.8683
99.594
99.6225
100.026
100.569
100.839
100.521
99.6466
98.6375
98.1219
98.6156
100.233
102.562
104.756
105.779
104.709
100.981
94.5071
85.6533
75.1165
63.7478
52.3828
41.715
32.2279
24.1819
17.6423
12.5286
8.66957
5.85156
3.85604
2.48311
1.56387
0.964053
0.582127
0.344551
0.200029
0.113974
0.0637733
0.0350618
0.0189502
0.0100737
0.00526942
0.00271345
0.00137609
0.000687557
0.000338587
0.000164394
7.87229e-05
3.71928e-05
1.73417e-05
7.98229e-06
3.62819e-06
1.6289e-06
7.22525e-07
3.16719e-07
1.37233e-07
5.87906e-08
2.49066e-08
1.04369e-08
4.32675e-09
1.7749e-09
7.20585e-10
2.89584e-10
1.15217e-10
4.53921e-11
1.77107e-11
6.84471e-12
2.62038e-12
9.94467e-13
3.72491e-13
1.42407e-13
4.26198e-14
99.9984
100.002
100.005
99.9954
99.991
100.006
100.015
99.9959
99.9786
99.9974
100.027
100.016
99.973
99.9643
100.013
100.054
100.021
99.9454
99.9302
100.012
100.102
100.078
99.943
99.8388
99.9025
100.105
100.255
100.169
99.8686
99.5941
99.6224
100.026
100.569
100.839
100.521
99.6471
98.6378
98.1219
98.6152
100.232
102.561
104.756
105.779
104.71
100.983
94.509
85.6555
75.1189
63.7503
52.3851
41.7172
32.2298
24.1835
17.6436
12.5297
8.67038
5.85218
3.8565
2.48344
1.5641
0.964212
0.582234
0.344621
0.200075
0.114003
0.0637913
0.0350728
0.0189568
0.0100776
0.00527168
0.00271474
0.00137682
0.000687961
0.000338808
0.000164513
7.87865e-05
3.72262e-05
1.7359e-05
7.99117e-06
3.63268e-06
1.63114e-06
7.23634e-07
3.1726e-07
1.37494e-07
5.89149e-08
2.49652e-08
1.04642e-08
4.33931e-09
1.78062e-09
7.2316e-10
2.9073e-10
1.15722e-10
4.56122e-11
1.78056e-11
6.88517e-12
2.63745e-12
1.00161e-12
3.75426e-13
1.43648e-13
4.30243e-14
99.9984
100.002
100.005
99.9954
99.991
100.006
100.015
99.9959
99.9786
99.9975
100.027
100.016
99.973
99.9643
100.013
100.054
100.021
99.9454
99.9303
100.013
100.102
100.078
99.943
99.8389
99.9026
100.106
100.255
100.169
99.8685
99.5941
99.6226
100.026
100.569
100.839
100.521
99.6469
98.6378
98.1221
98.6156
100.232
102.562
104.756
105.779
104.709
100.982
94.5077
85.6541
75.1173
63.7486
52.3834
41.7155
32.2283
24.1821
17.6424
12.5287
8.66962
5.8516
3.85607
2.48313
1.56389
0.964067
0.582139
0.344561
0.200037
0.11398
0.0637782
0.0350653
0.0189527
0.0100754
0.00527051
0.00271414
0.00137652
0.00068782
0.000338743
0.000164485
7.8775e-05
3.7222e-05
1.73577e-05
7.99096e-06
3.63278e-06
1.6313e-06
7.23759e-07
3.17343e-07
1.37544e-07
5.89434e-08
2.49806e-08
1.04722e-08
4.3434e-09
1.78264e-09
7.24136e-10
2.91193e-10
1.15937e-10
4.57105e-11
1.78498e-11
6.90478e-12
2.64602e-12
1.0053e-12
3.76988e-13
1.44326e-13
4.32504e-14
99.9984
100.002
100.005
99.9954
99.991
100.006
100.015
99.9959
99.9786
99.9975
100.027
100.016
99.973
99.9643
100.013
100.054
100.021
99.9454
99.9302
100.013
100.102
100.078
99.9429
99.8388
99.9025
100.106
100.255
100.169
99.8684
99.594
99.6224
100.026
100.569
100.839
100.521
99.6468
98.6376
98.1219
98.6155
100.232
102.562
104.756
105.779
104.709
100.982
94.5082
85.6548
75.1183
63.7498
52.3849
41.7171
32.2298
24.1835
17.6437
12.5298
8.67048
5.85226
3.85656
2.48349
1.56414
0.964239
0.582252
0.344634
0.200083
0.114008
0.0637951
0.0350753
0.0189584
0.0100787
0.00527233
0.00271514
0.00137706
0.000688108
0.000338895
0.000164564
7.88153e-05
3.72424e-05
1.7368e-05
7.99603e-06
3.63528e-06
1.63251e-06
7.24342e-07
3.17621e-07
1.37676e-07
5.90049e-08
2.50091e-08
1.04853e-08
4.34937e-09
1.78533e-09
7.25341e-10
2.91727e-10
1.16171e-10
4.58125e-11
1.78938e-11
6.92355e-12
2.65395e-12
1.00863e-12
3.78362e-13
1.4491e-13
4.34418e-14
99.9984
100.002
100.005
99.9954
99.991
100.006
100.015
99.9959
99.9786
99.9974
100.027
100.016
99.973
99.9643
100.013
100.054
100.021
99.9454
99.9302
100.012
100.102
100.078
99.9431
99.8388
99.9025
100.105
100.255
100.169
99.8686
99.5941
99.6224
100.026
100.569
100.839
100.521
99.6471
98.6378
98.1219
98.6152
100.232
102.562
104.756
105.779
104.71
100.982
94.5082
85.6544
75.1175
63.7485
52.3833
41.7153
32.228
24.1819
17.6423
12.5286
8.66953
5.85154
3.85603
2.48311
1.56388
0.964067
0.582141
0.344564
0.20004
0.113983
0.0637801
0.0350667
0.0189536
0.010076
0.00527093
0.00271441
0.00137669
0.000687918
0.000338801
0.000164518
7.87939e-05
3.72325e-05
1.73635e-05
7.99406e-06
3.63443e-06
1.63216e-06
7.24204e-07
3.17569e-07
1.37658e-07
5.89995e-08
2.5008e-08
1.04854e-08
4.34966e-09
1.78558e-09
7.25499e-10
2.91817e-10
1.16219e-10
4.58367e-11
1.79056e-11
6.92915e-12
2.65654e-12
1.0098e-12
3.78877e-13
1.45143e-13
4.35219e-14
99.9984
100.002
100.005
99.9954
99.991
100.006
100.015
99.9959
99.9786
99.9975
100.027
100.016
99.973
99.9643
100.013
100.054
100.021
99.9454
99.9303
100.013
100.102
100.078
99.9429
99.8389
99.9026
100.106
100.255
100.169
99.8684
99.5941
99.6226
100.026
100.569
100.838
100.521
99.6468
98.6378
98.1222
98.6158
100.232
102.562
104.755
105.779
104.709
100.982
94.5082
85.655
75.1186
63.7502
52.3853
41.7174
32.23
24.1837
17.6438
12.5299
8.67052
5.85229
3.85657
2.48349
1.56414
0.964236
0.58225
0.344632
0.200082
0.114008
0.0637949
0.0350752
0.0189585
0.0100787
0.0052724
0.0027152
0.00137711
0.000688138
0.000338915
0.000164576
7.8823e-05
3.7247e-05
1.73706e-05
7.99753e-06
3.6361e-06
1.63296e-06
7.24578e-07
3.17744e-07
1.37739e-07
5.90367e-08
2.50249e-08
1.0493e-08
4.35307e-09
1.78709e-09
7.26163e-10
2.92107e-10
1.16344e-10
4.58905e-11
1.79285e-11
6.9388e-12
2.66058e-12
1.01148e-12
3.79565e-13
1.45434e-13
4.36166e-14
99.9984
100.002
100.005
99.9954
99.991
100.006
100.015
99.9959
99.9785
99.9975
100.027
100.016
99.973
99.9642
100.013
100.054
100.021
99.9454
99.9302
100.012
100.102
100.078
99.943
99.8387
99.9025
100.106
100.255
100.169
99.8685
99.5939
99.6223
100.026
100.569
100.839
100.521
99.6469
98.6375
98.1217
98.6152
100.232
102.562
104.756
105.78
104.71
100.982
94.5079
85.6539
75.117
63.7481
52.383
41.7151
32.2279
24.1819
17.6423
12.5286
8.66958
5.85159
3.85607
2.48314
1.56391
0.964082
0.582151
0.344571
0.200045
0.113985
0.0637817
0.0350676
0.0189542
0.0100763
0.0052711
0.00271451
0.00137674
0.000687949
0.000338818
0.000164528
7.87992e-05
3.72354e-05
1.73651e-05
7.99494e-06
3.6349e-06
1.63241e-06
7.24334e-07
3.17637e-07
1.37692e-07
5.9017e-08
2.50167e-08
1.04896e-08
4.35173e-09
1.78656e-09
7.25965e-10
2.92034e-10
1.16319e-10
4.58821e-11
1.7926e-11
6.93819e-12
2.6605e-12
1.01152e-12
3.79609e-13
1.45464e-13
4.36299e-14
99.9984
100.002
100.005
99.9954
99.991
100.006
100.015
99.9959
99.9786
99.9975
100.027
100.016
99.973
99.9643
100.013
100.054
100.021
99.9454
99.9302
100.012
100.102
100.078
99.9431
99.8389
99.9025
100.105
100.254
100.169
99.8686
99.5942
99.6225
100.026
100.569
100.838
100.521
99.6471
98.638
98.1222
98.6155
100.232
102.561
104.755
105.779
104.709
100.982
94.5086
85.6554
75.1189
63.7503
52.3852
41.7173
32.2299
24.1836
17.6437
12.5298
8.67043
5.85221
3.85652
2.48346
1.56412
0.964224
0.582243
0.344629
0.200081
0.114007
0.0637947
0.0350752
0.0189585
0.0100788
0.00527245
0.00271524
0.00137713
0.000688155
0.000338925
0.000164582
7.88266e-05
3.7249e-05
1.73717e-05
7.99813e-06
3.63642e-06
1.63313e-06
7.24666e-07
3.17789e-07
1.37761e-07
5.9048e-08
2.50304e-08
1.04957e-08
4.35436e-09
1.7877e-09
7.26449e-10
2.92239e-10
1.16405e-10
4.5918e-11
1.79408e-11
6.94426e-12
2.66297e-12
1.01252e-12
3.80009e-13
1.45629e-13
4.36824e-14
99.9984
100.002
100.005
99.9954
99.991
100.006
100.015
99.9959
99.9786
99.9975
100.027
100.016
99.9729
99.9643
100.013
100.054
100.021
99.9454
99.9302
100.013
100.102
100.078
99.9429
99.8388
99.9026
100.106
100.255
100.169
99.8684
99.594
99.6225
100.026
100.569
100.839
100.521
99.6467
98.6376
98.1219
98.6156
100.233
102.562
104.756
105.779
104.709
100.982
94.5077
85.6539
75.1171
63.7484
52.3833
41.7154
32.2282
24.1821
17.6425
12.5288
8.66965
5.85163
3.8561
2.48316
1.56391
0.964086
0.582152
0.344571
0.200044
0.113985
0.0637814
0.0350675
0.0189541
0.0100763
0.00527107
0.00271449
0.00137673
0.000687946
0.000338818
0.000164528
7.87996e-05
3.72358e-05
1.73654e-05
7.99511e-06
3.63501e-06
1.63248e-06
7.24372e-07
3.17657e-07
1.37703e-07
5.90227e-08
2.50196e-08
1.04911e-08
4.35246e-09
1.78692e-09
7.26134e-10
2.92114e-10
1.16356e-10
4.5899e-11
1.79336e-11
6.94159e-12
2.662e-12
1.01217e-12
3.79889e-13
1.45588e-13
4.36716e-14
99.9984
100.002
100.005
99.9954
99.991
100.006
100.015
99.9959
99.9786
99.9975
100.027
100.016
99.973
99.9643
100.013
100.054
100.021
99.9454
99.9302
100.012
100.102
100.078
99.943
99.8388
99.9025
100.106
100.255
100.169
99.8685
99.594
99.6224
100.026
100.569
100.839
100.521
99.647
98.6377
98.1219
98.6154
100.232
102.562
104.756
105.779
104.71
100.982
94.5084
85.655
75.1185
63.7499
52.3849
41.717
32.2297
24.1835
17.6436
12.5297
8.67042
5.85222
3.85653
2.48347
1.56413
0.96423
0.582248
0.344632
0.200083
0.114008
0.0637953
0.0350756
0.0189587
0.0100789
0.00527251
0.00271527
0.00137715
0.000688162
0.000338928
0.000164584
7.88273e-05
3.72493e-05
1.73719e-05
7.99822e-06
3.63647e-06
1.63315e-06
7.24679e-07
3.17796e-07
1.37765e-07
5.90499e-08
2.50315e-08
1.04962e-08
4.35463e-09
1.78784e-09
7.26518e-10
2.92273e-10
1.16421e-10
4.59256e-11
1.79444e-11
6.9459e-12
2.66372e-12
1.01285e-12
3.80154e-13
1.45694e-13
4.3705e-14
99.9984
100.002
100.005
99.9954
99.991
100.006
100.015
99.9959
99.9786
99.9975
100.027
100.016
99.973
99.9643
100.013
100.054
100.021
99.9454
99.9302
100.012
100.102
100.078
99.943
99.8389
99.9025
100.105
100.255
100.169
99.8686
99.5941
99.6225
100.026
100.569
100.839
100.521
99.647
98.6378
98.122
98.6154
100.232
102.562
104.756
105.779
104.71
100.982
94.5081
85.6543
75.1175
63.7486
52.3834
41.7155
32.2282
24.1821
17.6424
12.5287
8.66961
5.8516
3.85607
2.48314
1.5639
0.964079
0.582148
0.344569
0.200043
0.113985
0.0637813
0.0350674
0.0189541
0.0100763
0.00527109
0.00271451
0.00137675
0.000687955
0.000338823
0.000164531
7.88012e-05
3.72366e-05
1.73658e-05
7.99535e-06
3.63513e-06
1.63253e-06
7.244e-07
3.17671e-07
1.3771e-07
5.90258e-08
2.50211e-08
1.04918e-08
4.35277e-09
1.78706e-09
7.26198e-10
2.92143e-10
1.16369e-10
4.59048e-11
1.79362e-11
6.94272e-12
2.66249e-12
1.01238e-12
3.7998e-13
1.45628e-13
4.36854e-14
99.9984
100.002
100.005
99.9954
99.991
100.006
100.015
99.9959
99.9786
99.9975
100.027
100.016
99.973
99.9643
100.013
100.054
100.021
99.9454
99.9302
100.013
100.102
100.078
99.9429
99.8388
99.9026
100.106
100.255
100.169
99.8684
99.5941
99.6226
100.026
100.569
100.839
100.521
99.6468
98.6378
98.1221
98.6157
100.232
102.562
104.756
105.779
104.709
100.982
94.5082
85.6549
75.1185
63.75
52.385
41.7172
32.2299
24.1836
17.6437
12.5298
8.67046
5.85224
3.85654
2.48347
1.56413
0.96423
0.582247
0.344631
0.200082
0.114007
0.0637948
0.0350753
0.0189585
0.0100788
0.00527243
0.00271523
0.00137712
0.000688151
0.000338923
0.000164581
7.8826e-05
3.72488e-05
1.73717e-05
7.99812e-06
3.63643e-06
1.63314e-06
7.24675e-07
3.17795e-07
1.37765e-07
5.90503e-08
2.50317e-08
1.04964e-08
4.35474e-09
1.78789e-09
7.26546e-10
2.92287e-10
1.16428e-10
4.59288e-11
1.79459e-11
6.94658e-12
2.66402e-12
1.01298e-12
3.80212e-13
1.4572e-13
4.37139e-14
99.9984
100.002
100.005
99.9954
99.991
100.006
100.015
99.9959
99.9785
99.9975
100.027
100.016
99.973
99.9642
100.013
100.054
100.021
99.9454
99.9302
100.012
100.102
100.078
99.943
99.8387
99.9025
100.106
100.255
100.169
99.8685
99.594
99.6224
100.026
100.569
100.839
100.521
99.6469
98.6376
98.1217
98.6153
100.232
102.562
104.756
105.78
104.71
100.982
94.508
85.6541
75.1172
63.7483
52.3832
41.7153
32.2281
24.182
17.6424
12.5287
8.66962
5.85161
3.85609
2.48316
1.56391
0.964087
0.582154
0.344573
0.200046
0.113986
0.0637821
0.0350679
0.0189543
0.0100764
0.00527116
0.00271454
0.00137676
0.000687962
0.000338826
0.000164532
7.88017e-05
3.72368e-05
1.73659e-05
7.99537e-06
3.63514e-06
1.63253e-06
7.24399e-07
3.1767e-07
1.37709e-07
5.90256e-08
2.5021e-08
1.04918e-08
4.35276e-09
1.78706e-09
7.26199e-10
2.92144e-10
1.1637e-10
4.59054e-11
1.79365e-11
6.94289e-12
2.66258e-12
1.01243e-12
3.80001e-13
1.45638e-13
4.36891e-14
99.9984
100.002
100.005
99.9954
99.991
100.006
100.015
99.9959
99.9786
99.9975
100.027
100.016
99.973
99.9643
100.013
100.054
100.021
99.9454
99.9302
100.012
100.102
100.078
99.943
99.8389
99.9025
100.105
100.254
100.169
99.8686
99.5942
99.6225
100.026
100.569
100.839
100.521
99.647
98.6379
98.1221
98.6155
100.232
102.561
104.755
105.779
104.709
100.982
94.5085
85.6552
75.1187
63.7501
52.3851
41.7172
32.2298
24.1835
17.6436
12.5297
8.6704
5.8522
3.85651
2.48345
1.56411
0.964222
0.582242
0.344628
0.20008
0.114007
0.0637945
0.0350751
0.0189584
0.0100787
0.00527243
0.00271523
0.00137713
0.000688154
0.000338925
0.000164582
7.88268e-05
3.72492e-05
1.73719e-05
7.99823e-06
3.63649e-06
1.63316e-06
7.24688e-07
3.17801e-07
1.37768e-07
5.90515e-08
2.50323e-08
1.04966e-08
4.35484e-09
1.78793e-09
7.26564e-10
2.92294e-10
1.16431e-10
4.59301e-11
1.79464e-11
6.9468e-12
2.66411e-12
1.01302e-12
3.80228e-13
1.45727e-13
4.37162e-14
99.9984
100.002
100.005
99.9954
99.991
100.006
100.015
99.9959
99.9786
99.9975
100.027
100.016
99.973
99.9643
100.013
100.054
100.021
99.9454
99.9302
100.013
100.102
100.078
99.9429
99.8388
99.9026
100.106
100.255
100.169
99.8684
99.5941
99.6225
100.026
100.569
100.839
100.521
99.6468
98.6377
98.1219
98.6155
100.232
102.562
104.756
105.779
104.71
100.982
94.5079
85.6541
75.1173
63.7485
52.3834
41.7155
32.2282
24.1821
17.6425
12.5288
8.66967
5.85164
3.85611
2.48316
1.56392
0.964088
0.582154
0.344572
0.200045
0.113985
0.0637817
0.0350677
0.0189542
0.0100763
0.00527111
0.00271451
0.00137675
0.000687954
0.000338822
0.00016453
7.88008e-05
3.72364e-05
1.73657e-05
7.99529e-06
3.6351e-06
1.63252e-06
7.24394e-07
3.17669e-07
1.37709e-07
5.90256e-08
2.5021e-08
1.04918e-08
4.35278e-09
1.78707e-09
7.26208e-10
2.92148e-10
1.16372e-10
4.59063e-11
1.79369e-11
6.94309e-12
2.66267e-12
1.01247e-12
3.80017e-13
1.45645e-13
4.36913e-14
99.9984
100.002
100.005
99.9954
99.991
100.006
100.015
99.9959
99.9786
99.9975
100.027
100.016
99.973
99.9643
100.013
100.054
100.021
99.9454
99.9302
100.012
100.102
100.078
99.943
99.8388
99.9025
100.106
100.255
100.169
99.8685
99.594
99.6225
100.026
100.569
100.839
100.521
99.6469
98.6377
98.122
98.6155
100.232
102.562
104.756
105.779
104.709
100.982
94.5083
85.6549
75.1184
63.7499
52.3849
41.717
32.2297
24.1835
17.6436
12.5297
8.67041
5.85221
3.85652
2.48346
1.56412
0.964227
0.582246
0.344631
0.200082
0.114008
0.063795
0.0350754
0.0189586
0.0100788
0.00527247
0.00271525
0.00137714
0.000688157
0.000338926
0.000164583
7.88268e-05
3.72491e-05
1.73718e-05
7.9982e-06
3.63646e-06
1.63315e-06
7.24681e-07
3.17798e-07
1.37766e-07
5.90507e-08
2.50319e-08
1.04965e-08
4.35476e-09
1.7879e-09
7.26551e-10
2.92289e-10
1.16429e-10
4.59293e-11
1.79461e-11
6.9467e-12
2.66408e-12
1.01301e-12
3.80225e-13
1.45726e-13
4.37161e-14
99.9984
100.002
100.005
99.9954
99.991
100.006
100.015
99.9959
99.9786
99.9975
100.027
100.016
99.973
99.9643
100.013
100.054
100.021
99.9454
99.9302
100.012
100.102
100.078
99.943
99.8388
99.9025
100.105
100.255
100.169
99.8685
99.5941
99.6224
100.026
100.569
100.839
100.521
99.647
98.6377
98.1219
98.6153
100.232
102.562
104.756
105.779
104.71
100.982
94.5081
85.6543
75.1174
63.7485
52.3834
41.7154
32.2282
24.1821
17.6424
12.5287
8.66962
5.85161
3.85609
2.48315
1.56391
0.964083
0.582152
0.344571
0.200045
0.113985
0.0637817
0.0350677
0.0189542
0.0100764
0.00527114
0.00271453
0.00137676
0.00068796
0.000338825
0.000164532
7.88018e-05
3.72369e-05
1.7366e-05
7.99542e-06
3.63516e-06
1.63255e-06
7.24408e-07
3.17675e-07
1.37712e-07
5.90266e-08
2.50215e-08
1.0492e-08
4.35286e-09
1.7871e-09
7.2622e-10
2.92153e-10
1.16374e-10
4.5907e-11
1.79372e-11
6.94319e-12
2.6627e-12
1.01248e-12
3.80022e-13
1.45647e-13
4.3692e-14
99.9984
100.002
100.005
99.9954
99.991
100.006
100.015
99.9959
99.9786
99.9975
100.027
100.016
99.973
99.9643
100.013
100.054
100.021
99.9454
99.9303
100.013
100.102
100.078
99.943
99.8389
99.9026
100.106
100.255
100.169
99.8685
99.5941
99.6226
100.026
100.569
100.839
100.521
99.6469
98.6379
98.1222
98.6156
100.232
102.562
104.756
105.779
104.709
100.982
94.5083
85.655
75.1185
63.75
52.385
41.7172
32.2298
24.1835
17.6437
12.5298
8.67043
5.85222
3.85652
2.48346
1.56412
0.964224
0.582243
0.344629
0.20008
0.114007
0.0637944
0.035075
0.0189584
0.0100787
0.00527241
0.00271522
0.00137712
0.000688148
0.000338921
0.000164581
7.88258e-05
3.72487e-05
1.73716e-05
7.99811e-06
3.63643e-06
1.63314e-06
7.24675e-07
3.17796e-07
1.37766e-07
5.90504e-08
2.50318e-08
1.04965e-08
4.35476e-09
1.7879e-09
7.26552e-10
2.9229e-10
1.1643e-10
4.59296e-11
1.79462e-11
6.94675e-12
2.6641e-12
1.01302e-12
3.80228e-13
1.45728e-13
4.37166e-14
99.9984
100.002
100.005
99.9954
99.991
100.006
100.015
99.9959
99.9786
99.9975
100.027
100.016
99.973
99.9643
100.013
100.054
100.021
99.9454
99.9302
100.013
100.102
100.078
99.943
99.8388
99.9025
100.106
100.255
100.169
99.8684
99.594
99.6224
100.026
100.569
100.839
100.521
99.6468
98.6376
98.1218
98.6154
100.232
102.562
104.756
105.779
104.71
100.982
94.5079
85.6541
75.1173
63.7484
52.3833
41.7154
32.2282
24.1821
17.6424
12.5288
8.66966
5.85164
3.85611
2.48317
1.56392
0.964091
0.582156
0.344574
0.200046
0.113986
0.0637823
0.035068
0.0189544
0.0100765
0.00527117
0.00271455
0.00137676
0.000687963
0.000338826
0.000164532
7.88019e-05
3.72369e-05
1.73659e-05
7.99539e-06
3.63515e-06
1.63254e-06
7.24403e-07
3.17672e-07
1.37711e-07
5.90262e-08
2.50212e-08
1.04919e-08
4.35282e-09
1.78709e-09
7.26212e-10
2.9215e-10
1.16373e-10
4.59066e-11
1.7937e-11
6.94312e-12
2.66268e-12
1.01247e-12
3.80019e-13
1.45646e-13
4.36917e-14
99.9984
100.002
100.005
99.9954
99.991
100.006
100.015
99.9959
99.9786
99.9975
100.027
100.016
99.973
99.9643
100.013
100.054
100.021
99.9454
99.9302
100.012
100.102
100.078
99.943
99.8388
99.9025
100.105
100.255
100.169
99.8685
99.5941
99.6225
100.026
100.569
100.839
100.521
99.647
98.6378
98.1221
98.6155
100.232
102.561
104.756
105.779
104.709
100.982
94.5084
85.655
75.1185
63.7499
52.3849
41.717
32.2297
24.1834
17.6436
12.5297
8.67038
5.85219
3.85651
2.48345
1.56411
0.964221
0.582241
0.344628
0.20008
0.114007
0.0637945
0.0350751
0.0189584
0.0100787
0.00527243
0.00271523
0.00137713
0.000688153
0.000338924
0.000164582
7.88265e-05
3.7249e-05
1.73718e-05
7.99819e-06
3.63646e-06
1.63315e-06
7.24682e-07
3.17799e-07
1.37767e-07
5.90509e-08
2.5032e-08
1.04965e-08
4.35479e-09
1.78792e-09
7.26558e-10
2.92292e-10
1.1643e-10
4.59298e-11
1.79463e-11
6.94678e-12
2.66411e-12
1.01302e-12
3.8023e-13
1.45728e-13
4.37168e-14
99.9984
100.002
100.005
99.9954
99.991
100.006
100.015
99.9959
99.9786
99.9975
100.027
100.016
99.973
99.9643
100.013
100.054
100.021
99.9454
99.9302
100.012
100.102
100.078
99.943
99.8388
99.9025
100.105
100.255
100.169
99.8685
99.5941
99.6225
100.026
100.569
100.839
100.521
99.6469
98.6377
98.1219
98.6154
100.232
102.562
104.756
105.779
104.71
100.982
94.508
85.6543
75.1174
63.7486
52.3834
41.7155
32.2283
24.1821
17.6425
12.5288
8.66966
5.85164
3.8561
2.48316
1.56391
0.964087
0.582154
0.344572
0.200045
0.113986
0.0637818
0.0350677
0.0189542
0.0100764
0.00527113
0.00271453
0.00137675
0.000687958
0.000338824
0.000164531
7.88014e-05
3.72367e-05
1.73659e-05
7.99536e-06
3.63514e-06
1.63254e-06
7.24402e-07
3.17672e-07
1.3771e-07
5.90262e-08
2.50213e-08
1.04919e-08
4.35283e-09
1.78709e-09
7.26214e-10
2.92151e-10
1.16373e-10
4.59067e-11
1.79371e-11
6.94315e-12
2.66269e-12
1.01247e-12
3.8002e-13
1.45647e-13
4.36919e-14
99.9984
100.002
100.005
99.9954
99.991
100.006
100.015
99.9959
99.9786
99.9975
100.027
100.016
99.973
99.9643
100.013
100.054
100.021
99.9454
99.9302
100.013
100.102
100.078
99.943
99.8388
99.9026
100.106
100.255
100.169
99.8685
99.5941
99.6225
100.026
100.569
100.839
100.521
99.6469
98.6378
98.1221
98.6156
100.232
102.562
104.756
105.779
104.709
100.982
94.5083
85.6549
75.1185
63.7499
52.3849
41.7171
32.2297
24.1835
17.6436
12.5297
8.67041
5.85221
3.85652
2.48346
1.56412
0.964225
0.582244
0.344629
0.200081
0.114007
0.0637947
0.0350752
0.0189585
0.0100788
0.00527243
0.00271523
0.00137713
0.000688152
0.000338923
0.000164581
7.88262e-05
3.72489e-05
1.73717e-05
7.99814e-06
3.63644e-06
1.63314e-06
7.24678e-07
3.17796e-07
1.37766e-07
5.90505e-08
2.50319e-08
1.04965e-08
4.35476e-09
1.7879e-09
7.26552e-10
2.9229e-10
1.1643e-10
4.59295e-11
1.79462e-11
6.94673e-12
2.66409e-12
1.01302e-12
3.80227e-13
1.45727e-13
4.37165e-14
99.9984
100.002
100.005
99.9954
99.991
100.006
100.015
99.9959
99.9786
99.9975
100.027
100.016
99.973
99.9643
100.013
100.054
100.021
99.9454
99.9302
100.012
100.102
100.078
99.943
99.8388
99.9025
100.106
100.255
100.169
99.8685
99.594
99.6224
100.026
100.569
100.839
100.521
99.6469
98.6376
98.1218
98.6154
100.232
102.562
104.756
105.779
104.71
100.982
94.508
85.6542
75.1173
63.7485
52.3833
41.7154
32.2282
24.1821
17.6424
12.5288
8.66965
5.85163
3.8561
2.48316
1.56392
0.964089
0.582155
0.344573
0.200046
0.113986
0.0637821
0.0350679
0.0189543
0.0100764
0.00527117
0.00271455
0.00137676
0.000687963
0.000338827
0.000164533
7.88021e-05
3.7237e-05
1.7366e-05
7.99542e-06
3.63517e-06
1.63255e-06
7.24407e-07
3.17674e-07
1.37711e-07
5.90266e-08
2.50214e-08
1.0492e-08
4.35285e-09
1.7871e-09
7.26219e-10
2.92153e-10
1.16374e-10
4.5907e-11
1.79372e-11
6.94319e-12
2.66271e-12
1.01248e-12
3.80023e-13
1.45648e-13
4.36922e-14
99.9984
100.002
100.005
99.9954
99.991
100.006
100.015
99.9959
99.9786
99.9975
100.027
100.016
99.973
99.9643
100.013
100.054
100.021
99.9454
99.9302
100.012
100.102
100.078
99.943
99.8388
99.9025
100.105
100.255
100.169
99.8685
99.5941
99.6225
100.026
100.569
100.839
100.521
99.647
98.6378
98.1221
98.6155
100.232
102.561
104.756
105.779
104.709
100.982
94.5084
85.655
75.1185
63.7499
52.3849
41.7171
32.2297
24.1835
17.6436
12.5297
8.67039
5.85219
3.85651
2.48345
1.56411
0.96422
0.582241
0.344627
0.20008
0.114006
0.0637943
0.035075
0.0189584
0.0100787
0.0052724
0.00271521
0.00137712
0.000688148
0.000338922
0.000164581
7.88259e-05
3.72487e-05
1.73716e-05
7.99811e-06
3.63643e-06
1.63314e-06
7.24675e-07
3.17795e-07
1.37765e-07
5.90503e-08
2.50318e-08
1.04964e-08
4.35474e-09
1.7879e-09
7.26549e-10
2.92289e-10
1.16429e-10
4.59293e-11
1.79461e-11
6.9467e-12
2.66408e-12
1.01301e-12
3.80226e-13
1.45726e-13
4.37164e-14
99.9984
100.002
100.005
99.9954
99.991
100.006
100.015
99.9959
99.9786
99.9975
100.027
100.016
99.973
99.9643
100.013
100.054
100.021
99.9454
99.9302
100.012
100.102
100.078
99.943
99.8388
99.9025
100.106
100.255
100.169
99.8685
99.5941
99.6225
100.026
100.569
100.839
100.521
99.6469
98.6377
98.1219
98.6154
100.232
102.562
104.756
105.779
104.71
100.982
94.508
85.6542
75.1174
63.7486
52.3834
41.7155
32.2283
24.1822
17.6425
12.5288
8.66968
5.85165
3.85611
2.48317
1.56392
0.964092
0.582157
0.344574
0.200047
0.113986
0.0637823
0.035068
0.0189544
0.0100765
0.00527118
0.00271455
0.00137677
0.000687965
0.000338828
0.000164533
7.88023e-05
3.72371e-05
1.73661e-05
7.99545e-06
3.63518e-06
1.63256e-06
7.2441e-07
3.17676e-07
1.37712e-07
5.90269e-08
2.50216e-08
1.0492e-08
4.35288e-09
1.78711e-09
7.26223e-10
2.92155e-10
1.16375e-10
4.59073e-11
1.79373e-11
6.94324e-12
2.66273e-12
1.01249e-12
3.80025e-13
1.4565e-13
4.36916e-14
99.9984
100.002
100.005
99.9954
99.991
100.006
100.015
99.9959
99.9786
99.9975
100.027
100.016
99.973
99.9643
100.013
100.054
100.021
99.9454
99.9302
100.012
100.102
100.078
99.943
99.8388
99.9026
100.106
100.255
100.169
99.8685
99.5941
99.6225
100.026
100.569
100.839
100.521
99.6469
98.6378
98.1221
98.6155
100.232
102.562
104.756
105.779
104.709
100.982
94.5083
85.6549
75.1183
63.7498
52.3848
41.7169
32.2296
24.1833
17.6435
12.5296
8.67031
5.85213
3.85646
2.48342
1.56409
0.964205
0.582231
0.344621
0.200076
0.114004
0.0637927
0.0350741
0.0189578
0.0100784
0.00527223
0.00271512
0.00137707
0.000688121
0.000338907
0.000164573
7.88222e-05
3.72469e-05
1.73707e-05
7.99767e-06
3.63622e-06
1.63304e-06
7.24629e-07
3.17774e-07
1.37756e-07
5.90461e-08
2.50299e-08
1.04956e-08
4.3544e-09
1.78775e-09
7.26487e-10
2.92263e-10
1.16418e-10
4.5925e-11
1.79443e-11
6.946e-12
2.6638e-12
1.0129e-12
3.80185e-13
1.45708e-13
4.37145e-14
99.9984
100.002
100.005
99.9954
99.991
100.006
100.015
99.9959
99.9786
99.9975
100.027
100.016
99.973
99.9643
100.013
100.054
100.021
99.9454
99.9302
100.012
100.102
100.078
99.943
99.8388
99.9026
100.106
100.255
100.169
99.8685
99.5941
99.6225
100.026
100.569
100.839
100.521
99.6469
98.6378
98.122
98.6155
100.232
102.562
104.756
105.779
104.709
100.982
94.5083
85.655
75.1186
63.7502
52.3853
41.7175
32.2302
24.1839
17.644
12.5301
8.67073
5.85247
3.85673
2.48362
1.56424
0.964308
0.582301
0.344668
0.200106
0.114023
0.0638048
0.0350814
0.0189622
0.0100809
0.00527367
0.00271592
0.00137751
0.000688359
0.000339034
0.000164639
7.8856e-05
3.7264e-05
1.73792e-05
8.00185e-06
3.63824e-06
1.634e-06
7.25082e-07
3.17984e-07
1.37852e-07
5.90896e-08
2.50493e-08
1.05042e-08
4.35814e-09
1.78936e-09
7.27175e-10
2.92552e-10
1.16539e-10
4.59748e-11
1.79647e-11
6.95422e-12
2.66709e-12
1.01421e-12
3.80694e-13
1.45912e-13
4.37774e-14
)
;

boundaryField
{
    left
    {
        type            fixedValue;
        value           uniform 100;
    }
    right
    {
        type            zeroGradient;
    }
    up
    {
        type            zeroGradient;
    }
    down
    {
        type            fixedValue;
        value           uniform 0;
    }
    frontAndBack
    {
        type            empty;
    }
}


// ************************************************************************* //
