/*--------------------------------*- C++ -*----------------------------------*\
  =========                 |
  \\      /  F ield         | OpenFOAM: The Open Source CFD Toolbox
   \\    /   O peration     | Website:  https://openfoam.org
    \\  /    A nd           | Version:  8
     \\/     M anipulation  |
\*---------------------------------------------------------------------------*/
FoamFile
{
    version     2.0;
    format      ascii;
    class       volScalarField;
    location    "0.511";
    object      T;
}
// * * * * * * * * * * * * * * * * * * * * * * * * * * * * * * * * * * * * * //

dimensions      [0 0 0 1 0 0 0];

internalField   nonuniform List<scalar> 
2500
(
49.9999
4.66028
-4.65884
-1.19934
1.1926
0.482562
-0.463035
-0.266119
0.223516
0.188402
-0.112083
-0.155483
0.0393056
0.131416
0.0191463
-0.0979174
-0.0632875
0.0482232
0.0818016
0.0101124
-0.0638788
-0.0546713
0.0142402
0.0594344
0.0376526
-0.0191344
-0.0509844
-0.0322342
0.0127863
0.0418225
0.0338126
0.000832613
-0.0287892
-0.0349116
-0.0175198
0.00834676
0.0258952
0.0270587
0.0144988
-0.00275129
-0.016044
-0.020621
-0.0171959
-0.00881109
5.90187e-05
0.00675379
0.0104114
0.0100228
0.00962378
0.00514836
95.3399
49.9994
10.5177
-4.65416
-2.87324
1.17644
1.21065
-0.425208
-0.678166
0.153091
0.458477
-0.00180962
-0.331981
-0.107461
0.218902
0.181315
-0.091972
-0.200588
-0.0389011
0.147152
0.132712
-0.0325558
-0.140669
-0.0843991
0.0525186
0.120913
0.0654209
-0.0438487
-0.101836
-0.0672344
0.0174344
0.0787263
0.0753274
0.0204012
-0.040862
-0.0690549
-0.053701
-0.0116694
0.0299765
0.0511838
0.0472249
0.0253295
-0.000894891
-0.022257
-0.0313537
-0.0319475
-0.0233496
-0.0145929
-0.00522621
0.00237095
104.66
89.4825
49.9985
12.1913
-4.64456
-3.60194
1.14776
1.62596
-0.365509
-0.956117
0.0526863
0.648689
0.140017
-0.43786
-0.274337
0.230865
0.33536
-0.0132896
-0.290433
-0.17088
0.134926
0.24482
0.06847
-0.159432
-0.194668
-0.0316939
0.142509
0.165329
0.039773
-0.104689
-0.14797
-0.0727359
0.04635
0.118758
0.104632
0.028179
-0.0540509
-0.0956197
-0.0831165
-0.0342722
0.0212337
0.0583853
0.0680349
0.0539801
0.0272654
0.00159162
-0.0202502
-0.0263865
-0.0330078
-0.0221386
101.199
104.657
87.8087
49.9972
12.9209
-4.62842
-4.02116
1.10377
1.91384
-0.281094
-1.16476
-0.0782478
0.781368
0.308316
-0.479561
-0.447883
0.172898
0.46092
0.121629
-0.314986
-0.315546
0.0463204
0.309398
0.207394
-0.0965428
-0.267672
-0.162121
0.0800615
0.223325
0.161587
-0.0228329
-0.167743
-0.172998
-0.0583327
0.079728
0.150768
0.125407
0.0362736
-0.0577974
-0.110238
-0.107374
-0.0625892
-0.00525296
0.043822
0.0668986
0.0709535
0.0541007
0.0352173
0.015038
-0.00307188
98.8061
102.873
104.65
87.0788
49.9954
13.3428
-4.60418
-4.31793
1.04192
2.14159
-0.169897
-1.32887
-0.238595
0.863466
0.495505
-0.45894
-0.612642
0.0526708
0.539167
0.291024
-0.264918
-0.439079
-0.102908
0.3
0.342328
0.0387865
-0.26526
-0.289323
-0.0557706
0.197069
0.261346
0.117775
-0.0939262
-0.214477
-0.179977
-0.0396749
0.104196
0.171676
0.14312
0.0531203
-0.0448562
-0.10752
-0.12066
-0.0924908
-0.0436417
0.00200574
0.0395508
0.0491161
0.0595009
0.0390826
99.5181
98.8196
103.603
104.637
86.6563
49.9932
13.6451
-4.57037
-4.56153
0.959943
2.33659
-0.0306926
-1.45727
-0.425568
0.895744
0.691858
-0.377556
-0.752355
-0.11827
0.555078
0.468923
-0.141366
-0.510525
-0.284394
0.206138
0.430216
0.21538
-0.171144
-0.360561
-0.223726
0.076405
0.281598
0.256746
0.0581288
-0.152772
-0.242089
-0.179968
-0.0300682
0.112522
0.180449
0.160737
0.0810681
-0.0104879
-0.0827231
-0.111192
-0.110458
-0.0784041
-0.0474541
-0.0144128
0.0107035
100.465
98.7886
98.845
104.024
104.617
86.3533
49.9907
13.898
-4.52557
-4.78145
0.855887
2.51013
0.136899
-1.55173
-0.634779
0.876757
0.885969
-0.23873
-0.851244
-0.324103
0.499314
0.627291
0.0435303
-0.50634
-0.461399
0.0359306
0.436365
0.386973
0.0033769
-0.336289
-0.364419
-0.11033
0.192331
0.324183
0.228034
0.00496345
-0.190093
-0.255197
-0.182776
-0.0376985
0.0997916
0.173122
0.172223
0.115815
0.0389892
-0.0268245
-0.074184
-0.0812962
-0.089173
-0.0542345
100.266
100.43
98.371
98.8852
104.323
104.588
86.0992
49.9877
14.1324
-4.46839
-4.9913
0.728061
2.66621
0.3324
-1.6107
-0.860345
0.804879
1.06532
-0.0485944
-0.895343
-0.545184
0.369703
0.738888
0.267443
-0.414404
-0.59476
-0.184367
0.342952
0.503063
0.220465
-0.204016
-0.419659
-0.303312
0.00693331
0.272144
0.33507
0.196774
-0.0272468
-0.203983
-0.258325
-0.19419
-0.0649075
0.0606892
0.144831
0.163329
0.144687
0.0879666
0.0435141
-0.00397544
-0.0291989
99.7737
100.681
100.374
98.0796
98.9429
104.569
104.549
85.8634
49.9844
14.3633
-4.3975
-5.19743
0.575077
2.80512
0.554429
-1.63114
-1.09498
0.679451
1.21688
0.183389
-0.873749
-0.759035
0.172157
0.7803
0.499948
-0.236742
-0.649554
-0.414098
0.154569
0.521322
0.423721
0.0147826
-0.352707
-0.42997
-0.21755
0.0993395
0.314804
0.330251
0.178099
-0.0315978
-0.193637
-0.249992
-0.209114
-0.107843
-0.000174264
0.0811138
0.126099
0.121529
0.117121
0.0629251
99.8111
99.8414
100.963
100.293
97.8472
99.0206
104.793
104.498
85.6308
49.9806
14.5984
-4.31159
-5.40258
0.395863
2.92518
0.800724
-1.60962
-1.33025
0.501527
1.32789
0.444438
-0.779888
-0.942043
-0.0791718
0.735196
0.70617
0.00950634
-0.602087
-0.605397
-0.10046
0.419809
0.552584
0.26729
-0.164347
-0.431635
-0.398276
-0.141039
0.154427
0.327861
0.322228
0.180877
-0.00635079
-0.153644
-0.225729
-0.210825
-0.157589
-0.0683033
-0.0126021
0.0470307
0.0602099
100.115
99.5362
99.9398
101.177
100.184
97.6462
99.1204
105.008
104.433
85.3934
49.9764
14.8423
-4.20939
-5.60753
0.189676
3.02361
1.06812
-1.54287
-1.55675
0.274303
1.38658
0.718727
-0.612442
-1.07129
-0.362526
0.596879
0.851122
0.293315
-0.445294
-0.712132
-0.373818
0.205032
0.558881
0.481617
0.102101
-0.287487
-0.456679
-0.356302
-0.0930466
0.170299
0.318169
0.313718
0.202442
0.0452976
-0.0848926
-0.166158
-0.187223
-0.159006
-0.129594
-0.0557716
100.157
100.006
99.3397
100.07
101.349
100.046
97.4653
99.2443
105.22
104.355
85.1467
49.9718
15.0975
-4.08962
-5.81187
-0.0439341
3.09702
1.35264
-1.4282
-1.76446
0.00329134
1.38294
0.988116
-0.375914
-1.12673
-0.650238
0.369986
0.904769
0.573534
-0.191816
-0.699854
-0.606295
-0.0862913
0.422459
0.587355
0.37019
-0.0279813
-0.352356
-0.450857
-0.325758
-0.0833013
0.148048
0.281745
0.301401
0.224769
0.122379
0.00189239
-0.0548909
-0.11602
-0.0997648
99.9579
100.34
99.8633
99.1998
100.232
101.485
99.8792
97.3006
99.3937
105.433
104.26
84.8883
49.9667
15.3655
-3.95106
-6.01447
-0.305033
3.14171
1.64942
-1.26387
-1.94297
-0.303439
1.30954
1.2329
-0.0810939
-1.09331
-0.910839
0.0714106
0.846917
0.804138
0.125542
-0.554598
-0.739791
-0.391991
0.161423
0.537824
0.551283
0.26755
-0.106004
-0.36946
-0.432785
-0.313921
-0.111457
0.091521
0.214327
0.264281
0.23162
0.16921
0.10345
0.0205114
99.8648
100.107
100.453
99.6914
99.1099
100.422
101.589
99.6824
97.1517
99.5701
105.647
104.148
84.6163
49.9612
15.6474
-3.79244
-6.21373
-0.593395
3.1538
1.95286
-1.04921
-2.0819
-0.635473
1.16202
1.433
0.255361
-0.962708
-1.11219
-0.270794
0.671053
0.941387
0.457879
-0.288038
-0.731148
-0.637734
-0.168529
0.328006
0.574187
0.4953
0.201666
-0.128362
-0.347597
-0.402986
-0.319176
-0.160443
-0.00922755
0.120463
0.156626
0.196454
0.132903
99.9819
99.7711
100.279
100.501
99.4976
99.07
100.637
101.657
99.4572
97.0204
99.7743
105.861
104.018
84.3297
49.9552
15.9438
-3.61253
-6.40767
-0.908408
3.12951
2.25662
-0.784949
-2.17128
-0.980102
0.939927
1.56925
0.611371
-0.735221
-1.22497
-0.619315
0.387446
0.951563
0.746879
0.0607556
-0.565069
-0.754609
-0.484036
0.00409509
0.413389
0.564534
0.451593
0.181387
-0.0958472
-0.293788
-0.351727
-0.325763
-0.212339
-0.116069
-0.0139504
0.0504343
100.103
99.8133
99.7546
100.461
100.485
99.2916
99.0824
100.872
101.688
99.2053
96.9097
100.007
106.076
103.867
84.028
49.9486
16.2551
-3.41007
-6.59397
-1.24904
3.06508
2.55358
-0.473293
-2.20179
-1.32251
0.646997
1.6245
0.960431
-0.420503
-1.22586
-0.93096
0.0236116
0.817355
0.934097
0.429791
-0.260916
-0.697379
-0.693696
-0.344687
0.104062
0.433027
0.531014
0.426921
0.204258
-0.0227202
-0.188705
-0.275576
-0.2601
-0.245797
-0.130054
100.065
100.1
99.6499
99.8113
100.637
100.406
99.085
99.1495
101.118
101.675
98.9297
96.8232
100.269
106.288
103.696
83.7105
49.9414
16.5815
-3.18381
-6.7702
-1.61395
2.95711
2.83619
-0.118052
-2.16552
-1.64655
0.29154
1.58552
1.27369
-0.0379282
-1.10164
-1.16227
-0.377533
0.543977
0.973545
0.744975
0.126384
-0.462466
-0.726014
-0.611573
-0.258364
0.131255
0.395732
0.486942
0.407366
0.267394
0.0746468
-0.0306433
-0.143494
-0.145187
99.9476
100.212
100.019
99.5132
99.9347
100.79
100.265
98.8907
99.273
101.368
101.616
98.634
96.7648
100.56
106.497
103.502
83.3769
49.9336
16.9234
-2.93249
-6.93368
-2.0013
2.80254
3.09634
0.275168
-2.05614
-1.93489
-0.113352
1.4441
1.52146
0.383748
-0.851743
-1.27438
-0.761342
0.161568
0.841396
0.933504
0.512972
-0.0942598
-0.554134
-0.701175
-0.54509
-0.234643
0.0960239
0.312292
0.413005
0.382706
0.290607
0.195169
0.055409
99.9129
100.038
100.311
99.8773
99.4241
100.114
100.903
100.068
98.7227
99.4529
101.613
101.508
98.323
96.7387
100.879
106.7
103.285
83.0268
49.9251
17.2808
-2.6547
-7.08144
-2.40895
2.59848
3.32542
0.699214
-1.86912
-2.16983
-0.550392
1.19781
1.67572
0.80857
-0.489371
-1.2388
-1.06887
-0.277708
0.543306
0.940847
0.80441
0.322896
-0.211091
-0.562249
-0.647941
-0.511676
-0.255859
-0.0142163
0.193892
0.2516
0.316094
0.215361
99.9905
99.8398
100.18
100.343
99.6948
99.3998
100.334
100.959
99.8232
98.5948
99.6866
101.84
101.347
98.0021
96.749
101.227
106.894
103.042
82.66
49.9158
17.6539
-2.34919
-7.21048
-2.83414
2.34288
3.51476
1.14489
-1.60285
-2.33425
-0.997822
0.852189
1.71323
1.19517
-0.0436705
-1.04439
-1.24512
-0.703822
0.121628
0.747015
0.920076
0.675252
0.211454
-0.227594
-0.515821
-0.573794
-0.504736
-0.306519
-0.151534
0.011935
0.100206
100.07
99.8574
99.8493
100.339
100.294
99.4992
99.4522
100.575
100.946
99.5438
98.5202
99.9696
102.04
101.132
97.6776
96.8
101.602
107.078
102.773
82.2762
49.9057
18.0428
-2.01462
-7.31749
-3.27362
2.0342
3.65534
1.60117
-1.25849
-2.41204
-1.43027
0.420605
1.61735
1.50012
0.4421
-0.699934
-1.24774
-1.03848
-0.349927
0.375426
0.81351
0.848975
0.586712
0.184859
-0.168959
-0.399943
-0.484768
-0.425543
-0.367977
-0.175344
100.059
100.039
99.7318
99.943
100.479
100.164
99.3204
99.5858
100.813
100.855
99.2455
98.5107
100.294
102.202
100.863
97.3565
96.8955
102.002
107.248
102.476
81.8749
49.8947
18.4479
-1.64934
-7.39905
-3.724
1.67129
3.73839
2.05591
-0.839985
-2.38951
-1.82077
-0.0761889
1.38102
1.68371
0.915204
-0.23555
-1.05819
-1.21073
-0.78191
-0.102199
0.486807
0.784171
0.77886
0.539665
0.25628
-0.0542258
-0.187978
-0.333089
-0.272039
99.983
100.157
99.9281
99.6553
100.106
100.566
99.9633
99.1889
99.7963
101.022
100.683
98.9474
98.5755
100.651
102.313
100.542
97.0467
97.0392
102.425
107.4
102.15
81.456
49.8827
18.8691
-1.25206
-7.45154
-4.18088
1.2543
3.75538
2.49472
-0.355642
-2.25644
-2.14041
-0.608306
1.00995
1.71296
1.31564
0.293653
-0.687892
-1.17224
-1.07525
-0.576094
0.012578
0.489923
0.695702
0.713192
0.532542
0.339733
0.139904
-0.0349369
99.9329
100.093
100.182
99.7716
99.6594
100.31
100.57
99.7144
99.1319
100.07
101.176
100.433
98.6707
98.7209
101.026
102.364
100.171
96.7566
97.2345
102.871
107.533
101.792
81.0189
49.8694
19.3067
-0.821129
-7.47083
-4.63924
0.784003
3.69773
2.90164
0.182791
-2.00608
-2.3602
-1.13897
0.522137
1.56578
1.58327
0.814878
-0.178299
-0.909591
-1.14044
-0.931855
-0.467084
0.0178807
0.373946
0.573564
0.549497
0.532855
0.29379
99.958
99.938
100.22
100.115
99.6147
99.7592
100.515
100.475
99.4497
99.1699
100.386
101.252
100.113
98.4375
98.9492
101.404
102.345
99.7557
96.495
97.4844
103.334
107.643
101.401
80.5632
49.8548
19.7611
-0.354734
-7.45302
-5.09412
0.261943
3.55819
3.26068
0.760219
-1.63752
-2.45529
-1.62753
-0.0513547
1.23981
1.66811
1.25224
0.392483
-0.447602
-0.950018
-1.05894
-0.820127
-0.484462
-0.068405
0.139192
0.361579
0.333625
100.023
99.8605
100.033
100.309
99.9621
99.5068
99.9492
100.676
100.281
99.208
99.3137
100.714
101.23
99.7419
98.27
99.2585
101.769
102.248
99.3022
96.2715
97.7913
103.814
107.725
100.976
80.0885
49.8388
20.2323
0.148454
-7.39394
-5.53912
-0.3082
3.33073
3.55402
1.35605
-1.15746
-2.40459
-2.02879
-0.66223
0.753703
1.53896
1.52507
0.918965
0.135
-0.542916
-0.879806
-0.957699
-0.764827
-0.518901
-0.268345
-0.00992875
100.06
99.9254
99.8314
100.185
100.313
99.7563
99.4901
100.203
100.751
100.004
99.0299
99.5615
101.019
101.1
99.3409
98.1883
99.6417
102.101
102.066
98.8194
96.0957
98.1569
104.304
107.776
100.515
79.5939
49.8209
20.7206
0.690608
-7.28826
-5.96696
-0.922345
3.00916
3.76265
1.94648
-0.577664
-2.19144
-2.29743
-1.25135
0.142406
1.19105
1.55509
1.30628
0.695165
0.0354814
-0.455955
-0.749469
-0.732608
-0.728939
-0.415476
100.038
100.054
99.8052
99.9009
100.34
100.208
99.5495
99.5898
100.475
100.709
99.6742
98.9521
99.8978
101.264
100.857
98.9387
98.2096
100.087
102.382
101.796
98.3177
95.9773
98.5826
104.802
107.792
100.014
79.0786
49.801
21.2269
1.27413
-7.13127
-6.37093
-1.57548
2.58974
3.86998
2.50561
0.0831641
-1.81249
-2.39362
-1.76088
-0.528916
0.642528
1.32299
1.45492
1.11402
0.649302
0.0826475
-0.197223
-0.495537
-0.455162
99.9837
100.123
99.9552
99.7305
100.061
100.433
100.004
99.4017
99.8056
100.711
100.537
99.3395
99.0021
100.293
101.413
100.509
98.5679
98.3461
100.576
102.59
101.437
97.81
95.9266
99.0684
105.302
107.768
99.4734
78.5422
49.7793
21.7511
1.90012
-6.91837
-6.74206
-2.25867
2.0728
3.85916
3.00211
0.792453
-1.27707
-2.28814
-2.1226
-1.16943
-0.0447015
0.866967
1.27428
1.32468
1.01539
0.664081
0.310006
-0.0237593
99.9485
100.081
100.13
99.8053
99.7557
100.268
100.413
99.741
99.3669
100.109
100.853
100.244
99.0534
99.1922
100.707
101.437
100.074
98.2628
98.6036
101.088
102.708
100.991
97.3107
95.9528
99.6137
105.799
107.699
98.8897
77.9835
49.7543
22.2928
2.57111
-6.64249
-7.06924
-2.96196
1.45824
3.71126
3.40145
1.50959
-0.599281
-1.9668
-2.25411
-1.70343
-0.735904
0.191201
0.825793
1.14241
1.0547
0.986343
0.53028
99.9583
99.9765
100.184
100.032
99.676
99.8993
100.448
100.259
99.4847
99.4775
100.445
100.856
99.8649
98.87
99.5166
101.09
101.315
99.5819
98.0571
98.9805
101.595
102.717
100.464
96.8357
96.0655
100.217
106.287
107.581
98.2594
77.4003
49.7259
22.8541
3.29105
-6.297
-7.34372
-3.67596
0.746878
3.41507
3.66957
2.1998
0.180936
-1.41792
-2.12953
-2.02537
-1.34188
-0.590346
0.195235
0.518129
0.865248
0.698194
99.9997
99.8992
100.09
100.215
99.8549
99.6418
100.133
100.529
99.9907
99.3113
99.7335
100.744
100.695
99.4541
98.8351
99.9483
101.389
101.04
99.0721
97.9819
99.4662
102.066
102.602
99.8667
96.4039
96.274
100.876
106.757
107.408
97.5801
76.7929
49.6951
23.4355
4.061
-5.87803
-7.55482
-4.38635
-0.0486957
2.96456
3.77771
2.8092
1.00214
-0.671374
-1.76175
-2.01983
-1.81298
-1.16865
-0.631128
-0.0907762
0.253935
100.038
99.9029
99.9376
100.223
100.125
99.6712
99.7472
100.384
100.457
99.6678
99.2865
100.096
100.929
100.376
99.0823
98.9766
100.44
101.553
100.622
98.5926
98.0607
100.04
102.468
102.353
99.2135
96.0343
96.5851
101.585
107.201
107.173
96.85
76.1594
49.6593
24.0346
4.88219
-5.37716
-7.68469
-5.07211
-0.910744
2.34802
3.69728
3.24998
1.81712
0.157168
-1.0769
-1.74181
-1.845
-1.51224
-1.20688
-0.53009
100.046
99.9743
99.8418
100.074
100.285
99.928
99.5726
99.9841
100.561
100.223
99.3799
99.445
100.493
100.941
99.9405
98.8238
99.2972
100.928
101.542
100.089
98.1948
98.3081
100.672
102.767
101.964
98.5229
95.7468
97.0055
102.34
107.613
106.871
96.0633
75.4956
49.616
24.6536
5.76089
-4.78063
-7.71932
-5.71062
-1.83736
1.57287
3.37205
3.49541
2.50484
1.05495
-0.167561
-1.13191
-1.34048
-1.58458
-1.0623
100.023
100.057
99.8589
99.8896
100.242
100.21
99.696
99.6303
100.286
100.579
99.8733
99.2226
99.7755
100.829
100.748
99.4598
98.7444
99.7699
101.34
101.332
99.4854
97.9313
98.7267
101.324
102.93
101.435
97.8187
95.5642
97.5424
103.135
107.98
106.491
95.2142
74.7998
49.5686
25.297
6.70379
-4.0853
-7.64624
-6.29242
-2.803
0.645824
2.80072
3.51652
2.96367
1.99918
0.70525
-0.0326225
-0.776948
-0.872027
99.9879
100.096
99.9624
99.7897
100.052
100.336
99.9975
99.5385
99.8575
100.543
100.399
99.5043
99.2678
100.214
101.008
100.362
99.0289
98.8859
100.336
101.6
100.923
98.8759
97.8493
99.302
101.945
102.925
100.774
97.1319
95.5086
98.1967
103.955
108.289
106.027
94.3025
74.0737
49.5159
25.9602
7.70605
-3.2903
-7.44448
-6.7908
-3.74056
-0.429862
2.06353
3.15279
3.2698
2.54397
1.68447
0.868396
0.0586229
99.9626
100.076
100.079
99.8217
99.849
100.254
100.273
99.7247
99.5523
100.193
100.642
100.048
99.2368
99.5365
100.655
100.959
99.8468
98.7473
99.2532
100.909
101.646
100.344
98.3336
97.9831
100.003
102.484
102.729
100.001
96.4951
95.5994
98.9672
104.79
108.53
105.474
93.3237
73.3123
49.4482
26.6396
8.76116
-2.36931
-7.1038
-7.11745
-4.65467
-1.51562
1.02939
2.52394
3.07532
2.68206
2.35463
1.2068
99.9601
100.017
100.142
99.948
99.7468
100.042
100.374
100.043
99.5197
99.7711
100.512
100.512
99.6238
99.179
99.9827
100.973
100.66
99.3028
98.6984
99.8085
101.391
101.439
99.6506
97.9351
98.3509
100.785
102.886
102.325
99.1367
95.9414
95.8572
99.8577
105.633
108.691
104.815
92.2603
72.4967
49.3651
27.3378
9.9088
-1.30947
-6.55543
-7.28516
-5.47072
-2.65996
-0.289573
1.61726
2.13509
2.68007
1.88671
99.978
99.9538
100.127
100.089
99.7827
99.8276
100.276
100.31
99.7339
99.506
100.135
100.672
100.163
99.273
99.3873
100.493
101.053
100.151
98.8619
98.9299
100.466
101.676
100.975
98.9293
97.7575
98.9472
101.579
103.091
101.709
98.222
95.517
96.3027
100.859
106.461
108.749
104.037
91.1073
71.633
49.2666
28.0628
11.1444
-0.107041
-5.77514
-7.30464
-6.04208
-3.98627
-1.47967
-0.0508101
1.29199
1.48008
100.005
99.9189
100.054
100.174
99.9171
99.7158
100.058
100.404
100.052
99.4999
99.7332
100.499
100.57
99.6983
99.1427
99.8335
100.91
100.833
99.5397
98.6542
99.4334
101.101
101.676
100.291
98.2897
97.8652
99.7389
102.3
103.04
100.888
97.3121
95.2774
96.9578
101.955
107.235
108.668
103.125
89.8705
70.7507
49.1688
28.8434
12.4035
1.27084
-4.94862
-6.95643
-6.66664
-4.82262
-2.97849
-1.32134
0.0939163
100.026
99.9222
99.9652
100.176
100.073
99.7368
99.8372
100.316
100.314
99.7079
99.487
100.132
100.691
100.207
99.2897
99.3167
100.395
101.085
100.336
98.9825
98.7639
100.129
101.579
101.354
99.4748
97.8373
98.2789
100.66
102.871
102.71
99.894
96.4509
95.2443
97.8203
103.142
107.96
108.461
102.065
88.5266
69.7657
49.0505
29.5732
13.8181
2.72062
-3.68648
-6.42074
-6.73854
-5.417
-4.30756
-2.02892
100.036
99.9561
99.8991
100.108
100.185
99.8605
99.7029
100.111
100.427
100.012
99.4691
99.7484
100.525
100.583
99.7041
99.1235
99.776
100.881
100.916
99.6788
98.6559
99.2126
100.869
101.759
100.724
98.6637
97.685
98.9861
101.602
103.192
102.088
98.7937
95.7215
95.4551
98.8712
104.367
108.606
108.119
100.904
87.0749
68.7128
48.7833
30.2445
15.159
4.33022
-2.04834
-5.45989
-5.67503
-5.8357
-3.55544
100.031
100.001
99.8773
100.011
100.217
100.017
99.6912
99.8931
100.373
100.272
99.6414
99.5043
100.195
100.702
100.168
99.2666
99.3191
100.392
101.093
100.394
99.0393
98.7036
99.9514
101.482
101.534
99.84
98.0024
97.9358
99.9739
102.462
103.15
101.119
97.6142
95.2161
96.0292
100.197
105.646
109.076
107.486
99.446
85.4302
67.6062
48.5584
31.1698
16.6026
6.56057
-0.581883
-3.31471
-5.48199
-4.3851
100.018
100.041
99.8947
99.9194
100.18
100.153
99.774
99.7296
100.212
100.423
99.9044
99.4345
99.8402
100.598
100.534
99.6151
99.1145
99.8369
100.923
100.913
99.6677
98.6385
99.1529
100.796
101.791
100.92
98.8729
97.6353
98.5756
101.107
103.12
102.74
99.8883
96.439
94.9462
96.9117
101.751
106.998
109.459
106.668
97.6865
83.5241
66.0796
48.2975
31.7197
18.7929
8.58333
2.83497
-1.29282
-2.5614
100
100.064
99.9433
99.864
100.09
100.226
99.9188
99.6694
100.003
100.425
100.169
99.5505
99.5745
100.317
100.692
100.047
99.2107
99.3929
100.481
101.09
100.334
99.0083
98.7054
99.9334
101.459
101.594
100
98.1072
97.7829
99.5693
102.125
103.302
101.881
98.575
95.5873
95.1646
98.1119
103.288
108.009
109.472
105.537
96.0545
81.6948
65.1613
47.8136
32.7853
19.7859
10.7377
4.46615
-0.00203516
99.9864
100.069
99.993
99.8486
100.002
100.236
100.049
99.6905
99.8381
100.338
100.34
99.7339
99.4551
100.032
100.671
100.374
99.4498
99.1738
100.037
101
100.781
99.5036
98.6314
99.2799
100.893
101.775
100.867
98.8748
97.6531
98.49
100.908
103.005
102.963
100.481
97.0453
94.9776
95.9369
99.9245
105.161
109.023
108.974
103.816
93.472
79.5114
63.619
47.9263
34.1226
22.1091
14.6983
6.36506
99.9749
100.059
100.046
99.8643
99.9091
100.197
100.174
99.7771
99.7003
100.178
100.448
99.9806
99.4427
99.7275
100.513
100.64
99.8119
99.1113
99.5638
100.705
101.095
100.121
98.8227
98.7365
100.128
101.623
101.606
99.8866
97.9592
97.6553
99.4878
102.151
103.525
102.314
99.0228
95.6892
94.5545
96.7805
101.634
107.038
110.153
109.031
102.531
91.3818
76.9478
60.9551
46.2383
31.593
22.911
11.0351
99.9734
100.038
100.071
99.9084
99.8692
100.122
100.215
99.891
99.6816
100.025
100.41
100.153
99.5737
99.5876
100.275
100.662
100.109
99.2929
99.3467
100.321
101.034
100.522
99.2593
98.6782
99.5533
101.094
101.716
100.641
98.7131
97.6684
98.5951
100.964
103.002
103.034
100.723
97.3475
95.0075
95.366
98.7185
103.764
108.34
109.978
107.521
99.8808
89.1623
74.3671
61.3637
44.7487
36.3544
20.5384
99.9703
100.023
100.096
99.9398
99.8265
100.067
100.265
99.9799
99.6443
99.8974
100.406
100.309
99.6543
99.4425
100.096
100.725
100.362
99.3936
99.1222
100.028
101.058
100.885
99.5602
98.5366
99.0599
100.751
101.927
101.283
99.2115
97.5103
97.8026
100.12
102.815
103.792
102.048
98.4047
95.0067
94.049
96.5209
101.67
107.455
111.131
111.041
105.432
96.2295
81.8042
68.893
50.9545
42.1299
24.1125
99.9778
99.9953
100.091
100.001
99.8398
99.9734
100.226
100.097
99.7326
99.7781
100.247
100.386
99.8862
99.4703
99.833
100.532
100.55
99.7523
99.1639
99.6369
100.689
101.029
100.125
98.9004
98.7527
100.004
101.488
101.679
100.195
98.2244
97.5193
98.8927
101.507
103.462
103.174
100.478
96.8206
94.3064
94.7201
98.1662
103.824
108.799
112.06
109.821
105.158
92.802
83.0393
63.9738
56.4203
34.8968
)
;

boundaryField
{
    left
    {
        type            fixedValue;
        value           uniform 100;
    }
    right
    {
        type            zeroGradient;
    }
    up
    {
        type            zeroGradient;
    }
    down
    {
        type            fixedValue;
        value           uniform 0;
    }
    frontAndBack
    {
        type            empty;
    }
}


// ************************************************************************* //
